10.554,13.017,13.302,13.187,13.915,13.835,13.673,13.334,12.737,12.835,12.495,12.168,13.208,12.921,13.176,13.865,13.835,13.865,14.182,14.269,14.578,15.321,14.578,14.472,14.851,13.925,13.794,12.572,11.316,9.2197,10.554,12.134,12.748,12.693,13.049,12.824,12.693,12.168,13.499,13.187,12.693,13.744,12.671,13.218,13.218,13.437,13.703,12.737,13.334,13.017,12.921,13.602,13.344,13.915,14.386,15.366,15.573,15.429,13.915,12.748,17.99,20.338,19.678,18.627,18.439,17.591,16.541,15.856,17.265,18.409,16.742,17.385,19.163,19.185,19.156,20.035,19.558,18.716,19.501,19.805,18.694,16.75,16.056,14.395,15.366,15.856,15.812,15.366,14.191,12.304
10.676,13.192,13.307,13.515,14.197,13.93,13.339,13.213,12.84,13.022,12.499,12.926,12.764,12.698,13.224,14.401,14.197,13.473,13.556,14.039,14.997,14.343,14.997,14.478,14.707,13.92,13.307,12.654,10.857,8.9634,9.9483,12.173,12.138,12.676,12.742,13.022,12.499,12.926,13.307,13.224,13.8,13.719,13.607,13.96,13.349,13.92,13.192,13.442,12.829,12.969,13.709,13.515,13.473,13.87,14.659,14.997,16.036,15.57,13.8,12.742,17.407,20.536,19.171,19.047,18.641,17.934,16.036,15.897,16.14,17.787,17.927,17.934,18.211,18.634,19.573,20.257,20.146,19.308,18.819,19.308,18.12,16.379,16.01,14.197,15.579,14.885,14.848,15.399,13.87,12.023
11.367,12.774,13.882,14.413,13.69,13.971,13.932,13.287,11.964,12.183,11.717,12.543,13.033,13.054,12.763,13.192,12.839,13.932,13.811,14.671,14.925,14.49,15.23,15.813,14.403,13.882,14.199,11.681,10.672,9.2158,10.394,12.033,13.287,13.224,13.526,12.85,12.51,12.353,12.752,13.454,13.033,13.69,14.355,13.69,13.882,13.192,12.763,12.883,13.054,13.235,13.235,13.72,13.69,14.519,14.403,14.897,16.144,15.303,14.209,11.94,18.05,19.78,20.526,19.46,17.486,17.31,16.494,16.153,15.866,16.084,16.895,17.926,18.477,19.034,18.035,19.129,18.356,19.121,19.026,18.462,17.801,16.256,16.256,15.385,15.743,14.671,16.886,15.221,14.403,11.585
11.689,13.202,13.074,13.77,13.77,14.219,13.233,13.463,12.596,12.192,12.328,11.63,12.892,13.577,12.718,13.463,13.212,13.074,13.821,13.628,14.5,14.365,15.122,15.531,14.297,13.861,14.091,12.552,10.144,9.7085,10.522,11.533,13.074,12.685,13.117,12.772,12.328,12.674,13.117,13.463,13.494,13.359,13.536,13.233,13.37,13.494,13.202,12.552,13.233,13.37,13.861,13.202,13.202,13.981,14.219,15.122,15.754,14.824,13.952,12.157,18.445,20.541,19.73,19.539,18.024,17.418,16.311,16.302,15.886,17.03,17.712,18.483,18.148,19.417,18.73,18.543,19.367,18.871,19.388,17.554,16.849,15.638,15.423,15.842,14.568,14.871,16.582,15.029,13.71,12.429
10.246,11.481,12.607,12.338,11.856,12.076,11.893,10.855,11.081,10.855,10.486,10.486,11.12,11.443,10.814,11.893,11.93,11.844,12.433,12.22,13.544,12.653,13.14,13.338,12.642,12.315,11.844,11.133,9.0527,7.8631,9.2281,10.719,11.456,11.354,11.844,11.443,10.868,10.76,11.354,11.595,11.443,11.12,12.315,11.856,11.015,11.683,11.658,10.651,11.954,11.276,11.595,11.276,11.237,12.184,12.745,13.501,14.041,13.184,12.526,10.801,16.201,17.813,18.105,16.819,15.16,14.691,14.621,13.832,13.544,14.531,14.591,15.661,16.21,17.222,14.75,16.75,16.451,16.451,16.75,16.183,15.37,14.268,14.349,13.842,12.338,13.338,14.671,13.501,12.136,9.9578
11.23,12.555,13.713,14.065,13.774,14.213,13.248,12.376,12.852,12.776,11.693,12.365,13.046,12.949,12.32,13.539,13.248,13.945,13.713,13.774,15.245,14.799,15.463,14.949,14.733,13.945,13.498,12.195,10.696,8.9952,10.092,11.917,12.365,12.776,12.776,12.466,12.045,12.286,12.765,13.205,13.205,13.248,13.825,13.248,13.363,12.895,13.3,12.699,12.776,12.895,13.539,12.863,13.498,14.35,14.686,15.463,16.126,15.4,14.504,12.555,17.559,19.601,20.183,19.278,18.313,17.423,16.586,16.451,16.434,16.586,17.327,18.45,17.967,18.374,17.959,19.052,18.518,18.735,18.608,18.313,18.336,16.578,15.705,14.912,15.355,15.033,16.578,15.107,14.35,11.87
9.4283,11.452,11.95,11.629,12.132,11.926,11.889,11.35,11.478,10.918,10.482,11.13,11.116,11.273,11.388,11.84,12.429,12.216,13.002,12.216,12.957,12.603,13.002,13.069,12.832,12.132,12.132,10.272,9.6574,8.1696,8.536,10.689,11.13,11.13,11.116,11.13,11.116,10.757,11.35,11.35,11.44,11.84,11.654,11.679,12.072,11.388,11.791,10.865,11.13,11.654,12.132,11.541,12.311,11.926,12.24,13.593,14.005,13.529,12.429,10.865,14.893,17.427,17.046,16.419,15.27,15.126,14.666,13.827,14.13,14.893,15.126,15.656,16.205,16.814,16.178,17.072,17.157,16.744,17.444,16.178,15.74,14.036,13.54,13.658,13.279,13.54,14.171,13.366,12.311,10.689
10.311,11.126,12.176,11.836,13.053,12.319,11.436,11.625,11.113,10.928,10.14,10.423,11.836,11.787,11.449,11.126,11.983,11.55,12.068,12.874,12.975,12.828,13.759,13.351,12.645,12.518,12.33,10.479,9.238,7.2608,9.1906,10.603,11.269,11.885,11.385,11.23,10.915,10.479,11.008,10.928,11.449,11.983,12.068,11.983,11.126,12.128,11.008,11.385,11.65,11.385,11.787,11.113,12.634,12.794,12.828,12.645,14.073,13.759,13.175,11.126,16.334,17.421,18.037,16.046,16.046,15.274,14.289,14.073,14.197,14.731,14.197,15.005,17.041,16.809,16.173,16.236,16.555,15.464,16.1,16.765,15.734,14.166,14.073,13.759,12.964,14.166,14.34,13.492,12.599,9.8484
11.088,12.594,13.461,14.411,13.819,13.768,14.206,12.77,13.115,12.155,11.947,12.715,13.199,13.461,12.846,13.939,13.367,13.939,13.819,13.859,14.821,14.603,14.868,15.528,14.868,13.533,13.199,12.246,10.4,9.0375,10.087,11.723,12.759,12.944,13.199,12.715,12.371,12.246,12.155,12.693,12.987,13.357,13.533,12.987,12.715,13.199,12.846,12.77,12.857,13.533,13.949,13.199,13.199,13.889,15.008,15.119,16.528,15.393,14.793,13.231,17.575,19.84,19.037,19.642,17.198,17.002,16.904,15.848,16.779,16.401,17.027,17.646,19.037,19.044,18.044,18.926,19.713,18.89,19.535,18.419,17.551,16.084,15.883,15.528,15.119,15.393,15.751,15.311,14.727,12.326
11.53,12.692,13.938,14.254,14.602,13.888,13.858,13.198,12.325,12.245,11.864,12.856,13.858,12.769,12.942,13.23,13.532,14.028,14.41,14.087,15.099,14.41,15.346,15.455,14.361,14.215,14.215,12.313,10.559,8.9749,10.519,11.864,12.888,13.209,12.325,12.681,12.039,12.325,12.769,12.549,13.198,13.324,13.24,14.564,12.515,13.706,12.714,12.67,13.938,12.692,13.039,13.23,13.888,14.951,14.254,14.951,16.502,15.847,14.904,12.78,17.7,19.426,19.88,18.888,18.235,16.569,16.03,15.961,15.978,16.056,15.978,17.317,19.725,18.417,17.934,17.981,18.725,18.747,18.799,18.44,18.204,16.03,16.374,15.127,15.118,15.228,17.196,15.697,14.264,12.279
9.9502,11.434,12.066,12.598,12.423,11.982,12.066,11.674,11.536,11.125,10.806,11.072,11.383,11.548,11.674,11.536,12.305,12.458,12.644,12.423,12.996,12.458,12.996,13.758,12.872,12.329,11.786,9.9209,9.4241,8.0221,8.8505,10.422,11.006,11.125,11.345,11.072,10.792,11.072,10.846,11.674,11.125,11.586,12.127,12.127,11.125,11.447,11.674,11.268,11.345,11.835,12.305,11.383,12.516,12.305,12.996,13.404,14.53,13.832,13.063,10.927,15.714,17.15,17.619,17.064,15.452,14.48,14.246,14.164,14.53,14.287,15.434,15.797,15.339,16.225,16.659,16.737,15.944,16.737,17.15,15.537,15.234,14.03,13.652,13.523,13.35,13.523,14.246,13.662,12.644,11.006
10.237,11.265,11.897,11.8,12.781,12.041,11.752,11.981,11.354,11.265,10.85,10.067,11.046,11.542,11.752,11.8,12.124,12.336,12.509,12.871,12.971,13.037,13.524,13.734,12.37,12.219,12.37,10.067,9.5401,7.4632,9.1248,10.783,10.85,11.265,11.15,10.527,10.85,11.046,10.85,11.455,11.15,11.455,12.646,11.303,11.505,12.041,11.033,11.354,11.265,11.752,12.041,11.265,12.219,12.497,12.543,13.234,14.267,13.942,12.703,11.265,15.353,16.944,17.354,16.323,16.057,14.713,14.713,13.776,13.973,13.776,14.888,14.713,15.165,16.825,15.985,16.358,16.119,16.541,16.119,15.832,15.344,14.065,13.931,13.555,12.96,13.037,14.024,13.136,12.882,10.527
11.81,12.775,13.743,14.271,13.712,13.466,13.864,12.764,12.698,12.319,11.916,12.786,12.676,12.376,12.991,13.204,13.497,14.093,14.503,14.348,15.426,14.874,14.685,15.125,14.675,13.733,13.984,12.33,10.377,9.3444,10.629,12.319,13.215,13.204,12.851,12.599,12.851,12.376,12.687,12.33,13.247,13.528,12.432,13.702,12.786,13.215,13.466,13.372,13.045,12.698,12.862,13.236,13.466,14.685,13.894,15.106,16.543,16.038,15.353,13.247,18.212,19.542,19.607,19.146,18.448,16.702,16.038,15.854,15.889,17.374,16.535,18.212,19.044,17.107,18.756,19.088,18.212,18.576,18.212,18.546,18.189,15.704,15.207,14.883,14.874,15.125,16.064,15.023,14.685,12.251
10.899,12.417,13.188,13.828,13.748,13.917,13.828,13.094,12.216,12.261,11.712,12.092,12.657,12.883,13.094,13.354,13.628,13.708,14.666,14.074,14.675,14.833,14.814,15.27,14.59,14.103,14.093,12.45,10.29,8.2815,10.475,12.45,13.188,13.01,12.957,12.417,12.592,11.955,12.45,12.936,12.744,13.517,13.261,13.828,12.84,12.883,13.25,13.136,13.828,12.261,12.417,12.957,13.946,14.296,14.382,15.404,16.067,15.964,14.382,13.01,17.229,18.921,19.323,18.038,17.669,17.181,16.447,16.447,15.413,15.722,16.024,16.867,18.695,17.723,18.451,18.805,18.775,18.421,18.294,17.56,17.816,15.476,14.306,14.787,14.998,14.525,15.93,15.297,13.618,11.331
10.354,11.798,12.915,13.073,14.158,14.051,13.636,13.726,13.115,12.342,12.43,12.648,12.43,12.937,13.806,13.756,13.924,14.225,13.816,14.388,14.974,15.056,14.984,14.883,15.084,14.158,13.726,12.43,10.154,9.2664,9.9906,12.208,12.915,12.648,13.167,13.394,12.308,12.648,13.404,14.08,13.105,13.073,13.198,13.606,14.032,13.332,13.576,13.198,13.167,13.312,12.648,13.198,13.229,13.596,15.056,15.904,16.236,15.939,14.359,13.073,16.512,18.855,19.242,18.054,17.407,16.236,16.007,16.766,17.025,16.864,17.571,17.902,17.579,17.887,18.37,19.356,18.941,18.153,18.37,17.415,17.265,16.287,14.679,14.225,14.273,14.956,15.723,14.865,12.637,12.659
10.806,12.985,13.256,14.008,14.008,13.917,14.039,13.181,13.512,13.029,12.561,12.73,12.831,13.127,13.256,13.886,14.008,14.419,14.36,14.449,14.761,15.095,15.394,14.886,15.559,14.654,13.342,12.908,10.806,9.5467,10.126,12.04,12.853,13.203,13.876,13.127,12.493,12.685,13.181,13.679,13.374,13.501,14.1,13.606,13.773,13.721,13.917,12.831,13.127,13.679,14.18,13.845,13.855,13.917,15.541,15.513,16.231,15.559,14.654,12.853,17.74,20.033,19.131,18.951,18.129,16.578,16.986,16.09,16.621,16.621,17.424,18.216,17.506,18.747,17.384,19.093,18.929,18.153,18.379,17.053,16.475,16.371,14.576,14.09,14.576,15.029,14.838,15.029,12.897,11.85
10.627,13.599,12.678,13.847,14.752,13.909,14.082,13.195,13.366,13.493,12.645,12.823,13.119,13.493,14.332,13.878,14.752,14.49,14.829,14.752,15.283,15.058,15.687,15.255,14.935,14.202,13.837,12.279,10.734,9.1299,10.301,12.497,12.678,12.989,13.462,12.812,13.206,12.801,13.599,13.334,13.599,13.43,13.206,14.558,14.092,14.362,13.909,13.713,14.362,12.823,13.366,14.001,13.63,14.362,14.202,15.505,16.001,16.466,14.441,13.366,16.867,20.609,18.759,18.873,18.759,16.697,15.858,15.058,16.248,17.73,16.951,17.043,18.392,18.111,19.15,19.85,19.12,18.423,17.89,17.993,17.076,14.973,14.752,13.868,14.352,14.441,15.283,13.765,12.978,11.746
11.108,13.184,13.441,13.971,14.134,14.57,14.012,13.61,13.683,13.378,12.689,13.184,13.087,12.922,13.087,14.103,14.89,14.57,14.522,14.57,15.7,15.563,15.286,15.591,15.481,14.957,13.683,12.382,11.108,9.6236,10.596,12.496,12.462,12.834,13.92,13.032,12.911,12.922,13.92,13.971,13.346,13.589,13.92,13.26,14.103,13.206,13.473,12.911,13.26,13.346,14.012,13.441,13.776,14.134,14.957,16.095,16.271,15.925,14.89,13.346,17.388,20.102,20.292,18.745,17.388,16.488,16.209,15.764,16.059,16.754,17.454,17.057,17.19,18.244,17.745,19.225,19.255,18.181,17.777,16.626,16.271,14.957,13.971,13.89,13.589,13.92,15.108,14.58,12.856,10.992
11.707,13.205,14.133,14.343,14.133,14.323,14.092,13.723,12.733,12.043,11.995,12.564,13.183,13.205,13.514,13.775,13.858,14.831,14.869,14.802,15.771,15.406,15.843,16.022,15.59,15.192,14.133,12.507,11.004,9.9289,10.595,12.564,12.833,13.609,13.387,13.031,13.344,12.91,12.998,13.472,13.344,13.609,13.858,13.129,12.855,14.092,13.387,13.259,12.855,13.031,14.042,13.671,14.133,14.422,15.031,15.87,16.573,16.208,14.725,13.086,18.344,19.75,19.685,19.583,17.387,16.582,16.33,14.841,15.562,15.924,16.761,17.428,17.615,18.133,17.744,18.156,18.258,18.506,18.274,17.428,16.547,14.764,14.946,14.011,13.919,13.775,15.562,13.97,13.344,11.852
11.758,13.035,13.612,14.136,13.974,14.426,14.015,13.444,13.262,13.359,12.859,12.327,13.348,12.914,13.518,13.779,14.247,14.959,14.573,14.959,15.63,15.401,15.929,15.767,14.806,14.136,14.347,12.465,10.49,8.9502,10.201,12.175,12.499,13.348,13.348,12.859,12.601,13.444,13.035,13.727,13.851,13.686,13.882,14.327,13.391,14.015,13.518,13.187,13.507,13.38,13.882,13.686,13.644,14.247,15.111,15.703,16.56,16.018,14.505,13.035,18.596,19.632,19.251,19.013,17.383,16.3,16.448,15.566,16.766,17.094,17.119,17.027,17.62,17.781,18.247,17.676,18.922,18.411,17.748,18.153,16.884,14.573,14.376,13.882,13.187,13.612,14.768,13.612,12.836,11.351
11.15,12.517,13.521,13.301,14.28,14.359,13.881,13.269,12.838,12.773,12.773,12.244,13.131,12.728,13.045,13.921,14.012,14.151,13.83,14.042,15.168,14.859,15.38,16.13,15.417,14.736,13.83,12.827,11.036,9.4872,10.673,12.21,13.881,13.758,13.758,13.12,12.651,12.606,13.259,13.002,13.259,13.881,14.28,14.042,14.042,13.099,13.521,12.947,13.002,13.131,13.83,13.521,13.83,14.669,14.408,15.462,16.372,16.051,14.859,12.773,17.566,19.652,18.623,17.725,17.51,16.653,16.051,15.598,15.607,16.653,17.177,16.653,18.524,18.102,17.103,18.41,18.57,17.63,17.103,16.771,15.822,15.01,14.28,14.122,13.921,14.485,14.736,14.329,13.301,11.188
10.891,13.132,14.293,14.342,13.812,13.699,13.964,13.27,12.392,12.035,11.678,12.762,13.366,12.662,12.662,13.964,13.699,13.893,14.758,14.42,15.089,14.948,15.925,16.352,14.986,14.749,14.371,12.85,11.16,9.451,10.891,12.915,13.429,14.014,13.366,12.762,12.784,12.105,12.392,12.662,13.132,14.024,13.11,13.606,12.762,13.366,13.185,12.617,13.11,13.056,13.429,13.564,14.054,14.872,14.576,15.476,16.464,16.24,15.014,12.762,17.192,20.317,19.897,18.85,17.581,16.464,15.476,15.2,15.311,16.004,14.758,17.061,18.426,16.995,18.056,18.141,17.804,16.66,17.804,16.961,16.144,14.104,14.498,14.243,13.647,14.243,15.21,13.964,12.528,11.198
11.156,12.575,13.684,14.024,14.7,14.226,13.983,13.983,13.368,13.228,12.834,12.518,12.867,13.271,13.389,14.534,14.105,14.883,15.083,15.083,15.383,15.121,15.112,15.885,14.998,14.583,13.653,12.834,11.233,9.6762,10.497,12.183,12.867,12.575,13.695,13.141,13.01,12.666,14.024,14.105,13.516,13.621,14.024,13.621,14.435,13.901,13.983,13.357,13.228,13.932,13.684,13.453,13.788,13.983,15.187,16.037,16.597,16.01,14.998,13.141,16.571,18.905,19.448,18.546,17.444,16.037,15.494,16.037,16.249,16.571,17.395,17.105,17.444,17.76,17.23,19.182,17.952,18.291,18.15,16.597,15.494,14.998,12.867,13.901,13.6,14.055,14.115,14.226,12.922,11.558
11.45,13.419,13.502,13.832,13.832,14.094,13.292,13.596,13.047,12.752,12.949,12.383,12.774,13.271,13.419,13.76,13.923,14.738,14.795,14.565,15.708,15.012,15.309,15.663,15.189,14.671,13.882,12.383,10.74,9.6792,10.299,12.608,12.428,12.774,13.585,12.906,12.84,13.303,13.523,13.801,13.923,13.303,13.1,13.26,12.829,14.252,13.801,12.84,12.906,13.76,13.791,13.596,14.013,13.923,15.3,16.106,16.452,16.036,14.361,13.387,17.138,19.967,19.043,18.527,16.849,16.34,14.709,15.272,15.77,16.605,16.857,17.656,17.496,18.565,18.143,18.557,17.893,18.104,18.011,16.773,16.982,14.282,13.596,13.1,13.1,13.791,14.282,13.923,11.967,11.681
10.94,13.267,13.889,14.289,13.797,14.02,14.16,13.695,13.362,13.267,12.309,12.835,13.644,13.107,12.524,13.96,14.13,14.05,15.019,14.944,14.745,15.279,15.964,16.201,15.426,14.678,14.601,12.491,10.613,9.0837,10.304,12.252,12.758,12.912,13.053,13.309,13.053,12.824,13.309,13.602,12.824,13.425,14.239,13.425,13.93,12.835,12.846,12.912,13.394,13.267,14.02,13.425,14.01,14.1,15.205,15.715,16.89,16.235,14.944,13.128,16.865,18.822,19.317,18.536,16.663,15.426,15.831,15.472,15.831,15.535,16.528,17.188,17.407,17.544,16.957,18.822,18.043,17.64,17.383,16.756,14.868,15.01,14.436,13.96,13.267,13.838,14.436,14.494,12.835,11.157
11.239,12.989,13.907,14.107,14.315,14.236,13.785,13.487,12.716,12.76,12.289,12.815,13.403,12.804,13.118,13.816,14.256,14.393,14.844,15.172,15.726,15.806,15.582,16.501,15.753,14.393,13.998,12.56,11.668,8.8179,10.871,11.847,12.902,12.815,13.937,12.825,12.891,13.085,13.245,13.508,13.032,13.245,13.998,13.508,13.816,12.902,13.085,12.815,13.508,13.245,13.785,13.867,14.028,14.844,15.172,16.321,16.962,16.637,15.255,13.16,17.16,19.603,19.495,18.138,16.637,15.69,15.282,14.873,15.401,15.93,16.501,17.683,17.928,17.771,17.25,18.544,18.292,18.231,18.207,17.379,15.974,15.365,13.785,14.654,13.288,14.616,14.92,13.998,13.998,10.91
11.465,12.738,13.393,14.575,14.808,14.378,13.781,13.52,13.264,12.916,12.603,12.693,12.916,13.35,13.446,14.428,13.614,14.847,14.575,15.403,15.814,15.769,15.877,15.705,15.85,14.99,14.526,12.659,10.693,9.3412,10.272,11.552,12.294,12.738,13.004,12.905,12.905,13.189,13.393,13.853,13.189,13.135,13.21,13.382,12.386,13.781,13.52,12.738,13.21,12.905,13.688,13.393,13.853,14.876,15.291,16.002,16.691,16.276,14.876,13.35,17.911,19.224,18.629,18.682,17.163,16.276,15.523,14.77,15.569,16.683,16.691,17.63,17.163,18.266,18.156,18.575,17.751,19.142,17.751,17.221,16.064,15.569,14.895,14.108,14.895,14.219,15.523,15.113,13.189,12
11.677,12.824,13.59,13.755,14.472,14.267,14.038,13.255,12.998,13.095,12.241,12.603,12.824,12.998,13.095,14.423,14.227,14.588,14.482,15.183,15.09,15.413,15.764,15.183,15.915,14.997,14.247,12.998,11.235,9.6755,9.7767,12.241,13.042,13.042,12.603,13.095,12.412,13.095,13.518,13.632,13.826,13.518,13.877,14.326,14.276,13.287,14.038,13.17,13.266,13.255,13.255,13.042,13.998,14.931,15.192,15.764,17.132,16.03,14.884,13.095,17.505,19.212,17.816,17.569,16.975,15.942,15.376,14.931,15.164,16.221,16.126,16.942,17.823,17.311,17.529,18.806,18.152,17.721,17.569,16.649,16.573,14.732,13.765,12.603,14.588,14.94,15.303,15.015,13.424,12.091
11.327,13.263,13.883,13.728,15.178,13.924,14.015,13.975,13.349,13.444,12.511,12.859,12.465,13.391,13.508,13.644,14.187,14.574,15.196,15.045,15.875,15.074,16.483,15.929,15.521,14.96,14.107,12.914,11.759,9.6258,10.271,12.511,13.002,13.349,13.349,12.859,12.925,12.914,13.035,14.046,13.187,13.209,13.644,14.525,13.975,13.592,13.893,12.859,13.391,12.925,13.09,13.187,14.015,14.807,15.036,16.142,17.095,16.587,14.807,13.476,17.749,19.081,19.406,17.384,17.219,15.848,15.29,15.401,16.16,16.344,16.16,17.515,17.219,18.596,17.563,17.949,18.535,17.773,17.293,16.587,16.766,15.271,14.768,13.924,14.137,14.525,14.988,14.107,13.924,11.71
11.334,12.923,13.485,13.984,14.357,13.933,14.357,13.358,13.601,12.868,12.745,13.218,12.912,12.667,13.368,13.044,14.257,14.116,14.701,15.3,15.787,15.886,15.3,15.787,15.94,15.282,14.97,13.485,11.718,9.6324,10.739,12.196,12.462,13,13.622,12.868,12.61,12.7,13.39,13.892,13.011,13.39,13.622,13.622,14.197,13.695,13.39,13,13.272,14.466,14.227,13.871,14.106,14.817,15.714,15.787,16.727,16.778,15.131,13.099,16.598,19.361,19.777,17.527,16.46,16.038,16.109,15.131,15.504,15.532,16.871,17.785,17.247,17.206,17.857,18.174,18.517,17.632,17.396,16.598,16.355,15.197,13.39,13.517,13.39,14.025,15.122,14.999,12.934,11.233
11.716,13.451,13.787,14.195,14.532,13.931,14.144,13.787,13.451,12.743,12.574,12.665,13.515,12.698,12.844,13.366,13.982,13.9,14.737,14.968,15.884,15.502,16.638,16.248,15.775,15.053,14.581,12.517,11.507,9.1911,10.523,12.472,12.932,13.216,13.398,13.14,12.698,12.698,13.398,13.515,13.388,13.869,14.669,14.053,14.384,12.698,12.91,13.398,13.398,13.859,13.62,13.356,14.513,14.776,15.044,16.457,17.573,17.103,15.492,13.216,17.621,19.658,19.946,17.393,16.775,16.036,15.603,15.639,15.712,15.419,16.595,17.621,17.499,17.499,16.868,18.077,17.621,17.694,17.758,16.969,15.937,15.307,14.255,13.931,13.097,13.62,14.104,14.144,13.042,10.738
11.473,12.772,14.279,14.001,14.849,14.121,14.151,13.29,13.3,12.816,12.606,12.335,13.416,12.816,13.269,13.88,13.799,13.92,14.475,15.075,15.084,15.66,15.892,16.337,15.821,14.934,14.485,12.947,11.448,8.9999,10.46,12.209,13.521,13.098,13.3,13.13,12.728,12.381,12.772,13.258,13.829,13.92,13.951,14.27,14.091,14.011,13.416,13.521,13.416,13.044,13.593,14.001,14.279,15.186,15.443,15.91,17.509,16.602,16.033,12.816,17.629,18.101,19.304,18.101,17.209,15.597,15.416,15.269,15.461,16.268,16.854,16.371,18.81,16.19,17.396,18.31,17.315,17.629,16.946,16.371,15.597,14.121,13.951,13.258,14.041,13.88,14.475,13.593,12.381,10.419
11.685,12.657,13.559,14.414,15.007,14.414,14.434,13.527,12.657,12.833,12.387,12.215,13.527,13.958,13.126,13.836,13.641,14.128,14.569,14.434,15.614,15.017,16.619,17.086,15.668,15.007,14.675,12.756,11.864,9.4021,10.612,11.924,13.051,12.91,13.927,12.745,12.778,13.36,13.18,13.527,13.391,14.158,14.237,13.6,12.745,14.277,13.307,12.844,13.527,13.527,14.287,13.795,14.482,15.101,15.203,15.962,17.638,16.576,15.713,13.18,17.828,18.533,18.601,18.257,17.38,15.668,15.194,14.569,14.569,16.242,15.953,16.576,17.582,18.009,17.453,17.566,16.457,17.324,17.127,16.388,14.8,13.836,13.6,13.307,12.921,13.527,15.007,13.887,12.421,10.137
11.895,13.138,13.341,14.273,14.519,14.519,13.624,13.841,13.541,13.309,12.036,13.309,13.17,13.341,13.138,13.562,14.044,14.323,15.242,15.139,15.967,15.654,16.213,15.994,15.509,14.751,14.519,12.877,11.678,9.7651,10.491,12.866,12.778,13.426,12.644,13.457,12.373,12.789,13.33,13.299,13.084,13.963,14.054,13.457,13.922,13.963,13.394,12.811,13.841,13.922,13.309,13.562,14.402,15.064,15.426,16.283,16.821,16.387,15.064,13.562,16.695,18.648,18.319,17.425,16.567,15.046,13.83,14.313,14.904,15.426,14.904,16.93,17.03,16.618,16.661,17.562,17.155,16.618,17.055,15.798,15.426,13.624,12.866,12.464,11.811,12.142,13.138,12.943,11.954,10.121
13.499,15.142,16.244,16.253,15.433,15.46,15.582,15.293,14.202,14.642,13.737,13.678,14.725,15.088,14.679,14.679,15.46,15.582,16.443,17.479,17.151,17.679,18.581,17.77,18.191,17.19,16.977,14.799,12.651,11.018,12.239,13.519,15.599,15.608,14.457,14.789,14.049,13.559,13.991,14.559,14.725,15.222,16.018,15.512,14.642,15.186,14.049,14.382,15.302,14.998,15.142,14.89,16.052,17.432,16.744,17.96,19.929,18.784,17.44,14.382,18.848,20.799,21.993,20.701,18.162,17.104,16.319,16.525,17.104,16.59,16.647,17.479,18.977,18.927,18.162,18.639,18.559,18.748,18.977,17.748,16.647,15.433,14.306,13.737,13.328,13.737,14.89,14.725,12.999,11.03
12.546,14.146,15.779,15.516,16.117,15.664,16.013,15.214,14.846,14.416,13.842,13.088,13.926,14.915,14.505,15.019,15.482,15.884,15.664,16.371,17.25,17.465,17.973,18.059,17.25,16.037,16.789,13.702,12.097,10.156,11.34,12.83,14.742,14.846,14.786,14.602,13.852,14.317,14.984,14.434,15.197,14.915,14.063,15.449,14.707,14.786,14.742,14.742,14.505,14.027,14.786,14.637,15.482,16.858,16.457,17.815,19.09,17.808,17.01,14.786,18.376,19.576,20.687,19.117,18.179,17.428,16.558,15.795,17.04,17.428,16.331,16.425,18.771,18.874,18.764,17.714,18.144,18.46,18.009,17.604,16.889,15.248,14.1,13.273,13.702,13.73,15.214,13.389,12.214,10.662
12.948,13.973,15.039,16.163,16.377,15.947,15.311,15.235,14.364,13.33,12.696,13.665,13.945,14.11,14.119,14.806,15.15,15.776,16.534,16.259,16.912,17.267,18.318,17.84,16.635,16.705,16.139,14.382,12.563,10.42,11.514,13.551,14.789,14.832,14.256,14.727,14.301,13.815,14.445,14.11,14.936,15.445,14.542,15.578,14.382,14.945,14.373,13.815,15.005,14.31,14.445,15.15,15.269,16.519,16.251,17.629,18.625,17.948,16.354,14.762,18.535,19.271,19.754,18.961,18.646,16.881,15.353,16.322,16.354,16.767,16.163,17.297,19.063,18.458,18.486,18.852,18.148,18.402,18.148,17.716,16.881,15.504,14.542,13.007,13.359,14.119,14.657,13.973,12.294,10.283
12.519,14.885,15.137,15.912,15.629,16.148,15.508,15.35,14.967,14.894,13.997,13.555,14.377,14.564,14.885,15.429,15.903,16.438,15.903,16.868,17.28,17.659,18.194,18.922,17.781,17.099,16.642,14.785,12.658,10.854,12.18,14.188,14.967,14.564,14.592,14.703,14.555,14.721,15.084,15.438,15.111,16.19,15.111,15.844,15.359,15.638,15.111,15.003,14.994,14.188,14.776,15.111,15.455,16.667,16.19,17.947,18.843,18.312,17.185,14.994,18.713,20.702,20.3,18.778,17.742,17.924,16.764,16.642,16.972,18.045,17.028,17.781,19.085,18.422,19.65,18.713,19.128,18.742,17.311,17.796,17.303,15.508,15.288,14.188,13.724,14.499,15.359,14.452,12.648,10.666
11.983,15.309,15.856,16.035,15.615,16.211,15.528,15.131,14.796,14.207,13.301,13.513,14.5,15.37,14.207,15.736,15.925,15.89,16.303,16.994,17.613,17.697,17.948,18.484,17.888,16.947,16.035,14.5,13.013,10.539,12.017,13.663,14.5,14.987,15.175,14.397,14.207,14.658,14.905,15.37,14.518,15.014,15.693,15.131,14.695,14.987,15.131,14.293,14.796,15.131,15.528,15.238,14.914,15.967,16.542,17.948,19.364,18.738,16.607,14.584,18.417,21.593,20.624,19.51,17.185,17.682,16.144,16.994,16.435,16.607,17.303,17.766,16.955,19.559,18.417,19.259,19.139,19.266,18.774,17.177,16.567,15.175,14.397,14.905,14.293,14.658,14.741,13.106,12.579,11.498
11.769,13.955,13.803,14.81,14.157,14.443,13.915,13.833,13.163,12.228,12.804,13.387,12.87,12.859,12.637,13.864,14.186,14.315,14.705,14.599,15.637,15.709,16.686,16.652,15.95,15.427,15.234,12.682,11.178,9.8895,10.088,12.054,13.461,12.848,13.334,12.782,12.859,13.153,12.859,13.628,13.555,13.628,14.521,14.315,13.864,13.163,13.302,12.87,12.936,13.323,13.955,13.586,14.127,14.521,15.5,16.17,17.088,16.378,15.932,13.419,16.963,18.639,17.872,17.99,15.455,15.038,14.896,14.306,14.394,15.418,16.559,17.44,17.021,16.922,15.994,17.673,16.988,17.121,16.813,15.234,15.122,13.419,13.153,13.586,12.124,12.548,13.833,12.4,11.215,10.486
12.876,15.305,15.366,15.817,16.421,16.65,15.74,14.874,14.71,14.45,14.309,14.309,13.74,14.384,14.719,15.954,16.52,15.843,16.618,16.281,17.436,17.933,18.585,17.69,17.217,17.288,16.197,14.281,12.665,11.032,11.547,13.612,14.195,14.422,14.645,14.45,14.003,14.309,14.655,15.401,14.874,15.163,15.463,16.131,15.645,15.163,15.305,14.728,14.571,14.719,15.296,15.118,15.585,16.788,16.876,17.933,18.643,18.468,17.17,15.163,18.21,21.675,19.804,19.418,18.387,17.17,16.65,15.817,16.322,17.107,17.69,17.91,17.598,19.094,18.838,20.075,18.902,19.045,19.584,17.475,17.036,16.281,14.801,12.845,13.73,14.309,14.801,14.052,12.654,11.13
11.977,13.264,14.65,15.087,14.897,14.2,13.656,13.264,13.161,13.037,11.737,12.701,13.048,13.243,13.264,13.161,14.455,14.152,14.455,14.897,14.907,15.651,16.525,16.81,15.959,15.607,15.096,12.583,12.134,9.3064,10.826,11.691,12.658,13.264,13.566,12.881,12.529,12.507,12.497,13.656,13.172,13.426,14.897,13.745,14.056,13.536,13.243,13.048,13.426,14.008,14.2,13.823,14.152,14.907,15.797,16.06,17.488,16.203,15.607,13.099,16.027,17.665,18.765,17.55,16.069,14.314,14.008,14.008,15.006,14.715,14.464,16.721,16.938,16.68,15.59,16.136,16.753,15.797,16.069,15.168,14.008,13.161,13.048,13.264,12.507,13.335,13.745,12.497,12.41,9.8846
13.126,15.145,16.351,16.97,16.312,16.131,15.584,15.812,14.456,14.252,13.593,13.733,14.216,14.297,14.063,15.329,15.804,15.329,16.97,16.932,17.784,18.244,18.355,19.157,17.437,17.407,16.728,14.847,13.126,11.209,11.534,13.442,14.171,14.438,14.57,14.984,14.456,14.561,14.718,15.354,14.649,15.453,16.351,15.262,15.852,15.22,15.01,14.171,14.847,15.674,15.804,15.844,16.296,16.537,17.524,18.355,19.688,18.514,16.781,15.187,17.385,19.695,20.35,19.03,16.925,16.482,15.844,16.506,16.036,16.162,16.667,17.784,17.976,18.923,17.407,19.157,18.788,17.891,18.535,16.781,15.844,15.187,14.252,14.465,13.593,14.225,15.379,14.279,12.871,10.709
13.132,15.653,16.263,16.56,16.338,16.163,15.748,14.79,15.232,14.354,13.049,13.737,14.01,14.01,14.735,15.687,15.196,16.338,16.601,17.296,17.919,18.099,18.396,18.3,18.528,17.178,16.338,14.316,12.756,10.864,11.865,13.825,14.9,14.79,14.578,13.981,14.652,14.881,15.653,14.9,15.374,15.47,15.008,15.232,14.909,15.17,15.653,14.909,14.9,14.735,15.748,15.73,15.522,16.528,16.626,18.151,18.99,18.767,17.552,15.522,18.803,20.734,19.868,19.364,17.759,16.658,15.859,15.098,16.56,17.241,16.163,17.552,18.477,18.27,18.76,18.411,18.76,18.411,17.691,17.66,17.202,15.125,14.287,13.747,14.01,14.457,14.717,14,13.008,11.038
13.733,16.159,16.067,17.229,16.159,17.323,15.744,14.574,15.013,14.905,14.509,13.851,14.896,14.15,14.388,14.722,15.744,15.923,16.719,16.92,16.654,17.717,18.472,18.384,17.937,17.292,16.334,14.896,12.495,11.253,11.408,13.098,14.574,14.685,14.388,14.786,14.648,14.463,14.648,15.923,14.602,15.466,16.159,15.121,15.821,15.466,14.896,14.805,14.658,15.649,15.88,15.148,15.44,16.151,17.686,17.914,19.422,18.849,17.008,14.878,18.755,20.995,19.808,19.498,17.292,17.237,15.466,14.602,15.519,16.848,17.478,17.959,18.755,18.295,18.523,18.791,18.763,18.273,18.935,16.654,15.361,14.648,14.198,14.312,13.733,14.425,14.713,15.193,12.795,11.975
11.431,13.548,13.746,14.02,14.579,15.136,14.145,14.164,14.401,13.578,12.669,11.987,12.594,12.934,13.518,13.508,14.401,14.297,15.243,14.892,15.759,15.533,15.629,15.938,15.972,15.664,14.364,12.765,11.131,9.3868,10.269,11.467,12.594,12.807,12.594,12.934,12.155,12.604,13.628,13.667,14.212,14.068,13.11,14.588,14.02,14.663,13.756,13.387,13.578,12.669,13.336,13.548,14.401,15.136,15.207,16.67,16.637,16.35,15.42,13.667,15.664,17.734,17.246,15.759,15.87,15.136,14.401,14.616,15.87,15.698,15.136,14.727,16.35,15.42,16.896,16.35,16.572,16.662,15.87,16.217,15.621,13.697,12.289,11.561,12.144,13.017,13.172,12.2,10.872,9.2118
13.356,14.629,15.84,17.152,17.07,15.792,15.952,15.4,14.446,14.286,13.155,14.134,14.053,14.56,14.428,14.69,15.117,16.032,17.018,17.358,18.272,17.511,18.672,18.909,17.721,16.37,16.913,13.879,13.019,10.606,11.381,13.241,14.707,14.551,14.845,14.428,14.161,14.999,14.348,14.664,15.573,15.318,15.134,15.646,14.707,15.4,15.84,14.629,14.707,15.367,15.581,15.049,15.695,17.663,17.255,18.272,19.988,18.774,17.835,15.142,18.363,20.235,19.899,19.209,17.714,16.769,16.024,15.84,15.711,17.181,16.792,18.111,18.726,18.726,18.189,18.363,18.501,19.036,18.189,17.892,17.424,14.69,14.837,14.134,13.916,13.63,14.982,13.356,12.652,10.606
13.581,15.838,16.468,17.876,16.492,16.706,15.661,15.83,14.204,13.987,13.581,14.355,14.275,13.767,13.581,15.316,16.022,15.83,16.298,17.157,17.618,17.711,18.724,18.228,17.487,16.676,16.368,13.987,12.65,11.074,11.989,13.951,14.628,14.766,14.706,14.069,14.453,14.069,14.426,15.207,14.628,15.644,16.054,15.709,16.117,15.249,14.843,14.662,15.644,15.44,15.207,15.249,15.95,16.956,17.238,18.277,19.903,19.313,17.393,14.98,18.547,20.736,20.483,19.672,17.371,16.767,15.79,17.157,15.83,16.266,17.546,17.833,18.717,17.393,17.911,18.765,18.771,18.36,17.833,17.487,16.337,14.732,14.347,14.015,13.402,14.015,14.636,13.721,12.65,10.912
11.476,13.758,14.413,14.628,14.931,14.516,14.338,13.059,12.775,12.604,12.892,12.354,12.69,13.983,13.639,13.559,13.286,14.108,15.22,15.255,15.633,16.18,15.849,16.313,15.432,15.112,14.413,13.028,11.429,9.1008,10.422,12.154,12.87,12.507,12.944,12.265,13.028,12.604,13.448,13.639,14.176,14.309,13.448,14.309,14.031,14.031,14.031,13.028,13.768,13.357,13.549,13.758,13.357,14.922,15.677,16.322,16.618,16.454,15.494,13.398,15.951,18.89,17.718,16.627,15.875,14.516,14.233,12.87,14.712,14.712,15.397,15.677,16.313,16.974,16.288,16.053,16.053,15.642,15.985,15.875,14.451,13.678,12.121,11.71,12.354,11.883,12.55,12.265,10.743,9.1008
13.587,16.463,15.837,16.694,16.189,16.463,15.675,15.732,15.178,13.949,13.736,14.462,14.239,14.022,13.949,15.708,16.463,16.252,16.586,17.377,17.813,18.048,18.006,18.231,17.177,16.96,16.74,14.742,13.157,10.821,11.464,13.801,14.94,14.699,14.88,14.462,14.104,14.248,14.391,15.404,14.699,15.511,16.133,15.304,15.437,15.837,15.404,14.48,15.7,15.577,15.683,15.379,15.805,16.408,17.877,18.647,18.736,18.811,16.74,14.872,18.231,20.824,19.927,18.716,17.177,16.252,15.379,15.805,16.189,15.966,16.694,18.048,17.436,17.92,16.808,18.647,19.38,17.934,17.877,16.9,15.203,15.017,13.652,12.892,12.23,12.892,14.158,13.615,12.921,10.667
14.184,15.786,15.826,16.521,16.728,16.667,15.818,16.146,15.201,14.861,14.292,15.074,14.87,14.688,14.31,14.688,15.467,16.552,16.948,16.797,18.057,17.423,18.393,18.078,18.219,17.649,16.295,14.688,13.34,10.802,11.219,13.939,13.976,14.039,15.023,14.478,14.372,14.363,14.662,15.866,15.201,15.393,15.599,15.566,15.858,15.201,15.5,14.998,14.662,16.177,15.459,15.599,16.295,16.865,17.284,18.866,19.34,19.34,17.284,15.074,18.967,19.732,19.816,19.068,16.311,16.552,15.201,15.979,16.122,16.675,17.15,18.866,18.219,18.141,16.705,17.922,18.197,17.879,17.247,16.682,15.688,13.108,13.605,13.263,12.753,13.727,13.875,12.48,11.893,10.417
13.211,15.035,16.103,16.92,16.92,16.126,16.009,16.38,15.183,15.233,14.117,14.561,15.117,15.035,15.445,15.043,15.509,16.554,16.764,17.494,17.466,17.925,18.071,18.119,17.466,16.979,16.326,14.715,12.817,11.181,11.181,13.087,14.604,14.432,15.01,14.231,13.894,14.808,15.117,15.501,15.574,15.509,15.702,16.28,15.208,15.702,15.035,14.867,14.638,14.328,15.509,15.509,15.694,16.494,17.336,17.953,18.85,18.609,17.009,15.01,18.071,19.476,18.683,19.139,17.494,16.009,15.884,15.694,15.813,17.001,16.38,18.029,17.757,17.904,17.953,18.359,17.721,18.119,16.288,16.772,15.183,13.867,13.201,12.37,12.62,12.501,13.658,12.62,11.012,9.709
13.663,15.14,16.927,16.356,16.987,16.41,16.039,16.272,15.008,14.874,14.516,14.308,14.721,15.124,15.124,15.796,15.54,16.387,16.652,16.501,17.502,17.566,18.134,18.127,17.856,16.979,16.387,14.237,12.734,10.799,11.891,13.654,14.61,15.19,14.585,14.096,14.403,14.325,14.874,15.516,15.516,15.516,15.443,16.455,15.247,15.58,15.313,15.215,15.124,14.087,14.772,15.346,15.516,16.356,17.279,17.877,19.219,18.678,17.016,15.14,18.037,19.822,19.619,17.877,17.213,15.636,15.008,15.636,16.109,16.287,17.213,17.594,18.319,17.856,18.209,17.933,17.097,17.473,17.016,16.629,15.66,13.131,13.872,12.355,13.207,13.131,12.813,12.048,11.242,9.6226
13.157,15.563,16.662,16.442,16.549,16.692,16.04,15.245,15.539,14.954,13.764,13.927,13.497,15.22,14.954,14.844,15.993,16.805,16.812,17.601,18.246,17.508,17.968,18.073,17.284,16.662,17.028,14.844,12.531,10.821,11.342,13.764,13.963,14.614,14.751,14.64,14.467,14.124,15.079,15.376,15.046,15.335,15.66,15.539,15.27,15.922,15.079,14.954,15.046,15.245,15.74,15.303,15.547,15.851,17.05,18.246,18.546,18.648,17.109,14.878,17.608,19.504,19.054,17.544,16.32,16.071,15.611,14.614,15.851,16.805,16.602,16.85,16.662,17.262,18.052,16.753,18.573,17.458,17.658,16.266,15.563,13.497,13.157,12.571,11.883,11.915,13.981,13.233,11.702,9.9495
12.952,15.751,15.63,16.067,17.166,16.409,15.566,16.216,15.949,14.632,14.283,14.204,13.881,14.76,14.972,15.321,16.067,16.439,17.041,16.982,17.913,17.565,17.68,17.744,17.68,17.305,15.942,14.088,12.138,10.587,11.052,13.335,13.781,14.213,14.195,14.354,14.088,13.881,15.089,15.297,15.566,16.339,15.064,16.339,15.949,15.582,16.013,15.354,15.759,14.133,14.905,15.089,15.63,16.185,17.093,18.074,18.67,18.453,16.751,15.098,16.833,20.156,17.758,16.93,16.833,16.036,15.264,15.098,16.87,16.439,16.285,17.247,17.13,16.833,17.821,17.68,17.479,17.181,17.392,16.569,15.614,14.061,13.173,12.086,12.547,13.058,12.547,12.395,11.087,9.6535
13.785,15.268,16.205,16.875,17.068,16.935,15.755,15.723,14.824,14.832,13.656,13.948,14.137,14.217,14.145,15.723,16.017,16.687,17.484,16.634,17.748,17.075,17.397,18.135,17.684,16.687,16.352,15.177,12.64,11.281,11.816,13.508,14.375,14.384,14.454,14.375,14.137,14.065,15.135,14.558,15.135,15.683,14.866,15.755,15.367,15.094,15.683,14.866,15.325,14.832,15.465,15.06,15.57,17.053,16.596,18.107,19.182,18.682,17.288,15.177,17.57,19.135,19.319,17.741,17.046,16.875,14.287,15.102,14.593,16.935,16.166,17.252,18.19,17.098,16.687,17.741,17.156,17.748,17.31,15.268,14.976,13.517,12.56,11.719,12.059,12.429,12.71,12.58,11.458,10.165
13.644,15.573,16.703,16.429,16.399,16.152,15.861,15.492,15.089,14.811,13.972,13.909,14.371,14.853,14.467,15.749,16.152,15.837,16.695,17.411,17.389,17.811,18.119,18.063,17.083,17.64,16.498,14.58,12.895,10.64,11.437,13.8,14.545,15.18,14.467,14.124,13.772,14.363,15.047,15.18,15.353,15.122,15.254,16.05,15.089,15.932,15.386,15.055,14.853,15.287,15.047,15.254,16.081,17.083,17.171,18.091,19.295,18.394,17.555,15.03,17.733,19.892,19.663,18.174,15.94,15.23,14.912,15.03,15.556,16.376,16.058,16.605,16.673,17.669,17.236,18.119,18.084,16.673,17.083,17.038,14.053,14.186,12.539,12.459,12.579,12.787,13.194,12.121,11.046,9.2211
12.948,15.094,16.435,16.709,16.063,16.709,15.562,15.26,15.554,15.052,14.481,13.695,14.368,15.094,14.756,15.578,15.707,15.945,16.504,17.301,17.909,17.817,18.503,18.243,17.453,16.678,16.18,14.559,12.663,11.084,11.441,13.51,14.481,14.892,14.129,14.654,13.995,14.816,14.446,15.391,14.892,15.683,15.969,15.626,15.094,16.008,14.688,14.55,14.688,15.317,15.391,15.391,16.008,16.678,17.475,18.236,19.625,18.263,16.926,15.094,17.909,19.204,19.276,17.088,16.458,15.06,14.968,14.688,16.281,16.032,16.866,16.405,16.821,17.951,17.739,17.675,17.525,17.125,17.037,15.707,14.825,13.977,13.016,12.412,11.756,12.703,13.777,12.583,11.14,10.632
13.48,15.902,16.028,17.087,17.579,16.176,16.573,16.176,15.455,15.527,14.414,13.91,14.732,15.422,15.68,15.902,16.307,15.91,17.291,17.464,17.414,17.464,18.367,18.05,17.636,17.378,16.399,14.098,12.057,10.608,11.25,13.664,14.552,14.552,13.747,14.169,14.16,13.846,14.595,14.885,15.027,15.592,15.094,16.121,15.552,16.399,15.422,15.094,15.592,14.552,15.019,15.422,15.902,16.467,17.021,17.974,18.845,18.691,17.028,15.592,17.124,18.092,18.925,18.092,17.486,15.25,15.672,15.06,16.399,17.378,16.528,17.284,18.223,17.204,17.946,17.124,17.356,16.888,17.356,16.299,15.72,13.846,13.055,12.516,12.987,13.48,12.435,12.605,10.784,9.6296
12.873,15.999,15.967,16.03,16.424,16.794,16.734,15.594,15.228,15.096,15.137,14.25,14.598,14.598,15.228,16.147,16.309,15.714,16.124,17.126,18.053,18.274,17.228,17.78,17.517,16.942,16.309,14.32,12.557,10.832,11.296,13.482,13.921,13.556,14.52,14.529,14.028,14.338,15.228,15.674,15.682,15.554,15.554,14.87,16.347,15.912,15.833,15.029,14.555,16.03,15.714,15.674,15.809,15.967,17.553,18.424,18.768,18.586,16.831,14.861,17.359,19.066,19.053,17.759,16.711,16.03,15.029,14.623,15.912,16.347,17.294,17.892,16.794,18.225,17.524,17.976,18.471,17.001,16.583,15.53,15.062,14.598,12.873,12.765,13.056,13.472,13.666,12.765,11.678,10.31
13.055,15.455,16.091,16.346,16.4,16.792,16.308,15.713,15.832,15.028,14.936,15.019,14.596,14.868,14.792,15.544,16.346,16.785,16.582,17,17.516,17.608,17.701,17.58,16.785,15.974,16.029,14.169,12.314,10.561,11.526,13.141,13.747,14.16,14.553,14.319,14.054,14.519,15.019,15.641,15.094,15.423,15.911,15.903,15.966,15.528,15.577,15.094,14.441,15.681,15.673,15.713,15.832,16.4,17.608,18.813,19.48,18.632,16.732,15.152,17.487,19.325,18.409,17.87,16.4,16.161,15.136,15.721,15.966,17.029,17.757,18.524,16.993,18.531,16.642,18.148,17.947,17.58,17.241,14.792,14.885,14.107,12.833,12.546,12.516,13.227,13.434,13.103,11.35,10.62
13.686,15.987,16.604,16.36,17.885,16.955,16.314,15.436,14.609,14.898,14.349,15.24,15.074,14.948,14.737,15.558,15.264,15.917,16.799,16.136,17.716,17.538,18.066,18.157,17.716,16.679,16.656,13.976,13.114,10.618,11.448,13.492,14.609,14.531,14.03,13.823,14.066,14.331,15.074,14.898,15.477,15.822,15.979,15.533,15.558,15.297,15.107,14.881,15.24,15.264,15.686,14.948,15.654,17.037,17.066,18.101,19.892,18.377,17.709,15.107,17.307,19.277,19.146,16.314,17.53,16.314,15.24,15.066,15.032,16.656,16.011,18.397,17.595,18.066,17.22,18.066,16.656,17.044,17.125,14.737,15.686,13.009,12.775,12.537,13.114,13.066,14.19,12.192,11.26,9.5336
13.787,15.925,17.023,17.795,17.257,17.257,16.384,15.925,15.265,14.592,13.923,14.463,15.339,14.541,14.428,15.469,15.372,15.478,16.8,16.415,17.395,17.795,17.991,18.158,17.963,16.529,15.655,14.111,12.568,10.63,11.731,13.009,14.532,14.67,14.874,13.86,13.932,14.067,14.899,14.541,15.273,16.106,16.261,15.437,15.607,15.655,15.042,14.949,15.166,14.567,15.727,15.542,16.16,16.529,16.68,18.109,19.543,18.763,17.546,15.042,18.378,20.855,19.601,18.487,16.956,16.384,14.949,14.454,15.735,15.98,16.567,17.023,18.068,17.717,16.845,17.503,16.845,16.384,16.191,15.925,14.349,13.009,12.805,13.115,12.528,12.883,13,12.376,11.036,10.147
13.331,15.357,16.249,16.677,17.3,17.124,16.319,15.625,15.292,15.585,14.549,14.057,14.967,15.126,14.756,15.496,15.865,16.38,16.977,16.617,17.329,16.977,17.3,18.4,17.087,16.677,15.488,14.349,12.207,10.343,11.463,13.648,14.687,14.584,14.627,14.756,14.375,14.128,15.259,15.561,15.706,15.283,15.093,15.39,15.059,15.292,15.059,15.259,15.184,15.585,15.349,15.168,16.062,16.865,17.524,17.963,19.124,18.624,17.124,15.488,17.065,19.124,18.509,17.949,16.677,16.457,15.259,15.357,15.259,17.263,17.036,16.977,17.674,18.262,18.179,17.452,17.524,16.609,16.677,14.815,14.367,13.083,12.411,12.573,12.062,12.543,13.044,12.573,10.034,9.4261
13.521,15.6,16.195,16.449,16.693,17.162,16.881,15.575,14.837,15.048,14.623,14.07,14.598,15.983,14.598,15.404,15.761,15.959,17.569,16.843,17.576,17.338,17.69,17.54,17.074,15.502,15.959,13.853,12.073,10.676,11.473,13.521,14.07,14.667,14.494,14.212,14.204,14.667,14.598,15.306,15.14,15.47,15.959,15.72,15.273,16.077,14.598,15.273,15.074,15.404,15.575,15.761,16.264,16.783,17.69,18.279,19.732,18.106,17.49,15.107,17.811,18.91,18.682,17.316,16.625,16.518,15.331,15.363,15.065,16.101,16.723,16.579,17.769,18.607,17.633,16.881,16.518,17.294,17.162,14.598,14.141,12.403,11.82,12.862,11.594,11.852,12.803,12.229,11.385,10.006
13.812,15.528,17.285,17.087,17.168,16.499,16.788,15.495,15.665,14.938,14.164,14.386,15.006,14.853,14.955,15.123,15.397,16.291,17.438,17.691,17.861,17.569,18.719,18.549,17.131,17.109,15.906,14.664,12.443,10.185,11.871,13.839,15.006,14.69,14.621,14.587,14.725,14.093,14.647,15.322,15.131,15.906,15.625,15.985,15.536,15.429,15.131,15.098,15.298,14.938,15.665,15.714,15.754,17.102,17.373,17.995,19.847,19.206,18.059,15.298,17.783,19.087,19.259,17.612,16.04,15.625,14.938,13.581,15.09,15.495,14.853,16.545,17.102,16.252,16.629,17.087,15.593,15.665,15.223,15.006,13.59,12.176,12.443,11.031,11.134,11.699,11.956,11.742,10.11,8.5655
13.389,15.032,15.742,16.893,17.6,16.938,17.11,15.934,15.822,15.234,15.158,14.879,14.82,14.225,14.965,15.628,16.75,16.636,16.037,17.139,17.829,18.203,17.491,17.6,16.901,17.375,15.653,14.009,12.394,10.485,11.005,13.707,14.252,14.252,15.125,14.82,14.438,14.673,14.879,16.014,15.523,15.822,15.822,16.195,16.006,15.457,15.555,15.35,15.457,15.814,16.014,15.234,16.195,16.132,17.25,18.452,19.286,18.582,17.117,14.922,17.132,18.168,17.491,17.139,16.75,16.101,15.555,14.225,15.158,15.555,15.934,16.475,16.101,15.628,16.132,16.405,17.701,16.132,14.828,14.009,13.753,12.597,10.629,10.784,10.629,11.6,11.323,11.005,9.6793,8.3103
13.689,15.913,16.758,17.677,17.315,16.484,16.484,16.484,14.8,15.172,14.233,15.13,15.213,15.28,15.13,15.305,16.134,16.507,16.878,17.446,18.067,17.446,18.462,17.727,17.227,16.383,16.228,13.954,12.859,10.362,11.353,13.845,14.8,15.105,14.962,14.593,14.251,14.731,14.8,14.654,15.329,15.992,16.079,16.329,15.801,14.868,15.329,15.138,16.205,14.126,14.962,15.305,16.484,17.848,16.916,18.144,19.683,18.646,17.919,15.23,16.75,18.916,18.116,17.919,16.228,15.213,14.671,15.305,15.13,15.502,15.395,16.484,17.982,16.916,16.368,16.111,16.368,15.096,14.593,14.671,14.304,11.618,11.704,10.507,10.84,11.252,11.704,11.116,10.374,8.6868
13.25,15.808,15.735,16.652,17.191,16.568,15.767,16.274,15.622,14.813,14.255,15.152,15.516,14.745,15.119,15.294,15.767,16.274,17.125,17.043,17.8,17.85,18.313,18.382,16.743,17.309,16.22,14.255,12.602,10.896,11.683,13.066,14.95,15.119,14.264,14.684,14.264,15.119,15.671,15.622,15.352,16.125,15.816,16.313,16.499,15.808,15.816,15.418,15.622,15.026,15.816,15.646,16.125,16.931,17.228,18.16,19.65,18.444,17.346,15.227,16.834,18.52,17.191,17.154,16.007,14.95,13.83,14.71,14.684,15.418,15.622,17.154,17.132,16.773,16.886,16.243,16.614,15.557,15.816,14.004,12.949,12.014,11.855,10.814,10.199,10.896,11.126,11.092,10.383,8.6655
14.096,15.67,16.484,16.776,16.954,16.784,16.117,15.789,15.111,14.514,14.016,14.28,15.161,14.752,14.828,14.488,15.678,16.469,17.217,17.064,18.099,18.174,18.099,18.359,18.092,16.355,16.256,14.122,12.522,10.592,11.836,13.628,14.016,14.845,14.488,14.479,14.987,14.582,14.298,14.744,15.02,15.502,16.784,16.102,15.67,15.21,14.685,14.685,15.55,15.55,15.111,15.243,16.325,16.739,17.418,18.318,19.472,18.154,17.475,14.514,17.078,18.044,19.078,16.665,16.202,15.111,14.14,14.016,14.582,14.786,15.422,15.954,17.532,16.529,16.545,15.891,15.486,14.895,15.053,13.71,13.444,12.281,10.755,11.052,11.22,10.674,11.836,10.72,10.036,8.9316
13.397,15.654,16.4,17.61,16.948,16.911,16.948,16.023,15.466,14.897,14.897,13.872,15.392,15.532,15.134,15.532,15.784,15.792,16.699,17.061,17.819,17.385,18.332,17.996,17.84,17.261,16.26,13.982,12.615,11.069,11.984,13.872,14.278,15.159,14.543,14.063,14.126,14.261,14.332,15.703,14.974,15.134,16.415,15.759,15.532,16.087,15.425,14.656,15.134,15.334,15.201,14.829,16.142,16.699,17.61,18.179,19.219,18.757,17.231,15.041,16.515,18.511,18.179,17.48,15.792,15.359,15.532,14.829,15.425,15.433,15.832,15.532,16.669,16.361,16.903,16.515,16.023,15.532,14.699,13.715,12.473,12.027,10.394,11.274,10.861,11.069,11.77,11.408,10.684,9.2967
13.195,15.308,16.759,17.501,17.119,16.483,16.69,15.79,15.823,14.551,14.268,14.551,14.887,14.827,14.197,15.366,15.758,16.537,17.007,17.208,18.1,17.817,18.735,18.708,17.881,16.759,16.022,14.419,12.266,10.718,11.769,13.944,14.197,14.989,14.152,14.125,14.26,14.125,14.339,14.827,14.836,15.943,16.022,15.943,15.424,15.661,15.424,14.964,15.166,14.887,15.308,15.108,16.109,17.149,17.245,18.051,19.668,18.51,17.638,15.333,17.171,18.951,18.66,17.171,15.943,15.308,15.133,14.551,15.333,15.653,15.782,16.109,17.609,16.022,16.414,15.702,16.085,15.653,14.437,14.698,14.437,11.518,11.329,11.057,10.683,11.068,11.103,11.329,9.6975,7.8912
13.735,15.608,16.818,17.139,17.613,16.728,16.916,16.111,15.985,15.012,14.697,14.628,14.945,15.608,15.138,15.793,16.111,16.75,16.878,16.908,18.366,17.315,18.455,18.004,17.848,17.213,16.43,14.732,13.084,10.264,11.672,13.285,14.515,14.628,14.962,14.099,14.251,14.099,14.697,15.23,15.363,15.624,15.985,15.993,15.6,15.305,15.172,14.936,15.138,15.08,15.33,15.138,16.056,16.728,17.315,18.558,19.825,19.418,17.62,15.105,17.095,18.788,18.29,17.095,16.134,14.697,15.13,15.657,15.608,15.721,15.729,16.111,17.293,16.507,16.329,16.244,16.453,15.437,14.86,14.036,13.735,11.475,11.173,10.264,10.325,11.252,11.308,11.486,11.071,8.8027
13.994,16.242,16.621,17.621,16.931,16.613,17.33,15.743,15.735,14.821,14.317,14.245,15.227,15.815,15.318,15.646,16.006,16.765,17.228,16.498,17.52,18.054,17.8,18.966,17.454,16.312,16.467,14.111,12.347,10.334,11.183,13.967,14.684,14.317,13.561,14.641,14.334,13.967,14.501,15.767,15.293,15.767,16.406,15.807,15.185,16.521,15.185,15.515,14.915,14.813,15.025,14.873,16.406,16.674,17.228,18.333,19.165,19.179,17.621,14.873,17.743,18.635,18.879,17.102,15.767,14.03,15.152,14.881,16.093,15.293,15.807,15.767,17.213,17.191,16.833,16.398,16.242,15.621,14.684,13.561,13.857,12.388,10.198,11.046,10.198,11.057,12.182,10.779,10.371,8.337
13.205,15.619,16.011,17.288,17.6,17.193,16.2,15.789,15.748,15.757,15.209,15.126,15.008,15.1,15.134,15.789,16.106,16.609,16.971,18.012,17.786,18.012,18.944,18.722,17.665,16.386,16.106,14.166,12.826,10.612,11.35,12.895,14.693,14.598,15.008,14.166,14.247,14.589,15.652,15.3,15.497,15.884,15.98,15.432,15.603,16.011,15.167,14.388,15.008,15.325,15.98,15.619,16.2,16.223,17.521,18.45,19.799,18.91,17.615,15.3,17.31,18.229,17.615,17.521,15.884,15.789,14.727,14.247,15.1,15.652,16.169,16.502,16.67,16.425,16.425,16.866,15.538,15.497,15.075,14.166,12.607,11.841,12.577,11.079,11.744,11.113,11.581,11.033,10.672,8.9991
14.041,15.901,16.575,16.717,16.754,16.462,16.234,15.489,15.657,15.033,14.494,14.469,15.165,14.967,14.191,16.28,15.932,16.303,17.222,17.416,18.075,18.15,17.978,18.617,18.013,16.821,15.932,14.875,12.224,10.577,11.672,13.472,13.791,14.278,14.494,14.391,14.537,14.391,15.222,15.481,15.401,15.617,15.839,15.14,15.033,16.234,16.026,14.46,14.959,15.657,15.657,16.057,15.846,16.057,16.724,18.068,19.548,18.954,17.853,15.393,17.509,19.052,18.556,16.96,15.255,14.665,13.692,13.97,15.165,15.075,15.36,15.36,16.575,17.452,16.08,16.717,16.111,16.28,15.296,13.426,12.466,11.63,11.037,11.149,10.764,11.071,11.967,11.205,9.5912,8.4765
13.811,15.162,16.356,17.006,17.505,17.079,16.478,15.599,15.054,15.186,14.061,14.583,15.021,15.211,14.846,16.009,16.257,16.172,16.777,17.731,17.731,18.414,18.421,17.731,17.668,16.546,15.671,14.298,12.523,10.756,11.657,13.445,14.211,14.403,14.123,14.583,14.298,14.745,15.162,15.211,15.414,16.264,15.244,16.257,14.988,15.955,15.414,14.307,14.896,14.896,14.988,15.284,15.766,17.043,17.079,18.155,19.079,18.743,17.369,15.551,17.006,18.421,18.155,17.16,16.257,14.988,14.558,13.811,14.821,15.162,15.211,15.671,16.984,16.977,16.048,15.986,16.485,14.896,14.061,14.141,13.021,11.911,10.905,9.9489,10.756,10.498,11.386,10.951,10.294,8.5906
13.314,15.075,15.693,16.225,17.008,16.651,16.032,15.403,15.297,15.306,14.578,14.866,14.5,15.207,15.436,15.508,16.102,16.621,16.808,17.088,17.557,17.889,18.07,18.31,18.007,17.205,16.348,14.714,12.5,9.5527,11.236,13.01,13.893,14.327,13.83,14.301,14.318,14.423,15.297,15.265,16.867,15.533,15.042,16.561,16.711,16.125,15.621,15.508,15.557,14.638,15.117,14.807,15.693,16.621,16.644,18.111,19.449,18.682,17.465,15.661,16.287,18.035,17.393,16.14,15.946,15.533,13.902,14.222,14.301,15.788,15.533,15.891,16.402,16.194,15.661,16.325,16.348,15.042,14.318,14.08,13.039,10.92,10.977,9.6568,11.63,10.92,10.966,10.689,9.6568,7.7622
14.436,15.513,17.108,17.506,17.108,16.776,15.817,16.199,15.005,14.513,13.798,14.582,15.013,14.085,15.08,15.212,15.08,16.407,17.189,16.813,17.852,17.761,18.075,19.013,18.614,16.656,16.873,14.582,13.043,10.598,11.772,13.205,14.582,14.582,14.539,14.539,14.921,14.226,14.156,15.343,14.988,15.895,16.984,15.537,15.895,14.77,15.047,14.71,15.537,15.038,15.919,14.539,16.384,17.108,17.225,17.726,19.711,18.513,17.499,15.013,17.74,18.206,17.852,17.362,15.505,14.147,13.091,14.427,13.734,14.539,14.71,16.353,16.107,15.513,15.919,16.037,14.871,15.013,15.245,13.091,12.424,10.797,10.299,11.634,10.128,10.598,11.184,10.515,9.928,7.5191
13.691,15.09,15.997,16.742,16.377,16.862,16.153,15.941,15.862,15.032,13.506,13.973,14.373,14.964,15.165,14.684,15.582,16.331,17.671,17.318,18.086,17.318,18.12,18.086,16.973,16.973,16.192,14.581,11.923,11.001,11.635,13.46,13.645,14.555,15.048,14.364,14.65,14.624,14.65,15.582,15.289,15.558,15.965,15.623,15.743,15.703,15.711,14.889,14.855,15.452,15.057,14.897,15.623,16.377,17.062,18.498,19.382,18.641,17.47,15.09,17.383,17.925,17.172,16.331,15.181,14.889,13.581,14.581,15.181,15.289,15.181,14.964,16.122,16.059,15.711,15.452,15.181,14.964,14.581,13.167,12.205,10.735,10.144,9.3305,9.1535,10.341,9.5437,10.329,9.7395,8.3031
13.667,15.936,16.644,16.832,17.244,16.402,16.147,16.031,15.465,15.005,13.621,14.029,15.03,14.18,13.885,14.938,15.834,16.147,17.759,18.033,18.06,18.033,18.088,18.526,17.759,16.891,16.832,14.347,12.027,10.562,11.785,13.105,14.735,15.286,14.581,14.347,14.338,14.321,15.055,14.87,15.096,16.424,15.81,16.348,15.595,15.554,15.327,15.319,15.675,15.03,14.938,15.327,16.031,17.381,16.712,18.143,19.553,19.165,17.294,15.021,17.468,18.634,17.78,16.31,16.348,13.948,14.171,14.242,14.938,15.53,14.18,15.096,17.439,15.228,15.425,15.554,14.828,13.621,14.735,14.029,12.558,9.9388,10.126,9.0267,9.722,9.8755,10.562,9.9135,8.8726,7.4436
13.705,15.587,16.627,16.702,16.383,16.68,16.437,16.065,15.319,15.236,13.464,14.13,14.919,14.817,14.689,16.158,15.844,16.566,17.244,17.397,18.402,17.966,18.175,18.464,18.674,16.619,16.182,14.586,12.664,10.585,11.453,13.464,14.059,14.263,14.969,14.377,13.878,14.473,14.86,15.458,14.629,14.969,16.566,15.261,14.826,16.344,15.49,14.969,15.587,16.182,15.97,15.563,16.065,16.627,17.476,18.064,19.278,19.041,17.418,14.919,16.437,17.783,18.099,16.337,15.037,14.281,14.629,14.272,14.473,14.766,14.351,14.969,15.36,15.844,14.758,15.187,15.053,14.689,13.842,12.084,11.376,11.141,10.036,9.5205,9.4675,8.7631,9.5864,8.7631,9.0459,7.5933
13.131,15.168,16.617,16.086,16.858,16.821,16.617,15.746,15.234,14.824,14.279,14.137,14.446,15.746,14.917,15.586,15.292,16.125,17.264,17.416,17.985,18.407,18.913,18.509,18.591,17.264,16.865,14.129,12.392,10.536,11.809,13.17,13.804,14.48,14.584,14.558,14.55,14.584,14.653,16.063,15.626,15.586,16.768,16.125,15.937,15.945,15.06,15.093,14.376,15.234,15.259,14.756,16.61,16.678,17.985,18.806,19.171,18.746,17.322,14.917,15.746,17.674,17.452,15.674,15.06,13.877,13.546,13.877,13.63,14.917,15.127,14.627,15.578,15.937,14.55,15.969,15.127,14.756,13.804,13.016,11.926,10.772,10.159,9.0449,9.8827,9.0449,10.343,9.1555,8.8905,7.7888
12.463,14.338,14.68,14.844,15.069,15.069,14.263,13.958,14.459,13.478,12.322,13.458,13.958,12.824,12.803,14.102,14.403,14.753,15.069,15.902,15.766,16.236,16.269,16.877,15.8,15.113,14.607,13.518,11.416,9.5162,10.329,11.475,12.835,13.001,13.378,12.708,13.378,13.053,13.686,13.478,13.948,14.515,14.006,14.598,14.338,14.234,13.725,13.277,13.518,13.948,14.149,13.378,14.338,15.113,15.095,16.269,17.177,16.693,15.792,13.378,14.826,15.766,15.069,14.102,13.725,12.091,11.591,11.934,12.613,12.835,13.001,13.929,14.006,13.216,13.114,13.216,12.824,12.991,11.821,11.094,10.065,9.068,8.1963,7.7063,7.8958,7.8958,9.0531,8.7972,7.0508,6.3277
14.143,15.503,17.132,17.395,17.249,16.865,17.249,16.465,15.133,14.974,14.864,13.7,14.83,15.584,15.175,15.462,15.29,16.835,17.46,17.402,18.74,18.271,18.68,18.794,18.021,16.835,16.624,14.134,12.468,10.73,11.707,13.515,14,15.058,14.591,14.268,14.864,14.822,14.923,15.397,15.753,15.689,16.715,15.592,15.721,16.288,15.689,15.266,15.191,15.066,15.753,15.241,15.761,16.571,17.051,18.097,19.375,19.113,17.154,14.694,16.257,17.803,17.169,16.594,14.556,14.063,14.478,13.783,14.382,13.919,15.1,14.634,15.191,15.364,14.616,14.822,14.285,13.709,13.982,12.223,11.279,9.7457,9.2551,8.5328,9.0487,8.6647,9.2279,7.5956,7.8564,6.5251
14.168,15.63,16.773,17.166,17.529,16.622,17.305,16.184,15.87,15.493,14.828,14.283,14.203,15.759,14.631,15.87,16.385,16.982,17.07,17.736,18.453,18.453,18.65,18.268,17.969,17.572,16.569,14.828,12.636,10.551,11.748,13.513,13.844,14.631,14.203,14.371,14.476,14.274,15.362,15.63,15.614,15.59,15.63,16.254,15.46,16.982,15.759,15.296,15.089,15.678,15.759,14.896,15.87,16.215,17.151,18.185,18.405,18.453,16.554,14.921,16.87,17.399,17.594,15.172,15.46,13.698,13.78,13.652,14.132,14.921,14.588,14.554,15.566,15.63,14.921,15.039,15.097,14.82,13.391,11.673,11.586,9.8854,8.7789,9.0473,9.0473,9.2538,9.0473,7.935,7.5945,6.3876
14.474,15.961,16.242,17.292,17.609,17.321,16.496,16.373,16.055,15.351,15.044,15.351,14.603,14.36,14.893,15.252,16.693,16.67,17.27,17.723,18.254,18.851,18.609,18.663,17.92,17.321,16.693,14.577,12.537,11.135,11.435,13.239,14.05,14.646,14.36,14.343,14.077,14.543,15.178,16.427,16.024,15.858,15.739,15.618,16.373,15.937,15.57,15.747,15.053,15.351,15.449,15.277,15.739,15.747,17.153,18.164,19.474,18.723,16.67,14.961,16.67,17.808,15.992,16.327,15.161,13.77,13.493,13.623,13.943,15.227,15.699,16.024,15.383,14.577,14.681,14.646,15.252,13.77,13.381,12.335,11.92,10.154,9.0406,8.5839,8.5104,8.5839,9.5808,8.1635,8.1017,7.5888
13.718,16.115,16.73,17.177,17.177,16.895,16.578,15.894,15.377,15.061,14.653,14.943,14.497,15.212,14.842,16.533,15.973,16.433,17.36,17.763,18.596,17.763,18.946,18.765,18.017,17.272,16.738,14.153,12.922,11.604,11.239,13.654,14.287,14.019,14.162,14.636,13.965,14.392,15.483,15.112,15.319,15.589,15.702,15.653,15.12,15.613,16.278,14.943,15.589,14.782,15.605,15.774,15.589,16.707,16.858,17.826,19.401,18.212,17.272,15.385,16.185,17.996,17.206,16.464,14.636,13.486,13.411,13.106,13.801,13.58,14.584,14.943,14.584,15.286,15.311,15.973,14.471,13.938,13.355,11.915,10.826,9.2403,8.9908,8.7776,9.2675,8.6032,9.6678,8.5443,7.6058,6.9824
14.316,16.237,17.206,16.599,17.461,16.167,16.377,16.096,15.666,15.389,14.622,14.622,14.404,14.939,14.404,15.132,16.323,16.222,17.073,17.132,18.713,18.358,18.557,19.042,17.605,17.132,16.751,14.518,13.078,10.671,11.47,13.544,14.093,14.227,13.985,14.307,14.174,14.665,15.43,15.207,15.626,16.01,14.725,16.477,15.006,15.602,15.795,15.618,15.323,14.93,15.124,15.666,15.883,17.345,17.191,18.693,19.279,18.713,17.613,15.099,16.5,17.841,16.592,15.006,14.665,13.394,13.203,13.544,13.73,14.896,15.006,14.596,15.299,14.725,13.913,15.099,13.913,13.28,13.117,12.114,11.58,10.06,8.9134,8.432,8.6542,8.7847,9.6756,7.8734,8.2959,6.3627
14.158,16.031,17.112,16.588,17.477,17.354,16.366,15.96,16.219,16.031,14.291,14.282,14.104,15.478,14.648,15.777,16.588,17.149,17.112,17.614,18.488,18.088,18.15,18.15,18.399,17.477,16.219,14.989,12.317,11.065,11.468,13.714,13.603,14.571,14.149,14.282,14.579,14.938,15.608,15.38,15.372,15.608,14.938,16.427,15.281,15.705,16.18,15.478,15.96,14.845,15.372,15.777,16.148,17.412,17.083,18.15,19.329,19.099,17.842,15.519,16.77,17.549,16.732,14.605,15.073,14.291,12.44,12.721,13.969,14.879,13.796,14.388,14.648,15.584,15.148,14.989,14.211,13.378,13.15,12.163,10.599,9.9477,8.5414,7.8643,8.7746,9.0578,8.6003,8.9456,7.4184,6.8339
14.595,16.223,16.758,16.69,17.537,17.071,16.69,16.223,15.295,15.758,15.402,14.148,14.491,15.328,14.869,15.597,16.347,16.99,17.537,17.407,18.249,18.193,17.58,17.808,17.335,17.078,16.99,15.138,12.801,11.092,11.383,13.179,13.397,13.96,14.595,14.928,14.094,14.979,15.597,15.98,15.565,15.638,15.638,16.347,15.949,16.561,16.393,15.467,14.767,15.638,16.347,16.098,15.98,16.075,17.429,18.103,18.947,19.316,17.078,15.071,17.189,17.83,16.713,14.595,14.219,13.566,13.141,13.594,13.887,14.595,14.561,14.569,13.491,15.573,15.046,14.928,14.638,14.201,14.21,11.646,10.675,10.154,8.2349,8.2807,7.5314,9.5924,9.9409,9.0516,8.4166,7.4641
14.623,16.152,16.861,17.519,17.156,17.12,16.703,15.678,15.75,15.345,14.623,14.623,15.71,15.164,14.963,15.932,16.206,16.206,17.726,17.295,18.854,18.558,18.854,19.198,17.79,17.548,16.582,14.649,12.856,10.664,11.08,13.496,13.8,13.505,14.58,14.913,14.363,15.03,14.752,15.75,15.18,15.288,17.061,15.995,16.43,15.451,15.047,15.055,14.913,15.451,16.376,15.089,16.673,16.861,17.519,18.666,19.842,18.612,17.382,15.089,16.861,17.562,17.053,15.94,13.8,13.041,13.242,12.895,13.773,14.124,15.047,15.122,15.255,15.557,14.275,15.089,13.972,13.972,14.16,11.922,10.804,9.8925,9.1528,9.6349,8.0408,8.8737,9.1528,9.2076,7.9305,6.7293
14.239,15.876,17.338,17.512,17.103,17.199,16.215,17.014,15.489,15.084,14.222,14.239,15.587,14.581,14.856,15.595,15.98,15.9,17.541,17.49,18.44,18.024,19.245,18.282,17.713,17.081,16.585,14.642,12.449,10.749,11.073,13.16,14.398,14.407,13.907,13.678,14.72,14.788,14.797,15.201,16.098,16.215,16.231,15.972,15.66,16.121,15.644,16.098,15.391,15.383,15.35,15.98,15.74,17.49,17.316,18.543,19.961,18.847,17.834,14.72,16.714,16.714,16.246,15.126,14.088,13.227,12.418,12.819,13.388,14.642,13.284,14.477,16.043,14.89,14.398,14.659,14.159,13.044,12.61,12.61,11.027,9.9042,10.018,8.6507,8.4286,9.487,8.9945,8.1076,8.2467,6.1169
12.461,14.257,15.093,15.376,15.825,15.066,15.093,13.509,14.028,13.854,13.011,13.237,12.341,13.825,13.479,13.932,14.398,15.437,15.332,15.995,16.419,15.995,16.419,15.885,16.028,15.559,14.768,13.237,11.714,9.5736,10.384,11.528,12.154,12.643,12.823,12.98,12.547,12.771,13.135,13.539,14.105,14.323,14.057,15.164,14.257,14.257,14.36,14.018,13.707,13.349,13.707,13.932,13.98,15.164,15.199,16.303,17.259,16.776,15.576,13.932,14.257,15.137,14.63,13.237,12.98,11.61,11.61,10.841,11.668,13.073,12.897,13.539,12.504,12.99,12.341,13.237,11.987,12.771,11.987,11.399,9.6995,8.6413,7.7881,7.0619,7.3426,8.1102,8.3235,7.7881,7.4339,5.616
14.211,16.313,17.076,17.09,17.89,17.516,16.959,16.02,14.856,14.998,13.819,14.211,14.412,14.906,14.132,15.229,16.059,15.934,17.495,16.973,18.16,18.187,18.815,18.855,18.015,16.609,16.609,15.286,12.64,10.3,11.76,12.738,14.421,14.106,14.763,13.936,14.316,14.695,14.308,15.221,15.221,15.196,15.996,15.196,14.703,15.942,15.286,14.998,15.031,15.171,16.313,15.171,15.392,16.759,17.402,17.939,19.026,18.297,17.017,14.989,16.336,17.516,16.367,15.497,14.386,12.991,12.991,12.531,12.738,13.592,13.883,14.55,14.316,15.649,13.819,14.498,14.132,13.49,13.819,11.038,10.809,10.043,8.8396,9.0075,9.213,9.0489,8.5962,9.1859,7.066,6.9592
13.649,16.102,17.209,17.341,17.646,17.186,16.552,16.234,15.311,14.913,14.196,13.921,14.705,15.51,14.922,15.63,15.724,15.826,16.673,17.217,18.102,17.947,18.359,19.192,18.058,17.186,16.649,14.596,12.451,11.35,11.137,12.579,14.064,14.064,14.559,14.196,14.421,14.196,14.705,15.345,15.214,15.51,16.16,15.1,15.073,15.927,15.267,15.055,15.073,15.424,16.06,15.311,16.234,16.324,17.379,17.857,19.066,18.677,17.186,14.696,15.63,16.673,16.576,14.814,13.412,12.925,13.252,13.079,12.717,13.252,14.814,14.705,14.064,15.029,13.921,14.596,13.659,13.018,12.43,11.891,10.608,9.306,8.0426,8.8042,8.4162,8.3364,8.789,8.8948,7.9086,7.032
14.015,16.232,16.567,16.628,17.699,16.777,16.514,16.201,16.108,15.635,14.872,14.515,13.515,15.139,15.897,15.707,16.285,16.408,17.124,16.658,18.615,17.812,18.256,18.365,18.208,17.248,16.718,13.735,12.354,10.611,11.016,12.625,13.871,13.468,14.711,14.148,13.907,14.227,15.122,15.667,15.889,15.514,15.983,15.442,15.081,16.108,15.635,14.847,15.188,15.514,15.889,15.188,15.818,16.285,17.11,17.959,19.25,18.453,17.036,14.847,16.385,17.073,15.897,14.583,14.324,12.505,12.86,12.976,13.762,13.871,15.238,14.121,13.662,15.213,15.213,15.006,14.609,13.653,12.212,10.693,10.312,8.0189,8.204,7.5197,7.4361,8.0656,8.9059,7.4361,7.1618,5.8547
14.19,15.694,17.716,17.394,17.758,17.773,16.589,16.042,14.873,14.349,14.182,14.261,15.297,14.737,14.066,14.949,15.166,15.654,16.724,16.956,18.24,18.601,18.829,18.594,17.843,17.103,17.037,13.932,13.181,11.035,11.698,12.883,14.111,13.859,14.566,13.932,14.173,14.331,14.252,15.033,14.746,15.846,16.724,15.846,14.949,15.726,14.949,14.609,14.949,14.797,15.694,15.477,16.657,17.481,17.43,18.35,19.549,18.397,17.794,14.566,16.229,16.136,17.037,15.566,13.823,13.067,12.406,12.537,12.047,13.038,13.483,14.609,14.609,15.436,13.229,13.539,13.153,12.567,12.376,11.568,10.084,8.751,7.8432,7.6651,7.2267,7.6651,8.5625,7.0864,6.8155,6.3778
13.855,15.943,16.95,17.425,17.367,17.149,16.431,17.097,15.649,15.729,15.144,15.21,14.8,14.353,15.561,14.63,15.657,16.131,16.409,17.788,18.234,17.788,18.863,18.541,17.031,17.532,16.477,13.855,12.771,10.813,11.423,13.149,13.755,13.891,14.604,14.604,14.423,15.235,15.069,15.982,15.325,15.729,16.538,16.293,15.721,15.841,15.912,14.944,15.431,15.537,16.309,15.561,16.831,16.801,16.95,18.206,19.484,18.371,17.589,14.741,15.537,16.719,15.982,15.366,13.225,12.372,11.683,12.392,11.822,13.608,13.627,14.604,13.478,13.525,14.353,13.488,13.338,13.177,11.822,11.122,9.8797,7.2935,7.6298,6.512,5.8631,8.0926,7.6462,7.5803,6.1145,5.6005
13.685,16.369,16.854,17.23,17.74,17.31,16.965,16.331,16.145,15.224,14.805,15.224,14.366,14.957,14.746,15.934,15.855,15.743,17.149,17.164,17.783,18.049,18.489,18.88,17.972,17.288,16.044,13.5,12.654,10.996,11.311,13.49,13.794,14.269,14.643,14.574,13.867,15.174,15.281,16.114,15.663,16.114,15.989,16.169,16.492,15.486,15.703,15.735,15.445,16.269,16.323,15.743,16.666,16.369,17.804,18.408,19.294,18.719,16.846,14.617,15.273,17.076,15.486,14.366,13.274,12.454,11.311,12.24,12.89,12.812,13.274,14.199,13.074,14.181,13.236,13.694,13.5,11.542,11.575,9.6309,9.5391,7.8316,6.537,6.8193,6.537,7.653,7.5871,6.058,6.7452,5.113
13.074,14.64,15.189,15.892,15.892,16.232,15.536,14.147,14.06,14.118,13.383,13.434,13.353,13.063,13.626,14.453,14.715,14.945,15.815,15.368,15.892,16.097,17.012,16.729,16.207,15.676,15.536,12.563,11.46,9.635,10.464,12.332,12.42,12.563,13.095,12.42,12.638,13.063,13.795,14.262,13.716,14.262,14.862,14.528,14.377,14.49,14.272,13.566,14.07,14.147,14.415,14.118,14.214,14.862,16.232,16.408,16.996,16.499,15.234,13.229,13.805,15.189,13.556,12.853,11.412,11.472,10.772,10.58,10.76,11.684,12.03,12.638,11.602,11.916,11.602,12.42,12.332,11.085,10.772,8.9443,7.768,6.3569,6.3138,5.3798,6.3569,6.5473,6.7929,5.4554,5.5546,4.8175
12.64,14.52,16.209,15.686,15.92,16.099,15.511,14.864,14.53,14.264,13.915,13.436,13.354,14.071,13.678,14.454,14.864,14.642,15.299,15.678,16.41,15.954,16.869,16.698,15.799,15.191,15.074,13.324,10.974,9.8602,10.147,11.685,12.553,13.385,12.928,12.64,13.065,13.354,13.567,13.807,14.071,14.642,14.454,14.642,14.454,14.35,13.836,13.807,13.717,13.324,14.071,13.395,14.492,15.047,15.441,16.36,17.442,16.276,15.538,13.324,13.597,14.965,14.855,12.031,12.758,11.281,10.147,10.569,10.773,12.065,11.509,12.121,12.334,12.3,11.603,12.121,12.245,10.569,9.7208,9.1267,7.977,6.6103,6.2928,5.252,5.9124,5.7722,6.379,6.0944,5.252,4.4955
12.994,14.405,15.308,15.343,15.457,15.552,15.404,14.516,13.922,13.629,13.371,13.6,13.28,14.151,12.994,14.094,14.33,14.845,15.732,15.994,16.555,16.219,16.555,17.16,16.359,15.404,14.654,12.744,10.491,9.0632,10.414,12.14,12.953,13.28,12.531,12.315,12.744,12.521,13.28,13.24,13.825,14.405,14.59,14.293,13.902,14.255,13.688,14.142,14.293,13.481,13.998,13.32,14.142,15.105,15.308,15.893,17.246,16.587,15.238,13.629,13.902,14.544,13.95,12.315,11.643,11.363,10.219,10.681,10.491,11.504,11.746,11.916,12.456,12.478,11.124,11.469,11.375,10.323,9.7343,9.8304,8.5762,6.5536,6.4086,6.2388,5.7227,5.8617,6.9124,6.4918,5.1811,4.6341
14.339,16.032,17.95,17.383,18.062,17.64,16.826,16.219,16.249,15.23,14.728,15.556,15.263,15.531,15.255,16.18,16.001,16.372,17.584,18.152,18.365,18.372,18.636,18.77,17.719,17.704,16.833,14.728,12.678,9.9397,11.69,13.814,14.101,14.889,14.444,14.163,14.03,14.736,15.139,15.426,15.031,15.548,16.149,16.944,15.556,15.938,15.031,14.872,16.055,15.328,15.652,15.426,15.914,16.833,16.893,18.228,19.088,18.589,17.092,15.031,15.361,17.143,16.149,14.137,13.483,12.368,11.561,11.903,12.835,12.835,12.194,13.677,14.252,13.483,13.622,13.668,13.483,12.194,10.982,10.787,9.6712,7.838,6.7183,6.194,6.737,6.194,7.6273,7.1171,6.0919,4.6167
14.376,16.78,16.38,17.75,17.063,17.133,16.621,16.143,16.135,15.228,15.009,15.298,15.027,15.307,15.228,16.003,16.176,16.274,17.318,17.04,18.237,18.583,18.619,18.669,18.454,17.28,16.469,14.255,12.978,11.03,11.257,13.529,14.068,13.878,14.669,14.523,14.153,14.021,15.027,15.675,14.956,15.053,16.274,14.982,16.052,15.462,15.053,15.263,15.919,15.228,15.65,15.159,16.011,16.036,17.531,18.222,19.243,18.676,16.176,14.587,15.505,16.274,15.324,14.153,12.885,12.032,11.685,11.866,12.802,13.14,13.724,14.376,13.607,13.753,13.954,13.529,13.049,12.076,10.933,9.5036,8.777,7.6621,6.1849,5.7624,6.9149,6.5194,7.6621,6.2063,6.3752,5.1023
12.562,14.355,15.053,15.29,15.737,15.524,15.008,14.539,14.767,14.026,12.825,13.464,13.143,12.949,13.234,14.177,14.045,14.794,15.035,15.053,16.03,15.947,16.498,16.498,16.204,15.489,14.767,12.949,11.406,9.236,10.531,11.705,12.573,12.413,12.185,12.562,12.605,12.657,12.752,13.902,13.854,13.719,13.854,13.631,13.95,13.552,14.026,13.631,14.177,13.748,13.404,13.631,14.102,14.866,15.053,16.163,17.317,16.08,15.185,13.513,13.234,14.539,14.177,12.272,12.086,11.545,10.644,10.454,11.323,11.92,10.631,11.429,13.163,11.603,11.323,11.37,11.049,11.146,8.7772,8.5151,7.6232,6.3863,6.3023,5.1888,5.8868,6.2171,6.3023,6.2385,5.1631,4.4414
14.645,17.076,17.48,17.852,17.783,17.543,17.386,17.268,16.348,16.01,15.249,14.812,15.311,15.275,15.249,16.239,16.622,16.899,17.204,17.543,19.038,18.133,18.858,17.767,18.156,17.875,16.34,14.977,12.939,11.083,10.996,13.365,14.083,14.122,14.131,13.956,14.362,14.588,15.445,15.231,15.673,15.551,15.204,16.044,15.907,15.725,15.907,15.177,15.907,15.204,15.551,15.725,15.941,17.26,17.386,18.058,19.181,18.858,17.457,15.603,15.249,16.81,15.881,14.228,12.563,11.858,11.518,12.255,12.563,12.992,13.169,13.365,13.578,14.034,13.076,12.949,12.822,12.65,11.266,9.9236,9.1491,7.4885,6.0994,5.3848,6.3197,7.1139,7.0365,6.978,5.8476,5.1512
14.594,17.221,17.718,18.417,17.741,17.695,17.19,16.223,15.636,15.106,14.594,15.106,15.842,15.902,15.32,15.249,15.627,16.282,17.502,17.741,18.142,17.833,19.504,18.961,18.194,17.779,17.221,14.594,13.513,10.988,11.269,13.033,14.678,14.227,15.034,14.303,14.17,14.218,14.825,14.706,15.187,15.187,16.307,15.54,15.025,15.936,15.025,14.17,14.445,15.187,16.472,15.187,16.448,17.087,17.063,18.417,20.521,18.497,17.347,14.816,15.391,16.774,15.329,15.382,12.588,11.706,12.523,11.648,11.752,12.425,12.674,13.311,13.792,14.026,12.674,12.294,11.981,11.787,11.566,9.5766,8.3506,7.3666,6.7917,6.6708,6.5889,7.085,7.8135,7.2365,6.294,4.9141
12.704,14.755,16.003,16.84,15.563,15.209,15.65,14.838,14.495,14.046,13.782,13.412,13.782,13.543,13.042,14.239,14.504,14.644,15.164,16.726,16.604,15.789,16.497,16.497,15.84,15.563,15.449,13.371,12.179,9.6191,10.563,11.827,12.279,12.884,12.444,12.693,12.736,12.1,12.628,13.135,13.361,13.653,14.037,13.653,13.861,13.773,13.693,13.073,13.543,13.533,13.543,13.604,13.92,15.209,15.191,15.694,17.223,16.767,15.414,13.135,13.812,14.046,13.773,13.042,11.237,10.742,10.755,10.498,10.893,10.755,11.896,11.453,12.179,11.441,10.498,11.441,10.394,9.7036,9.5196,9.7036,8.3467,5.948,6.2817,5.2167,6.3464,6.6806,7.0955,6.106,5.902,4.2058
14.681,16.697,18.083,17.912,17.567,17.089,16.856,16.263,16.287,15.418,15.68,14.681,15.134,16.137,15.393,15.729,16.169,17.436,17.378,17.64,18.631,17.934,18.91,18.713,18.583,17.531,17.444,14.444,12.716,11.213,11.972,13.218,14.041,14.087,14.462,14.068,14.005,14.373,14.913,16.05,14.853,15.786,16.489,15.664,14.922,16.263,15.492,14.724,15.451,15.459,16.192,15.36,15.786,16.969,17.855,18.625,19.754,18.795,17.414,14.567,15.688,16.042,16.169,14.041,12.786,11.516,11.213,11.076,12.131,12.545,13.14,12.163,13.72,13.589,13.419,12.666,12.494,11.779,11.394,9.9607,9.1045,6.7757,6.7757,5.7582,6.5848,7.2309,7.6924,5.7582,6.1439,5.7582
14.018,16.786,17.42,17.733,17.782,17.542,17.008,16.173,15.791,15.163,15.212,14.308,15.056,15.552,14.3,15.987,16.622,16.104,16.964,17.485,18.416,18.537,18.483,19.035,18.012,17.506,16.622,15.212,13.136,11.054,11.496,13.296,14.098,14.212,14.559,14.212,14.098,14.516,14.897,15.286,14.989,14.897,15.767,15.245,14.847,15.987,15.601,14.897,14.754,15.245,15.767,15.187,16.05,16.486,17.334,17.733,19.081,18.375,16.956,14.847,15.245,16.978,15.862,13.446,12.283,11.387,11.496,11.496,11.658,12.15,12.603,11.87,13.639,13.446,12.993,12.026,12.484,11.321,10.487,9.5924,8.6203,7.8956,5.8449,6.792,6.5109,6.6623,6.5109,6.6996,5.5156,5.3783
14.072,16.131,17.668,17.745,18.107,17.454,17.26,16.092,15.499,15.329,14.756,14.908,16.392,15.523,14.975,15.033,15.499,16.315,16.753,16.99,18.059,17.668,19.289,18.57,17.668,17.253,17.318,13.938,13.117,10.914,11.878,13.278,14.526,15.066,14.595,13.722,14.204,14.526,14.526,15.025,15.198,15.563,15.944,15.288,15.691,15.296,15,15.198,15.066,15.256,15.329,14.975,16.092,16.909,16.99,18.374,19.769,18.107,17.745,14.991,15.198,15.515,15.881,13.821,12.035,12.035,11.666,11.095,12.362,12.076,12.642,13.639,13.938,12.964,11.329,12.582,11.794,11.095,10.118,8.8549,8.0576,6.667,6.7229,6.0793,5.4052,6.0793,7.067,5.6976,5.849,4.6071
12.446,14.281,14.905,15.444,15.778,15.565,15.048,14.318,14.215,13.706,12.638,12.983,13.198,13.549,13.43,13.755,14.833,14.578,15.744,15.573,16.247,15.838,16.173,16.598,16.081,15.093,14.724,13.259,10.197,9.6292,9.8221,12.085,12.942,12.786,12.973,12.691,13.065,13.198,13.36,13.706,13.784,13.706,13.677,13.706,14.13,14.082,13.706,13.667,14.578,13.549,13.987,13.91,14.532,14.66,15.048,15.778,16.214,16.71,15.374,13.309,12.691,14.439,13.259,12.185,10.197,9.7261,9.7261,9.3324,10.197,10.482,10.883,11.951,11.459,11.199,11.494,10.469,11.575,9.9979,9.5173,7.9019,6.9066,6.037,4.423,4.1736,4.6302,5.4046,5.2792,5.5029,3.9425,3.3147
14.319,16.622,17.242,17.394,17.904,18.064,16.403,16.196,16.403,14.918,15.266,14.867,15.339,15.694,15.134,15.954,16.622,16.326,17.394,16.772,18.202,17.736,18.502,18.119,18.25,16.987,17.119,14.985,12.905,10.309,11.403,13.455,14.319,14.536,14.319,14.232,14.562,14.536,15.184,15.813,16.196,16.403,15.509,16.326,15.884,16.288,15.534,15.574,15.208,15.01,15.702,14.918,15.437,16.622,16.772,18.502,18.723,18.009,17.336,15.035,15.043,15.526,14.536,12.749,12.531,11.544,10.631,11.012,12.381,12.167,12.807,12.541,13.202,13.087,11.706,12.299,11.886,10.513,10.309,8.7329,8.063,6.2655,5.2206,5.0004,5.0004,5.7014,6.5198,5.5907,5.0004,3.1626
14.88,17.62,17.446,17.598,17.897,16.531,16.786,16.016,15.883,15.014,14.555,15.031,15.031,14.583,14.528,15.773,16.189,16.016,17.169,17.718,18.038,18.272,18.682,18.272,17.875,17.8,16.057,14.583,12.459,10.876,11.632,14.297,14.325,14.664,14.445,14.764,14.764,14.082,15.51,15.467,15.476,15.714,15.773,14.987,16.409,14.987,14.871,15.329,15.329,15.883,15.991,15.782,15.51,15.706,16.857,17.62,18.767,18.308,16.531,14.764,14.952,16.189,14.987,12.681,11.757,10.925,10.728,10.839,11.307,12.135,11.448,12.755,11.992,12.069,11.903,12.08,11.389,9.4787,10.427,8.1519,7.5069,6.2297,4.6114,4.6687,4.3748,4.7533,5.1557,4.6687,3.9265,3.6457
14.593,17.046,17.876,18.105,17.286,17.163,16.386,16.628,15.511,14.765,14.298,14.675,15.884,15.032,14.988,15.707,15.33,16.378,17.508,17.163,18.31,18.164,18.404,18.931,18.959,16.96,16.913,14.988,13.146,10.364,11.993,13.495,14.335,15.382,14.774,14.675,14.158,14.158,14.335,14.988,14.953,15.503,16.19,15.382,14.584,15.716,14.953,14.656,15.269,14.774,15.33,15.33,16.451,16.787,17.447,17.898,19.6,18.483,17.561,14.765,15.304,15.682,14.953,13.146,11.39,10.962,10.325,11.035,10.938,10.877,11.261,11.769,12.89,11.769,11.587,11.355,10.729,10.011,9.5909,9.0047,7.6651,5.6951,4.7537,3.6459,4.6118,4.6118,5.3085,5.1561,4.157,3.6093
15.186,16.78,17.37,17.632,17.89,17.668,17.282,16.098,16.162,15.452,15.278,15.551,15.551,15.152,14.743,16.279,16.162,16.279,17.193,17.282,19.083,17.523,19.222,18.847,18.52,17.581,17.23,14.674,13.639,11.533,12.293,13.47,13.962,14.949,14.455,14.915,14.915,15.843,14.915,16.443,15.127,15.328,16.035,15.551,16.256,15.444,15.963,15.186,14.674,15.657,15.843,15.803,15.811,16.72,17.267,18.561,19.479,18.705,17.23,14.639,14.674,15.657,14.674,12.62,12.157,11.511,10.649,10.358,11.151,11.445,11.654,12.929,13.135,12.324,11.025,11.828,11.117,9.2807,9.1004,7.1746,7.0852,5.048,4.654,3.5695,3.5695,4.0698,5.148,5.7556,4.3425,3.8445
14.479,17.256,17.241,17.934,18.316,18.227,17.467,16.77,15.932,15.138,14.507,14.665,15.316,15.701,14.922,16.55,15.813,16.085,17.059,17.622,18.412,18.646,19.006,19.499,17.957,17.506,16.899,15.102,12.714,10.949,11.563,13.55,14.739,14.821,14.913,14.702,14.922,15.165,15.021,15.183,15.484,16.144,16.352,15.932,16.278,15.536,15.632,15.138,15.325,15.606,15.606,15.165,16.043,16.794,17.342,17.828,19.212,18.668,17.467,14.821,14.922,15.457,14.147,12.606,12.079,11.563,10.428,11.421,11.047,11.703,11.749,12.346,12.023,11.887,11.421,12.157,10.004,9.4315,9.272,7.4563,6.3568,6.2492,4.4189,4.4495,3.6824,4.6579,4.9404,4.9404,4.4798,3.7913
14.734,16.666,18.288,17.623,18.308,17.63,17.057,15.988,15.579,15.587,15.076,14.767,15.166,14.538,15.491,15.871,15.957,15.871,16.463,17.63,17.979,18.014,18.618,18.671,18.618,17.673,17.31,14.183,12.946,9.9357,12.051,13.971,14.495,14.801,14.358,14.538,14.358,14.495,14.826,15.611,16.097,16.081,15.362,15.769,15.745,14.968,15.618,15.166,15.191,15.001,14.968,14.876,15.769,17.071,16.463,17.538,19.261,17.855,17.517,14.96,14.96,15.611,14.495,12.476,11.769,10.578,10.602,10.484,10.578,12.009,12.694,11.968,12.346,11.48,12.265,10.891,10.519,9.0997,8.1176,7.9941,7.0873,5.4853,4.5974,4.0203,3.7977,4.9866,4.7043,4.5156,4.0203,2.5427
14.553,16.533,17.001,17.859,17.894,17.585,16.957,16.979,15.214,15.05,15.28,14.51,14.892,15.108,15.418,16.113,16.351,16.465,17.074,17.648,18.032,17.977,18.87,18.651,18.17,17.775,17.154,15.017,12.359,10.291,11.492,13.634,14.51,14.681,15.206,14.841,14.51,14.841,15.239,16.113,16.098,15.981,15.506,15.377,15.377,15.785,15.377,15.091,14.892,15.239,15.272,14.681,15.761,15.785,16.735,17.241,18.691,17.998,16.78,14.553,14.119,15.927,13.707,11.98,11.317,11.083,9.9834,11.027,10.993,11.653,12.278,12.001,12.063,11.643,11.643,11.262,10.718,9.1771,9.109,8.187,6.5084,5.3062,4.5202,3.1962,4.1163,4.7355,4.4925,3.8986,3.1962,2.9106
14.191,16.343,17.211,17.64,17.821,17.663,17.11,16.22,15.744,14.709,13.868,15.05,14.781,15.068,16.179,16.03,16.425,16.22,16.898,16.898,18.526,17.851,18.49,18.677,18.403,17.063,16.667,14.563,12.92,10.642,11.475,13.868,14.191,14.997,14.369,14.618,15.023,13.964,15.349,16.021,15.366,15.513,15.752,15.718,15.418,15.2,15.129,14.988,14.988,14.988,15.129,15.34,15.547,16.179,17.18,17.918,19.185,18.403,16.514,14.294,14.059,15.129,13.644,12.951,11.556,10.754,10.951,10.902,11.614,11.808,11.156,11.796,12.164,10.865,11.785,11.156,10.465,8.6634,8.6634,7.1984,7.3996,4.9029,4.0364,3.6544,4.0364,4.1667,4.0364,4.1667,3.1437,2.3113
14.14,16.376,17.39,17.611,18.06,17.675,17.115,16.006,15.626,14.763,15.506,15.336,14.703,14.007,14.771,14.981,16.138,16.917,16.768,18.115,18.997,18.032,19.004,18.06,18.06,16.805,16.153,14.429,13.084,10.439,11.671,13.151,14.316,14.771,14.914,14.325,14.575,14.558,14.763,15.888,15.943,15.506,15.618,15.888,15.295,15.57,15.006,15.401,15.522,14.981,15.441,15.205,14.914,16.029,16.983,17.526,19.102,18.826,16.805,15.073,13.755,14.998,13.645,11.852,12.368,10.815,10.499,10.629,11.509,12.347,12.256,13.312,11.542,10.769,10.605,10.011,10.258,9.5118,7.8092,8.5135,7.0701,5.5219,4.3006,2.9151,3.9994,3.2011,4.5271,4.0306,3.6051,2.9151
14.976,16.635,17.52,17.746,17.725,17.548,17.669,16.132,16.317,14.859,14.389,14.757,14.8,15.395,15.034,15.874,15.803,16.545,17.079,17.261,18.375,18.328,18.812,18.598,18.239,16.977,16.37,14.859,13.118,10.589,11.175,13.64,14.002,14.527,14.8,14.833,14.311,14.415,14.63,15.564,14.992,15.548,16.56,14.909,14.57,16.271,14.415,15.026,14.493,15.524,16.393,15.395,15.199,16.278,17.21,18.191,19.134,18.551,17.21,14.57,13.993,14.833,14.57,12.159,11.396,10.683,10.542,11.396,11.656,11.23,11.407,12.015,11.656,11.879,10.683,10.399,10.303,9.8439,8.7277,7.3787,6.3213,4.9219,4.2698,3.9031,3.6382,3.3524,3.998,4.0291,2.827,2.4987
14.229,16.838,17.833,16.694,17.569,17.137,17.075,16.436,16.066,15.316,15.351,14.71,14.792,14.628,15.974,16.057,16.501,17.059,17.377,17.192,18.101,17.592,17.569,18.365,18.042,17.129,16.032,14.37,12.626,11.104,10.959,13.575,14.304,13.925,14.37,14.201,14.637,15.219,16.24,15.822,16.24,15.593,15.211,15.653,15.429,15.974,15.558,15.351,15.429,14.379,15.653,15.105,15.034,16.157,16.75,18.094,18.503,18.167,16.782,15.034,14.05,14.6,13.185,10.971,10.343,9.5362,10.2,10.042,11.188,11.668,11.805,12.594,11.343,11.104,11.39,12.293,10.187,9.9883,9.3235,7.6883,6.9,4.7681,3.657,3.2709,3.9387,3.4693,4.2647,4.0393,3.7651,3.4693
13.176,15.068,16.055,16.699,16.187,15.2,15.305,14.48,14.191,13.207,13.075,12.764,13.654,13.79,13.044,13.916,13.916,14.709,15.487,16.03,15.744,16.343,16.417,17.047,15.921,15.513,14.907,12.764,11.932,9.0258,10.401,12.065,13.176,13.176,12.712,13.247,12.5,12.785,13.044,13.683,13.964,13.992,14.257,13.992,13.075,14.106,13.176,12.837,12.931,13.156,13.526,13.477,14.059,14.332,14.709,16.22,16.739,16.096,15.05,13.156,12.796,13.075,12.164,10.988,10.349,9.1434,9.5297,9.6134,10.035,10.902,10.541,10.193,10.654,10.465,9.6134,9.9412,9.2451,8.5236,7.6307,7.525,5.7782,5.0901,3.6545,3.1009,3.3092,3.1437,4.0365,3.6545,3.1009,2.1309
14.588,17.275,18.398,18.124,17.627,17.598,17.347,15.712,16.019,15.044,14.716,14.571,14.877,14.161,15.308,15.664,15.704,15.672,17.505,17.275,18.452,18.574,19.119,19.04,17.817,17.275,16.572,15.019,12.549,10.519,11.713,13.473,14.545,14.519,14.51,14.51,14.311,14.724,14.775,15.902,14.716,15.964,16.58,15.218,16.113,14.927,14.614,14.545,15.414,15.823,15.519,15.275,15.543,15.925,17.078,17.704,19.014,18.213,17.405,14.51,13.445,13.839,13.295,11.67,10.778,10.778,10.303,10.057,11.41,11.552,12.05,12.174,11.244,10.448,10.614,10.708,9.0619,9.2262,9.0203,7.0761,7.0229,5.3189,4.1261,4.034,3.5381,4.5309,4.6131,4.034,3.0436,3.1645
14.812,16.806,17.693,17.931,18.6,18.06,17.311,16.512,15.852,15.624,14.638,14.291,14.743,16.038,15.525,16.014,16.182,16.237,17.011,17.333,17.924,18.765,18.6,18.949,18.572,17.273,16.332,15.079,13.274,10.925,11.676,13.693,14.354,14.603,14.603,14.743,14.786,15.257,16.332,15.747,15.755,15.925,15.458,15.291,14.523,16.11,15.885,14.21,15.291,15.079,15.425,15.333,15.4,16.798,16.859,17.693,18.51,17.945,16.859,15.062,13.926,14.743,12.689,12.214,11.204,11.123,10.663,10.553,11.84,12.098,11.84,10.972,11.442,12.679,11.135,10.456,10.003,9.6228,8.6218,6.8982,5.4623,5.4623,3.9611,3.6922,3.2474,3.6922,3.9611,4.1822,3.085,2.0911
13.271,14.919,15.168,16.187,16.229,15.784,15.062,14.452,13.511,13.601,12.521,13.21,13.281,13.472,13.482,13.601,13.999,14.674,15.035,15.405,16.062,15.793,16.71,16.532,16.071,15.344,15.388,12.818,11.815,9.3409,10.285,11.962,12.818,13.19,12.995,12.543,13.118,12.954,13.118,13.999,13.63,13.999,14.591,13.271,13.601,13.442,13.108,12.521,13.21,12.954,13.951,13.321,14.095,14.331,14.945,15.733,16.877,15.793,15.248,12.478,12.618,12.457,11.316,10.979,9.5118,8.6856,8.5768,9.5259,9.735,10.007,10.893,10.819,10.492,9.8991,9.6797,9.735,8.3548,8.6856,7.9091,5.9077,5.6046,3.7721,3.7364,2.7903,3.277,3.0213,3.4758,3.1088,2.7903,1.6385
14.868,16.142,17.466,17.736,18.009,17.806,17.566,15.574,15.534,14.868,14.082,14.152,14.707,14.868,14.851,15.134,15.702,16.196,16.645,17.587,17.445,18.03,18.563,19.041,17.104,17.009,16.103,14.232,12.749,10.921,11.674,13.24,14.579,14.579,14.223,14.707,14.432,14.766,15.339,15.51,15.654,16.288,15.307,15.702,14.579,15.043,15.233,14.766,15.209,14.502,15.134,14.302,15.526,15.884,16.449,17.243,18.83,18.037,16.869,15.209,14.117,13.903,13.154,12.095,10.441,9.8626,10.513,10.631,10.549,11.013,11.047,10.702,10.513,11.512,11.182,10.441,10.063,8.5449,7.4338,7.6166,5.3857,4.1235,2.9158,4.0316,2.2363,3.1626,2.9158,3.0003,3.0417,2.0002
14.017,16.234,16.817,17.251,18.038,17.857,16.817,16.456,15.899,15.701,14.586,14.508,14.23,14.992,14.508,15.637,16.517,16.149,17.229,17.01,17.962,17.624,18.183,17.913,18.259,17.01,16.817,14.439,12.427,11.074,11.006,13.208,14.088,14.124,14.238,13.873,14.326,15.314,16.009,16.11,15.899,15.452,15.216,15.533,15.541,15.444,15.82,14.714,14.517,15.125,14.714,14.875,15.541,16.079,16.63,17.51,18.128,17.366,16.562,15.042,12.823,13.837,12.755,11.517,10.265,9.558,9.6232,10.742,10.926,11.934,11.604,10.41,11.517,11.722,10.742,10.314,9.3995,8.2509,7.8307,6.0862,5.4114,4.0334,3.9074,2.5014,3.6421,2.5014,3.5376,3.2034,2.6941,1.582
14.43,16.509,17.934,17.744,17.596,17.624,17.596,15.701,15.533,15.216,14.124,13.954,14.714,15.541,14.404,15.444,16.149,16.653,17.367,17.51,18.121,18.45,18.073,18.612,17.596,17.474,16.134,14.646,12.911,10.613,11.419,13.517,14.309,14.439,13.873,14.875,14.43,14.23,15.412,15.541,15.923,16.079,16.411,15.533,15.637,16.288,15.009,15.009,14.925,15.216,14.992,14.925,15.412,16.04,16.288,17.076,18.32,17.878,16.388,14.439,13.609,13.936,13.16,11.679,10.018,9.3059,9.8291,9.1977,10.601,10.972,9.8545,11.074,10.518,10.601,10.314,10.006,9.2248,8.0046,7.4373,6.5229,5.7041,5.1019,2.8301,2.6941,2.551,2.5014,2.0627,2.6941,2.1225,1.582
14.782,17.019,17.775,18.358,17.775,17.376,17.027,15.59,15.55,14.883,14.525,15.323,15.224,14.858,14.439,15.718,16.026,16.587,17.52,17.634,18.622,17.775,18.467,18.995,17.888,16.819,17.049,13.908,13.053,10.748,11.643,13.598,14.62,15.059,14.883,14.551,14.413,14.334,14.413,15.71,15.249,16.174,16.827,15.199,15.638,14.654,15.133,14.334,15.282,14.883,15.249,14.132,15.42,15.971,17.122,17.239,18.816,17.634,16.12,14.052,13.469,14.132,13.101,10.978,10.061,8.8559,10.024,8.8559,10.024,10.271,10.061,10.978,11.024,9.9107,9.3514,9.4447,8.742,8.1486,7.5252,6.0276,5.5965,3.9096,2.5524,2.2386,2.2386,2.0639,2.6956,2.5028,2.0639,1.8048
13.079,15.108,16.073,15.546,16.073,15.964,15.241,14.154,13.681,13.11,12.317,13.283,12.996,13.473,13.483,14.295,14.077,14.001,15.17,15.546,16.089,15.786,16.264,16.975,15.862,15.17,14.92,12.872,11.186,9.1679,10.22,11.93,12.986,12.986,13.212,12.872,12.965,13.191,13.483,14.295,13.513,14.73,14.547,13.798,14.454,13.513,13.212,12.799,13.323,13.212,13.602,13.691,13.769,14.144,15.09,15.546,16.139,15.786,14.407,12.799,11.817,12.285,10.931,9.7774,8.1935,8.3557,8.0446,7.1991,8.1935,9.0648,8.6866,9.6808,8.9154,8.8702,8.3718,8.1935,7.773,6.24,6.5956,4.6925,3.7368,2.1366,1.8684,2.1366,1.6387,2.1366,1.8684,2.3175,1.8684,1.1587
14.948,16.649,17.86,18.624,17.678,17.573,16.649,15.97,15.097,15.081,14.881,14.5,14.543,15.472,15.204,15.496,15.908,16.087,17.763,17.142,18.267,17.985,17.992,18.982,18.157,17.516,16.582,14.466,12.471,9.8762,11.21,13.207,14.466,14.603,14.73,14.831,14.5,15.006,15.228,15.97,15.496,16.156,16.363,15.994,15.171,15.939,15.196,14.948,14.397,15.081,15.663,14.881,15.97,16.945,16.461,17.316,18.995,17.229,16.363,14.082,13.403,13.57,12.34,11.309,9.53,8.1203,8.6111,8.7259,9.4645,10.271,9.8004,10.039,9.6854,10.38,9.4118,8.8392,8.3618,7.8078,6.7848,4.9882,3.7989,3.194,1.5774,1.4965,2.5435,2.0567,2.9086,2.4941,2.0567,0.99765
15.353,16.986,17.845,17.83,17.967,17.845,17.366,16.841,16.106,15.634,15.058,14.775,14.617,15.651,14.24,15.79,16.986,16.703,17.374,17.413,17.952,17.499,18.088,18.526,18.11,17.746,16.93,14.192,12.28,10.395,11.262,13.694,14.756,15.049,15.695,14.949,14.839,14.921,15.73,16.638,16.249,16.498,16.841,15.695,15.512,16.249,15.485,15.512,14.848,15.485,15.73,15.13,15.353,15.773,16.703,17.366,18.445,17.723,15.961,13.774,13.813,13.373,11.584,10.434,9.2889,9.2448,8.4124,9.5916,9.62,9.7045,10.13,10.356,9.9263,10.022,7.9807,8.8692,8.6044,7.0961,6.8621,4.6664,4.3022,2.8095,1.8811,1.6498,2.0869,2.6086,2.1511,2.3332,1.1666,1.1666
15.027,17.225,17.661,18.156,17.426,17.907,17.254,15.875,15.961,15.493,14.521,14.546,14.692,15.518,14.969,15.493,16.14,16.991,17.717,17.203,18.483,18.183,18.563,18.183,17.597,16.991,16.21,14.304,12.647,10.502,11.662,12.988,14.287,14.994,14.199,14.623,14.852,14.495,15.193,15.985,15.93,16.055,16.309,16.263,14.793,15.796,14.564,15.225,14.994,15.225,15.193,14.409,15.646,16.537,16.431,16.545,18.156,17.675,16.271,14.129,13.026,13.524,11.619,10.053,8.5359,8.2687,8.7382,9.332,9.4251,10.188,9.8522,9.2108,9.8522,9.953,9.8902,8.9915,7.8029,7.0644,6.0975,5.0202,4.7125,2.9127,2.1193,1.4129,1.5796,2.1193,2.0596,2.0596,2.69,1.117
14.555,17.096,17.321,18.337,18.021,17.607,16.682,16.318,16.002,15.614,14.503,14.529,15.127,14.994,15.002,16.002,16.118,16.44,17.436,17.234,17.916,17.671,18.547,18.432,17.993,17.059,16.993,14.529,12.772,10.543,11.668,13.28,14.207,14.137,14.835,14.391,14.529,15.036,15.226,15.686,15.226,15.686,16.614,15.884,15.908,14.994,14.843,14.503,14.86,15.622,14.911,15.069,15.397,15.694,16.395,17.001,17.895,17.457,16.064,14.083,13.033,13.033,12.078,10.4,9.6139,9.0103,8.8565,9.6139,9.1206,10.973,10.108,9.9208,10.009,8.8988,9.3371,8.8988,7.5137,6.4006,6.5739,4.608,4.1215,2.2352,1.4994,1.4994,2.8273,1.4994,2.0607,2.499,1.5805,1.8021
15.242,16.596,18.359,18.19,17.5,17.913,17.624,16.315,15.542,14.97,14.728,14.267,14.614,15.233,15.641,15.714,16.189,16.773,17.031,17.675,18.442,18.162,18.917,19.099,18.691,17.293,15.828,14.623,13.026,10.095,11.697,13.782,14.348,15.233,15.038,15.115,14.797,14.832,15.115,16.727,15.409,15.714,16.933,16.102,15.608,15.608,15.409,14.693,15.208,14.402,15.608,14.961,15.714,15.714,17.315,17.675,18.801,17.646,15.909,14.086,13.376,13.328,11.86,10.433,8.9779,8.4324,8.8628,9.9541,10.259,10.246,10.433,9.465,9.4243,9.613,9.3422,8.628,7.8817,7.1112,6.1845,5.1669,4.7797,2.0266,1.8268,2.1495,2.089,2.5834,2.0266,1.8268,1.1329,1.433
14.147,16.717,18.124,18.117,18.069,17.47,17.499,15.817,15.658,15.343,14.332,14.922,15.122,15.302,15.122,15.896,15.959,17.363,16.806,16.694,17.909,18.013,17.684,18.179,18.567,16.566,16.076,14.305,12.303,10.981,11.284,12.752,14.235,13.951,13.606,14.041,14.218,14.54,15.578,15.634,15.951,16.513,15.626,16.037,15.817,15.441,15.817,15.212,15.408,14.711,15.08,14.608,15.039,16.331,16.13,17.072,17.93,17.762,16.013,14.147,13.158,13.29,11.677,11.184,9.182,8.5616,9.3038,8.5177,9.903,10.551,10.128,11.184,10.066,8.9474,8.6053,8.5616,7.6348,7.4356,5.5921,4.7186,3.6413,2.8294,1.4147,1.1184,2.0623,2.2369,2.9165,1.5817,1.8034,1.0004
15.228,16.584,17.525,17.439,18.708,17.243,16.943,16.371,15.834,15.029,14.735,13.813,14.529,15.261,15.465,15.81,15.286,17.141,17.053,17.053,18.143,17.703,17.83,18.363,17.949,16.371,15.81,13.813,12.518,10.274,11.252,12.766,14.162,14.887,14.529,14.52,14.02,14.52,15.054,16.424,15.722,15.714,16.787,15.675,14.887,16.054,14.555,14.828,14.786,15.063,15.714,14.347,15.228,15.643,16.554,17.525,18.37,17.417,16.03,13.482,12.873,13.105,11.56,9.4074,9.4074,8.2881,9.137,9.6182,10.064,10.622,11.061,9.9134,10.527,9.4473,9.8373,8.7588,6.5284,7.5106,6.0293,4.6163,4.0368,2.5035,1.1196,1.1196,1.0014,1.8053,1.8053,1.8053,1.1196,1.5834
14.826,16.732,17.693,18.852,18.765,18.196,16.94,16.299,15.973,14.935,15.135,15.226,14.935,14.553,15.712,15.528,16.122,16.468,17.241,16.784,18.381,17.486,18.624,18.53,17.756,16.642,16.307,14.231,11.9,9.912,11.687,12.764,13.141,14.248,14.027,14.16,14.318,14.732,15.019,15.648,15.831,16.299,16.528,15.316,15.544,14.724,15.226,14.621,15.552,14.885,15.027,14.553,15.648,16.422,16.551,17.35,18.271,17.486,16.028,13.674,12.556,13.016,11.35,10.063,8.5254,8.5694,7.788,9.0252,9.2311,9.512,9.9372,10.211,10.417,8.1497,10.013,8.0101,7.4424,7.08,6.4112,4.9306,4.1283,1.805,1.805,1.1194,1.5019,2.124,2.0641,2.5031,1.1194,1.1194
14.429,16.839,18.069,19.181,18.242,17.775,17.046,16.484,15.471,14.798,13.861,14.739,15.043,15.608,15.043,15.926,15.847,16.809,16.749,17.569,17.732,17.604,18.864,18.711,17.374,16.801,15.56,13.484,11.699,9.9473,11.262,12.648,14.041,14.245,14.254,14.041,14.671,14.245,15.043,15.982,15.664,15.438,16.53,15.242,14.9,16.044,14.9,14.254,14.798,15.266,15.543,14.611,15.109,15.608,16.545,17.396,18.379,17.046,15.989,13.678,12.618,13.344,12.111,10.795,9.4156,8.752,8.8802,8.7664,9.1449,9.9473,10.035,10.331,9.5348,9.7304,9.2406,8.2953,7.1752,6.4177,5.6029,4.7277,3.1695,2.2412,1.1206,1.5847,1.5847,2.5057,2.0663,1.5847,1.1206,0.50114
14.844,16.661,17.693,17.632,17.994,17.263,17.114,16.128,15.586,15.766,14.524,14.337,14.234,15.672,14.952,16.203,16.821,16.277,17.114,17.387,18.261,18.106,18.783,18.106,17.602,16.531,15.689,13.685,12.146,10.011,10.898,12.612,12.959,13.607,14.262,14.375,13.958,15.068,14.925,16.269,16.078,16.269,16.002,15.901,15.464,16.145,14.735,14.744,14.671,14.961,14.607,14.262,15.113,14.844,16.564,17.051,18.261,17.106,15.766,13.488,12.876,13.458,10.686,10.367,9.9034,8.9184,7.9295,8.3585,9.1855,9.9711,10.065,9.6422,8.9485,8.4385,7.8956,8.8579,7.9295,6.3275,5.7256,5.1316,3.6286,2.5919,1.5551,0.73309,2.1373,1.869,2.1993,2.0735,1.1591,0.51837
14.519,17.125,17.87,18.086,18.706,17.758,17.488,16.308,15.832,15.227,14.028,14.24,14.861,14.725,15.095,15.136,15.809,16.4,17.609,17.023,17.891,17.293,19.065,18.693,18.059,16.643,16.162,14.161,12.192,10.321,11.351,13.256,14.249,14.232,14.554,14.028,14.161,14.725,15.317,16.247,16.029,15.464,16.029,15.464,15.153,15.326,15.529,14.936,15.095,14.623,15.317,15.136,15.317,15.423,16.643,16.993,17.87,16.941,15.593,13.62,12.636,12.366,11.06,9.4067,8.2875,8.073,8.6428,9.2046,8.6428,9.191,9.0259,8.7438,8.7581,8.1503,7.4429,6.333,6.4117,5.53,4.3069,2.239,2.0643,1.1195,0.50067,0.70805,2.239,1.5832,2.5033,1.5832,1.5832,1.5832
14.549,16.821,17.972,18.441,18.267,18.267,17.36,17.429,15.958,15.543,15.063,14.055,14.623,15.714,15.063,16.042,16.05,16.224,16.948,17.12,17.995,18.091,18.325,18.441,17.793,17.198,16.025,14.356,11.782,10.398,11.437,13.172,14.29,14.393,14.903,14.549,14.476,14.696,15.5,16.149,16.141,16.091,16.477,16.662,15.543,16.174,14.876,15.257,14.549,14.804,14.795,15.196,15.125,15.815,16.42,17.33,17.567,17.12,15.773,13.443,12.443,11.793,11.057,9.3,7.75,7.75,7.0274,8.2828,9.199,9.3143,9.4988,8.331,7.75,8.5211,7.3432,7.2518,5.8909,5.0886,4.2605,3.6534,2.0667,1.1553,0.51667,1.8629,1.4614,2.6345,2.3106,2.192,1.4614,1.55
14.196,16.816,17.441,18.036,17.857,17.857,17.186,16.88,16.193,16.234,15.002,15.424,14.922,15.073,14.993,15.214,15.783,16.035,16.904,17.124,17.555,17.79,18.359,18.932,17.947,17.578,15.96,14.3,12.07,10.658,11.052,13.242,13.531,14.374,14.922,14.787,14.485,14.641,15.647,16.496,15.859,16.035,15.969,15.647,16.673,15.276,15.698,14.787,15.029,14.787,15.553,15.073,15.783,15.073,16.487,17.092,17.684,17.053,15.372,13.531,11.902,12.256,11.1,9.533,8.0924,7.6334,7.8237,8.0758,8.2882,9.205,9.029,9.205,9.1613,7.6334,7.4563,6.7409,6.6209,5.1958,3.7282,2.7841,2.1317,0.517,0.73115,1.034,2.3121,1.8641,2.585,2.3121,2.1317,1.551
14.919,16.981,18.402,17.955,17.468,18.121,17.589,16.646,15.703,15.535,14.81,15.011,15.044,14.58,14.503,15.535,15.948,16.073,16.989,17.532,17.695,17.503,18.402,18.745,17.244,17.003,16.034,14.708,12.301,10.55,11.546,13.127,14.215,14.58,14.425,14.434,14.58,14.919,15.267,16.381,15.814,15.791,16.804,15.136,16.128,15.663,15.446,15.044,15.044,15.21,15.663,15.011,15.631,15.703,16.692,17.496,17.927,16.981,15.575,13.344,12.301,12.542,11.182,9.1805,7.6172,7.2815,7.3838,8.7338,8.5016,8.7338,9.3959,8.946,8.2781,7.8277,6.7281,6.6721,6.5012,4.7443,4.1239,3.5362,2.0004,1.1182,1.5814,1.8031,2.916,2.5005,2.2365,2.55,1.5814,1.5814
14.192,17.111,17.181,17.912,17.336,17.822,17.181,16.418,16.047,15.626,14.619,14.295,14.041,15.095,15.069,15.719,16.229,16.612,17.941,17.064,17.912,18.119,17.558,17.641,17.489,16.835,16.547,14.637,12.165,10.655,11.181,13.248,13.791,14.692,14.481,14.258,14.509,14.692,15.643,16.772,15.922,16.18,15.855,15.745,14.989,16.155,15.095,15.548,15.024,15.548,15.201,15.069,15.069,15.024,16.571,17.274,17.55,17.181,15.095,13.408,11.932,12.447,10.655,9.0412,7.4002,7.4541,6.7389,7.7527,8.3339,8.8016,8.847,8.0734,7.4002,7.3094,6.719,5.893,5.7786,4.4461,4.167,2.5842,1.6344,0.73094,1.8635,1.8635,2.7833,3.1011,3.0137,2.6354,2.3114,1.1557
14.573,16.582,17.795,17.5,18.343,18.285,17.69,17.346,16.198,16.436,15.281,15.06,14.791,15.515,15.376,15.965,16.057,16.782,17.446,17.377,18.285,17.69,18.285,18.219,17.69,16.71,16.066,15.007,12.062,10.861,11.354,13.536,13.916,13.693,14.201,13.925,14.49,14.628,15.831,16.032,16.09,16.032,15.932,15.729,15.219,15.376,15.524,15.429,14.628,14.573,15.078,14.719,14.637,15.219,16.493,17.261,17.833,17.121,16.165,13.446,11.702,11.793,10.959,8.8977,7.6882,7.4047,7.8942,8.9277,8.4822,8.8525,8.4822,7.4047,7.4587,8.807,7.4587,6.397,5.594,4.1373,4.1695,3.1458,2.1323,0.51717,1.1564,1.5515,2.785,2.785,3.1458,1.6354,1.6354,1.4628
14.299,16.776,17.495,18.083,18.525,18.214,17.771,16.499,16.589,15.503,14.821,14.971,14.888,14.55,14.403,15.663,16.589,16.294,16.887,17.186,18.302,17.834,18.411,18.525,17.658,16.731,16.461,13.767,12.625,10.24,11.64,13.391,13.982,14.575,14.203,14.291,14.369,14.55,15.203,16.125,15.86,15.946,16.294,16.125,15.543,15.178,15.479,14.838,14.98,14.838,15.005,14.186,15.67,15.781,16.001,17.295,17.813,17.524,15.591,13.902,11.998,12.019,11.521,8.9967,7.6176,7.1453,8.0624,8.0624,8.0624,8.7155,8.3058,8.5423,8.8853,7.5023,7.634,6.3125,5.398,4.9905,3.5288,3.1563,1.9962,0,2.1173,2.2318,3.3477,3.3477,2.4952,2.9943,1.7993,1.5781
13.17,15.358,16.179,16.335,16.047,16.22,15.41,15.06,13.957,13.589,12.611,12.914,13.638,12.955,12.955,13.331,14.184,14.184,14.909,15.254,15.54,15.505,16.674,17.054,16.047,15.087,14.909,12.419,10.982,9.3124,10.536,11.688,12.664,13.17,12.483,13.24,13.24,13.17,13.068,14.352,14.408,14.62,14.184,14.287,13.24,13.638,12.706,13.783,13.331,12.955,13.149,12.955,13.638,14.287,14.184,15.201,16.088,15.122,14.583,12.44,10.848,11.551,9.0361,8.4089,7.0259,7.0259,7.0259,7.6269,7.5212,7.1762,7.5212,7.1762,7.396,5.7753,6.2202,5.4911,4.2596,3.4652,2.7817,2.7817,1.6335,1.1551,1.1551,1.5497,2.5828,2.6339,2.6339,2.5828,2.5828,1.8625
14.819,16.536,17.474,18.001,17.708,18.317,17.588,16.596,16.626,15.509,14.513,14.556,14.819,15.275,14.785,15.38,15.677,16.894,16.953,17.588,18.654,17.862,18.098,18.794,17.778,17.004,16.301,14.401,12.571,10.615,11.22,12.952,14.015,13.881,14.785,14.743,14.684,15.413,15.315,16.536,15.788,16.078,15.638,15.413,15.011,15.283,15.509,14.895,14.616,15.242,15.38,14.986,15.315,15.421,15.788,16.776,17.482,16.783,15.421,13.627,11.867,11.656,11.385,9.1789,7.8941,8.2644,7.6373,8.0505,8.5315,8.7336,7.8148,8.7193,8.3095,8.0039,7.2694,5.6925,5.1403,5.0176,3.8994,2.5458,2.0585,1.1164,1.8001,2.8243,3.1576,4.0252,3.1969,2.4963,2.4963,1.5788
14.996,16.635,17.749,18.216,18.216,17.234,18.36,17.014,15.674,15.706,14.101,14.443,14.718,15.046,14.33,15.904,14.879,16.392,16.992,17.35,18.353,18.043,18.353,17.939,17.749,17.117,16.339,14.65,12.093,10.556,11.433,13.249,14.172,14.154,14.59,13.958,14.434,14.65,15.634,15.521,15.927,16.021,16.115,15.146,14.929,15.634,15.046,14.512,15.046,14.59,14.879,14.786,15.22,15.537,15.825,16.635,17.479,16.392,15.521,13.221,12.114,12.052,10.745,9.2002,8.0846,7.165,7.6387,8.0224,8.4925,9.5213,8.8534,8.5219,6.7325,7.655,6.8065,6.6765,4.721,4.0346,3.6086,2.6949,1.0009,1.5825,1.8043,2.918,3.165,3.357,3.044,1.8043,2.5021,1.4154
14.47,16.666,18.077,18,18.448,18.112,17.404,17.113,15.575,15.248,13.939,14.754,15.248,14.548,14.907,15.273,16.199,15.55,17.266,17.605,17.512,17.916,18.658,18.658,17.032,17.512,16.02,14.643,12.782,10.287,11.433,13.472,14.118,14.435,14.617,14.26,14.189,14.957,15.157,14.957,15.854,15.248,15.735,15.566,14.26,15.041,15.174,14.251,15.116,13.831,15.174,14.643,14.754,15.743,15.174,16.323,17.164,16.598,16.145,14.154,11.575,11.694,10.027,8.5819,7.4533,7.1784,7.4025,9.0384,7.8475,7.7832,8.0842,7.5371,8.1616,7.0369,6.7265,5.5377,5.7164,3.1709,3.65,2.6999,1.1211,0.70903,2.5068,2.0672,3.5452,3.3632,3.2103,2.5565,2.0672,2.5565
14.786,17.024,17.589,17.76,17.489,17.703,17.745,16.584,16.645,15.425,14.598,14.871,14.598,14.443,14.321,15.096,15.968,15.53,17.353,17.589,17.928,18.137,19.172,18.554,16.675,16.795,16.577,14.598,12.028,10.563,11.429,13.219,13.667,14.521,14.029,14.18,14.029,14.938,15.595,15.286,15.913,16.348,15.715,16.179,15.643,15.651,15.286,14.581,15.253,14.347,14.242,14.555,14.529,15.643,16.093,17.054,17.554,17.091,15.675,13.621,11.56,11.689,10.126,8.759,7.0812,7.1165,8.0271,7.917,8.5709,8.5122,8.7446,9.0268,7.6595,6.5285,6.112,5.5982,4.129,3.3589,3.0457,2.1244,1.0014,1.8054,1.4162,2.8325,3.5406,4.0369,2.9197,3.5406,3.6107,2.5036
14.575,16.923,17.391,18.182,18.38,18.175,17.877,17.135,16.708,15.51,15.09,14.418,14.585,14.437,14.39,14.822,16.079,15.945,17.088,17.36,17.514,17.719,18.755,18.123,17.81,16.724,15.835,14.278,11.949,10.274,10.98,13.196,13.782,14.502,14.39,14.127,13.984,14.575,14.713,16.079,15.389,16.054,16.12,15.01,15.978,15.046,15.223,14.831,14.822,14.502,15.232,14.316,15.019,15.372,16.054,16.978,17.704,17.353,16.12,13.586,11.304,11.803,9.1571,8.3459,8.1838,7.3198,6.9635,8.2814,8.4257,8.8142,7.7638,8.4257,7.1906,7.2092,7.04,5.2017,4.6295,3.6599,3.018,1.464,1.1574,1.0352,1.1574,3.6599,3.1055,3.9418,4.0425,3.1484,3.2735,2.0704
14.535,16.698,17.405,17.212,18.306,18.13,16.858,16.569,16.48,15.568,14.935,14.736,14.908,14.59,14.645,15.807,16.076,16.455,16.73,17.521,17.604,17.711,18.306,18.011,17.405,16.25,15.096,14.321,11.636,9.9462,11.438,13.231,13.432,13.816,14.935,14.218,14.386,14.908,15.773,16.447,15.576,16.25,16.126,15.748,15.773,15.228,15.096,14.645,14.663,14.581,15.369,14.085,14.908,14.59,16.714,17.405,17.405,16.961,15.377,14.085,11.177,11.954,9.1604,7.8354,7.3225,7.4135,7.2118,8.3489,9.1751,8.8022,8.4288,8.8022,8.0381,6.4878,6.2133,6.2349,4.6887,4.044,2.7883,1.6374,0,0.51778,1.6374,2.5889,3.4734,3.9433,3.6613,2.6402,3.3154,2.6402
14.182,17.026,16.81,17.784,18.079,17.664,18.002,16.855,16.668,15.051,14.849,14.747,15.076,15.25,14.575,16.022,15.935,16.967,17.048,17.442,17.72,17.974,18.252,17.728,17.231,16.698,15.568,14.27,12.414,9.9906,11.346,13.276,13.323,14.048,14.575,14.2,14.075,14.253,15.076,16.271,15.673,15.856,15.935,15.159,14.747,15.745,14.959,14.55,14.2,14.679,15.042,14.262,14.807,15.084,15.927,17.406,17.406,17.231,15.737,13.686,11.042,11.268,10.14,7.8323,7.5212,7.2315,7.1791,8.524,9.2456,8.2998,8.7568,7.8323,7.0198,7.1264,6.5184,6.1205,5.0391,4.6228,2.5567,1.5856,1.1212,1.5856,2.0674,2.7002,3.2106,3.5455,4.0425,3.1712,3.1712,2.5071
14.288,17.068,17.068,17.593,18.103,17.786,17.098,17.061,16.093,15.08,15.122,14.612,14.164,14.021,14.499,15.42,15.975,16.187,16.535,17.157,17.355,17.998,17.942,17.85,17.333,16.709,15.615,14.075,12.687,10.166,11.07,13.674,14.155,14.499,14.394,13.803,14.638,14.394,15.313,15.122,15.346,15.975,15.639,15.591,15.42,15.088,14.792,14.996,14.586,13.803,14.945,14.655,14.226,15.379,15.784,16.366,17.586,17.098,15.872,13.674,11.572,11.948,9.1728,7.8519,8.2902,6.744,7.6728,8.1828,7.6728,8.6042,9.0619,7.6893,7.54,6.1152,6.4372,6.1152,4.3241,3.5544,2.248,2.0725,0.50266,0.71087,2.248,2.5133,2.931,3.372,2.931,2.5133,2.0107,2.5631
14.696,16.467,17.534,17.426,18.135,18.079,17.805,16.688,16.166,15.094,14.558,14.567,14.662,15.268,15.359,15.763,16.135,16.072,17.685,17.171,17.635,17.274,17.827,17.996,16.875,16.559,16.344,14.279,11.112,10.239,11.644,13.885,13.812,14.619,14.065,14.199,14.208,14.489,15.326,15.243,15.268,16.513,15.715,15.044,15.595,15.683,14.636,15.177,15.102,14.146,14.454,14.454,14.208,15.954,15.755,16.352,17.157,17.171,15.635,13.367,11.557,11.281,9.2157,8.1721,7.2401,6.8281,6.9922,7.6629,8.1102,8.7816,8.3098,8.1102,7.8577,7.0995,6.8281,6.1278,4.7625,3.175,2.9272,1.5875,0.50201,1.81,1.4199,3.0121,3.3676,2.9272,3.0536,2.8398,3.5498,3.2144
14.684,17.183,17.662,17.597,18.128,17.337,17.161,16.781,16.097,15.158,14.292,14.158,14.787,14.889,14.889,15.779,15.125,16.415,17.337,17.102,17.833,17.489,18.548,18.128,17.124,16.713,15.61,14.221,12.569,10.365,11.072,13.538,14.221,14.238,14.3,13.97,14.511,14.847,14.949,15.529,15.594,15.779,16.065,15.316,14.078,15.291,14.589,14.221,14.087,14.292,15.217,14.684,14.3,15.39,16.214,16.713,17.453,17.013,15.643,13.538,11.298,11.242,9.566,7.1458,7.1103,6.7642,7.5584,8.2461,8.6061,8.2461,7.8052,7.4743,6.9848,6.7079,6.219,4.2957,4.0535,3.5552,2.5139,1.5899,0.71103,1.5899,2.8441,3.1798,3.6603,3.2193,3.1798,2.7075,2.2485,2.7075
14.6,16.718,17.607,17.693,17.636,18.752,16.846,16.521,15.954,15.763,14.84,13.928,14.496,14.669,14.009,15.723,15.578,15.3,16.421,16.695,17.75,17.543,18.206,18.199,17.34,17.062,15.771,13.718,12.556,10.642,11.231,13.097,14.072,14.365,13.791,14.215,14.382,14.669,15.699,15.642,16.08,16.337,15.076,16.017,15.505,14.983,15.184,14.703,14.933,14.574,14.669,14.285,15.275,15.578,15.723,16.838,17.983,17.143,15.954,14.063,10.819,10.305,9.1652,8.2375,6.5485,7.1028,7.6829,8.641,8.6701,8.553,7.5337,6.757,7.6004,8.176,5.7265,5.0225,4.0492,2.5112,2.561,1.0045,1.5882,0.71028,3.0551,3.6218,3.1765,3.1765,4.3205,3.5514,3.3692,2.561
14.163,16.975,17.566,18.663,18.616,18.178,18.011,16.699,16.433,15.291,14.056,14.652,14.609,15.233,13.554,15.258,15.495,16.676,16.864,16.433,17.523,17.815,17.906,18.784,17.299,17.064,16.616,14.127,12.144,10.232,11.274,13.508,15.058,14.26,14.083,14.207,14.583,14.348,14.857,15.258,16.209,16.209,15.584,15.681,14.814,14.823,15.233,14.47,15.125,14.26,14.278,14.163,14.626,15.84,15.753,16.744,17.393,16.975,15.576,13.508,11.105,11.048,10.046,8.228,6.541,6.4245,7.788,7.6412,8.5725,8.2738,8.0892,8.1047,7.1828,7.788,5.7199,5.0417,4.2568,4.0446,2.8379,0.50167,1.1218,1.8088,3.3653,4.0134,4.2568,3.6522,3.6176,4.0134,3.6522,3.0515
15.053,16.679,17.525,17.817,18.312,17.754,17.561,16.679,16.056,15.675,14.689,14.473,14.757,14.368,14.918,15.587,15.359,15.755,16.565,16.926,17.676,17.323,17.965,18.174,17.74,16.747,16.158,14.893,12.052,10.584,11.442,13.584,14.817,14.585,14.129,14.201,14.28,14.628,15.285,15.392,16.158,16.344,16.009,16.336,15.747,15.715,15.489,15.036,14.129,14.35,14.585,14.551,14.585,15.675,15.843,16.709,17.089,17.126,15.707,13.778,11.375,10.344,9.6904,7.6589,6.9705,6.2063,6.542,7.184,7.9334,7.6753,8.0905,7.4591,7.2363,5.6097,5.7208,5.1169,3.2128,2.5584,1.5053,1.1219,2.0688,3.1733,3.9188,4.6259,4.287,4.0452,4.014,3.6182,4.4878,3.9188
12.963,14.684,15.599,15.745,15.974,15.59,15.417,15.117,14.528,13.571,13.087,13.004,12.88,12.973,12.531,13.22,13.482,13.962,14.639,15.321,16.232,15.745,16.108,16.108,15.804,15.1,14.105,12.488,10.827,9.1736,10.827,11.419,12.712,13.004,12.754,12.828,12.541,12.828,13.25,13.836,13.962,14.965,14.238,13.962,14.238,12.963,13.128,13.281,12.973,12.466,12.963,12.88,13.128,13.689,14.038,15.037,15.864,14.93,13.611,11.652,9.4622,10.292,7.5498,5.9121,5.1069,6.047,5.9121,6.4971,6.9567,6.9567,6.047,5.9121,5.6087,4.6954,4.6378,3.7749,2.5926,2.1379,1.037,1.1595,2.0741,2.3189,3.3202,4.2759,4.1805,4.3998,4.1805,4.1805,3.949,3.4784
14.631,16.462,17.529,18.136,17.969,17.572,17.757,17.572,15.973,15.131,14.203,15.097,14.828,14.588,14.088,15.59,15.354,15.75,16.682,17.743,17.8,17.507,17.786,18.677,16.682,16.339,15.846,13.917,11.844,10.1,11.586,13.173,14.283,14.449,13.944,14.614,14.371,14.631,15.097,15.263,15.582,16.705,15.758,15.678,15.097,15.565,15.492,14.972,15.172,14.588,14.212,14.631,14.76,15.718,15.501,16.553,17.479,16.591,15.501,13.559,10.551,9.898,8.7788,6.8259,6.2075,5.4283,6.6955,7.1326,7.0259,7.0972,7.0438,7.2378,6.8259,5.4283,4.046,5.0185,2.5093,1.4194,1.1222,1.587,1.5056,2.5093,4.1384,4.9681,5.6109,5.2395,5.4283,5.0185,4.3171,3.5486
14.287,16.444,17.097,17.791,18.273,17.404,17.332,16.39,16.596,15.301,14.636,14.357,14.488,15.325,15.06,15.635,16.072,15.691,16.777,17.251,17.273,17.534,17.748,17.534,17.046,17.097,15.691,14.454,12.469,10.482,10.964,13.517,13.848,14.278,14.592,14.454,14.832,14.925,15.497,16.83,15.715,15.399,15.946,15.243,15.301,15.268,15.366,14.199,14.48,14.618,15.946,14.287,14.925,14.832,15.755,16.83,17.171,16.634,15.497,13.637,9.8882,10.152,8.0944,6.6027,5.1684,5.5447,6.0448,6.6027,7.8414,7.0279,6.8279,6.6975,6.0656,5.4299,5.4299,4.1396,2.9271,1.81,0.70993,1.4199,2.51,2.7033,4.6282,5.02,6.0448,5.1684,5.7236,4.518,5.02,4.0472
14.882,17.047,17.632,17.696,17.942,17.886,17.237,16.781,16.118,15.709,15.057,14.721,14.55,14.882,14.789,15.677,16.141,15.907,16.525,17.135,17.432,17.583,18.137,18.192,17.774,16.825,15.907,14.175,12.27,10.27,11.717,13.214,14.095,14.024,14.932,14.856,14.446,15.419,15.589,16.638,16.025,16.342,16.706,15.828,16.525,15.091,15.223,14.55,14.315,14.721,15.247,14.999,14.823,15.016,15.589,16.728,17.604,16.464,15.321,13.214,9.8337,10.27,8.6403,6.4098,5.596,6.0271,6.3312,7.3901,7.2877,7.1664,7.2877,6.9535,6.5833,4.6146,4.9296,3.6439,3.0446,1.4157,1.1192,1.5828,2.2384,3.0446,4.4768,4.7219,5.7068,6.0271,5.5284,4.7484,4.3057,5.0052
12.473,15.055,15.232,15.546,16.255,15.887,15.52,14.621,14.427,14.146,12.739,13.761,12.527,13.316,13.072,13.945,14.39,14.325,15.232,15.338,15.1,15.845,15.854,16.064,15.537,15.232,13.446,12.823,11.311,9.5218,10.371,12.278,12.644,12.958,13.204,13.113,12.823,13.476,13.936,14.502,14.287,15.055,14.649,13.993,13.945,13.673,13.761,13.204,13.446,12.644,12.958,12.823,13.466,13.555,13.466,13.993,15.451,14.621,13.595,11.639,8.3028,8.573,6.6326,5.7905,5.8596,5.2817,5.3323,6.0621,7.4154,6.0621,6.7528,6.215,5.1792,3.7705,3.7347,3.7705,2.5896,1.8674,1.1581,1.4649,2.5896,3.1504,4.4553,5.4072,4.4251,4.775,5.205,4.775,4.886,4.1756
14.797,16.604,17.794,18.384,17.43,17.716,17.125,17.257,16.191,15.542,14.182,14.349,14.566,15.108,15.215,15.297,15.662,16.043,17.103,17.365,17.567,17.394,18.547,18.425,17.103,16.679,15.542,13.977,12.406,10.463,11.687,13.613,14.243,14.839,14.12,14.737,14.737,15.166,15.654,15.534,15.98,16.159,16.26,16.483,15.041,15.59,15.066,14.737,15.074,14.566,14.358,14.746,14.566,15.066,15.59,16.543,17.394,17.015,15.371,13.181,9.8829,9.0334,7.9228,6.5333,4.9605,6.1981,6.9793,7.2959,7.8432,7.2959,6.9793,6.3383,5.6023,4.6198,4.0399,3.9136,3.0065,1.5033,1.1205,1.4173,2.555,4.0399,4.0399,5.159,6.1165,6.096,6.0339,5.6023,6.0546,4.5375
12.992,14.879,16.131,16.106,15.895,16.122,15.587,15.121,13.933,13.481,12.559,13.239,12.57,13.511,12.078,13.709,13.709,14.183,14.951,15.561,15.621,15.621,16.03,15.997,15.895,14.577,14.428,12.772,10.905,9.0835,10.398,12.111,13.013,13.147,12.856,12.992,12.856,12.992,13.218,14.059,13.709,14.059,14.437,13.748,13.856,13.106,13.147,12.898,12.506,12.484,12.559,12.677,13.35,13.013,13.856,13.827,15.068,14.549,13.709,11.113,8.3083,7.9263,6.7704,5.8056,5.8056,5.1142,5.9206,6.5064,6.423,6.7505,5.5927,5.8056,4.8988,4.7022,3.1586,2.5963,1.8723,1.1611,0,1.4687,2.5963,3.2841,4.7874,4.6734,5.1927,5.5927,5.2186,5.1405,4.4366,4.0556
14.605,16.702,17.757,17.325,18.039,17.585,17.347,16.588,15.777,15.281,15.115,14.149,14.674,15.107,15.115,15.729,15.968,16.588,16.358,17.068,17.614,17.778,17.585,17.441,17.267,16.89,15.769,14.388,12.1,9.8713,11.772,13.15,13.96,14.648,14.3,14.388,14.388,14.631,15.608,15.865,16.023,15.608,15.697,15.777,15.281,15.697,14.579,14.605,14.388,13.482,14.388,13.897,14.37,15.073,15.632,16.078,17.112,16.702,15.413,13.714,9.3459,9.0995,7.8644,7.1938,5.7287,5.5496,7.2463,7.6858,7.2463,7.9442,6.8339,5.4114,5.4347,5.6174,5.1239,3.6578,2.0716,2.5619,1.4211,1.8116,3.5528,3.5528,4.7665,5.6174,6.071,5.6174,6.0501,5.5496,5.4347,5.5496
14.644,16.583,18.005,18.468,17.544,17.815,17.144,16.018,15.603,15.375,13.792,14.908,15.11,13.992,14.566,15.603,16.353,16.104,16.727,16.696,17.493,17.608,18.482,18.11,17.283,16.839,15.595,14.566,12.076,9.596,11.465,13.571,14.073,14.772,14.295,14.153,14.18,14.18,15.301,15.883,15.077,15.732,16.453,15.367,15.473,14.984,15.077,13.992,13.819,14.383,14.984,13.26,15.143,15.276,16.104,16.399,17.544,16.696,14.984,13.524,8.985,9.5565,7.6669,7.1915,6.4323,6.5489,6.8317,7.1915,7.4669,7.5509,6.7574,6.7012,5.4329,5.0478,4.3207,3.5159,2.2462,1.1231,1.1231,1.4207,3.2161,4.5205,4.6308,5.6156,6.6064,6.0482,7.5509,6.1311,6.069,4.7385
14.061,16.378,17.271,18.053,17.985,17.236,17.632,15.701,15.678,14.904,14.017,14.33,14.501,14.929,14.67,14.904,15.896,15.989,16.415,16.505,17.407,17.236,17.937,17.909,16.889,16.287,15.416,13.831,12.413,10.236,11.591,13.146,13.561,13.991,14.131,13.991,14.476,14.459,14.904,15.52,15.512,15.4,15.591,15.191,15.591,14.813,14.904,14.114,13.849,13.831,14.738,14.044,14.044,14.433,15.591,16.081,16.505,15.958,15.101,12.91,9.486,9.0606,6.9157,6.2805,5.7904,5.4617,7.0569,6.7534,8.1435,7.7081,7.1091,6.6244,6.4738,4.99,4.4962,4.0031,3.3308,1.9861,1.4044,1.5701,2.5318,4.2131,4.99,5.6175,6.2805,6.4548,6.0608,5.4842,4.9153,4.7104
14.427,16.925,17.63,18.154,17.844,17.68,16.925,16.562,16.001,15.338,14.662,13.99,14.321,15.73,14.97,15.543,16.001,16.088,16.888,17.037,17.801,17.68,17.586,17.794,17.586,15.73,15.18,13.51,11.883,9.6849,11.054,13.302,13.632,13.548,14.418,14.523,13.743,14.312,15.138,16.393,15.608,16.025,16.183,15.105,14.679,15.313,15.105,14.179,13.89,14.134,14.523,14.044,14.877,14.679,15.338,16.088,16.76,16.646,14.679,13.13,9.0769,9.0068,7.0669,6.1459,6.3688,5.6293,6.9948,7.485,7.881,6.7551,7.669,6.5454,5.6293,5.6964,4.5034,3.3776,2.5673,1.1259,1.8154,2.076,2.8482,4.1519,5.2566,6.0629,6.0629,6.5648,6.8483,5.6293,5.4461,4.7766
14.895,16.436,17.892,18.219,17.545,17.712,16.383,15.911,15.439,14.92,14.053,13.481,14.887,15.019,14.322,15.15,15.068,15.327,16.637,16.644,17.14,17.262,17.361,18.468,17.226,15.887,15.856,13.725,11.93,10.182,11.574,12.874,13.93,14.887,14.123,14.009,14.123,14.662,14.662,15.117,15.117,15.856,15.98,15.856,14.895,15.825,13.93,14.036,14.399,14.391,13.974,13.725,14.603,15.287,14.961,16.141,17.712,16.681,15.582,12.902,9.2306,8.877,7.4601,6.6762,4.5751,6.0574,6.9118,7.1051,6.9473,6.6762,6.9473,7.0529,6.1381,4.7077,4.4661,3.8757,1.7892,1.1096,0.70179,2.4812,2.6723,4.0921,5.658,5.4811,5.9961,6.0574,5.9755,5.9755,5.8083,4.9624
14.579,16.467,17.774,17.774,17.774,17.602,17.122,16.212,14.614,15.082,14.614,14.717,14.845,14.308,14.085,16.367,15.592,15.705,16.711,17.298,18.348,17.509,18.662,18.133,17.624,16.313,16.437,14.396,11.779,9.7611,11.563,13.109,14.396,14.639,14.085,13.804,14.501,14.509,15.09,15.897,15.778,16.189,16.063,15.778,15.215,14.922,15.123,14.614,14.657,14.022,14.085,13.722,14.579,15.115,14.947,16.59,16.802,16.228,15.421,13.414,9.1046,8.2452,7.8688,5.8627,5.1268,6.3986,6.6122,7.1095,8.1061,7.1095,7.056,5.7319,6.0326,4.6348,4.2952,3.6252,2.0728,0.71095,0.71095,2.0728,3.3723,5.0272,6.0326,6.1365,6.8377,6.2183,7.145,5.5527,6.1365,5.5527
14.799,16.227,17.846,18.016,18.121,17.524,16.877,16.482,16.078,15.361,13.917,14.67,14.73,14.627,14.169,15.303,15.278,16.227,16.726,16.914,17.96,17.611,18.142,18.556,17.96,16.451,16.612,13.669,11.96,10.263,11.172,13.121,13.734,13.98,13.817,13.917,14.67,14.303,15.17,15.402,16.172,16.428,15.129,15.719,14.867,15.278,14.858,14.652,14.241,13.322,13.99,14.169,14.627,15.631,14.627,15.888,17.328,16.482,15.606,13.817,9.2369,8.5686,6.7507,5.8894,5.4426,6.0589,6.7694,7.0623,6.8438,7.6143,6.8438,5.1804,5.737,4.9556,4.3284,2.5158,1.5912,1.1251,0.50317,2.2502,3.6631,4.2695,5.5577,6.5605,5.8894,6.5605,7.1514,6.3646,6.7131,5.2532
14.2,16.291,18.31,18.178,18.031,17.784,16.721,17.11,15.601,15.132,13.729,13.912,13.912,14.587,14.665,15.298,15.273,15.356,16.969,17.205,17.72,17.605,17.862,18.289,17.663,16.721,15.795,13.59,12.372,9.5703,11.492,13.318,13.912,14.307,13.976,14.648,13.985,14.227,14.955,16.104,16.041,15.626,16.5,15.986,15.224,15.795,15.124,13.535,14.665,14.386,14.165,14.012,14.622,14.802,15.207,16.477,17.11,15.978,15.124,13.497,8.2958,7.8088,7.4777,6.5584,5.7351,5.7351,7.2019,7.2019,7.3239,7.4268,6.3626,6.0778,4.7719,4.1479,3.1813,2.515,1.509,1.509,1.1248,2.2495,3.521,5.0301,5.8875,6.5391,7.8733,7.6119,7.4777,7.6945,6.0778,6.057
14.616,16.623,17.855,17.989,17.777,17.425,17.598,16.37,14.659,14.239,14.114,14.932,14.59,13.979,13.724,14.89,15.619,15.979,17.095,17.073,17.989,17.184,18.488,18.549,17.213,16.804,15.9,13.806,12.489,10.255,11.92,13.613,14.503,14.477,14.31,14.23,14.159,14.848,15.126,15.74,15.126,15.78,16.857,15.292,16.035,15.118,14.581,14.087,14.221,14.659,14.685,13.724,14.23,15,15.201,16.285,17.425,16.47,15.9,12.927,9.0644,7.6088,6.7645,6.0336,5.028,5.0531,6.5557,7.199,6.5557,7.0392,6.5557,6.2193,4.4972,3.6604,2.514,3.0584,1.1243,0.71107,2.0731,2.5638,3.927,5.6215,6.6133,6.7645,8.1074,7.542,7.6749,7.199,7.1462,6.2193
15.071,16.599,17.687,18.577,17.942,17.566,17.313,15.508,15.104,15.104,14.148,14.378,14.979,14.569,14.174,14.826,15.104,15.597,16.84,16.781,18.638,17.573,18.186,18.276,17.174,16.878,15.328,14.094,12.401,10.092,11.46,13.141,14.664,14.491,14.386,14.139,14.903,14.775,15.063,15.573,15.637,16.075,16.87,15.854,15.766,15.063,14.569,14.219,14.638,14.826,15.104,13.987,14.903,15.854,15.369,15.766,17.313,16.168,15.361,13.054,8.311,7.5979,6.7549,5.0459,5.4309,4.945,6.6987,6.9752,6.6987,6.9752,6.3509,6.5271,5.0209,4.1403,2.5601,1.5877,0.71006,1.8103,2.7038,3.2149,4.048,5.6805,7.1888,8.311,8.1115,7.6804,8.5502,7.1006,7.664,6.0459
14.271,16.876,16.635,17.099,17.94,17.34,16.688,16.042,17.069,15.876,15.294,14.376,13.657,14.901,14.774,15.876,16.756,16.711,16.26,17.571,17.333,17.975,17.6,17.398,17.333,16.839,15.069,14.057,11.459,10.59,11.056,13.339,13.206,13.849,14.137,14.481,14.637,14.977,16.136,17.099,16.136,16.073,15.595,16.345,16.514,15.294,15.955,14.765,14.594,14.977,14.765,13.785,14.594,14.594,15.636,16.19,16.876,16.19,15.069,13.471,8.1725,7.3097,5.7241,4.2894,4.0475,5.0454,6.0453,6.0453,5.7241,7.188,5.8762,5.6129,4.7627,4.0475,3.2146,1.5876,0.50203,1.1226,2.7035,3.8234,5.2414,5.7241,7.0464,7.6632,7.9379,8.2798,8.234,7.6797,7.4633,7.0998
14.356,16.602,16.953,16.953,18.237,17.714,16.953,16.587,15.724,15.213,14.607,15.163,15.238,15.064,14.59,15.434,16.157,16.685,17.042,17.363,17.6,18.099,18.099,18.436,18.099,16.953,14.896,14.46,12.045,9.8434,11.436,13.18,14.241,14.25,14.356,15.072,14.329,14.607,15.604,16.064,16.04,16.157,15.985,16.04,16.064,15.946,15.604,14.735,15.072,14.896,15.724,14.25,13.857,15.03,15.271,16.04,16.685,16.412,15.072,13.265,7.6312,6.6844,4.9598,4.6191,4.4812,5.1583,5.5339,6.033,6.0122,6.7405,5.5339,5.8428,4.1315,2.5051,2.9214,1.8064,0.50101,1.5843,2.0041,4.3099,5.5339,7.0854,7.5319,8.6198,7.9217,8.7498,9.8815,8.576,8.1559,6.5898
14.55,16.434,16.7,17.124,17.416,17.322,16.977,17.161,16.18,15.577,14.057,14.128,13.84,15.553,14.917,15.937,16.031,16.828,17.3,17.502,17.929,17.985,17.502,17.161,17.674,16.063,15.456,14.376,11.55,10.331,11.55,13.777,14.137,14.27,15.051,15.085,14.967,15.085,16.381,15.754,16.156,15.842,15.317,15.349,15.259,16.381,16.25,14.917,14.558,14.967,15.259,15.051,13.994,14.472,15.093,16.008,16.086,16.156,14.824,12.948,7.6747,6.7498,5.238,4.6255,5.0421,5.7204,6.2058,6.3857,6.599,6.425,5.5188,4.6255,4.1372,3.8209,2.5582,1.1219,0.50171,1.8089,2.5086,4.0449,5.4036,6.5222,7.6583,8.0898,8.8762,9.6506,8.5732,7.9327,7.5424,7.2358
13.496,14.972,15.606,15.692,16.116,15.554,15.266,14.873,14.356,12.976,12.468,12.162,12.841,13.008,13.213,14.024,14.754,13.85,15.58,15.433,16.024,16.099,15.812,15.266,15.58,14.681,13.233,12.725,10.838,8.9603,10.224,12.106,12.468,12.851,13.07,12.893,12.457,12.893,13.585,14.422,14.12,14.177,14.394,13.476,13.395,13.976,13.008,13.233,12.841,13.704,13.535,12.162,12.725,12.767,13.792,13.704,14.617,14.024,13.018,11.664,7.06,6.0754,4.4348,3.2828,4.054,5.2165,5.1906,5.2934,6.2503,4.7855,5.5177,5.2934,4.054,2.5953,2.1401,0.51906,1.1606,1.5572,1.6414,3.1573,4.8968,5.9182,6.5038,7.4318,7.3406,7.7859,8.207,7.7164,7.5576,6.4204
14.816,16.626,17.395,17.147,17.301,17.675,17.243,15.675,15.586,14.968,13.777,13.914,14.825,14.446,14.55,15.086,15.755,16.181,16.859,16.829,17.866,17.089,18.125,18.571,16.859,17.162,15.715,13.877,12.3,9.9339,11.219,13.132,13.95,14.757,14.825,14.628,14.368,14.446,15.035,16.678,16.008,16.435,16.978,15.755,15.06,16.196,15.497,14.446,14.757,14.138,14.968,13.556,14.585,14.55,15.06,16.001,16.926,16.212,15.358,13.045,7.4588,7.789,6.0417,5.7207,4.6258,6.0625,6.694,6.5418,6.9884,6.9703,6.0625,5.8727,4.7334,2.5584,2.0687,0.70956,0.70956,2.2438,3.6181,3.8211,5.4271,7.526,8.1677,8.5883,9.2107,8.7625,9.6511,9.2516,8.5737,7.4588
15.392,16.181,18.244,18.188,17.818,17.754,17.067,16.064,15.26,14.757,14.192,14.757,15.587,13.842,14.165,15.285,15.867,16.181,16.55,16.978,18.312,17.796,18.572,17.867,17.302,17.782,16.001,14.368,12.301,9.5202,11.927,13.285,13.95,14.757,13.977,13.941,14.13,14.629,14.969,15.587,15.843,16.77,16.181,16.158,15.26,15.094,15.498,14.611,14.629,13.995,13.778,13.778,14.473,14.766,14.757,15.236,17.454,16.382,15.351,13.501,7.593,6.3468,5.3338,4.287,4.9417,6.0628,6.3468,7.1841,6.9706,6.5996,6.042,4.7601,3.6182,2.0688,2.8384,1.5867,0.70959,1.4192,3.3659,4.7336,5.6098,6.4256,8.0906,8.7628,9.211,8.168,9.0456,9.2247,8.6617,7.8537
14.659,16.493,17.562,18.052,18.219,17.103,16.37,15.619,15.66,15.092,14.239,14.796,14.23,13.678,13.613,15.66,16.09,16.034,17.162,17.125,17.662,17.791,18.108,17.512,17.454,16.864,15.78,14.616,11.994,9.5664,11.608,12.57,13.834,14.31,13.806,14.398,13.97,14.788,15.292,15.424,15.78,15.979,15.595,15.78,15.66,15.489,15.383,14.659,15.126,14.195,14.168,13.416,14.38,15.117,15.325,15.217,16.47,16.191,15.217,13.538,7.8055,6.4389,5.0531,4.2664,5.2494,5.1275,5.8636,6.8388,6.8388,6.5557,5.6214,4.6356,3.6604,2.7076,2.2486,2.2486,0.5028,1.4221,3.0168,5.028,6.5557,7.8217,8.1074,9.3526,9.393,9.5399,9.3526,8.0605,8.3228,8.0605
14.42,16.769,17.588,17.385,18.163,17.803,16.762,16.255,15.545,14.81,14.189,13.559,14.108,14.18,13.991,15.022,15.224,16.122,17.039,17.305,18.246,17.15,18.191,18.378,17.128,16.927,16.122,13.559,12.012,10.812,11.756,13.549,14.027,14.045,14.402,14.135,13.928,14.612,15.683,15.683,15.683,15.61,16.027,16.114,14.878,15.545,15.34,14.878,14.498,13.991,14.533,14.252,14.42,15.224,14.912,15.764,16.89,16.648,15.512,13.102,6.7559,6.8491,5.0355,3.9329,4.1524,5.1844,6.0845,6.3095,6.7182,6.4486,5.5619,4.0598,3.6659,3.2243,2.0142,0.71213,0.71213,2.0142,3.1848,4.7771,6.0636,7.6201,8.2589,8.923,10.196,9.3666,9.5808,9.9189,9.244,7.4349
14.941,16.872,17.468,17.155,17.637,17.56,16.688,16.086,15.203,14.708,13.995,13.373,14.135,14.326,14.54,15.162,14.817,15.994,16.806,17.348,17.616,17.553,17.748,17.376,17.068,16.155,15.595,13.565,11.637,9.5535,11.326,12.999,13.638,14.437,14.021,14.48,13.986,14.231,14.941,15.847,15.682,15.994,15.428,16.155,14.941,16.048,15.105,15.3,14.9,13.942,14.065,13.986,13.915,14.463,14.908,16.269,16.599,16.42,14.666,13.41,7.1629,6.2231,5.065,5.1853,5.3722,5.065,6.3215,6.971,6.7553,6.0421,5.792,4.579,3.3317,2.5325,1.1106,1.1106,1.9866,2.2211,2.896,4.7117,6.6634,6.6634,8.6738,9.5405,9.4496,9.9332,9.6434,9.5921,8.9537,7.3834
14.28,17.485,17.29,17.75,18.109,17.92,17.406,16.56,16.167,15.725,14.209,14.377,14.066,14.138,14.825,15.244,15.757,16.206,17.136,17.536,17.828,17.75,17.764,17.6,16.988,16.839,15.269,14.271,11.47,10.447,11.645,13.178,13.985,13.396,14.271,14.093,13.886,14.594,15.302,16.097,15.685,16.097,16.346,15.636,16.042,15.269,15.401,14.385,14.62,14.209,14.774,13.958,14.138,14.218,15.636,15.876,16.988,16.073,14.91,12.8,6.7357,6.8286,5.0205,4.7363,4.9446,5.8763,5.8763,7.4127,6.6982,6.4294,6.0246,5.1689,3.0538,2.84,2.07,0.50205,1.8102,2.07,3.3679,4.2895,6.5459,7.1001,8.1728,9.748,9.4327,9.2301,9.5916,8.5496,8.3104,7.5307
15.041,17.422,17.167,18.004,18.435,17.702,17.281,15.828,15.735,14.902,13.879,13.87,14.4,13.949,14.425,14.569,15.555,15.555,16.377,17.167,17.345,17.528,17.84,17.57,17.196,16.615,15.3,13.384,12.235,10.414,11.436,12.86,13.701,13.905,13.701,13.949,14.028,14.374,15.428,15.555,15.555,16.226,16.407,15.515,15.364,15.412,14.894,14.168,14.297,14.185,14.844,13.475,14.288,14.501,15.098,14.935,17.331,15.547,15.066,12.697,5.9649,6.646,4.0848,3.8689,5.0517,5.3581,6.1273,6.2069,6.5155,6.4587,5.5383,6.0466,3.4675,2.2153,1.4011,0.70055,0.49536,3.1719,3.9629,4.2613,6.4397,7.3641,8.4792,9.2142,9.3988,9.307,9.9072,8.9302,8.4357,7.4962
15.631,17.284,17.872,18.13,17.559,17.53,16.409,16.162,15.871,14.829,13.981,14.829,14.381,14.133,14.354,14.769,15.759,15.687,17.167,17.182,18.186,17.573,17.393,18.241,17.559,17.284,15.631,14.266,11.674,9.7448,11.641,13.02,13.781,14.062,14.266,13.881,14.266,14.632,15.056,16.131,15.759,15.631,16.463,15.591,16.386,15.566,15.289,14.632,14.632,14.589,14.133,14.204,14.692,14.761,14.769,15.751,16.871,16.34,14.973,12.796,6.5438,6.7521,5.6112,4.3174,4.6271,5.3351,6.208,6.9724,7.545,7.461,5.1182,4.489,4.5447,2.1293,2.5591,1.1222,1.1222,2.0693,3.9198,4.5447,7.2383,7.545,8.6347,8.8934,9.4295,8.978,10.05,8.9358,8.765,7.5282
14.584,16.887,17.554,16.954,17.896,17.619,16.409,16.153,15.701,15.211,14.401,14,14.943,15.194,14.505,15.523,16.532,16.432,16.638,17.006,17.769,17.33,18.211,17.826,17.482,16.729,15.612,14.993,12.239,10.052,11.603,13.269,14,14.304,14.401,14.153,14.189,14.392,15.261,15.773,15.869,16.184,15.153,15.996,15.773,15.261,15.773,14.79,14.993,14.081,14.374,14.018,14.401,15.061,15.119,16.432,17.308,16.363,14.943,13.048,6.2166,5.4363,4.6336,3.6589,5.0258,5.5512,6.3968,7.0541,6.7616,6.5529,5.4363,4.7679,3.3714,2.5129,2.5129,1.5893,1.1238,2.5627,3.3714,5.413,6.5529,7.8022,8.7772,9.4427,9.8742,10.756,10.052,9.7584,8.3192,8.5291
15.076,17.172,17.442,18.237,18.062,17.915,16.724,16.754,15.604,14.59,14.122,13.686,14.406,14.856,14.693,15.126,15.717,16.13,16.379,16.67,18.23,17.289,18.139,17.978,17.666,16.325,15.604,13.546,12.001,10.125,11.702,13.167,13.686,13.686,14.667,14.176,14.014,14.667,15.135,16.075,16.201,15.433,16.426,15.757,15.093,16.224,15.009,14.309,14.511,14.796,15.076,13.842,14.667,14.176,15.433,16.255,17.348,16.107,15.359,12.587,6.1204,5.4185,4.7727,3.6278,4.5278,5.3479,6.5595,6.7684,6.6171,6.141,5.2524,4.056,3.1818,2.2499,1.5093,1.5093,1.423,2.5155,3.9293,5.0309,6.4033,7.1148,9.0696,9.9097,9.5455,10.696,10.112,9.2355,9.4923,7.9546
14.596,17.335,17.343,18.524,17.752,17.809,16.691,17.574,16.262,14.767,14.767,13.055,14.068,15.196,15.071,15.296,14.929,15.508,17.175,16.577,17.255,17.487,17.922,17.408,16.691,16.878,15.329,13.594,11.559,10.092,11.383,13.705,13.473,13.714,14.492,14.387,14.175,14.622,15.508,15.957,16.169,16.099,16.347,16.691,16.075,16.293,15.766,15.271,14.139,15.063,14.492,14.175,14.835,14.869,15.329,15.957,17.072,16.417,15.138,12.87,6.7364,6.1084,4.3193,3.8239,5.1205,6.0461,6.5274,6.0461,7.5982,6.7551,5.1205,4.6292,3.5504,2.1302,1.4202,1.1227,2.1302,2.9277,3.5147,6.0461,7.5982,8.3567,8.7689,9.903,10.167,10.167,10.167,10.592,8.7832,7.5982
14.391,17.482,17.416,17.445,18.217,18.217,16.706,16.408,16.223,15.06,14.188,13.827,13.277,14.712,13.964,15.604,15.342,16.223,16.462,16.706,17.582,18.043,17.704,17.654,17.072,16.462,15.119,14.374,11.657,10.051,11.338,13.353,13.864,13.606,14.081,13.9,13.973,14.652,15.7,16.152,16.027,16.706,15.636,16.082,15.309,16.184,15.892,15.085,14.505,14.781,14.609,14.574,14.574,14.574,15.612,15.995,16.207,16.184,15.194,13.268,6.1139,5.73,4.0518,3.2179,4.523,6.0516,5.4127,6.5526,6.5526,6.3965,5.5509,5.3423,2.5128,2.5128,1.4215,0.71073,2.5128,2.9304,4.495,6.2163,7.6547,8.4244,8.8912,10.101,11.394,10.361,10.361,10.458,9.5618,8.2426
15.925,17.394,18.439,17.886,17.531,18.384,16.597,16.322,15.727,14.669,14.566,14.04,14.454,15.215,14.04,15.24,15.24,15.988,16.528,17.037,17.907,17.928,18.425,17.709,17.624,16.837,15.542,13.343,11.449,9.6257,11.449,13.371,14.191,13.539,14.635,14.111,14.173,14.566,15.033,15.558,15.917,16.657,16.191,16.414,15.33,16.414,14.899,15.215,15.988,14.669,14.191,14.066,14.182,15.371,15.016,15.542,16.844,16.16,15.273,12.883,6.034,5.0109,3.8162,3.9137,4.4819,5.3969,7.2269,5.8651,6.3384,5.7133,5.3969,4.2813,3.2086,1.8067,1.5846,1.1205,2.0661,4.3106,5.3969,6.5142,8.7512,9.0336,9.5076,10.571,10.463,11.361,12.026,10.84,10.99,8.8652
13.57,15.25,15.538,16.372,15.804,16.107,15.072,14.601,14.416,14.038,13.199,12.616,13.086,12.711,13.64,14.009,14.152,14.303,15.045,15.399,15.589,15.871,16.207,16.107,15.25,14.266,13.689,12.104,10.213,8.8753,10.486,11.824,12.806,12.962,12.368,12.616,12.368,12.827,13.25,14.266,13.913,14.638,13.961,14.848,14.038,14.341,13.57,13.806,13.461,12.994,12.806,12.806,12.994,13.728,13.521,13.961,14.929,14.527,12.973,11.652,5.1066,4.8915,2.6438,3.2793,4.4603,3.7747,5.5117,5.727,5.5117,5.797,4.6376,4.2757,3.32,1.6396,1.5555,1.037,3.111,3.0233,4.2757,5.9118,7.2775,8.4405,9.3904,10.226,10.014,10.827,10.639,10.422,9.0552,7.7947
15.273,17.076,18.571,18.571,18.128,16.78,17.814,17.017,15.215,14.543,14.168,14.543,13.801,14.088,14.238,14.992,15.24,15.899,17.017,17.567,18.128,17.765,18.517,17.538,17.345,16.357,15.796,13.517,12.305,9.623,12.1,13.47,14.517,15.125,14.238,14.123,14.585,14.585,14.773,15.517,15.452,16.296,16.387,16.149,15.709,15.008,15.141,14.925,15.141,14.925,14.645,14.221,14.543,15.581,15.083,15.82,16.817,16.78,14.925,12.755,6.0241,4.6123,3.6076,3.5019,3.6421,4.9272,5.704,7.0217,7.1103,6.0241,5.4113,3.6421,2.9171,3.5019,2.0011,1.5008,3.2033,3.6421,6.0449,6.9501,8.2811,9.2247,11.017,12.048,11.933,12.356,12.1,11.408,10.13,9.2247
15.581,17.053,18.174,17.98,18.305,17.79,17.12,15.995,16.081,15.288,15.345,14.623,13.8,14.275,13.836,15.621,16.058,16.33,16.559,17.411,17.669,17.237,18.257,17.12,17.039,16.245,15.484,13.644,11.08,10.156,11.698,13.542,14.195,13.972,14.606,14.371,14.623,14.16,15.94,16.816,16.175,16.191,16.43,16.175,16.43,15.23,16.152,15.484,14.752,15.055,15.255,14.257,14.545,14.204,15.557,15.605,16.673,15.932,14.811,13.079,5.6077,4.4862,3.3646,2.8373,4.136,5.4253,6.1018,7.6561,7.0398,6.4232,5.5172,4.7318,3.6515,2.701,2.068,1.5047,3.2116,3.6515,5.4253,6.8221,8.5266,9.8542,10.031,11.547,12.142,11.805,11.271,11.271,11.08,9.2075
14.89,17.5,17.565,17.983,17.948,17.239,17.261,16.623,16.317,15.058,14.206,14.625,14.651,14.189,14.365,15.583,15.943,16.006,16.676,16.826,17.926,17.793,18.177,17.32,17.041,16.432,15.091,13.875,11.318,10.665,11.966,13.692,14.548,14.47,14.127,14.162,14.625,15.033,15.744,15.943,15.943,16.501,16.402,16.029,16.053,15.998,15.583,14.898,15.559,14.582,15.125,14.26,14.189,14.966,15.125,15.608,16.248,16.402,14.966,13.043,5.1648,5.0165,3.2121,2.9251,4.2861,4.9407,6.7303,6.3454,6.749,6.0406,4.9661,4.7591,2.8378,1.5864,2.0683,1.5864,3.1727,4.3153,6.3454,7.2349,8.5722,9.6494,10.771,11.711,11.711,11.711,11.924,11.839,10.642,9.3312
15.085,17.058,17.553,17.624,18.18,18.4,17.088,16.678,15.456,15.127,14.55,13.556,14.057,14.756,14.627,14.9,15.561,16.063,16.125,16.768,17.176,17.474,18.624,17.738,17.674,16.865,15.284,13.694,11.756,10.725,11.55,14.199,14.627,14.764,14.968,14.584,14.349,14.968,16.008,15.866,16.617,16.342,16.031,15.706,15.626,15.585,15.35,15.06,14.756,14.446,15.317,14.27,14.349,14.128,15.626,16.063,16.564,16.031,14.858,12.692,5.4036,3.6525,3.6179,3.5477,4.2572,5.5416,6.3858,6.5416,7.0953,6.599,5.7204,4.045,3.2125,2.0686,2.0069,2.0069,2.5583,3.9185,6.0206,6.7499,9.1554,9.6376,10.548,11.713,11.809,11.968,12.124,12.207,10.294,9.3728
15.346,16.817,17.748,17.157,18.443,17.549,17.318,16.454,16.621,15.354,14.187,14.468,14.363,14.196,14.65,15.123,15.67,15.678,17.084,17.67,17.67,17.777,17.946,17.727,17.318,16.674,15.452,14.276,12.059,9.7392,11.806,13.801,14.546,14.684,14.624,13.801,14.134,14.752,15.031,15.71,15.933,16.338,15.933,16.499,16.059,16.121,15.288,15.678,15.75,14.363,14.624,14.125,14.134,14.964,14.372,15.346,15.965,15.75,15.09,13.28,5.1153,3.9176,3.5468,3.5112,4.732,6.2044,6.285,6.285,6.54,6.54,5.0159,4.9655,3.5468,1.5862,2.2432,1.8085,3.3648,5.1153,5.332,7.0223,9.3302,10.231,11.216,11.216,12.788,12.08,11.923,11.272,10.341,9.6874
15.297,18.156,17.651,18.478,18.287,18.218,17.277,16.843,16.042,15.436,14.668,14.172,14.565,14.331,14.181,14.608,15.654,16.042,16.313,17.065,17.729,18.566,18.073,18.066,17.393,16.042,15.845,13.538,12.067,10.426,11.687,13.676,14.172,14.172,14.565,14.565,14.03,14.881,15.165,16.135,15.734,15.916,16.321,15.468,16.298,15.605,15.436,14.838,13.922,15.468,14.898,14.608,14.252,13.822,15.541,15.948,16.313,16.135,14.453,12.557,4.9602,4.5373,3.3612,3.9134,4.0397,6.4167,6.533,6.8152,7.6647,6.533,5.3966,4.3103,3.0478,3.169,2.6983,3.2084,3.3612,4.5095,6.3775,7.0327,8.9211,9.5727,11.125,12.527,11.26,12.882,13.028,11.952,10.034,9.454
13.963,15.119,16.109,16.275,16.275,15.6,15.392,14.749,13.612,13.129,13.382,13.221,12.995,12.628,12.974,13.221,13.483,14.305,14.529,15.038,15.591,14.831,16.374,16.472,15.54,14.239,13.934,12.326,11.086,8.6927,11.134,11.385,12.964,12.964,12.467,12.293,12.964,12.995,12.964,13.7,13.837,14.612,13.963,13.808,13.572,13.808,13.221,13.251,13.119,12.542,12.628,12.532,12.755,13.463,13.453,14.163,14.967,13.934,13.332,11.373,4.8921,3.1543,3.0237,3.3204,4.1808,5.6091,6.0696,6.0696,5.7977,6.4142,4.4001,4.1485,2.7925,1.8697,1.1595,2.2001,2.5928,3.6668,5.2115,6.6408,8.3132,9.1743,10.423,11.385,11.17,11.699,11,9.5618,10.5,8.4416
15.561,17.3,18.421,18.624,18.448,18.124,17.044,17.125,15.626,15.085,14.261,13.284,14.137,14.824,14.627,15.051,15.842,15.496,16.821,17.066,17.329,17.066,18.263,18.4,16.925,16.768,16.125,13.94,11.452,9.7416,11.583,13.255,14.376,14.764,14.261,14.128,14.892,14.61,14.584,15.746,16.031,15.746,15.945,16.157,15.391,15.945,14.824,14.61,15.456,14.128,14.191,14.128,14.472,14.756,15.259,16.195,16.7,15.561,15.051,13.131,5.6094,4.045,3.5477,3.5477,5.851,6.2059,7.2359,7.0953,6.8241,7.0419,6.0415,5.2381,3.3656,1.4191,1.809,2.7018,2.7018,3.6179,5.6094,6.9881,9.2103,9.6898,11.003,11.015,12.3,11.756,12.543,11.14,10.807,9.2512
15.181,17.325,18.566,18.667,17.981,17.981,17.613,16.377,16.059,15.031,14.442,14.364,14.812,15.452,14.468,14.854,15.165,15.941,16.973,16.921,17.67,17.172,17.791,18.085,17.39,16.028,16.431,13.128,12.059,9.2218,12.204,13.973,14.346,15.056,14.752,13.874,14.65,14.761,14.346,15.678,15.289,15.622,15.996,15.55,14.624,15.743,14.364,14.364,14.607,14.624,14.854,14.346,15.081,14.914,15.123,16.153,17.296,16.339,15.256,12.857,4.2857,4.3149,4.2857,3.6517,4.9656,5.6081,6.8225,8.1655,7.4568,6.2044,5.2369,4.4864,3.8201,2.508,2.2432,1.8085,2.8375,4.1363,5.8496,6.9865,8.5272,9.6485,11.438,12.049,11.838,12.059,11.742,11.438,10.581,9.9565
15.453,17.121,17.946,18.621,18.128,18.086,17.318,16.561,16.059,14.812,14.364,13.645,14.753,14.624,14.624,15.256,15.574,16.004,17.238,16.705,17.121,18.121,18.587,18.176,17.318,17.055,15.703,14.188,12.08,9.7395,12.143,13.553,13.937,14.624,14.443,14.364,13.91,14.126,14.889,15.679,15.623,15.55,16.705,15.751,15.346,16.059,15.057,14.258,14.761,14.624,14.914,14.443,14.469,15.679,15.289,15.623,16.854,16.028,15.09,12.896,5.1155,4.315,3.0512,3.1725,5.4258,5.8712,7.4062,6.8227,7.457,6.9866,5.8712,5.237,3.2119,2.0682,2.0064,2.0064,3.0512,4.9657,5.6082,7.457,9.5833,9.2493,10.582,11.372,12.049,11.138,11.742,10.955,9.2493,9.6877
15.062,17.001,17.702,18.464,18.606,18.143,17.126,16.666,15.912,15.904,14.726,14.794,14.794,14.099,14.32,14.827,15.424,15.912,17.228,17.38,18.052,17.702,17.758,18.025,17.438,16.644,16.03,13.472,12.274,10.273,12.193,13.848,14.52,14.337,14.861,14.099,14.597,14.827,15.554,15.228,16.123,16.147,15.642,15.594,14.785,15.714,15.674,14.337,15.203,13.748,14.657,14.32,14.554,15.594,14.529,15.967,17.001,15.998,15.326,13.304,4.9312,2.9195,2.6963,4.0367,4.6161,5.5978,7.5103,7.2901,6.7174,6.5281,6.3332,3.8131,2.9195,2.5034,1.8052,2.9195,2.9195,4.0367,6.0498,7.837,8.3331,10.455,11.817,12.527,12.396,12.182,12.547,11.943,10.526,9.4469
15.727,16.64,18.093,18.595,17.84,18.009,17.84,16.723,16.851,15.477,15.072,14.673,14.5,13.932,14.21,14.707,15.477,16.085,16.403,17.353,17.819,17.755,17.641,17.641,17.081,15.863,15.313,13.713,12.141,10.06,12.357,13.713,14.076,14.569,14.647,14.281,14.076,13.968,15.863,16.202,15.411,16.053,16.178,15.966,15.887,15.736,15.966,15.28,14.878,15.379,15.582,14.281,14.5,14.386,15.114,15.966,16.365,16.178,14.604,12.408,4.7396,3.5525,2.7055,3.5525,5.1235,6.1325,6.608,7.1404,7.5359,6.8333,5.024,4.3218,3.3702,2.512,2.5617,3.1774,3.5525,4.6319,6.7404,7.4178,9.7548,10.345,11.29,12.141,13.264,12.56,12.265,12.57,10.598,9.5983
15.027,17.167,17.551,18.253,18.438,17.493,17.291,16.819,16.187,15.738,14.807,13.769,14.201,15.052,15.226,15.251,15.341,16.148,17.232,16.699,17.056,17.079,18.08,17.464,17.407,16.601,15.738,13.687,11.749,10.141,12.334,14.121,14.576,14.85,13.905,14.121,14.342,14.183,14.96,15.553,16.326,16.117,16.449,16.054,15.674,16.054,15.545,15.284,15.251,14.884,15.085,14.909,14.884,14.756,15.447,15.746,17.291,16.856,14.756,12.686,4.0428,3.2108,2.9239,4.0116,4.964,7.0202,7.4545,7.5384,6.1209,6.2025,5.4239,5.0395,3.5457,1.4183,1.0029,2.7004,3.6506,4.964,6.5955,8.5393,10.141,11.369,12.076,12.843,13.124,12.814,13.324,12.405,10.998,9.8773
14.1,15.315,16.595,16.82,15.79,16.093,15.245,14.55,13.928,13.487,12.833,12.451,13.606,13,12.462,12.989,13.326,14.148,14.752,14.843,15.315,15.463,16.102,16.102,14.734,14.596,14.458,11.728,10.983,8.0966,11.213,12.526,12.969,13.377,12.462,13,12.802,12.526,13,13.477,14.157,14.261,15.067,14.439,14.005,14.336,13,13.215,13,12.833,13.516,12.833,13.477,13.947,13.516,14.005,15.245,14.458,13.566,11.82,4.1789,3.4771,2.643,2.9321,5.7251,5.1833,5.9099,5.7951,6.0447,5.9099,4.4588,4.6937,2.9321,1.159,1.8689,2.643,3.4771,4.4588,6.3058,7.3669,9.1848,9.5294,11.129,12.023,11.368,11.694,12.134,11.415,10.483,8.5012
14.935,17.284,18.051,18.051,18.53,17.757,17.551,17.051,16.642,15.226,14.518,14.518,14.336,14.783,14.231,15.027,14.868,15.528,15.934,16.551,17.757,16.528,18.057,18.085,17.357,16.307,15.544,13.471,11.687,9.9372,12.057,13.359,15.061,14.86,14.826,14.622,14.826,14.86,15.68,15.902,16.468,16.368,16.122,16.468,15.592,15.808,16.122,15.061,14.783,14.792,15.201,14.345,15.316,15.72,15.152,16.245,16.642,15.997,15.259,13.48,4.5057,2.832,2.5527,4.0362,5.5972,7.1679,6.5082,7.3917,7.1679,7.8201,5.7081,3.3583,3.8127,3.1663,2.0642,3.1663,3.9101,5.5297,7.5095,8.2566,9.7205,11.116,12.057,13.016,13.919,13.359,14.133,12.635,11.025,10.561
15.32,16.569,17.581,18.218,17.737,17.574,17.941,16.704,16.023,15.716,14.72,14.235,14.165,13.96,14.156,14.549,15.716,16.117,16.637,16.524,18.355,16.787,18.218,17.737,17.631,16.047,15.708,13.743,12.053,9.7176,11.812,13.67,14.651,15.255,14.728,14.34,14.445,14.34,15.056,16.14,16.156,16.577,15.827,16.341,16.047,16.023,15.587,15.716,15.716,14.72,15.147,14.022,14.445,15.279,14.931,16.417,17.046,16.14,14.592,13.223,4.4765,2.6952,3.0443,3.2047,6.5063,7.1132,6.5828,7.2181,7.1658,7.1658,5.8366,4.4765,3.5034,3.2047,2.5024,3.6436,4.5321,4.6142,6.5255,9.5617,10.122,12.218,12.381,13.476,13.476,14.049,14.314,12.661,11.191,11.435
13.048,15.519,15.724,15.724,16.234,16.832,15.135,15.029,14.513,14.299,12.79,12.256,12.769,12.59,13.571,13.089,13.649,13.795,14.365,15.055,15.493,15.859,16.06,16.324,15.371,14.559,13.921,12.494,10.353,9.029,11.184,12.935,12.956,13.442,12.925,12.505,13.442,13.442,13.873,14.064,14.632,14.921,14.374,14.559,14.568,14.225,14.121,13.873,13.921,12.925,13.452,13.531,12.451,13.649,13.089,14.299,15.002,14.485,12.966,11.386,3.1448,2.585,1.8641,4.1682,5.118,5.687,6.9555,6.5396,6.3108,6.0513,5.0919,4.4172,2.9246,2.585,2.6362,2.6362,4.4474,4.7665,6.478,7.8747,9.5049,10.184,11.56,12.103,11.902,11.891,12.114,11.291,10.157,9.1612
15.191,17.324,17.263,18.458,17.81,18.078,17.683,16.472,16.537,15.709,13.984,14.682,14.098,14.051,14.899,15.2,15.331,15.802,16.48,16.919,17.562,17.478,17.84,17.363,17.17,15.743,15.191,13.782,11.71,10.446,12.091,14.791,15.015,14.908,14.791,14.323,14.582,15.059,16.02,16.02,16.02,16.415,16.415,16.888,16.439,16.528,15.709,15.504,16.472,14.609,14.773,15.2,14.899,14.908,14.899,15.709,16.817,16.037,15.041,12.913,3.2667,2.7815,2.5826,4.2593,6.7345,7.2312,6.949,7.3954,7.1942,6.7147,5.563,4.1643,3.7246,3.6156,3.1418,3.4649,4.8728,5.7748,7.4493,8.8413,11.054,11.778,12.705,13.429,13.782,14.249,13.587,13.169,11.778,10.395
14.815,17.469,17.892,18.548,18.037,18.168,17.646,17.072,16.096,15.237,15.155,14.552,15.18,14.534,14.577,14.679,15.408,16.127,16.591,16.741,17.526,17.639,17.836,18.548,17.21,16.165,16.25,13.439,12.154,10.289,12.597,13.975,15.237,15.015,15.015,14.292,14.509,15.311,15.665,15.672,16.196,16.591,16.591,16.003,16.591,16.296,15.497,14.973,15.048,14.84,15.106,14.679,14.89,14.739,14.747,16.073,16.463,15.886,15.18,13.101,3.036,3.5992,2.9103,4.1158,5.3057,7.0054,8.125,7.635,7.1983,6.659,5.5803,5.09,2.4956,3.1959,3.5992,4.024,4.7086,6.0925,7.2672,8.5871,10.18,11.78,13.439,14.064,13.439,13.922,13.485,13.015,11.906,10.992
14.56,16.781,18.766,18.151,18.041,18.151,17.593,15.989,15.425,15.506,14.56,14.899,15.098,14.517,14.072,15.49,14.966,15.674,16.751,17.068,18.096,17.444,18.424,18.007,17.336,16.359,16.267,13.813,12.151,9.8879,12.079,14.284,14.56,14.899,15.222,14.483,14.517,14.517,15.222,16.051,15.287,17.046,16.631,16.106,16.121,15.674,15.279,14.982,15.189,14.982,15.115,14.483,14.982,14.849,14.991,15.927,17.242,16.137,14.586,12.801,3.9005,3.5314,3.1586,4.2377,6.0137,7.6232,8.0683,8.3717,7.4243,6.9918,6.0137,3.9953,3.1586,3.1978,3.3502,3.6358,4.9186,5.5836,8.2365,8.3119,10.582,12.525,12.733,14.301,13.813,13.567,13.447,12.956,11.996,10.964
15.633,17.568,17.532,17.654,18.188,18.579,17.096,17.096,16.007,15.689,14.634,14.286,13.983,14.478,14.374,15.067,15.398,15.495,16.685,16.511,17.746,18.098,17.739,17.739,17.46,16.164,15.568,14.063,11.931,10.589,12.559,13.654,14.634,14.763,14.899,14.374,14.591,14.924,16.411,15.753,16.07,16.015,17.184,16.007,14.831,15.873,15.504,14.865,14.66,14.556,15.681,14.197,14.144,14.286,15.291,15.568,15.753,16.133,14.974,12.305,3.5493,3.5493,3.5136,5.6789,6.0442,6.127,7.6783,7.9364,8.4141,6.5446,6.065,4.6277,3.5493,3.3671,3.1746,4.6277,4.7619,6.5253,9.0489,9.8617,10.859,11.324,13.783,14.487,13.71,14.382,14.197,13.487,11.814,10.742
15.465,17.31,17.053,17.332,17.741,17.748,17.627,16.875,16.444,16.017,14.489,14.593,13.711,14.926,14.27,15.193,16.467,16.259,16.166,16.755,17.484,18.1,17.397,17.684,17.134,15.755,15.358,14.27,11.752,9.9644,11.932,14.287,14.558,14.278,14.636,14.287,14.636,14.976,15.594,15.851,16.574,15.851,15.683,15.763,15.068,16.513,16.627,15.57,15.292,14.593,14.976,14.208,14.375,14.764,14.636,15.594,16.22,15.954,14.926,13.291,3.3675,2.0698,3.62,5.1684,5.1684,7.1876,8.5192,8.032,8.2334,7.0994,5.7237,4.0473,4.49,3.5497,3.6546,4.6282,5.3363,6.6975,7.8415,9.7471,12.142,11.816,13.848,13.563,14.662,14.136,13.338,13.656,12.142,10.446
13.51,15.308,15.681,15.757,16.708,15.378,15.247,14.818,14.227,13.941,12.963,12.952,12.952,13.209,12.456,14.075,13.678,14.451,15.299,14.745,15.994,15.404,16.94,16.227,15.663,14.654,13.921,12.195,10.681,8.9438,10.929,12.051,13.045,13.189,12.963,12.456,12.531,13.076,13.825,14.367,14.433,14.433,14.395,14.451,13.95,13.95,13.678,13.209,13.32,12.869,13.481,12.869,12.606,13.239,13.107,14.141,14.836,13.6,13.045,11.504,3.1515,2.5905,2.5905,4.2724,5.3342,6.4085,7.1977,6.951,6.7353,6.951,5.7925,4.4266,3.3175,2.9308,3.9457,3.1086,4.8877,5.5801,6.7353,9.063,9.9658,10.929,11.814,12.531,13.678,13.451,12.542,11.928,11.208,9.8575
15.012,17.062,18.904,17.958,18.104,18.235,17.216,17.062,16.562,15.269,14.835,14.036,14.588,15.012,14.187,15.037,15.586,16.038,17.39,17.099,18.097,17.533,18.097,17.789,17.099,16.379,15.818,13.479,11.908,10.65,12.117,14.107,14.45,15.07,14.894,14.793,14.424,15.07,15.261,16.007,15.682,16.318,17.274,15.921,15.145,16.41,15.145,14.734,15.012,15.367,15.07,14.793,14.945,14.45,15.326,15.294,16.186,15.921,14.894,12.393,2.6977,2.5544,2.5048,4.6186,6.5124,7.531,8.531,8.0777,8.0777,6.6836,6.5124,5.0345,3.6124,3.2077,3.3605,4.6186,4.9592,6.6836,7.3965,9.3586,10.144,12.683,13.928,14.536,14.328,14.458,13.783,13.226,13.111,10.837
14.878,17.571,17.628,18.616,18.214,17.406,17.937,16.701,16.664,15.087,15.252,14.091,14.614,15.087,15.415,15.455,15.673,16.338,16.821,16.821,17.456,17.478,18.521,17.514,17.514,16.634,15.713,13.912,11.639,10.008,12.113,14.407,14.725,14.546,15.309,14.546,14.091,15.219,15.52,16.361,16.168,16.361,16.361,16.634,16.02,16.292,16.083,15.252,15.045,14.546,15.045,14.546,14.52,14.878,15.145,15.544,16.821,16.292,14.928,12.669,3.0438,2.123,3.6084,4.0343,7.3882,7.6381,7.5723,8.5213,7.2858,7.6381,5.2242,4.4756,4.0031,2.6947,3.2041,3.8109,4.7471,6.108,8.0685,9.8692,12.03,12.55,13.427,14.233,14.878,13.163,14.407,13.211,12.267,11.11
15.306,17.565,17.924,17.494,17.565,18.399,18.008,16.652,16.531,15.557,15.009,14.604,14.808,14.152,14.706,15.134,15.946,16.032,17.358,16.501,18.036,18.528,17.735,18.249,17.494,16.771,15.298,13.454,11.705,10.001,12.104,14.081,14.774,14.766,14.808,15.001,14.319,14.842,15.525,17.001,15.977,16.349,16.622,15.977,16.986,15.076,15.306,14.917,15.265,15.661,15.436,14.774,15.042,14.423,15.404,16.561,16.809,16.493,14.867,12.501,3.0002,2.5001,3.6058,5.523,7.0715,7.0182,7.5004,8.2467,8.0782,7.1593,5.8527,5.1481,3.9053,3.8081,3.5002,4.5003,4.95,6.5768,7.9061,9.0559,10.296,12.166,13.51,13.51,13.902,14.432,15.042,14.01,13.039,10.978
15.03,16.943,17.696,17.489,18.144,18.054,17.525,17.207,16.124,15.546,14.794,15.466,14.938,14.887,14.598,15.546,15.554,15.723,16.348,17.032,18.061,18.054,17.717,17.554,16.645,16.093,15.286,13.885,11.689,9.6704,12.028,14.862,15.457,15.063,14.171,14.938,14.338,15.005,15.546,15.834,16.093,16.645,15.554,16.124,15.286,16.592,15.937,15.096,15.138,14.887,14.727,15.03,14.162,15.579,15.055,15.968,16.531,16.531,14.887,13.473,3.2061,2.9197,3.5406,5.4161,6.5285,8.2124,8.0271,8.2124,7.5274,7.5107,5.5306,3.9107,3.2061,3.0457,3.0043,4.4785,5.4161,7.0279,8.8586,9.0684,11.252,11.902,13.482,13.849,14.321,14.598,14.555,13.257,12.766,11.118
14.182,16.894,17.13,17.833,18.029,17.833,17.592,16.737,16.15,15.971,14.532,14.89,14.661,15.289,15.428,16.557,15.264,15.557,16.289,17.035,17.706,17.035,17.72,18.14,17.363,16.647,15.428,13.815,12.04,10.276,12.399,13.851,14.729,14.323,14.601,14.558,14.601,15.14,15.916,16.15,16.647,16.351,15.717,16.835,15.939,16.15,16.351,15.813,15.717,14.253,14.729,14.558,14.454,15.14,14.661,15.837,16.473,16.166,14.523,13.145,3.5412,3.3595,3.3595,5.5315,6.7376,8.0752,8.0752,8.0907,7.8388,7.8388,6.7189,4.6171,3.2067,3.0462,3.5412,3.5412,5.417,6.5104,8.2137,8.5723,10.995,12.185,13.531,13.559,14.182,14.661,14.558,13.231,12.03,11.648
15.081,17.212,17.45,17.571,18.514,18.077,17.685,16.162,16.628,15.442,15.514,14.779,14.54,15.048,14.54,15.635,15.579,16.537,16.992,17.014,17.335,18.118,17.621,17.4,17.4,16.108,16.077,14.121,12.109,10.775,11.516,14.015,14.771,15.081,14.872,14.583,14.54,15.039,15.627,16.038,16.014,16.201,16.014,16.628,16.777,16.628,15.889,15.667,15.889,15.048,15.048,15.048,14.583,15.048,15.238,15.53,16.408,15.635,14.583,13.589,2.237,2.237,3.0426,5.3172,6.6735,7.3854,8.081,8.3849,7.8134,8.0189,4.9518,5.027,4.3029,3.537,4.2737,4.0328,6.4057,6.5791,7.9089,9.6216,11.106,12.098,13.799,13.589,14.583,14.332,13.158,13.835,11.89,10.97
15.068,17.726,17.915,18.061,17.726,18.019,17.406,16.492,15.906,15.068,14.294,14.311,14.758,14.311,15.026,15.693,15.693,16.217,17.095,16.992,17.712,17.485,17.577,17.606,16.522,16.643,15.034,14.389,11.667,10.119,12.534,14.206,14.859,15.175,14.57,14.707,14.758,14.389,15.685,15.883,16.439,16.553,15.883,16.792,16.132,16.992,15.969,15.804,15.436,15.78,14.993,15.026,14.842,15.126,14.909,15.565,16.613,16.371,14.57,13.08,3.3525,2.0606,3.3525,4.9221,7.0677,7.7745,8.5546,7.4295,8.6273,7.3789,5.6982,5.3126,4.1212,3.5339,3.8061,4.6076,5.6982,6.705,7.8225,10.119,10.73,12.015,13.65,14.57,15.034,15.396,15.001,13.723,12.994,11.097
13.425,15.357,16.196,15.702,15.829,16.039,15.427,14.114,14.067,13.184,12.928,12.969,13.573,12.938,13.184,13.184,13.652,14.405,14.808,15.375,16.188,15.556,15.633,16.064,15.032,14.424,13.573,12.072,10.66,8.7756,10.798,12.432,13.425,13.082,13.051,13.092,12.928,13.184,13.769,13.798,13.769,14.708,14.635,14.626,14.199,14.488,13.798,13.345,13.603,13.163,13.971,13.184,12.938,13.184,13.455,13.971,15.058,14.067,13.534,11.792,2.7847,2.1939,2.7847,4.6252,6.2909,6.5817,7.8253,7.635,6.7224,6.0526,4.4483,3.9382,2.6367,3.4689,2.9252,3.6565,4.7675,6.7423,7.8253,9.3223,10.04,10.648,12.772,13.425,13.345,13.962,13.924,13.184,11.905,10.407
14.626,17.262,17.123,17.814,18.561,18.261,17.522,16.676,16.864,15.704,15.092,14.754,13.582,14.189,15.033,15.712,16.433,16.826,16.562,17.123,17.086,17.622,17.159,17.32,16.864,16.501,14.966,14.189,11.318,9.9577,12.123,14.47,14.557,15.05,14.365,14.198,14.686,14.966,16.061,15.967,16.585,16.456,15.454,17.123,16.379,16.585,16.317,16.084,15.864,15.092,15.033,15.282,14.277,15.315,15.348,16.006,16.501,16.194,14.966,13.508,2.558,2.2435,3.6175,4.5427,6.7305,7.6411,7.6411,8.5282,7.5915,7.5249,5.6087,4.7592,4.9662,4.487,4.0445,4.1368,6.1235,7.5249,8.9318,10.642,12.144,13.197,14.26,14.557,15.29,15.348,15.033,14.814,13.082,11.462
16.082,16.337,18.735,18.52,17.936,17.88,17.683,17.012,16.298,14.784,14.784,14.328,14.994,15.349,14.614,14.588,15.275,17.129,17.115,16.206,16.663,17.012,17.34,18.124,17.078,17.02,15.308,15.414,12.092,10.131,12.599,14.775,15.127,16.043,15.251,14.328,13.611,14.648,15.011,16.58,15.632,16.082,16.663,16.011,15.664,16.82,15.446,14.784,14.588,16.337,14.716,15.275,14.648,15.414,15.902,15.704,18.35,15.144,14.614,12.668,1.8041,2.8305,4.034,6.0251,7.522,7.5054,8.5501,7.2853,7.3877,7.7676,6.1076,5.5942,4.5309,3.2039,4.6131,6.0251,6.0251,7.6212,9.6635,10.131,12.628,13.351,14.716,15.584,16.275,16.39,16.633,14.716,14.588,11.11
13.082,15.93,15.727,16.676,16.229,16.197,15.27,15.375,14.368,13.798,13.245,12.938,12.845,13.092,13.295,13.245,14.048,14.265,14.488,14.644,16.163,15.427,15.651,16.105,15.032,14.79,13.574,12.292,10.61,8.6684,11.139,12.677,13.184,13.534,13.574,13.092,13.184,13.445,14.265,14.114,14.488,14.424,14.808,14.405,13.972,13.972,14.114,13.214,13.574,13.574,13.485,13.295,13.574,13.455,13.534,14.479,15.032,14.424,12.928,11.563,1.8645,1.1563,3.2705,4.7676,5.7815,7.184,7.9103,7.6351,7.8765,6.2483,5.896,5.1711,3.6566,4.4182,4.6252,5.1711,6.2269,6.6223,8.418,9.9469,10.661,11.563,13.574,14.368,14.708,14.265,14.048,13.924,12.259,11.621
15.15,17.067,17.99,18.162,17.809,18.407,17.226,16.765,16.465,16.067,15.37,14.952,14.977,14.547,14.288,15.411,16.244,16.616,15.966,16.675,18.298,17.718,18.305,17.886,16.942,16.765,15.54,13.059,12.343,9.9038,12.474,14.27,14.968,14.885,15.002,14.504,15.002,15.084,15.305,16.586,16.344,16.586,16.244,16.653,16.458,15.974,15.997,16.191,15.15,15.778,16.191,14.504,15.208,15.15,15.619,16.412,17.183,15.857,15.208,12.973,2.6869,1.5778,3.5281,5.0883,7.7618,8.0452,8.8835,8.4821,8.1833,8.4821,6.3896,4.707,5.0143,4.914,5.6449,5.84,7.0561,7.7618,10.091,10.954,12.323,13.434,14.121,15.974,16.772,16.252,16.252,14.392,14.05,12.513
15.223,17.069,18.043,18.29,17.904,17.932,18.008,17.164,16.246,15.483,15.19,14.493,14.833,14.493,15.025,16.138,16.307,16.429,16.789,16.959,17.883,17.545,17.673,17.736,16.989,16.625,15.491,14.074,11.703,10.113,12.406,14.689,15.058,14.9,15.025,14.967,14.85,14.757,15.873,16.138,16.307,16.603,16.543,15.99,15.19,16.901,15.99,15.248,15.643,15.515,15.28,15.515,14.791,14.992,15.166,15.491,16.49,16.49,14.967,13.072,2.0593,2.5467,4.2965,6.0762,7.2033,8.7226,8.3724,8.5055,7.9913,7.8018,6.0143,5.6507,4.7383,4.1186,4.2965,5.0935,7.2722,8.2675,9.8382,10.724,12.163,13.587,15.515,16.053,15.289,15.794,15.99,15.19,13.742,12.406
14.529,17.749,17.608,18.789,18.331,17.579,17.06,16.373,16.219,15.695,14.322,14.075,14.768,15.877,14.529,16.319,16.119,16.002,16.683,17.097,17.608,17.408,17.024,17.024,17.177,16.765,15.003,13.995,12.089,9.9966,12.526,14.417,14.529,14.836,14.861,14.768,14.7,14.76,15.806,16.638,16.373,16.219,16.683,15.695,15.806,16.319,15.655,15.226,15.226,16.134,15.948,14.802,14.995,14.572,15.615,16.189,16.555,15.877,15.003,12.743,2.5486,2.5486,4.7154,5.5208,6.9438,8.2736,9.4836,9.7049,9.0108,7.2086,6.517,5.829,4.7154,4.4985,4.7418,5.6989,6.6686,8.0595,9.3376,10.767,13.196,13.861,14.555,16.913,15.567,16.273,16.002,14.572,14.208,12.345
13.732,15.366,16.187,16.187,15.82,16.054,15.82,14.799,14.106,13.915,13.407,12.785,12.764,13.287,12.617,13.595,14.69,14.553,15.023,14.996,15.366,15.209,16.054,16.029,15.2,15.023,13.683,12.098,10.604,9.1578,11.44,12.796,13.417,13.732,13.477,13.526,12.837,12.961,13.566,14.996,14.257,14.471,14.987,13.954,14.799,14.397,14.106,13.732,13.176,13.437,13.644,12.764,13.437,12.961,13.644,14.553,14.636,14.191,13.074,11.66,1.6343,2.1309,3.3092,5.09,7.6829,7.7521,7.7693,7.4535,7.5248,6.4756,5.3956,4.1666,4.6513,4.4457,4.7647,5.1938,6.027,7.1983,7.8887,10.297,11.475,11.987,13.566,14.04,13.915,14.59,14.7,14.369,12.284,10.465
13.519,15.479,15.913,16.013,16.634,15.41,15.955,14.546,14.555,13.908,13.037,12.494,13.899,13.43,13.559,13.647,14.052,14.352,14.408,14.619,16.038,15.06,15.845,15.736,15.479,14.692,13.899,11.779,10.649,9.3122,10.958,12.483,13.037,12.924,13.519,13.47,13.519,13.44,13.88,14.546,14.774,14.099,14.619,14.184,13.078,14.287,14.546,13.899,13.47,13.331,14.287,13.47,13.068,13.4,13.43,14.324,14.692,14.628,13.41,11.688,1.6335,1.8624,4.4435,5.5873,6.7941,8.4088,7.3051,8.1673,7.3958,6.2415,6.8916,5.491,3.6525,4.2596,4.1645,5.7752,5.7752,7.7482,9.3122,9.8686,11.364,12.419,13.47,14.362,14.287,14.555,14.801,13.43,12.611,10.897
14.739,16.97,18.03,18.407,18.709,17.583,17.232,17.072,16.539,16.25,15.106,15.665,14.371,14.679,14.679,15.376,15.625,15.862,16.418,17.036,17.326,17.174,17.815,18.277,16.948,16.073,16.073,13.623,12.398,10.774,12.277,14.301,15.545,15.18,14.982,14.84,14.552,14.815,15.497,16.127,15.862,16.258,16.372,16.539,15.18,16.741,15.633,15.376,15.505,15.278,14.89,15.18,14.957,15.633,15.376,16.25,16.778,16.319,15.27,13.101,2.0579,3.1567,4.4642,7.2672,7.4867,8.9841,8.8303,8.0014,8.5871,7.553,6.3918,4.6016,5.0161,5.3057,4.6016,6.5077,6.6963,8.731,10.032,10.611,11.989,13.101,15.505,15.917,15.481,17.072,16.741,15.18,14.301,12.185
16.13,17.675,18.794,18.615,18.137,17.893,18.078,16.857,15.566,15.351,14.493,14.355,15.403,14.794,14.355,16.014,14.973,15.489,16.81,17.069,17.194,17.562,18.623,18.1,16.936,16.171,16.497,13.95,11.545,9.5201,12.783,14.685,15.255,15.325,14.177,14.355,14.785,14.345,14.901,15.255,15.351,16.204,16.857,16.817,15.489,15.703,15.325,15.035,15.939,15.008,14.539,14.345,15.114,16.13,15.008,15.905,17.803,16.497,15.489,13.424,1.6327,3.2654,4.1304,7.1727,7.6231,9.4216,8.4048,8.7771,8.0649,7.7617,6.5714,6.7909,5.3156,5.4884,5.3156,4.6753,6.9461,7.3923,9.9312,11.92,12.24,13.718,15.472,16.53,15.905,15.498,15.489,15.351,14.785,11.92
13.281,15.736,15.913,16.047,16.441,16.602,16.072,14.989,15.358,14.547,13.401,12.955,13.17,13.331,14.052,14.583,14.556,14.287,15.411,15.016,15.358,15.531,15.358,15.531,15.358,15.016,13.755,12.579,10.536,9.1535,10.649,12.758,12.914,12.955,13.15,12.924,12.758,13.068,14.109,14.099,14.792,14.683,13.431,14.683,14.353,14.693,14.287,13.957,14.052,13.559,13.559,13.037,13.52,13.52,13.47,14.287,14.989,14.362,12.914,12.059,1.8625,2.3101,3.4652,5.5635,6.7351,8.0358,7.2503,8.0358,7.7656,6.2202,5.7753,5.0875,3.6526,4.1647,4.2597,5.3931,6.3054,7.2319,8.1676,10.149,11.091,12.579,12.246,12.955,13.909,14.408,14.052,13.441,12.611,10.897
15.29,16.672,18.367,18.85,18.543,18.367,17.49,16.605,15.992,15.992,15.118,14.985,15.167,15.493,14.486,15.557,16.694,16.672,16.491,16.362,17.476,16.754,17.318,17.66,16.969,15.685,16.109,13.188,12.03,9.8393,12.367,14.128,15.027,15.249,14.793,14.408,15.027,14.52,15.323,15.493,16.332,16.902,16.362,16.362,14.826,15.645,15.637,15.027,15.961,14.826,15.06,14.486,14.994,15.93,15.06,16.263,17.049,15.938,15.42,13.588,2.1193,3.1984,4.0272,6.2589,7.8186,8.1315,9.2915,9.0051,8.477,7.9922,6.0149,5.8466,4.6053,4.9449,4.9951,6.0149,6.2589,7.898,9.8393,11.169,11.873,13.634,15.167,15.875,14.969,16.476,16.309,16.016,14.75,12.997
15.581,17.512,19.056,18.392,18.154,18.338,18.079,16.579,15.653,15.485,14.727,15.299,15.653,15.193,14.97,15.873,14.97,16.222,16.964,16.579,17.484,17.37,17.71,17.878,17.42,16.237,15.581,13.911,11.739,9.6321,12.073,14.36,15.094,15.517,14.77,14.97,14.677,14.668,15.258,15.771,15.66,16.601,16.935,16.36,15.967,16.601,15.967,15.404,16.099,15.168,14.828,14.736,15.193,15.299,15.193,16.06,17.219,16.609,15.144,13.053,1.7982,2.6857,4.1126,6.0673,8.1187,9.1961,8.9216,8.71,8.6094,8.3005,6.169,5.8161,5.3715,4.4886,5.0861,5.6425,6.9822,7.6128,9.7985,10.789,12.822,13.28,14.6,15.168,16.029,16.084,16.964,15.533,13.973,13.005
15.495,17.224,18.95,18.625,18.618,18.067,18.236,16.5,16.435,15.087,14.44,14.18,15.227,14.981,15.598,15.157,16.273,16.827,17.132,17.286,17.132,18.001,17.613,17.523,16.882,15.776,15.538,13.37,12.02,10.165,12.412,14.74,14.758,15.008,14.866,14.758,14.981,15.649,15.7,16.371,16.142,16.443,17.132,16.183,15.809,16.652,15.7,15.008,16.01,15.538,15.306,14.955,15.461,14.758,15.219,16.5,17.224,16.01,15.219,12.884,1.5461,3.1349,3.6442,7.5039,7.8668,8.5775,9.0005,9.1759,9.291,8.0503,6.7786,6.0102,5.1537,4.7515,4.6669,6.6,6.6998,7.0098,9.724,11.385,12.884,12.977,14.74,15.767,15.734,16.468,16.142,16.183,14.577,13.3
15.339,17.815,17.988,18.644,18.895,18.268,18.043,17.513,16.158,15.942,14.946,14.979,14.517,14.921,14.449,15.879,15.444,15.879,16.937,17.256,17.435,17.285,17.541,17.263,16.849,16.073,15.556,14.163,11.19,10.265,12.567,14.921,14.971,15.242,14.855,14.704,14.855,14.78,15.825,15.887,16.212,16.738,16.311,16.731,16.212,16.311,16.552,15.144,15.746,15.372,15.169,14.979,14.704,15.339,15.144,15.911,17.032,16.582,14.746,13.398,2.2268,2.9034,4.6975,6.2984,7.778,8.5957,9.1409,7.7939,8.2122,7.6006,6.7726,5.1986,5.5671,5.0042,5.5671,6.3767,7.4856,8.029,10.082,12.248,12.927,13.835,14.855,15.635,16.432,16.333,17.321,15.942,14.474,13.407
14.211,16.163,16.33,16.78,16.723,16.658,16.338,15.618,15.303,14.429,13.825,14.211,13.825,13.962,13.018,14.717,14.578,14.735,15.17,14.881,15.409,15.365,15.961,15.653,15.522,14.202,13.737,12.595,10.103,9.2053,10.939,13.101,13.854,13.737,13.776,13.327,13.568,13.658,14.087,14.717,14.578,15.47,14.652,15.125,14.391,14.909,14.513,14.01,15.017,13.296,13.884,13.568,13.377,14.01,13.687,15.089,15.312,15.17,13.327,11.693,1.0406,2.802,4.2906,6.2654,7.9593,8.7221,8.8606,8.8606,8.2269,7.9593,6.3513,5.2031,5.6281,4.4456,5.7235,7.077,7.9593,8.2269,10.008,11.553,12.585,14,14.048,15.008,15.47,15.653,15.47,15.522,13.508,12.012
15.104,17.673,19.161,19.476,18.363,19.337,18.274,17.458,16.182,15.501,15.104,15.905,16.241,15.587,15.148,16.274,16.732,16.431,17.272,18.363,17.466,17.02,18.036,17.651,16.7,16.266,15.422,14.038,11.618,9.9944,12.513,14.879,15.175,15.622,15.862,15.448,15.343,15.281,15.803,17.091,16.513,16.988,17.946,16.307,16.182,16.182,16.182,15.622,15.448,16.141,16.166,15.068,15.431,15.068,16.182,16.315,17.201,17.02,15.148,13.114,2.0783,3.7826,5.8091,6.9709,9.3669,8.9392,9.7066,9.7621,9.5383,8.5692,6.5104,5.4246,5.8091,6.2566,5.5961,7.4393,8.8482,9.4101,11.848,12.481,14.038,15.896,16.266,17.673,17.02,17.651,18.451,17.673,16.232,14.296
13.526,15.874,16.777,17.129,16.689,16.131,16.465,15.501,14.979,14.177,13.368,13.397,13.875,14.074,13.951,14.593,14.437,14.215,14.952,14.593,15.493,14.738,15.372,14.979,14.979,15.085,13.922,12.063,10.357,8.3247,10.955,12.632,13.526,13.922,13.437,13.198,12.41,13.865,13.998,14.326,14.511,15.05,15.085,15.372,14.665,15.023,14.872,13.827,14.511,13.368,13.875,13.397,13.397,13.692,13.875,14.52,15.085,14.252,13.875,11.348,2.1246,3.0046,4.6376,5.5737,7.8655,8.2607,8.016,8.3883,7.4316,7.5027,5.8752,5.2549,5.4776,5.7611,5.6682,5.8752,7.5027,8.7599,9.6264,10.87,12.248,13.198,15.085,15.321,15.595,15.295,16.594,14.979,14.149,12.367
15.807,18.299,19.073,18.414,19.239,19.01,17.888,16.594,16.562,16.295,14.756,15.217,15.155,15.225,15.672,15.468,16.401,16.498,16.761,17.036,16.824,17.528,17.505,17.709,16.618,16.131,15.085,13.487,12.063,10.228,12.389,14.756,15.321,15.373,14.979,14.837,15.217,15.647,15.468,15.874,16.618,16.997,17.013,16.879,15.731,16.879,15.468,15.647,15.442,14.979,15.647,15.217,14.756,15.295,15.26,16.368,17.528,16.69,15.373,13.643,2.1246,2.6275,5.0751,7.4318,7.7466,8.1476,10.124,9.6816,8.9993,7.6605,7.1773,6.7187,6.2689,6.0094,5.8753,7.2874,8.309,10.267,11.064,12.063,12.913,14.511,16.824,16.879,17.16,17.075,18.299,16.594,16.049,13.398
16.404,18.034,19.714,18.774,18.183,18.71,18.368,17.175,15.835,15.594,14.767,14.63,15.706,15.499,15.723,16.18,15.594,15.066,17.144,17.269,17.671,18.004,18.71,18.499,16.914,16.263,15.86,13.517,12.392,9.8844,13.245,15.066,16.272,16.113,15.42,15.385,15.146,14.63,15.8,16.305,16.113,17.464,17.269,17.663,17.215,16.428,16.004,15.8,15.936,15.826,14.877,15.279,15.42,16.313,15.706,16.633,17.671,17.018,15.594,13.245,2.142,3.6735,4.469,7.2917,9.2933,10.033,9.2058,9.6635,8.9682,7.93,6.9312,6.0807,7.0661,6.2558,5.8083,7.7231,7.8617,9.8022,10.351,12.316,14.786,14.407,17.089,18.448,16.826,17.648,18.882,16.986,15.86,13.94
16.102,18.222,18.418,18.874,18.554,18.676,18.156,17.016,16.184,15.777,15.496,14.947,15.496,15.053,15.22,16.38,16.176,16.184,16.725,17.287,17.156,17.387,16.883,16.953,17.279,15.582,15.471,13.878,11.315,10.007,12.476,15.088,15.701,15.298,14.578,15.376,15.088,15.158,16.274,16.011,16.637,17.325,16.143,16.828,16.102,16.493,16.035,16.011,15.777,15.263,15.026,15.009,15.445,15.986,15.026,15.81,17.016,17.008,15.026,13.4,1.5462,3.0053,5.1797,6.72,8.6397,8.6397,9.0158,9.3343,9.1183,7.7481,6.934,6.5193,5.3809,6.56,5.3064,7.2888,8.0177,9.3343,11.444,12.54,13.724,14.514,16.052,17.008,17.554,17.629,17.531,17.869,15.496,13.008
16.255,18.989,19.089,19.668,18.76,18.629,17.88,16.453,16.535,15.884,15.824,14.578,15.124,15.089,15.373,16.138,16.062,15.799,17.011,16.625,17.451,17.49,17.782,17.49,17.88,16.205,16.535,13.336,12.146,10.864,12.924,15.231,15.47,15.302,16.138,15.089,14.087,15.196,15.687,16.755,16.338,16.338,16.535,16.163,16.028,16.263,15.609,15.169,15.47,16.138,15.858,15.231,15.73,14.799,15.73,16.205,17.296,16.535,15.151,12.871,2.0812,2.6015,5.2289,6.7839,8.8909,9.2197,10.406,9.8993,9.205,7.8735,6.2652,6.5813,7.0768,6.6631,7.4495,7.5757,8.5335,9.423,11.796,13.018,14.353,15.609,15.927,17.552,16.988,17.698,18.061,17.675,15.961,14
15.806,17.581,18.894,19.292,19.167,18.793,18.044,17.122,16.264,15.798,15.084,15.017,15.408,16.233,14.632,15.766,15.989,16.732,16.664,16.264,17.581,17.675,18.239,18.072,17.853,16.641,15.547,13.739,12.122,10.582,12.833,14.675,15.725,15.176,15.506,14.906,15.806,15.636,16.434,16.618,16.732,16.611,16.052,16.641,15.918,16.921,16.603,15.367,15.733,15.661,15.612,15.342,15.234,16.115,15.309,16.052,17.144,16.334,15.547,13.822,1.5918,3.6645,5.7391,7.6669,8.3016,9.2541,10.067,9.9913,9.2814,8.6601,6.5436,7.1185,5.6277,5.7391,6.563,8.332,8.4378,9.363,12.175,13.289,14.675,15.017,16.8,18.149,17.509,18.149,19.266,17.617,16.209,14.103
16.275,17.979,18.575,19.306,18.718,18.927,18.335,17.347,16.275,15.808,15.319,14.424,15.736,15.623,14.883,16,16.569,16.345,16.614,17.744,17.39,17.629,17.887,17.463,17.044,16.095,15.928,14.113,12.183,10.087,13.096,14.917,15.688,15.904,15.377,15.639,14.814,15.186,16.063,16.622,16.384,17.192,17.229,16.812,16.314,16.523,16.244,15.671,15.647,15.647,15.776,15.768,15.55,15.451,15.558,16.407,17.214,16.63,15.688,13.135,2.0768,3.6322,5.8741,7.2119,8.1219,9.6231,9.6231,9.3693,9.1916,8.1996,7.0518,6.4505,5.425,6.6251,7.437,7.2119,8.5777,9.2604,11.629,12.297,13.932,15.517,16.244,17.543,17.694,18.575,18.084,16.932,16.22,14.22
16.42,18.042,19.104,18.712,18.591,19.318,17.686,17.414,16.477,15.439,14.638,15.439,14.96,14.925,14.818,15.206,15.482,16.152,17.254,17.262,17.746,16.858,17.361,17.924,16.991,16.7,16.111,13.981,11.848,9.7917,12.711,14.41,15.197,15.896,14.638,15.031,14.638,14.719,15.652,15.559,16.25,17.292,16.755,16.991,15.711,15.745,15.987,15.652,16.16,14.96,14.574,14.933,14.925,15.987,15.284,16.086,17.566,16.803,15.516,13.121,1.6274,3.2549,4.8823,7.3144,8.3777,9.1194,10.597,8.8841,9.1049,8.2503,6.7101,6.5097,6.5097,7.3144,6.6903,8.6269,8.5653,9.3205,12.058,12.907,14.96,15.066,16.597,17.902,17.254,17.414,18.527,17.131,16.152,13.597
16.031,17.678,18.714,20.048,18.714,19.764,18.395,17.448,16.754,15.132,15.088,15.484,15.265,16.617,15.336,15.811,15.76,16.738,16.899,17.44,18.351,17.44,17.837,18.285,17.401,16.098,15.406,13.505,11.949,9.9162,13.007,15.088,15.571,15.76,15.336,15.132,15.132,14.863,15.571,16.642,16.883,17.16,17.285,16.899,16.617,16.298,16.165,15.432,16.124,15.989,15.989,14.863,15.786,16.115,15.58,16.115,17.655,16.738,15.58,13.233,2.14,3.6701,5.5902,6.9636,8.8389,9.6546,9.4715,9.357,9.0646,8.2067,7.8544,5.9179,7.4315,5.2162,6.2715,8.3692,7.8544,9.5705,10.394,12.671,14.616,15.692,17.12,17.563,17.769,18.351,18.943,17.647,16.29,13.713
16.097,18.88,18.88,18.722,19.547,18.643,18.614,17.571,16.502,15.767,15.413,15.621,15.699,15.793,15.852,15.767,16.038,16.624,17.198,17.409,17.455,17.517,18.174,18.241,17.685,16.624,16.105,14.03,11.715,10.654,12.982,14.696,15.586,16.172,15.421,14.549,15.059,15.586,16.527,16.131,16.906,17.143,15.827,16.649,16.105,16.746,16.762,15.586,15.996,15.578,15.656,15.491,15.068,16.527,15.578,16.222,17.128,16.42,15.439,13.63,1.8722,3.6717,5.5198,7.5605,7.2325,9.2452,9.3611,9.9205,8.8427,8.5165,7.8578,6.0556,6.2742,6.3171,6.2742,7.5605,8.3889,9.2452,11.101,11.436,14.258,15.413,16.624,17.882,17.455,18.137,18.359,16.906,15.767,14.769
15.958,18.125,18.707,18.89,19.065,18.644,18.7,16.854,16.759,15.883,14.643,14.268,15.298,15.418,14.956,16.751,17.049,16.074,17.173,17.41,17.257,17.493,17.971,17.971,17.478,16.156,15.674,13.901,12.11,10.187,12.23,15.062,15.272,15.193,15.237,15.682,14.489,15.349,15.958,16.751,15.983,16.799,17.524,16.156,15.623,16.593,16.246,14.715,14.634,15.707,15.85,15.555,15.237,15.027,16.024,16.008,16.854,16.759,14.921,13.228,2.058,3.2541,4.8811,7.2763,7.786,8.3122,9.7078,10.405,9.4592,7.7348,7.3126,7.2032,6.0002,6.0002,6.7673,7.3126,7.9874,9.7078,11.237,12.273,13.118,15.027,15.958,16.987,17.741,17.897,17.86,17.357,15.975,14.156
15.749,17.612,18.794,19.379,19.191,18.418,18.242,17.124,16.799,16.112,15.473,14.615,15.91,15.8,15.404,15.569,15.809,16.63,17.272,17.116,18.004,17.642,17.975,18.271,17.435,16.702,15.775,14.308,12.142,9.9632,13.121,14.97,15.809,15.868,15.543,15.325,15.077,15.749,15.775,16.605,16.726,17.241,17.265,17.497,16.99,16.99,16.278,15.749,16.237,15.077,15.749,15.569,15.473,16.549,16.483,16.475,17.642,16.799,15.877,13.644,2.3195,3.1549,5.5135,7.4261,8.8325,9.9632,10.071,9.7861,9.1908,8.1184,7.0546,7.4803,5.7053,5.6102,6.6421,7.4261,8.6323,9.841,10.904,12.534,13.965,14.934,16.483,17.241,17.847,18.183,18.571,17.241,16.286,14.934
15.982,18.799,19.196,19.048,18.561,18.343,18.069,17.647,17.67,16.117,15.081,15.599,15.425,16.091,15.547,15.915,16.994,17.113,16.835,16.803,17.277,17.152,17.624,17.502,17.176,15.839,15.054,14.17,11.944,10.337,12.666,15.32,15.564,15.839,15.425,15.259,15.081,15.108,16.024,17.246,16.731,17.502,17.129,17.316,17.113,16.553,16.61,15.573,15.982,15.779,16.25,15.126,14.974,14.865,15.915,16.578,17.432,17.191,15.126,13.579,2.3202,3.322,4.7832,6.7445,9.9118,10.428,9.2807,9.0606,9.0606,8.9259,8.0541,5.8005,6.9605,5.7304,6.2688,8.1206,9.1933,10.073,11.705,13.258,14.61,14.452,16.707,16.382,18.401,18.343,18.598,17.987,15.188,15.081
15.65,18.69,19.335,19.246,19.171,18.669,18.059,17.705,16.082,16.115,14.819,15.404,14.926,14.89,14.784,15.751,16.535,16.237,17.912,17.214,16.764,16.89,17.935,17.683,17.563,15.65,15.481,14.239,12.118,10.114,12.366,15.101,16.213,15.65,15.412,14.926,14.89,14.89,15.412,16.439,16.049,16.843,17.728,16.662,16.662,16.049,15.717,15.438,15.249,15.95,16.439,15.54,15.675,15.318,16.115,16.318,17.488,16.63,14.703,12.929,2.0539,3.2878,5.1602,7.1333,9.2566,9.4678,9.551,9.7693,9.0841,7.7191,6.9079,6.2466,6.675,7.4053,6.9839,7.3517,7.702,9.7693,10.916,12.419,14.202,14.926,16.717,18.513,17.883,18.69,18.69,17.253,16.503,13.968
16.106,18.139,18.787,19.946,19.462,18.672,17.613,17.141,16.928,16.098,14.609,14.847,15.862,15.249,15.249,16.272,16.014,17.102,17.117,17.235,17.998,17.117,18.331,18.154,17.328,16.371,16.231,14.406,11.936,9.9729,12.972,15.116,16.231,15.862,15.554,14.747,14.856,14.847,15.743,16.106,16.792,17.658,17.109,17.658,16.824,17.39,15.467,15.589,16.28,15.597,15.537,15.537,15.467,16.197,15.589,15.803,17.39,16.928,15.31,13.688,1.8694,3.7745,5.1847,6.8194,8.9201,8.5508,9.9729,9.8372,8.814,7.7076,7.9141,6.76,5.338,6.9753,7.931,7.3322,8.7987,9.9729,10.937,12.962,14.378,15.415,16.888,17.908,18.549,18.235,19.288,17.636,16.696,15.178
16.516,18.239,18.601,19.192,19.095,18.693,18.122,17.57,16.125,15.724,15.485,14.61,15.102,16.026,15.312,15.614,15.791,16.026,16.843,17.055,17.525,17.57,17.57,17.303,17.342,16.191,15.69,13.502,11.91,9.9098,12.424,15.181,15.52,15.041,15.614,14.664,14.673,15.749,15.892,16.843,16.314,16.613,17.342,16.969,16.796,17.219,16.117,15.892,15.485,15.825,16.395,15.459,16.017,15.485,15.892,16.637,17.079,16.796,14.996,13.263,2.0635,3.0081,5.7678,7.2957,9.3431,9.2284,10.162,9.5125,9.596,8.8155,7.1669,6.7065,6.7065,6.0162,7.7383,8.2542,8.7852,10.635,11.536,13.413,14.996,15.173,16.387,18.283,17.886,18.636,19.025,18.115,16.395,15.52
16.106,18.207,19.597,19.404,18.985,18.295,18.082,17.707,15.989,15.075,15.287,15.075,15.513,16.247,15.539,16.123,15.539,16.902,16.767,16.574,17.97,16.695,18.844,18.557,17.517,16.056,16.247,14.13,12.435,10.21,12.817,15.075,15.947,15.745,15.608,14.504,14.642,14.806,15.331,16.574,16.346,17.402,17.873,16.517,15.745,16.081,16.346,15.651,15.838,15.989,16.574,15.539,15.88,16.247,16.073,16.255,17.609,16.957,15.539,12.973,2.7878,3.3147,6.2978,7.902,8.8461,9.5455,10.672,9.3182,10.051,7.8339,7.466,7.2659,6.9646,6.4033,6.7497,7.7651,9.5455,10.482,12.305,12.521,14.439,16.67,17.873,18.672,18.148,19.217,20.616,18.126,17.402,14.504
15.783,18.428,19.312,19.76,19.081,18.71,18.566,17.56,16.943,16.581,15.429,15.577,15.271,16.711,15.757,16.02,16.581,16.02,16.967,17.07,17.188,17.398,17.651,18.126,16.751,16.614,16.095,14.164,12.551,10.685,13.23,14.968,15.603,15.262,15.611,15.129,14.86,15.568,16.162,16.895,17.125,17.25,17.25,17.022,16.287,16.895,16.41,15.706,15.412,16.12,16.295,15.271,15.842,16.41,16.245,17.25,17.856,16.614,15.577,12.984,2.1396,3.6694,6.2488,7.6619,9.5263,10.43,10.648,11.428,9.9142,8.8827,8.0727,7.3388,8.056,7.3388,8.1226,8.5585,9.6527,11.428,12.476,13.582,15.817,16.22,17.281,19.208,19.137,20.562,19.264,17.894,17.125,15.324
14.411,16.479,17.108,17.009,17.514,17.28,16.851,15.959,15.959,15.191,13.793,14.489,13.762,13.925,13.587,14.411,15.384,14.363,15.005,15.384,16.134,15.95,15.826,16.342,15.274,14.863,13.803,13.102,10.61,9.0651,11.191,13.69,14.015,13.884,14.274,13.357,13.134,13.803,14.634,15.421,15.023,15.421,15.079,14.863,15.665,15.098,14.948,14.096,14.235,14.778,14.778,14.235,14.431,14.235,14.284,15.098,15.746,14.863,13.762,12.213,2.1873,3.8254,5.4618,7.4269,9.0184,9.4897,9.1577,9.7818,8.5044,8.6358,7.4458,5.7382,7.3889,7.2155,6.7936,8.2355,9.9671,9.2647,11.427,12.576,13.772,15.098,15.665,16.75,18.068,17.634,16.851,16.851,15.421,14.567
16.713,19.28,19.944,20.125,19.508,19.182,18.693,17.11,17.59,16.592,15.136,15.461,15.762,15.59,15.029,16.19,16.099,17,16.364,17.689,18.367,17.421,18.101,18.257,17.742,16.873,16.47,13.954,12.231,9.7369,12.997,15.242,16.074,16.729,15.382,14.74,14.849,15.408,15.787,15.999,16.729,16.976,16.976,17.536,16.873,16.462,16.074,16.074,16.713,15.762,15.864,15.582,16.141,16.141,15.547,16.616,17.605,16.976,15.59,13.564,2.7908,4.4581,6.262,7.9276,9.5559,10.57,10.671,10.684,10.208,9.1833,8.6253,7.2739,7.4742,7.7042,7.3291,8.8101,9.0507,10.684,12.535,13.633,15.547,16.364,18.454,18.914,19.287,20.018,19.508,18.381,17.81,15.136
16.108,18.797,18.79,19.249,19.038,18.797,18.392,17.631,17.104,16.471,16.891,16.48,15.907,15.599,16.504,16.108,16.537,16.602,16.867,16.602,17.237,17.661,17.661,18,17.393,16.723,16.108,14.106,11.836,9.7839,13.057,14.639,15.145,15.038,15.677,15.47,14.529,15.771,16.698,17.307,17.12,17.307,17.12,16.795,17.699,16.739,16.471,15.907,15.539,16.569,16.569,15.539,16.241,15.565,16.398,16.755,16.986,17.112,15.118,13.482,2.9333,4.7807,6.6,7.4244,10.5,11.218,9.866,10.293,10.487,9.5615,6.761,6.2441,6.957,7.7087,7.053,9.3482,9.9744,10.69,12.807,13.962,15.599,17.431,17.858,18.739,19.193,19.193,19.847,18.552,17.699,14.612
16.773,19.038,18.752,19.767,19.059,18.896,18.608,17.411,16.972,15.486,15.694,15.711,15.788,15.063,15.267,16.292,15.991,16.716,16.741,16.901,17.162,17.68,18.169,18.412,17.256,17.193,16.716,14.169,11.837,10.498,13.497,15.276,15.788,15.196,15.408,15.373,14.847,15.134,15.788,16.644,16.619,17.922,17.138,17.256,16.813,16.522,16.126,15.573,15.991,16.25,16.101,15.616,15.847,16.3,15.991,16.813,17.193,16.716,15.788,13.306,2.9365,5.191,6.7683,8.5613,9.5718,10.802,9.8766,11.036,9.3438,9.5436,7.4324,6.0759,7.0606,7.8038,6.9257,8.8095,9.9174,10.238,12.339,14.627,16.415,16.025,17.45,19.087,19.045,18.874,19.27,18.287,17.075,14.756
16.52,18.395,19.545,19.819,19.545,19.511,18.055,17.448,16.771,16.023,15.266,16.29,16.496,15.406,14.863,16.124,16.116,16.29,17.625,16.739,17.625,17.136,18.432,18.751,17.136,16.561,16.249,14.57,13.1,10.9,13.233,15.115,15.88,15.432,15.606,14.431,15.088,14.699,15.606,16.899,16.099,16.883,17.655,17.254,16.715,16.099,16.249,16.116,16.29,15.786,16.715,15.195,15.786,15.606,16.166,16.811,17.648,16.487,15.58,13.007,3.2827,4.6425,6.7676,8.2069,9.3573,10.024,11.108,11.096,9.9706,8.8391,7.7162,6.3145,6.5655,7.6637,7.9399,8.4495,9.285,10.587,11.836,13.654,15.159,16.389,17.563,19.043,18.226,19.587,20.269,18.894,17.184,14.845
15.983,18.344,18.75,18.599,19.503,19.64,17.709,17.247,17.64,16.578,16.407,15.259,15.189,16.546,15.608,16.9,16.708,16.489,17.129,17.247,17.671,18.189,17.671,18.277,17.433,17.395,15.916,14.425,12.112,10.074,12.719,15.426,15.478,15.78,14.647,15.127,14.611,15.686,16.292,16.159,16.603,17.671,16.732,17.433,17.129,17.317,16.546,16.635,16.708,15.478,15.548,15.548,15.754,15.686,15.78,17.129,17.747,16.407,15.153,13.698,3.113,5.6121,7.0569,9.1938,8.8354,10.39,11.379,10.582,9.9665,9.4679,7.374,7.3374,6.5628,7.374,7.9027,7.8514,10.299,11.006,12.101,13.126,15.321,15.916,16.964,19.077,18.599,19.253,19.865,18.793,17.176,15.055
16.277,18.152,19.02,19.488,19.252,19.02,18.467,17.185,16.933,17.24,16.285,15.867,15.567,15.253,15.12,15.42,16.628,17.24,17.114,17.602,18.159,17.271,17.702,17.122,17.883,17.059,15.875,14.089,12.063,10.578,13.293,15.147,15.182,15.773,15.323,14.447,14.447,15.323,15.909,16.701,17.387,17.633,17.387,17.263,16.725,16.111,16.482,16.277,16.4,16.01,15.602,15.748,15.773,15.976,16.018,17.059,17.883,17.333,15.696,14.108,3.1117,5.1341,7.4255,8.6936,10.641,11.515,11.099,10.692,9.7439,9.1899,7.7793,6.245,6.6415,7.054,7.2791,8.9226,9.0573,10.501,12.327,13.78,14.851,16.277,18.211,18.092,19.126,19.467,19.363,18.799,17.122,16.482
16.392,18.669,20.715,19.541,19.513,19.124,19.368,18.408,17.231,16.269,15.766,14.961,15.868,16.078,15.901,16.466,16.368,16.693,16.717,16.877,18.15,17.609,17.693,18.342,17.632,16.693,16.236,14.262,11.821,10.496,12.959,15.042,16.011,15.113,15.791,14.634,14.853,15.464,15.868,16.596,17.231,17.138,17.255,17.098,16.203,16.861,16.078,15.969,15.464,16.269,16.466,15.594,15.464,16.103,16.145,16.596,18.054,16.596,15.901,13.124,3.0226,4.2746,6.2635,8.6274,9.3881,10.636,10.898,10.289,9.9711,9.5301,8.3585,7.8956,7.3674,7.2572,7.4219,8.0972,9.3451,11.381,13.114,13.478,15.307,16.095,16.98,19.236,19.011,19.264,19.739,18.783,17.231,15.386
17.249,18.601,19.533,19.374,19.506,19.97,18.81,17.734,17.249,16.966,15.084,15.262,15.402,16.22,15.576,16.253,16.942,17.069,17.187,17.734,17.443,17.249,18.346,18.125,18.162,17.195,15.402,14.622,11.98,10.698,12.626,14.941,15.428,15.129,15.688,14.474,14.75,15.602,16.548,17.132,16.878,16.605,17.343,17.195,15.756,17.443,16.75,16.12,15.367,15.816,16.095,15.816,15.602,15.481,16.22,16.894,17.132,16.998,15.323,13.531,2.2015,4.7841,6.6046,8.0556,9.54,10.946,11.093,10.3,10.909,8.8062,8.8823,7.6616,7.2089,7.2832,7.2276,8.8214,9.5682,11.032,12.983,12.114,14.566,15.816,16.605,17.628,17.833,19.311,19.263,18.938,17.436,15.129
16.116,18.401,18.792,19.09,19.824,18.885,18.792,17.746,16.675,16.891,16.216,15.573,15.915,16.249,15.881,16.488,16.939,17.246,17.44,16.939,18.247,17.269,17.401,18.423,17.394,16.488,16.024,14.094,12.156,10.582,13.001,15.081,15.126,15.425,15.054,15.045,15.188,15.399,16.406,16.577,16.939,17.246,16.406,17.246,16.939,16.707,17.246,16.406,16.158,15.425,16.381,15.573,15.126,15.915,16.024,16.747,17.176,16.939,15.642,13.969,2.6454,4.7831,7.2818,8.6346,9.6921,10.219,10.505,10.993,10.907,9.2807,8.054,7.337,7.2261,7.2261,6.7644,9.0605,9.5663,11.378,12.494,12.666,14.856,16.283,17.394,18.343,19.027,19.721,19.224,18.158,16.577,15.425
16.884,18.741,19.376,18.791,19.713,19.292,18.848,18.268,17.494,16.603,15.635,16.151,15.074,15.874,15.831,16.884,17.121,16.796,17.011,17.753,17.662,17.7,18.061,17.494,16.931,16.931,15.772,13.954,11.479,10.293,12.881,15.101,15.101,15.874,15.048,15.039,15.119,14.832,16.374,16.546,16.74,17.176,16.399,17.168,16.538,17.121,16.884,16.724,15.975,15.6,15.797,15.119,15.252,15.313,15.746,16.7,17.394,17.308,15.471,13.73,2.3192,4.9197,7.0534,8.8311,9.1892,11.171,10.902,9.8393,10.678,9.5621,8.584,6.641,7.7959,7.2043,7.7092,8.8158,9.6461,11.7,12.755,14.268,15.322,15.908,16.955,18.531,18.99,19.299,19.124,19.376,17.609,15.471
16.783,18.576,19.451,19.424,19.698,19.004,18.727,18.255,16.783,17.108,15.76,15.963,15.963,15.963,15.666,16.362,16.263,16.468,16.974,17.225,17.846,17.626,18.196,18.401,17.171,16.59,15.589,13.72,11.817,10.377,13.562,15.407,15.794,15.76,15.108,14.748,14.602,15.24,15.76,16.727,16.919,17.898,16.687,17.71,16.122,16.097,16.855,16.072,16.139,15.108,15.862,15.623,15.546,16.197,15.546,16.59,17.831,16.743,15.623,13.681,3.2773,4.7775,7.0482,9.0498,10.325,10.992,10.894,10.493,10.181,8.8093,8.0445,7.3283,6.4097,7.8929,7.3283,8.87,10.364,11.078,13.079,13.211,15.134,16.655,17.958,19.236,18.976,19.173,20.741,19.068,17.71,15.407
16.785,19.182,19.259,19.112,19.453,19.182,17.96,17.628,16.857,16.074,15.461,16.364,15.821,16.232,15.065,16.873,16.584,16.19,17.173,17.727,17.893,17.413,18.257,17.605,17.11,16.388,15.897,13.828,11.727,10.481,13.049,15.136,15.59,15.091,15.668,15.171,14.849,15.242,15.999,16.944,16.745,17.157,17.727,16.976,17.483,17.251,16.592,15.787,16.47,16.729,16.388,16.273,15.461,15.556,16.124,16.592,17.11,17.047,15.762,13.454,2.6425,5.3356,7.4201,8.8254,9.5278,10.57,10.932,10.821,10.494,8.8558,7.9106,6.2405,6.953,7.4201,7.7909,8.6873,10.009,10.821,13.243,13.633,15.242,15.855,17.413,18.729,19.027,20.211,19.863,19.425,17.094,15.796
16.05,18.181,19.063,19.954,19.459,18.509,18.276,17.606,17.066,16.485,15,16.149,16.614,15.508,15.722,16.428,16.224,16.55,17.576,17.825,17.802,18.335,18.151,17.922,17.697,16.485,15.369,13.179,11.788,10.454,12.923,15.053,15.369,15.924,15.551,15.071,15.273,15.071,16.033,17.184,16.901,17.583,18.335,17.377,17.184,17.059,16.453,16.033,16.1,16.574,16.485,16.1,15.924,15.645,15.823,17.066,17.369,17.184,15.212,13.25,3.0142,5.7794,8.0747,8.8333,10.543,10.99,11.478,11.183,10.954,8.7878,7.9075,6.2246,7.5266,7.4013,8.415,9.4331,10.261,11.559,13.047,14.803,16.232,17.184,18.674,19.67,19.86,18.965,21.314,19.752,18.181,14.991
15.315,16.78,18.073,18.58,17.83,16.62,16.856,16.112,14.484,14.484,13.266,14.337,15.388,14.366,13.929,14.129,14.571,14.753,15.425,16.139,15.954,15.777,16.458,16.922,15.616,14.715,15.204,12.779,11.782,9.083,12.1,13.266,15.498,14.867,14.278,13.807,13.929,13.797,13.929,14.677,14.435,15.83,17.575,15.102,15.388,14.638,14.366,14.753,14.801,14.288,14.981,14.099,14.867,15.093,14.337,15.009,16.856,15.425,14.484,12.124,3.5596,4.8922,7.653,8.1172,8.8316,10.068,10.573,9.5662,8.7515,7.8348,7.5976,6.4117,6.3897,6.9794,7.5043,7.9596,8.8951,10.926,12.422,13.266,14.493,14.6,16.39,18.633,18.328,19.022,19.22,17.671,17.284,13.888
15.77,18.874,19.36,19.711,20.009,19.36,18.789,18.156,17.599,17.143,15.417,16.207,15.872,15.18,15.974,16.985,17.103,16.985,17.607,17.26,17.88,17.637,17.91,18.037,17.546,17.111,16.016,14.857,11.407,10.677,13.004,15.469,15.693,15.77,16.083,15.417,15.538,15.599,16.479,16.953,16.953,17.43,17.91,16.754,17.119,16.866,17.111,16.149,17.182,15.974,16.372,15.676,15.469,15.83,15.974,16.698,17.637,16.985,16.016,13.699,3.7749,5.6087,8.3125,9.5329,11.133,11.419,11.756,12.205,10.938,9.6868,9.3478,7.7951,7.4782,9.4621,8.3125,10.37,10.938,12.238,13.128,14.675,16.479,17.736,18.782,19.464,19.731,19.847,21.803,20.46,18.266,15.59
16.726,19.218,19.134,18.879,19.523,19.851,18.621,18.417,18.241,17.634,16.758,15.91,15.394,16.286,15.774,17.241,17.914,16.934,17.388,17.702,18.004,18.271,18.004,17.884,17.55,17.06,15.68,14.531,11.838,10.373,12.544,15.594,15.834,15.254,15.602,15.542,14.614,15.977,16.702,17.241,17.241,17.634,17.241,17.311,18.381,16.702,17.311,16.136,16.086,15.876,15.977,15.774,15.42,15.103,16.475,17.388,17.434,17.434,15.05,13.917,2.9339,5.2123,7.0543,9.6891,10.578,12.152,12.458,11.375,11.974,10.295,8.4429,8.2005,8.2005,8.8322,8.8626,9.9628,10.373,11.758,13.131,15.394,16.103,16.475,17.241,19.496,20.04,21.163,20.254,19.42,17.396,15.977
15.193,16.886,17.953,18.148,17.732,16.978,16.524,15.996,15.495,14.893,13.926,13.835,15.025,14.893,14.597,14.236,14.597,14.481,15.774,14.95,16.275,15.676,16.651,17.126,15.917,15.386,15.016,12.578,11.154,8.8302,12.098,13.506,14.941,14.597,14.127,13.957,13.835,13.64,13.835,14.941,15.202,15.604,16.136,15.468,14.893,15.081,14.335,14.256,14.335,14.276,14.481,14.007,14.799,15.016,14.568,15.423,16.456,15.303,14.741,11.923,3.7516,5.2522,7.5964,9.0661,10.504,10.136,10.743,10.743,9.5647,8.5713,7.1181,7.5964,7.1379,7.725,7.976,8.2875,9.6087,10.531,12.306,13.589,14.481,15.081,17.58,17.636,17.58,17.835,18.75,17.708,16.66,14.413
14.743,16.389,17.582,18.025,18.419,18.111,16.475,15.669,15.714,15.497,14.366,14.258,14.942,14.57,14.434,14.366,15.008,15.424,15.497,15.615,16.042,15.615,16.389,16.138,16.242,14.867,14.009,12.612,11.343,9.5657,12.111,13.765,14.366,14.258,13.837,13.928,13.796,13.528,13.958,15.47,15.101,15.424,15.962,15.606,15.424,14.676,14.952,14.599,14.434,14.743,14.676,14.336,14.336,14.752,14.483,15.176,15.927,15.083,13.928,12.006,3.5594,5.463,7.4475,8.6377,10.303,9.2667,11.155,10.572,9.7407,8.7832,7.2171,7.5414,7.0792,7.1189,7.8881,9.2667,9.9693,10.926,11.971,13.59,14.483,15.497,15.927,18.15,18.165,19.131,18.327,17.502,16.173,13.928
16.102,19.477,19.758,19.594,19.866,19.059,19.01,18.37,17.623,17.539,16.748,16.001,15.411,15.765,16.202,16.391,16.876,17.971,17.385,17.692,17.896,17.416,18.406,18.341,18.208,16.979,16.001,14.033,11.82,9.9028,13.517,15.533,16.143,16.193,15.858,14.951,15.253,15.671,16.276,16.53,17.654,17.608,17.113,17.963,17.424,17.424,16.692,16.884,16.716,15.858,15.55,15.688,15.765,16.595,15.765,16.659,17.424,17.16,15.688,13.957,4.1789,6.067,7.7923,10.686,10.983,11.967,11.648,10.897,10.289,10.418,8.5013,8.374,9.1849,8.4379,8.1956,9.1849,11.213,12.023,14.005,13.517,16.193,16.788,18.457,18.917,20.446,19.477,20.453,20.162,18.523,16.53
15.977,18.879,19.197,19.19,19.606,19.53,18.993,18.417,18.063,16.605,16.203,15.697,16.475,16.758,16.078,17.013,17.311,16.989,17.74,17.861,17.914,17.725,17.914,17.914,17.241,17.434,15.697,14.013,11.85,9.9087,12.831,15.748,16.153,15.559,16.153,16.086,15.42,15.774,17.264,17.06,17.434,17.396,16.989,17.123,16.103,17.642,16.572,15.748,15.977,16.153,16.54,16.211,15.394,14.933,16.957,16.758,17.434,16.886,15.076,13.732,3.6674,5.586,7.7797,9.393,11.422,11.974,12.295,11.327,11.172,10.19,9.2342,8.2983,7.8998,8.632,9.1904,9.5352,10.68,12.544,12.841,15.594,16.203,17.756,17.846,19.021,19.926,20.254,19.197,19.749,18.879,16.483
16.984,18.978,19.405,19.621,19.986,19.628,19.684,17.553,17.553,17.303,16.619,16.396,16.815,16.128,16.321,16.586,17.072,17.224,17.967,17.263,18.476,17.876,18.395,18.238,17.669,17.428,16.246,13.096,11.464,9.9349,13.292,15.366,15.648,16.388,15.708,15.034,15.357,15.665,15.984,16.717,17.553,17.287,17.104,17.738,16.685,17.224,17.049,16.709,16.512,16.018,15.708,15.665,15.665,16.512,16.717,17.295,17.861,17.669,15.674,14.262,3.6923,6.8082,8.2562,10.903,11.272,11.594,11.272,11.464,11.404,9.5999,8.5641,7.9876,7.9534,8.9837,9.3408,10.139,11.452,12.19,14.011,15.428,16.595,17.967,18.306,19.938,20.391,20.69,22.086,19.883,18.718,16.313
14.859,17.34,17.788,17.661,18.063,17.397,16.475,16.165,15.919,15.075,15,14.736,14.485,14.427,14.427,14.793,15.196,15.462,15.768,16.381,16.225,16.771,16.13,16.034,15.307,15.187,14.231,12.827,10.933,9.262,11.918,14.001,13.951,13.921,14.319,13.88,13.427,13.83,14.092,15.27,14.736,15.307,15.168,15.389,15.67,15.196,15.085,14.669,14.859,14.669,14.669,14.231,13.521,14.151,14.563,15.187,15.919,14.774,13.521,12.094,3.0924,5.5369,7.5934,9.779,10.66,11.473,11.449,10.46,9.9076,8.8267,7.4437,7.2134,7.8304,7.5002,7.8304,8.8267,10.62,10.933,11.776,13.83,14.935,15.416,16.645,16.855,18.448,18.032,18.683,18,16.338,13.921
16.466,18.767,19.696,20.497,20.497,19.552,19.108,18.552,18.399,16.813,15.587,16.466,16.466,16.385,15.792,16.709,17.409,16.972,17.828,17.593,18.127,18.494,17.828,18.319,17.223,16.195,15.758,13.689,11.928,9.776,13.21,15.106,15.961,15.733,15.587,15.309,14.627,14.746,16.261,16.972,16.685,16.781,17.409,17.13,17.843,16.941,16.741,16.458,16.466,16.261,16.195,15.792,15.544,15.405,16.612,16.853,17.685,17.616,15.379,13.951,4.4269,6.9127,8.8234,9.5538,12.617,12.14,11.411,11.363,10.991,10.631,9.8581,7.9089,8.11,7.9258,9.2686,10.219,11.076,12.085,13.999,14.405,16.095,16.869,19.234,18.045,20.738,20.392,21.091,19.798,17.723,16.709
16.855,19.329,19.924,20.376,20.104,20.104,18.987,17.949,16.863,16.927,15.514,16.256,16.51,16.057,16.215,16.518,16.696,17.587,17.633,18.031,17.724,18.537,18.987,18.537,17.465,16.855,16.599,14.385,12.042,9.63,13.55,15.332,16.248,16.207,15.72,15.049,15.297,14.942,15.949,16.575,16.124,17.21,18.824,17.21,17.092,16.478,16.639,15.805,16.248,16.074,16.672,15.566,15.746,16.182,15.805,16.575,18.12,16.575,16.256,13.55,4.4535,6.2341,8.8011,10.66,11.176,11.401,12.425,12.468,11.401,9.0563,8.5383,8.0371,8.4277,7.8344,7.7829,10.052,10.81,11.806,13.678,15.094,16.575,17.092,18.674,20.708,19.406,20.734,21.546,19.816,19.092,16.215
15.4,17.191,18.244,18.206,19.108,17.555,17.297,16.112,15.805,15.4,15.363,14.918,14.729,14.026,14.026,15.473,15.4,15.363,15.902,15.363,16.431,16.112,15.902,16.5,15.59,14.928,14.215,12.288,10.921,9.5945,12.185,13.538,14.928,14.547,14.729,13.287,13.986,14.026,14.264,14.956,15.4,16.138,15.751,15.653,15.445,14.729,15.17,14.547,14.576,14.411,15.18,14.136,14.411,14.984,14.255,14.918,15.902,15.17,14.392,12.592,3.1786,4.8842,7.7136,8.8806,10.516,10.714,10.909,10.556,9.4768,8.7372,7.6405,6.3793,7.822,7.5852,8.0169,8.2922,9.7397,10.727,12.813,13.106,14.106,15.17,16.32,17.989,18.012,18.105,18.812,17.61,16.961,14.614
15.15,17.679,18.425,18.539,18.041,18.079,17.472,16.582,16.429,14.926,14.574,14.458,14.916,14.717,15.066,15.15,14.458,15.15,15.97,15.802,15.926,16.11,16.455,16.318,15.075,14.916,14.253,12.888,10.725,8.541,12.009,14.024,15.075,14.727,13.772,13.505,12.713,13.863,14.311,14.982,14.869,16.11,15.9,16.11,15.873,15.651,15.168,14.074,15.398,14.074,14.717,14.134,14.545,15.168,14.262,14.574,16.084,15.398,14.545,12.411,3.0886,5.8266,7.3587,9.5491,9.6659,10.447,10.23,10.554,9.2658,9.1439,7.8208,7.3777,7.067,7.8744,7.584,8.7359,9.5491,10.647,12.501,13.411,14.841,15.066,16.9,17.424,18.103,17.924,19.599,18.079,17.082,13.741
15.384,17.065,18.845,18.317,18.379,17.533,17.427,16.728,15.749,15.522,14.082,15.16,15.095,14.401,13.858,14.81,14.867,15.085,15.685,15.567,16.66,16.42,16.737,16.558,16.035,15.048,14.352,12.271,11.091,8.5449,11.978,13.704,14.704,14.548,14.072,14.021,14.072,13.899,14.322,15.01,15.151,15.685,16.728,15.901,16.026,15.095,14.924,14.342,14.636,15.019,15.17,14.781,14.548,15.01,15.085,15.384,16.728,15.085,14.934,12.166,2.8704,5.7407,7.9952,9.2012,9.609,10.727,11.641,10.793,9.8283,8.5946,8.1186,7.1113,6.7842,7.6316,7.538,7.9238,9.7266,10.727,12.306,12.67,14.072,15.848,17.164,18.216,17.427,19.107,19.218,18.564,16.351,14.742
16.607,19.496,20.376,19.924,20.675,20.073,18.646,19.669,17.969,17.345,16.376,16.108,16.5,16.334,16.73,17.439,16.77,17.116,17.345,18.173,18.292,18.083,17.771,18.262,16.996,16.184,15.972,14.175,11.921,9.5217,13.303,15.195,15.964,15.514,15.732,15.654,14.647,15.168,16.77,16.988,17.771,18.113,17.771,17.725,16.859,17.969,17.06,16.673,17.036,15.844,15.662,15.697,16.209,15.869,16.209,16.843,17.833,17.439,15.792,14.194,4.0753,6.4541,7.4708,10.357,11.264,11.921,11.726,10.251,10.757,10.488,7.7041,7.5973,6.9615,9.5929,8.8704,10.131,11.586,12.181,13.466,14.758,16.803,16.476,19.25,20.884,20.556,20.41,21.94,20.695,18.668,17.092
17.381,19.546,20.225,20.396,20.643,20.277,18.963,18.97,18.273,17.806,16.842,15.347,15.589,16.834,15.751,16.351,17.125,17.055,17.648,17.769,17.686,17.701,18.008,17.851,16.937,16.706,15.312,13.182,12.676,9.9323,13.081,15.425,15.726,15.347,15.7,15.726,15.312,15.827,16.618,17.188,17.61,17.281,17.949,16.937,16.961,17.071,17.219,16.578,16.153,15.928,16.65,15.751,15.7,15.52,16.834,16.778,18.156,17.008,15.76,13.253,3.9378,5.7808,7.2572,9.3213,11.445,11.791,12.334,11.993,10.659,9.3213,8.0932,8.3372,7.773,8.3372,10.263,9.3213,10.907,12.29,13.922,15.494,16.521,17.587,18.324,19.655,21.123,21.256,22.131,20.689,19.075,17.071
16.467,19.097,20.415,20.6,20.6,20.652,20.12,18.542,17.827,17.081,16.442,16.467,16.168,16.084,16.606,17.192,17.735,16.696,18.076,17.773,18.136,18.344,18.053,17.811,18.285,16.176,15.622,13.579,12.345,10.722,13.173,15.421,15.535,15.535,14.911,15.386,15.604,15.811,16.541,17.176,17.956,18.314,17.773,18.314,18.344,17.466,17.62,16.549,17.057,15.811,16.549,16.343,15.863,15.863,16.151,17.025,17.057,17.184,15.897,14.06,4.8008,7.0826,8.8676,10.621,10.544,11.562,12.156,11.42,10.948,10.003,8.8523,7.9485,7.7411,9.5734,9.1089,10.257,11.702,12.808,14.327,14.673,16.467,17.466,19.629,20.114,21.254,22.025,21.752,20.913,18.586,16.962
17.551,19.615,20.665,20.465,19.918,20.124,19.265,18.497,17.792,16.902,15.786,15.727,16.52,15.795,16.029,16.8,16.926,17.574,17.882,17.574,18.374,18.126,18.782,18.126,17.882,17.152,15.488,13.623,11.968,9.4864,13.416,15.176,16.004,15.48,16.293,14.884,14.53,15.693,16.029,17.036,16.902,17.792,18.604,17.152,17.529,17.152,16.616,16.021,17.082,17.082,16.52,15.896,16.071,16.054,16.004,16.784,18.089,17.036,15.719,13.623,4.1601,7.1869,8.272,10.242,11.913,12.265,12.47,11.913,10.885,10.625,8.3201,8.0601,8.6496,8.5412,8.0601,11.269,11.317,12.48,14.892,15.48,16.544,18.06,18.583,21.212,20.229,21.474,22.23,21.406,19.716,16.52
14.877,17.751,18.901,18.611,18.308,17.633,17.442,16.789,15.402,13.987,14.371,14.42,14.961,14.792,14.225,14.65,15.036,14.886,15.707,15.831,16.206,16.094,16.094,16.041,15.11,15.321,14.952,12.288,10.619,8.7448,11.67,13.634,14.65,14.612,13.867,13.746,13.207,13.987,14.371,15.645,15.681,16.275,16.706,15.893,16.067,15.357,14.83,14.574,15.33,14.215,14.303,14.371,15.128,14.952,14.506,15.11,15.858,15.538,14.429,12.047,3.846,6.0235,7.564,10.526,10.84,10.684,10.258,10.697,9.4504,10.024,7.5085,8.4692,7.9244,7.6921,7.9946,10.093,9.6405,11.872,13.469,14.225,15.645,15.681,17.633,18.07,19.019,19.483,20.248,18.723,17.946,14.877
15.7,17.578,17.991,18.333,18.171,18.333,17.179,17.359,16.491,15.808,15.048,14.6,14.667,14.395,13.956,15.048,15.565,15.808,16.559,16.171,16.619,16.275,16.092,15.455,15.951,15.207,13.803,12.638,10.634,8.8009,12.136,13.865,14.037,14.187,13.793,13.956,13.618,14.395,15.038,15.986,15.637,16.266,16.232,15.995,15.455,15.808,15.565,15.048,15.132,14.522,14.773,13.986,14.306,14.925,14.286,14.887,15.808,15.565,13.555,12.772,3.8707,7.2317,7.9041,9.7023,10.766,10.948,10.594,9.7604,10.088,9.0854,7.6681,7.993,7.9753,8.8009,8.5732,10.032,10.766,12.275,13.587,14.187,15.455,16.559,17.706,18.202,18.609,19.089,19.273,19.266,17.578,15.455
15.511,17.655,18.065,19.311,18.619,18.436,17.07,17.421,16.074,15.791,14.909,15.041,15.022,14.766,14.032,14.584,15.319,15.629,15.62,16.013,16.257,16.153,17.103,16.49,15.692,15.218,14.956,12.534,10.949,8.3975,12.111,13.9,14.506,14.032,14.584,13.404,13.655,14.3,14.448,15.915,15.292,16.179,16.669,16.292,16.153,14.909,15.097,14.956,15.031,15.466,15.218,14.795,14.795,15.208,15.115,14.994,16.404,15.439,14.022,11.792,4.5687,6.3953,7.3783,9.0755,11.354,10.897,10.741,10.312,9.7931,8.7107,7.9665,6.8014,7.8954,7.8954,8.6457,9.4112,10.936,11.44,13.117,14.251,15.791,16.396,18.151,18.837,19.245,19.999,20.28,19.068,17.3,15.466
15.685,17.332,18.671,18.97,18.903,18.08,18.08,16.593,15.757,15.97,15.211,14.807,14.873,15.099,14.577,15.201,15.183,15.54,15.837,15.477,16.516,15.404,16.25,16.482,15.477,14.759,14.873,12.585,11.484,9.4962,11.929,13.596,14.683,14.294,14.75,14.055,13.843,14.577,15.09,15.099,16.25,16.491,16.669,15.934,15.284,15.431,15.685,14.987,14.987,14.244,14.949,14.244,13.934,15.201,14.788,14.949,15.926,14.949,14.987,12.313,4.2799,6.6516,9.0245,10.252,10.749,10.63,10.307,10.577,9.9738,8.755,8.3935,8.0332,8.2922,8.1205,8.3935,9.4515,10.736,12.105,13.367,14.015,15.622,16.396,18.142,20.011,19.14,20.235,20.73,18.336,18.173,14.958
15.18,17.842,18.24,17.675,18.325,17.842,17.289,17.329,16.282,15.673,14.805,14.341,14.37,14.68,14.785,15.199,15.673,15.61,16.204,16.479,16.394,16.116,16.394,16.658,15.61,15.61,14.341,12.838,10.929,8.8337,11.785,13.8,15.097,14.642,14.341,13.932,13.81,14.642,15.401,15.923,16.666,17.092,16.238,16.488,16.351,16.143,15.834,15.958,15.392,14.487,14.871,14.163,14.023,14.438,14.242,14.947,15.61,15.392,14.291,12.219,4.8934,6.4571,8.3922,10.89,10.21,10.929,11.247,10.251,10.455,9.2695,8.2397,7.5436,8.032,9.7436,8.6403,10.21,11.045,12.493,13.109,14.603,15.673,16.116,17.802,19.473,17.96,19.174,19.646,18.967,17.644,15.61
17.881,19.901,21.008,20.782,20.671,19.873,19.982,18.555,17.904,17.415,16.558,16.129,15.851,16.263,16.623,16.905,17.26,17.569,17.904,17.454,19.042,18.232,17.904,18.061,18.136,16.952,15.376,14.323,11.61,9.974,13.718,15.715,16.221,15.885,15.697,15.376,15.792,15.611,17.032,17.516,18.113,18.613,17.569,18.721,17.516,18.113,17.26,17.26,17.142,16.229,16.558,15.792,16.296,16.501,15.817,16.72,17.934,17.76,15.49,13.981,4.4363,6.7499,8.1105,10.397,12.11,11.61,11.852,12.155,11.148,10.082,9.186,8.4524,9.2882,9.974,10.028,11.209,13.299,13.51,15.438,15.792,17.008,17.631,19.274,20.853,21.136,21.912,21.739,20.795,19.323,17.142
15.465,18.165,18.404,19.477,18.056,18.064,17.654,16.394,15.79,15.291,14.727,14.689,14.765,15.021,14.727,14.993,14.794,15.438,15.79,16.667,16.878,16.403,17.002,17.102,15.914,15.207,14.65,12.398,11.165,8.5632,11.756,13.787,14.65,14.955,13.849,13.787,13.94,13.849,14.29,15.41,15.79,16.497,17.002,16.769,15.105,16.36,14.955,15.04,14.879,14.689,15.021,14.031,14.447,14.505,14.299,15.207,15.843,15.438,13.899,12.534,4.2816,6.1933,8.2955,9.5592,10.688,10.948,11.253,9.7491,9.9212,9.2747,7.5479,7.0853,8.6452,9.574,9.0438,9.3955,10.832,12.122,13.787,14.25,15.114,16.394,17.654,18.289,19.192,20.075,20.208,19.309,17.813,14.879
15.482,18.164,18.549,18.472,18.586,18.063,17.653,17.027,16.359,14.954,14.765,13.899,14.649,15.409,14.992,14.793,14.992,15.29,16.151,16.29,16.624,16.488,16.675,16.539,15.789,14.954,14.611,12.855,10.433,9.0433,12.133,14.02,14.582,14.726,13.57,14.06,13.776,14.446,14.755,16.125,16.151,15.843,16.943,16.125,15.546,16.359,15.02,14.765,15.482,14.765,14.907,14.289,14.348,14.649,14.907,14.765,15.975,14.611,14.289,12.26,5.0098,6.4166,7.4535,10.215,10.753,11.165,11.265,10.146,9.4549,9.7919,8.2951,7.9833,8.3965,8.0886,8.5133,9.3951,11.265,12.533,13.318,14.289,16.072,16.59,18.063,18.79,18.434,19.476,19.962,19.184,17.812,14.348
15.482,17.811,19.014,18.594,18.495,18.334,16.943,16.488,16.054,15.482,14.289,15.436,15.842,15.104,14.688,15.509,14.907,15.789,15.94,15.842,16.496,16.186,17.026,16.522,15.482,15.317,14.992,12.499,10.541,8.758,11.791,13.539,15.029,13.848,14.289,13.817,14.348,14.494,14.878,15.789,15.681,16.29,17.158,16.177,15.966,15.842,15.206,15.029,14.954,15.113,15.216,14.298,14.348,14.954,14.649,14.907,15.618,15.789,14.688,12.431,4.2813,6.4821,8.3963,9.6174,10.145,10.674,11.202,10.215,10.019,8.5626,7.8943,6.9238,7.8943,8.5626,8.2438,9.274,10.215,11.352,12.964,13.969,15.509,15.482,18.024,19.301,18.586,19.191,20.512,19.755,18.086,15.317
15.733,18.094,18.071,18.257,18.783,18.187,17.54,16.495,17.133,15.471,14.588,14.588,14.452,15.489,14.97,15.982,15.947,15.625,15.947,16.495,16.673,16.253,16.262,15.947,16.193,14.818,13.945,12.794,10.315,9.3989,11.357,13.196,14.026,13.659,14.026,13.854,14.026,14.501,15.516,16.158,16.366,16.546,15.625,16.546,15.471,15.769,16.495,15.489,15.213,14.771,14.96,14.354,14.383,14.354,14.885,14.694,15.471,15.471,14.295,12.115,3.8676,6.8034,8.1267,9.5774,9.882,10.678,11.055,10.952,9.9815,9.278,9.0314,7.9866,8.1093,7.7353,8.0394,10.518,11.169,11.7,12.794,14.026,15.489,16.193,17.009,18.442,18.342,19.505,19.97,18.602,17.133,15.938
17.773,20.675,21.342,21.537,20.459,20.307,19.543,18.355,17.682,17.413,16.491,16.589,16.774,17.006,16.302,16.564,16.758,17.187,17.743,17.743,18.574,17.901,19.508,18.413,17.567,16.564,16.645,13.706,12.153,9.9184,13.02,15.091,16.119,16.589,15.789,15.118,15.618,15.789,16.26,16.564,17.841,19.216,18.754,18.726,17.187,18.059,16.564,16.302,17.289,16.102,16.219,16.227,16.293,17.077,16.027,17.077,18.163,17.164,16.621,13.745,4.6435,7.0613,9.3592,11.85,10.952,11.527,11.11,10.902,9.9726,9.0666,8.126,8.5935,8.8865,9.7954,9.7954,10.435,11.386,12.632,14.848,15.488,16.718,17.257,19.508,21.184,21.19,21.593,23.13,22.105,20.727,16.814
15.94,17.372,18.096,19.024,18.83,18.657,17.11,16.133,15.491,14.962,14.734,14.619,15.298,14.972,14.962,15.445,14.915,15.196,16.019,15.518,15.975,16.194,16.48,17.011,15.335,14.801,14.887,12.763,11.17,9.0481,11.797,13.814,14.434,14.296,14.59,13.855,14.59,14.454,14.59,15.851,15.554,16.368,17.077,15.445,15.298,15.922,15.122,15,15.215,15.122,15.224,14.962,14.59,14.306,14.148,15.472,16.299,15.326,14.385,12.232,3.757,5.9404,8.401,9.4001,9.6227,10.693,10.954,10.837,9.2944,8.9066,7.3814,7.8987,9.0948,8.2995,8.5673,9.4151,10.954,11.271,13.609,14.385,15.445,16.019,17.348,18.344,19.046,19.486,20.53,19.194,17.979,15.445
16.017,17.587,18.715,18.594,18.094,18.257,17.345,17.074,16.262,15.406,14.353,15.026,15.035,15.488,14.875,15.849,15.552,15.768,15.982,16.631,16.296,16.883,16.477,16.157,15.47,15.194,13.812,13.408,10.691,8.7131,11.879,13.544,14.146,14.432,13.544,13.853,14.146,14.304,14.969,16.477,15.795,16.631,15.982,16.799,15.849,15.92,15.982,14.96,15.946,14.588,14.294,14.383,14.451,14.818,14.035,14.96,15.624,15.443,14.025,12.322,3.7565,6.3971,7.2257,10.08,10.149,10.638,10.149,9.6213,9.3987,8.5165,8.3997,8.0917,8.1265,7.513,8.3153,10.744,10.9,11.699,12.448,13.975,16.061,15.849,17.402,18.684,18.418,18.782,19.534,19.483,18.349,16.157
15.461,17.649,18.307,18.16,18.906,18.59,17.269,17.553,16.182,15.963,15.017,14.374,15.092,14.491,14.296,15.026,15.723,14.875,15.723,15.615,16.147,16.493,16.355,17.097,15.433,15.624,14.646,12.764,10.945,8.8999,11.978,13.515,14.443,14.296,14.027,14.167,14.027,14.443,15.433,15.972,15.91,15.785,16.174,16.467,15.936,15.768,15.406,14.685,14.951,15.026,15.461,14.296,14.107,14.491,14.608,14.96,15.624,15.035,13.936,12.394,4.2804,5.4662,7.9815,9.2721,10.458,10.737,10.143,10.088,10.143,9.0879,8.2933,8.0343,8.2421,8.3102,8.6428,10.458,10.945,11.436,14.017,14.443,16.399,17.294,17.577,18.544,18.816,19.01,20.706,19.759,18.121,16.399
15.675,18.146,18.014,17.786,18.816,17.539,16.985,16.751,16.386,16.274,15.467,14.797,14.74,14.431,15.421,14.939,15.827,15.421,16.135,15.421,16.574,16.23,16.196,16.161,15.827,15.421,14.046,12.754,10.135,9.2649,11.635,13.588,14.156,13.793,13.834,13.955,13.834,14.567,15.494,15.53,16.523,16.454,16.135,16.985,16.86,15.773,16.377,15.773,15.421,14.778,15.898,14.596,13.763,13.925,14.48,15.191,15.385,15.449,13.639,12.754,3.7513,5.7137,7.9753,9.7388,10.45,11.141,11.254,10.135,10.01,9.2649,8.0978,6.9777,7.5399,9.0342,9.6808,10.61,11.254,12.655,13.955,15.302,15.711,16.851,17.141,19.311,19.571,19.128,20.305,19.693,18.037,16.48
15.761,17.843,18.444,18.816,18.566,18.382,17.506,16.438,15.653,15.948,14.825,15.147,15.249,14.72,15.221,15.36,15.797,15.498,15.516,16.16,16.438,16.669,16.247,16.107,15.471,15.58,14.28,12.872,11.189,9.5203,12.007,13.97,15.072,14.458,14.477,14.091,14.477,14.987,15.471,15.975,16.221,16.507,16.575,16.507,16.16,16.186,15.653,15.797,15.877,15.072,15.471,14.681,14.379,15.072,14.987,14.681,16.046,15.975,14.061,12.148,4.8193,6.2065,8.8095,9.0631,9.7844,10.855,11.189,10.972,9.7844,8.598,8.5815,8.0008,8.5815,8.5815,9.1872,10.537,11.721,12.47,14.409,15.351,16.711,17.039,18.374,20.034,19.167,21.195,20.37,19.525,18.079,16.01
17.38,19.802,20.308,20.625,20.487,20.814,19.472,18.836,18.401,17.712,16.931,15.636,17.38,17.193,16.445,17.442,17.287,17.481,17.689,18.26,18.386,17.658,18.32,18.721,17.894,17.287,16.42,13.993,12.361,10.097,12.917,15.365,15.679,16.246,15.79,15.842,15.644,16.519,17.106,17.909,18.445,18.164,18.851,18.445,17.689,18.786,17.803,17.712,17.232,16.649,17.193,16.584,16.674,16.931,16.255,16.592,18.445,17.442,15.514,13.769,4.6513,6.7604,8.7173,11.453,12.24,12.844,11.628,12.14,11.859,10.97,9.375,9.082,8.4014,11.25,10.453,10.97,13.258,14.002,15.91,16.875,18.467,18.844,20.808,22.075,22.745,23.499,23.654,22.367,20.931,17.803
15.495,17.858,19.492,19.397,18.055,18.141,17.353,16.689,16.269,14.891,14.662,14.92,15.856,15.641,15.219,15.201,14.967,15.108,16.553,15.802,17.041,16.604,16.553,16.958,15.989,15.303,14.891,12.767,11.669,9.0509,12.27,14.032,14.805,14.825,14.152,13.981,14.311,14.311,14.976,15.631,15.927,16.681,16.891,16.638,16.024,16.604,15.559,15.495,15.477,15.695,15.303,15.004,14.976,15.219,15.042,15.477,16.485,15.33,14.36,12.855,5.0421,7.229,9.0509,10.223,10.63,11.741,10.523,10.643,9.8001,9.0509,8.717,8.652,9.5815,9.8862,9.929,9.9857,11.656,12.778,14.767,15.34,16.51,16.891,18.723,20.755,19.259,20.454,20.536,19.543,18.693,15.413
16.185,18.259,18.505,19.075,19.009,18.656,17.598,17.151,16.801,16.019,15.408,14.915,15.49,15.298,14.877,15.046,15.635,15.49,16.133,16.185,16.877,16.641,17.134,17.151,15.922,15.922,14.695,13.197,11.271,9.141,11.88,14.067,14.296,14.434,14.453,14.434,14.276,14.962,15.626,16.641,16.185,16.185,17.01,15.626,15.626,16.885,15.922,14.82,15.196,15.417,15.939,14.695,15.214,14.306,15.121,15.689,16.801,15.298,14.453,12.358,4.2836,7.3812,8.8428,10.639,11.271,11.358,11.208,11.797,10.316,10.095,9.141,8.5836,8.5671,9.3998,9.5044,10.837,11.296,11.737,13.283,14.962,15.49,16.885,18.986,19.485,19.837,20.523,20.958,19.311,17.757,15.734
15.725,17.739,18.359,18.091,18.473,18.45,17.732,17.739,16.565,16.112,15.627,14.894,14.969,15.564,15.875,15.725,15.618,15.911,15.911,16.327,16.9,16.808,16.404,16.224,16.336,16.007,14.231,13.222,10.903,8.8658,11.707,13.598,13.463,14.959,14.241,14.112,13.649,14.436,15.034,16.404,16.455,16.43,16.866,16.531,16.181,17.162,15.564,15.725,15.875,14.959,15.374,14.705,14.628,14.903,14.894,14.903,16.085,15.338,14.112,12.392,4.2311,6.4559,8.0731,10.591,11.005,11.551,11.599,10.173,10.214,10.214,8.528,8.0035,8.6096,9.0376,10.063,10.903,11.826,12.792,13.222,14.903,16.404,16.808,18.075,19.164,19.761,20.415,20.633,19.23,17.982,16.146
15.873,17.776,18.333,19.037,19.248,18.088,17.506,17.506,16.221,15.371,14.238,15.142,15.142,15.225,14.975,15.417,15.722,15.873,16.083,16.401,17.216,16.529,17.346,17.442,16.324,15.552,15.344,13.007,11.44,9.4594,12.174,13.513,14.692,14.844,14.209,14.317,14.228,14.317,14.975,15.344,16.117,16.469,16.469,16.529,15.152,15.908,16.083,15.05,15.417,15.142,15.417,14.928,15.225,15.142,14.731,14.731,15.987,15.344,15.152,12.174,5.208,7.1142,8.7211,10.389,10.496,11.155,11.155,11.042,9.9351,9.533,8.9895,9.0515,8.9739,9.5183,9.1284,10.576,11.304,12.058,14.365,14.587,16.004,16.722,18.47,19.63,19.066,19.905,21.343,19.622,18.741,15.722
15.502,18.187,18.572,18.978,18.859,18.078,17.675,17.554,16.543,15.987,15.207,15.226,15.235,15.502,14.366,15.456,15.565,15.638,16.267,16.232,16.509,17.417,17.538,17.122,16.031,15.456,14.078,13.132,10.554,9.7753,12.333,14.366,14.317,14.973,13.865,14.078,13.556,14.128,15.309,16.197,15.483,16.232,16.267,16.696,15.995,16.414,15.502,15.638,15.782,15.123,15.114,14.926,15.039,14.973,14.037,14.973,16.543,15.123,14.522,12.805,5.4742,6.9326,9.0546,10.948,10.7,11.367,11.379,10.687,10.214,9.1013,8.59,8.7206,8.5735,9.4068,10.228,11.178,11.304,12.761,14.307,15.456,16.276,16.789,17.992,19.405,18.859,20.212,20.212,19.852,18.357,15.809
15.524,17.741,18.664,18.927,19.143,17.86,17.669,17.828,15.633,15.955,15.479,14.892,16.166,15.633,15.341,15.497,15.857,15.955,15.341,15.955,17.216,16.374,17.084,16.918,16.555,15.955,14.769,12.768,10.945,9.6265,12.121,13.983,14.312,14.595,13.912,13.552,13.861,13.952,14.968,15.857,16.555,16.691,16.026,16.606,16.227,16.648,15.955,16.503,16.07,15.034,15.332,15.034,15.109,14.921,15.109,15.642,16.409,15.497,14.361,12.856,4.3832,7.0916,8.6528,10.085,10.224,11.276,11.706,10.155,10.443,9.5824,8.5708,8.2688,7.6104,9.2829,10.155,10.155,12.454,12.856,14.702,14.968,16.606,16.486,18.057,19.143,18.853,20.24,20.17,19.202,18.451,16.555
16.36,18.473,19.185,19.236,19.148,18.165,17.852,17.298,15.941,15.628,14.349,15.401,15.79,16.152,15.328,15.189,14.908,15.438,16.463,16.54,16.54,16.936,17.126,16.903,16.472,14.879,14.794,13.277,11.266,9.574,12.11,13.94,14.349,14.87,13.94,13.319,13.94,14.378,15.189,15.207,15.682,16.634,16.878,17.102,15.483,16.591,15.328,15.682,16.291,15.79,15.217,15.207,15.096,15.41,14.65,15.41,16.591,15.843,14.612,12.318,4.809,7.8949,9.2747,11.464,11.266,11.266,11.365,10.74,10.311,9.0904,7.8949,8.2444,9.0749,9.3956,9.7636,10.461,11.203,12.398,14.021,15.41,16.152,17.002,18.435,19.678,19.527,19.828,21.676,19.735,19.302,15.483
16.361,18.182,18.979,19.658,18.619,18.589,17.201,17.234,15.977,15.764,15.106,14.448,15.439,16.188,15.292,15.439,15.115,15.484,16.473,16.395,16.97,17.34,16.879,16.677,15.411,15.511,15.292,12.501,11.291,9.6917,12.111,14.379,14.506,14.584,13.373,14.29,13.971,14.142,15.106,15.319,16.249,17.103,16.361,16.668,16.257,16.77,15.933,16.074,15.844,14.88,15.402,14.88,15.402,14.909,15.041,15.411,16.257,15.62,14.69,12.769,4.8965,7.0858,9.793,10.754,10.949,11.648,11.696,10.542,10.216,9.456,8.5142,9.0131,7.7329,9.2753,10.202,10.832,11.489,11.982,14.3,15.115,16.153,16.795,18.413,19.907,20.279,19.715,21.224,19.715,18.596,15.683
15.844,18.791,19.067,19.736,19.963,18.55,17.852,17.003,17.127,15.977,14.955,15.031,15.547,15.844,16.291,15.291,15.683,15.977,16.498,16.152,16.257,17.069,17.34,16.676,16.498,14.955,14.447,12.856,11.266,9.8786,12.11,13.9,14.583,14.965,13.613,14.021,14.171,14.447,15.483,15.79,15.968,16.936,16.676,16.498,15.932,16.54,15.79,15.438,15.932,14.813,14.993,14.993,15.115,15.319,14.689,15.189,16.489,16.472,14.88,12.59,5.3108,7.2234,9.1678,10.542,10.312,11.44,11.44,10.461,9.7637,8.7909,8.2445,8.2957,7.0855,10.076,9.4556,10.312,10.948,12.353,13.94,14.3,16.676,17.003,18.181,19.332,19.302,19.31,21.203,19.707,19.156,16.126
15.941,18.617,19.251,19.592,19.656,18.836,18.087,17.002,16.676,15.843,15.437,15.401,15.941,15.096,15.437,16.125,15.941,15.976,16.869,16.489,17.852,16.489,17.102,17.581,16.489,15.437,14.955,12.59,11.051,9.0281,12.226,13.848,14.505,14.495,14.582,14.02,14.17,14.495,15.327,16.403,15.619,16.403,17.143,15.691,16.186,15.932,15.772,15.437,15.843,16.073,15.619,15.207,15.217,14.299,14.755,15.327,16.256,15.437,14.495,12.226,4.3792,7.3968,8.6451,9.691,11.253,11.365,10.674,10.896,10.104,9.7923,8.0364,7.3777,9.0281,8.5631,8.8386,11.439,11.439,13.062,14.111,14.727,16.36,16.869,18.165,19.476,18.776,19.476,21.042,19.998,17.804,15.465
16.409,17.741,19.261,19.084,18.786,18.566,17.868,16.985,16.64,16.375,15.525,14.893,15.804,15.119,15.221,15.858,15.982,15.786,16.512,16.691,16.784,16.96,17.018,16.512,16.088,15.034,15.034,12.856,11.213,9.2983,11.413,13.983,14.702,14.596,14.596,13.983,13.552,14.893,15.452,15.741,15.777,16.504,16.683,16.193,16.088,15.946,15.858,14.978,15.705,15.741,15.946,14.969,14.702,14.969,14.779,15.642,16.271,15.497,14.508,12.768,5.3155,7.1315,8.8467,10.113,11.301,11.363,11.802,10.958,10.484,8.5214,7.5172,7.6106,8.2519,9.052,9.0831,10.443,11.499,12.801,13.531,15.497,15.633,17.412,18.329,19.725,18.876,19.254,20.676,18.876,18.36,16.088
15.913,18.463,19.381,19.061,18.95,18.25,17.995,16.911,16.338,15.922,14.705,15.156,15.458,14.857,14.456,15.43,15.239,15.86,16.415,15.86,16.911,16.82,16.82,17.409,16.441,15.358,14.397,12.58,10.704,9.2431,11.656,13.73,14.979,14.857,13.852,13.801,14.221,14.857,15.385,15.494,15.458,16.543,16.886,16.192,15.054,16.201,15.957,15.044,15.385,15.458,15.494,15.137,15.156,15.266,14.762,15.266,15.886,15.458,14.743,12.069,5.5256,7.1204,9.8873,9.8873,11.327,11.656,10.911,10.638,10.276,8.4846,7.868,8.0091,8.5504,8.0614,9.1364,11.013,11.215,12.31,13.566,14.063,15.86,16.911,17.791,18.972,18.41,19.817,20.119,19.972,18.712,16.157
16.014,17.806,18.66,18.727,18.478,18.727,17.994,16.429,15.397,15.397,14.65,14.841,15.361,14.311,14.262,15.935,15.641,15.935,16.36,16.317,16.75,16.497,17.245,16.497,15.899,15.873,14.458,12.635,10.66,9.7238,11.903,13.274,14.341,14.262,14.074,13.772,13.984,14.262,14.926,15.935,15.873,16.084,16.582,15.802,14.982,15.891,16.317,15.279,15.168,15.47,15.97,15.579,14.982,14.991,15.168,15.641,16.11,15.443,14.545,12.713,4.8835,6.9063,9.3861,10.12,10.804,11.41,11.174,10.804,10.12,8.0156,7.9453,7.3777,8.5574,8.2909,8.6227,10.447,11.323,12.354,13.504,14.717,15.588,17.375,17.552,17.994,19.777,19.713,20.439,20.135,18.478,16.556
15.791,17.937,18.701,18.934,18.641,18.61,17.835,17.255,16.38,15.53,14.974,15.058,15.457,15.208,14.774,15.648,15.639,16.172,15.863,16.031,17.024,16.093,17.024,16.899,17.123,15.226,14.601,12.459,11.267,9.055,12.032,13.556,14.128,14.465,13.988,13.957,13.556,14.158,15.347,15.702,16.654,16.89,15.996,16.688,15.42,15.987,15.952,16.172,15.502,15.133,15.226,15.011,14.63,15.236,14.317,15.702,16.899,15.648,14.668,12.639,5.0444,6.9938,9.0237,10.269,10.962,10.962,10.648,10.554,10.103,9.0237,9.2862,8.3228,7.9759,9.1017,9.2862,9.7612,11.613,12.981,14.601,13.619,15.502,17.442,18.11,20.1,20.023,20.213,20.456,19.738,18.732,16.561
15.945,18.531,19.19,19.19,18.863,18.417,18.185,16.68,16.016,15.405,15.025,15.487,14.509,14.817,14.024,15.331,15.441,16.182,16.798,15.945,17.205,16.595,17.131,17.007,16.252,15.686,14.996,12.503,11.268,9.4129,11.878,14.254,14.431,13.903,14.352,14.293,14.064,14.499,15.487,16.13,16.949,16.882,16.544,16.467,15.295,16.407,16.364,15.405,15.945,15.623,15.794,14.996,14.499,15.847,15.193,15.025,15.623,15.469,14.45,12.925,5.312,6.926,8.7929,10.463,10.834,11.268,10.743,11.293,10.149,9.5764,8.3146,8.0385,8.2976,8.9046,9.5764,10.951,11.878,13.322,14.024,15.98,15.936,16.544,17.69,19.19,19.59,20.886,20.778,20.228,18.863,16.13
16.332,18.442,19.508,19.269,19.465,18.804,18.737,16.639,16.849,15.763,15.005,14.664,15.411,15.384,15.665,16.124,15.763,15.656,16.461,16.639,16.849,16.765,17.487,16.841,16.639,15.816,15.07,12.823,10.93,9.1521,11.579,13.589,13.916,14.324,14.422,13.946,13.876,14.324,14.664,15.984,16.332,16.648,17.204,16.605,15.984,16.907,15.905,15.484,16.046,16.028,15.816,14.939,15.265,15.265,15.182,14.967,16.461,15.905,14.354,12.646,5.0296,7.8815,9.2589,10.563,10.878,11.246,10.93,10.813,9.8616,10.087,8.2814,8.5486,8.5486,10.184,10.416,10.93,12.331,13.916,14.471,15.949,16.469,16.74,18.556,19.552,19.929,21.167,21.22,19.872,18.518,16.512
16.637,18.506,19.14,20.028,18.933,18.792,18.269,17.355,16.018,16.209,14.995,15.172,14.929,15.582,14.873,15.401,15.51,15.474,16.501,16.552,17.25,16.628,17.258,17.928,16.628,15.903,15.282,13.032,11.668,9.0069,11.668,13.58,14.461,14.256,14.393,13.372,14.137,14.844,15.07,16.218,16.209,16.018,17.16,16.175,15.69,16.458,15.591,15.282,15.172,15.645,16.088,15.447,15.079,15.903,15.428,15.282,16.433,15.282,15.172,12.638,6.2013,8.1046,9.7261,10.191,12.76,11.668,11.953,11.847,9.9543,9.7261,8.8813,8.6896,9.5514,9.0225,9.9966,10.409,12.197,12.891,14.107,15.51,16.754,17.476,18.992,20.608,19.972,20.724,21.748,19.916,19.402,15.654
16.507,18.671,19.212,19.958,19.502,18.558,18.398,16.993,16.869,15.909,15.066,15.177,15.452,15.084,15.407,15.758,15.909,16.224,17.166,15.731,16.735,16.968,17.166,16.968,16.439,15.407,14.925,13.112,11.624,9.3917,11.708,13.25,14.271,14.271,14.271,13.626,13.75,14.271,14.963,16.37,16.093,17.092,17.361,16.327,16.968,16.119,15.944,15.26,15.186,16.119,15.9,15.452,15.37,14.85,15.066,15.407,16.507,15.812,14.271,12.373,5.7329,7.8254,9.0101,10.52,12.236,11.575,11.636,11.851,10.291,9.5548,8.5625,8.0902,9.5548,10.52,9.5548,10.613,12.373,13.345,13.993,14.466,16.464,17.879,18.821,19.546,20.035,20.168,21.107,19.951,19.154,16.6
16.146,17.777,19.503,19.789,19.11,18.129,18.376,17.69,16.902,15.909,14.736,15.945,15.26,15.288,14.784,15.883,15.177,15.434,16.024,16.507,17.24,16.969,17.305,16.994,16.869,15.407,15.288,12.907,11.067,8.7412,12.109,14.143,15.01,14.85,13.872,13.78,14.418,14.925,14.963,15.407,16.328,17.068,16.439,16.507,15.407,16.12,15.407,15.936,17.068,15.588,15.588,15.452,15.98,16.12,14.878,15.758,16.465,15.407,14.784,12.83,5.3266,8.628,10.056,11.732,11.029,11.708,12.086,11.243,9.555,8.8847,9.3919,8.628,8.5462,9.2563,9.4366,11.441,11.851,13.037,14.659,15.48,15.909,16.902,18.145,20.036,19.867,20.698,21.201,20.036,18.611,16.507
16.713,18.915,19.925,20.141,19.819,18.616,18.251,16.738,16.349,16.098,15.386,15.359,15.791,14.971,15.157,15.567,15.386,15.72,16.971,16.536,16.485,16.946,18.12,17.981,16.417,15.567,15.24,13.495,11.609,9.2439,12.07,13.762,14.399,14.858,14.602,13.762,14.242,14.447,15.138,16.072,15.888,16.913,18.09,16.822,16.485,15.879,15.791,15.63,15.923,15.923,16.159,15.277,15.737,15.914,15.35,15.879,16.946,15.064,15.064,12.458,6.035,7.9396,10.277,10.718,12.548,11.693,11.977,11.645,10.112,9.2439,8.0795,8.0621,9.1372,9.7599,9.9447,11.228,12.492,12.22,14.64,14.905,16.133,17.012,18.646,19.762,19.591,20.121,22.028,19.953,19.003,16.072
16.831,18.115,19.329,19.198,19.445,19.249,18.384,17.509,17.227,15.897,15.395,14.98,14.839,15.684,15.684,16.315,15.504,16.63,17.079,16.212,16.831,16.622,17.096,16.831,16.579,16.107,14.648,13.08,10.802,9.7367,11.615,14.102,14.387,14.715,14.26,14.072,13.77,14.465,15.576,16.107,16.748,17.079,16.748,17.541,16.554,16.956,16.029,16.011,16.315,15.441,15.285,15.175,15.073,15.166,15.073,15.441,15.968,15.746,14.072,12.755,5.9212,7.4898,9.7367,11.663,10.918,11.615,11.901,11.059,10.658,9.5477,9.05,8.8145,8.5397,9.7655,10.918,11.759,12.352,13.932,14.839,15.684,17.186,17.348,18.077,19.014,19.423,19.901,20.824,19.191,18.498,17.186
15.748,18.771,19.475,19.185,19.54,18.629,18.241,17.607,17.35,16.109,15,15.397,15.149,16.205,15.065,15.748,15.899,16.496,16.556,16.013,17.155,16.749,16.833,17.487,16.556,15.748,14.981,12.8,11.458,9.4749,12.228,13.751,14.252,14.34,14.252,14.311,14.232,14.868,15.578,16.083,15.899,16.428,16.749,16.351,15.442,16.623,16.317,15.442,15.872,15.685,16.317,15.442,15.748,15.899,15.149,15.587,16.479,15.506,14.457,12.723,6.5516,7.4905,9.3856,11.06,12.354,11.701,11.616,11.653,10.119,9.6654,8.3747,8.7675,9.0663,9.7665,10.284,10.803,11.616,13.252,14.65,15.587,17.187,17.245,17.805,19.938,19.91,20.9,20.602,19.945,18.786,16.03
16.897,18.475,19.073,19.394,19.095,18.422,18.724,17.469,16.897,16.587,15.395,14.753,14.571,15.395,15.44,16.211,15.967,16.315,16.63,16.63,17.153,17.054,17.509,17.605,16.554,16.107,15.175,13.25,11.457,9.0187,11.627,14.211,14.338,14.309,13.616,13.81,13.931,13.982,15.44,16.889,16.98,16.494,15.897,17.605,16.621,16.831,16.349,16.246,16.358,15.285,16.011,15.063,15.467,15.44,15.054,15.585,16.107,16.107,14.387,13.282,5.7039,8.49,9.5474,10.905,11.134,12.077,11.321,10.905,10.552,9.5474,9.6642,9.3695,9.0652,9.9502,10.512,11.172,12.754,12.886,14.102,15.504,16.315,16.63,18.223,19.248,19.473,20.374,21.091,19.907,18.006,16.168
16.447,19.119,19.447,19.812,19.214,19.156,18.808,17.043,16.651,15.819,14.474,14.97,15.596,15.596,15.442,14.97,16.154,15.766,15.917,16.127,16.977,16.651,17.313,17.174,16.188,15.596,15.092,13.581,11.186,9.2759,12.208,14.119,14.97,15.092,14.01,13.767,13.787,14.474,14.666,15.908,16.515,17.627,16.447,16.977,15.659,16.049,15.414,15.917,16.232,15.703,15.414,15.268,15.596,15.739,15.185,16.031,16.977,15.46,14.561,13.288,6.046,8.7775,10.131,10.932,11.581,10.737,10.737,10.566,9.7489,9.4857,8.6321,8.2831,9.5595,10.061,9.1231,11.072,11.422,13.55,14.278,14.857,16.049,16.515,18.06,19.498,19.156,20.372,20.836,19.798,18.559,15.668
17.096,18.555,20.627,20.844,19.493,18.675,18.877,17.26,16.764,15.983,14.663,14.853,15.762,15.456,14.274,15.004,15.3,14.853,16.123,15.592,16.739,16.468,17.884,17.558,16.149,15.181,14.994,12.745,11.069,9.3939,11.711,13.996,14.966,14.663,14.116,14.036,14.116,14.787,14.73,15.762,15.655,16.262,17.129,15.948,15.41,15.815,15.41,15.069,15.078,16.123,16.604,15.41,16.149,15.664,15.41,15.886,16.848,15.762,15.078,12.421,6.0444,7.881,10.128,11.345,12.239,12.089,11.468,11.771,9.7751,8.7431,8.0921,9.0122,9.0744,9.379,9.5571,11.069,11.468,12.478,14.116,15.519,17.072,17.694,18.133,19.442,20.005,19.793,21.218,19.871,19.158,15.374
16.486,19.112,19.515,20.015,19.903,19.25,18.58,17.91,17.277,16.359,15.011,15.377,15.377,15.682,15.332,15.359,15.946,15.441,16.041,15.858,16.82,17.009,16.886,16.486,16.041,15.305,14.778,12.537,10.758,8.8415,11.651,14.251,13.845,14.406,13.713,13.925,14.202,14.778,15.377,15.664,16.385,16.562,15.867,16.291,15.682,16.385,16.145,15.735,15.332,15.575,15.62,15.512,15.305,15.682,15.441,16.145,16.385,15.735,14.853,13.447,5.2744,7.3464,9.7255,10.822,11.711,12.039,11.9,10.68,10.363,8.6506,8.9819,9.4351,8.7783,8.0682,9.6968,11.089,11.794,13.509,13.724,14.993,16.248,16.828,17.91,19.365,19.707,20.188,20.678,19.522,17.683,16.41
16.979,19.457,20.251,19.971,19.929,19.45,18.811,17.566,16.466,16.372,14.972,15.27,15.919,15.001,15.01,15.955,15.661,15.598,16.855,16.449,16.645,16.449,16.846,17.12,16.338,15.389,14.427,12.915,10.726,9.0626,12.244,13.921,14.25,15.001,13.687,14.151,14.002,14.359,15.019,15.389,15.751,16.979,16.979,16.577,15.822,16.921,15.607,15.489,15.946,15.768,15.99,15.489,15.706,15.598,15.307,15.91,16.475,16.234,15.27,12.772,5.9295,7.2135,9.7791,10.42,10.933,11.15,10.933,11.25,10.297,9.0315,8.2503,8.5021,9.7503,8.7788,9.6779,10.921,11.424,12.816,13.521,15.094,16.846,16.771,18.501,19.801,19.011,19.011,20.265,18.811,18.811,15.768
16.752,19.313,20.152,19.818,19.627,19.103,18.368,17.412,17.171,16.358,14.917,14.805,15.331,15.376,15.511,15.574,15.511,15.574,16.014,16.51,16.678,16.066,16.761,16.375,15.734,15.331,14.395,13.026,11.125,8.7775,11.793,13.61,14.327,14.926,14.2,13.518,14.2,13.924,14.691,16.066,16.358,16.761,17.041,16.761,15.857,16.425,15.831,16.075,15.901,15.331,15.901,15.084,15.52,15.654,15.439,15.68,16.425,16.04,14.653,12.756,5.8964,9.0275,9.6816,11.409,11.125,11.324,11.36,10.679,9.9088,9.0121,8.3388,8.0503,9.1042,9.696,10.614,11.012,12.038,13.047,14.653,14.71,15.376,16.518,17.931,18.706,19.015,20.262,21.122,20.082,19.313,16.51
17.008,19.384,20.413,20.273,19.207,19.668,18.674,17.761,16.567,15.857,15.466,16,15.272,14.818,14.828,15.476,15.466,15.476,16.22,16.567,16.747,16.035,17.008,17.075,16.61,15.272,14.857,12.278,11.251,9.1757,12.091,13.958,14.36,15.281,14.645,14.201,13.999,14.79,14.857,16.542,15.503,16.704,17.413,16.317,16.43,15.911,15.749,15.356,15.857,16.22,16.43,15.686,16.08,16.255,16.035,15.911,16.84,15.982,14.645,12.899,6.3999,8.1409,10.063,11.213,11.697,11.697,11.301,11.251,9.834,9.3141,8.4326,8.0176,9.4355,9.7323,10.259,11.314,12.266,12.91,14.971,16,16.949,17.92,19.148,19.53,19.318,20.745,21.572,19.819,19.229,15.982
16.624,18.659,20.273,20.169,19.533,19.49,18.546,17.294,16.556,16.144,15.442,15.748,15.899,15,14.755,15.442,15.168,15.442,16.428,16.624,16.428,16.36,16.958,17.294,15.89,15.578,14.688,12.756,11.459,9.02,12.59,13.812,14.726,14.755,13.577,13.535,14.074,14.213,14.573,15.168,16.083,16.825,17.253,16.825,15.748,16.497,16.144,15.899,16.109,15.397,16.109,15.361,15.748,15.899,15.361,15.899,16.9,15.873,15.442,13.028,5.53,8.2738,10.725,11.665,10.919,11.725,11.617,10.907,9.8951,8.7677,8.2907,7.7122,9.02,10.712,10.23,11.136,11.725,13.284,15.075,15.397,15.934,17.114,18.719,20.446,19.833,20.155,21.742,19.684,18.607,15.641
17.001,18.736,20.242,19.532,19.532,19.015,18.603,17.866,17.235,15.829,14.854,14.826,15.186,15.367,14.817,15.767,15.149,15.644,16.471,16.336,16.252,15.829,16.513,16.985,16.029,15.537,14.294,12.672,11.149,9.3088,11.824,13.891,14.361,14.01,13.98,14.118,13.931,13.891,14.817,16.37,15.794,16.387,16.968,15.907,15.907,16.446,16.037,15.259,15.295,16.614,16.345,15.697,15.767,14.854,16.32,15.767,16.471,15.484,14.158,12.384,6.3576,7.9099,9.2041,10.834,12.113,12.418,11.099,10.796,10.216,9.3088,7.9623,8.4841,9.9276,9.4855,10.378,11.334,12.813,13.901,14.448,15.475,17.562,17.679,18.536,19.475,19.918,20.036,20.948,20.331,18.618,15.484
16.408,19.439,19.707,20.05,20.303,19.943,18.604,18.109,18.203,17.152,15.665,15.529,14.732,15.809,15.252,16.103,15.773,16.103,16.408,16.716,17.052,16.408,16.648,16.589,16.12,15.728,14.341,12.794,10.967,9.1171,11.73,14.011,14.152,13.889,14.42,13.981,13.94,14.809,15.529,17.052,16.12,15.979,16.648,15.979,16.26,16.927,16.451,15.773,16.103,16.12,16.64,16.12,15.483,14.999,15.89,15.674,16.451,15.728,14.391,12.883,5.8589,8.4216,9.9075,10.134,12.627,12.157,11.91,11.324,10.706,10.342,8.9285,8.8166,9.5279,10.176,10.967,12.297,13.155,14.655,15.252,16.339,17.39,17.705,18.634,18.489,20.05,20.834,21.471,20.491,18.642,16.994
16.279,18.675,19.089,19.835,19.807,19.666,18.585,18.221,17.43,17.446,15.361,15.693,15.469,15.853,16.132,16.071,16.175,15.361,16.071,16.415,16.509,16.458,16.593,16.943,16.071,15.469,14.89,12.998,11.11,9.4528,12.165,13.951,14.355,14.199,14.277,14.199,13.78,14.692,15.764,16.321,16.71,16.794,16.313,17.212,16.593,16.593,16.585,16.045,16.585,15.141,16.071,15.433,15.932,16.819,15.862,16.071,16.458,16.132,14.654,13.337,5.5169,8.2034,10.894,11.541,11.383,11.875,11.922,11.733,10.778,9.2286,9.0298,9.6429,8.9988,11.21,10.687,12.381,12.693,13.83,14.834,16.279,16.794,17.763,18.075,19.213,19.38,20.717,21.144,19.941,18.683,16.415
14.211,17.084,17.639,17.861,17.228,17.169,16.216,15.375,15.47,14.864,13.773,14.181,13.067,13.773,13.506,13.773,13.942,13.678,14.385,14.304,14.696,14.676,14.942,14.596,13.942,14.354,13.365,11.085,10.25,7.6782,10.392,11.995,12.566,12.612,12.248,12.425,12.658,12.472,13.419,14.676,13.837,14.676,15.299,15.213,14.696,14.273,13.889,14.088,13.773,14.385,14.304,13.635,14.088,13.837,14.211,14.088,14.354,13.889,12.988,11.137,5.3481,7.735,8.3867,9.9321,10.434,10.614,9.7393,9.2474,8.8606,8.7944,7.5052,7.9765,9.056,8.8606,9.4348,10.655,11.28,12.331,12.988,13.538,14.546,15.01,16.773,17.084,17.321,18.352,18.628,17.296,16.044,13.773
16.684,19.051,19.806,20.328,20.086,19.378,18.882,18.197,16.406,16.32,15.54,16.07,15.834,15.54,14.964,15.405,15.432,16.07,16.174,16.592,16.277,16.592,17.252,16.917,16.507,15.54,15.038,13.125,10.777,9.743,12.335,13.738,15.02,14.276,14.509,14.509,13.87,14.833,15.71,16.414,16.07,16.941,17.596,16.389,16.792,16.312,16.209,15.405,15.896,16.414,16.07,15.852,15.887,16.105,15.992,16.277,17.056,16.209,14.615,12.56,6.6207,9.4521,10.62,12.061,11.431,12.153,11.637,10.62,10.15,10.568,8.9981,9.3631,9.9275,9.4521,10.095,12.164,12.856,13.241,15.763,15.86,16.406,16.859,18.726,19.493,19.664,20.553,20.519,20.41,18.342,16.389
16.395,19.292,20.308,20.404,20.232,19.219,19.102,17.451,16.69,16.326,15.393,16.318,15.618,15.546,15.365,15.474,15.858,15.654,15.98,16.284,16.589,16.799,16.865,17.046,15.698,14.951,14.658,13.055,11.1,9.2465,12.564,13.995,14.62,14.514,14.183,13.875,14.075,14.514,15.118,16.463,16.111,16.989,17.603,16.386,16.799,16.076,15.902,15.689,16.076,16.18,16.463,15.716,15.866,15.365,15.866,15.716,16.463,15.866,15.146,12.169,6.3869,9.5292,9.8748,12.374,12.34,11.677,11.984,11.213,9.8323,9.5292,8.9704,8.3577,10.412,9.9733,10.69,12.609,12.708,13.713,15.256,15.84,16.89,17.282,18.463,19.643,20.404,20.642,21.17,19.947,18.227,16.137
16.773,19.2,20.094,20.211,19.906,19.039,18.892,17.704,17.241,16.873,15.395,15.602,15.638,15.842,15.377,15.824,16.198,16.573,16.782,16.198,16.773,16.198,16.531,17.553,16.539,15.103,14.785,13.494,11.102,9.2372,11.808,14.218,14.785,14.681,14.09,14.945,14.345,14.567,15.842,16.06,16.931,17.585,16.505,17.321,16.121,17.029,16.906,15.85,16.06,15.395,15.422,15.638,15.85,16.034,15.35,15.377,16.698,15.85,15.231,12.717,6.1807,8.5961,10.144,12.065,11.808,11.972,11.629,11.948,11.102,9.4017,9.1156,9.7081,9.5196,10.157,11.338,12.065,13.359,13.951,15.241,15.395,16.581,17.434,18.33,19.221,20.108,20.803,21.03,20.128,18.602,16.446
17.207,18.886,19.612,20.236,20.111,19.562,19.209,17.336,17.044,16.821,16.46,15.855,15.767,15.607,14.618,15.327,15.714,16.987,15.978,15.899,16.788,16.281,17.044,16.921,15.978,15.891,14.694,12.87,11.409,9.2301,12.052,14.231,13.721,13.782,13.832,14.377,14.102,14.426,15.714,16.888,16.074,17.06,17.312,16.596,17.312,16.212,16.587,15.607,16.074,15.767,16.418,15.327,15.996,15.544,15.651,16.281,16.418,15.714,14.742,13.085,6.3641,8.9847,10.262,11.639,12.327,11.877,10.896,11.348,10.207,9.5279,8.2556,8.4727,10.424,10.207,10.583,11.982,13.381,14.181,14.883,15.616,16.796,17.766,19.151,18.886,19.923,20.801,20.781,20.181,17.946,16.074
16.924,19.387,19.983,19.737,20.095,19.624,18.592,17.154,17.573,16.924,15.412,15.771,14.361,15.548,15.412,16.285,16.078,15.548,16.104,15.903,17.284,16.8,17.064,16.717,16.388,15.412,14.896,13.226,11.35,9.53,12.17,14.185,14.697,14.811,14.38,14.106,13.642,14.516,15.691,16.173,16.328,17.219,16.078,16.891,16.078,16.464,16.825,15.894,15.717,15.367,15.439,15.938,15.717,15.894,14.952,15.938,16.422,16.549,14.283,13.003,6.3656,9.0333,10.044,12.078,11.35,11.101,12.341,11.214,10.264,9.6466,9.412,9.0023,9.7475,10.691,10.264,12.61,13.478,13.785,15.394,15.868,16.8,17.048,18.067,19.242,19.948,20.644,20.832,19.864,18.51,16.591
16.702,19.08,20.326,20.381,20.243,19.435,19.021,18.334,17.438,16.81,15.88,15.106,16.159,15.968,15.534,15.353,16.064,15.854,15.704,16.382,16.45,16.382,17.196,16.91,15.845,16.038,14.873,12.72,11.81,9.4038,12.044,13.773,14.883,14.172,14.221,13.702,14.034,14.911,15.606,16.038,16.777,17.049,17.301,16.91,16.407,16.271,16.314,16.202,16.382,15.597,15.757,15.235,16.064,16.168,15.985,15.845,16.399,15.704,15.106,13.246,6.947,8.6626,10.889,11.142,11.204,11.402,11.596,11.377,9.4482,9.739,8.9944,8.9789,9.5217,11.535,11.092,11.584,12.72,14.27,14.939,15.677,16.786,17.438,18.448,20.51,19.656,20.914,21.363,19.226,18.808,16.382
16.068,18.879,19.803,19.483,20.631,19.426,18.902,17.939,17.877,17.111,16.412,16.403,16.129,15.385,15.547,15.43,15.547,16.275,16.163,16.707,16.682,16.318,16.206,16.881,16.707,15.33,14.952,13.5,11.671,9.8272,11.587,13.868,13.988,13.827,14.877,13.948,14.352,15.018,15.99,17.249,16.589,17.013,16.682,16.412,16.79,16.707,16.682,15.972,15.761,16.068,17.054,16.129,15.385,14.952,15.893,16.275,16.386,15.858,14.679,13.24,6.3618,8.2694,9.4064,10.891,11.587,11.635,11.107,10.84,10.619,10.46,8.4695,8.7929,10.203,10.632,10.84,12.691,12.724,13.736,14.962,15.849,16.454,17.506,18.071,18.968,20.083,20.793,20.665,20.083,18.217,16.581
16.721,19.123,20.136,20.462,20.026,19.545,18.752,18.942,17.209,16.497,15.272,16.362,15.796,15.673,15.317,15.978,15.451,15.272,16.013,16.82,16.345,16.295,17.088,16.82,16.184,15.805,15.126,12.718,11.665,9.3538,11.911,14.146,14.794,15.026,13.82,13.87,14.426,15.317,15.952,16.004,16.295,16.488,16.918,16.959,15.761,15.978,15.883,15.299,16.218,15.743,15.673,15.594,15.46,16.082,15.317,16.497,16.82,15.805,15.451,12.922,6.3043,8.9311,10.092,11.57,11.806,11.522,11.629,10.348,10.638,9.4711,8.3067,8.9466,9.0386,10.715,10.56,11.888,13.144,12.652,15.317,15.317,16.588,17.209,18.35,19.671,19.783,20.816,21.249,20.218,19.239,16.218
16.7,19.45,19.892,19.443,19.975,19.996,18.954,17.413,17.563,16.889,15.677,15.8,15.982,15.773,16.008,15.808,15.747,15.808,16.222,16.299,16.45,15.808,16.324,16.425,16.366,15.677,14.638,13.137,11.856,9.6895,12.491,13.561,14.429,14.572,14.1,13.642,14.572,14.638,15.982,16.617,16.922,17.117,16.946,17.285,16.324,17.157,16.366,15.982,15.765,15.982,15.765,15.239,15.773,15.624,15.248,15.677,16.824,16.492,14.937,13.179,5.9915,9.1773,9.4734,11.809,10.523,11.246,10.324,10.833,10.351,9.1773,8.6666,9.0408,9.4588,10.833,11.085,12.132,13.428,14.657,15.597,15.048,16.231,17.117,18.097,18.837,19.5,20.602,20.555,20.216,19.243,15.747
16.768,19.128,21.122,20.696,20.032,19.899,19.033,17.956,17.548,16.055,15.236,15.669,15.916,15.695,15.597,15.526,15.39,15.633,16.399,15.977,16.492,16.399,17.235,17.024,16.399,15.695,15.236,13.07,11.91,9.7338,12.514,14.165,14.819,14.204,14.495,14.36,14.263,14.95,15.39,16.693,16.15,17.13,17.548,16.526,16.055,16.365,15.345,15.535,15.669,16.029,16.568,15.819,16.39,15.669,15.748,16.568,17.195,15.695,15.005,12.757,6.9433,8.7062,10.085,11.396,12.038,12.592,11.285,11.297,9.2192,9.6908,8.5283,9.3542,10.14,9.8618,10.371,11.297,12.244,13.07,14.79,15.695,17.024,16.999,19.186,20.067,20.649,20.533,21.957,20.796,18.901,16.055
16.79,19.558,19.862,19.672,20.114,19.898,18.621,17.761,17.729,17.153,15.555,15.546,15.365,15.716,16.215,15.136,16.215,16.318,16.215,16.547,16.215,16.79,16.923,16.923,16.395,15.546,14.725,13.383,10.999,9.5731,11.879,13.753,13.965,13.955,13.995,14.379,14.379,14.687,15.769,16.79,16.412,16.865,17.435,16.79,16.598,16.463,16.18,15.893,16.076,16.386,16.463,15.893,15.769,14.81,16.076,15.866,16.284,15.716,14.514,12.872,6.3869,8.9704,10.209,10.781,12.054,11.545,11.82,10.412,9.7179,10.209,8.7497,8.6048,9.4112,10.168,10.897,11.82,12.564,14.075,14.379,15.689,17.435,17.595,18.08,19.386,19.862,20.424,20.588,20.01,18.349,16.05
17.226,18.577,20.53,20.211,20.021,20.028,19.176,18.462,17.559,17.152,16.176,15.506,15.642,15.867,16.097,15.461,15.424,16.176,16.624,16.384,16.701,16.522,16.903,17.559,16.624,16.211,15.867,13.136,11.382,9.5142,11.893,13.56,14.604,14.449,14.311,13.869,14.468,14.711,15.965,16.315,17.389,17.608,17.324,16.97,16.903,16.237,15.813,16.692,16.427,15.23,15.956,15.991,16.176,16.565,15.813,16.035,17.3,16.624,15.23,13.307,7.1554,8.5925,10.756,11.713,11.616,10.476,11.182,10.769,9.7781,9.7636,8.0485,8.658,8.658,11.182,10.913,11.22,12.687,14.321,14.749,15.506,16.692,16.65,18.34,20.253,20.049,20.858,22.135,20.239,18.804,15.956
17.188,19.59,20.744,20.918,20.31,19.383,18.71,18.657,16.374,16.527,15.2,15.589,16.902,16.263,15.634,15.96,15.237,15.391,16.391,16.306,16.391,16.844,16.778,17.644,16.366,15.228,15.391,13.887,11.722,9.5611,11.946,12.942,15.025,14.791,14.791,14.185,14.293,15.006,15.346,16.577,16.501,17.236,18.142,16.577,15.846,16.263,15.67,14.932,15.006,15.873,16.425,15.31,16.442,16.374,16.056,15.873,17.131,15.882,15.016,13.039,6.4225,8.9902,10.25,11.086,12.769,11.099,10.372,9.9608,9.5611,9.4438,8.3472,8.3472,10.141,9.5611,10.69,12.279,12.188,13.695,14.866,15.846,17.549,17.949,19.368,19.619,19.838,20.31,22.028,19.984,19.078,15.882
17.115,19.43,20.087,19.559,19.559,19.38,19.053,17.724,17.756,16.39,15.711,15.47,15.685,15.897,16.415,15.694,15.406,16.175,16.167,16.585,17.058,15.835,16.39,16.313,16.407,15.853,14.805,13.337,11.11,9.5264,11.297,13.951,14.51,14.355,13.83,14.307,14.805,14.881,16.072,16.585,17.382,17.041,16.407,16.918,16.551,17.017,15.835,15.765,17.148,15.888,16.072,15.993,15.976,15.897,15.862,15.897,16.415,16.415,14.277,13.472,6.3631,9.0298,9.7438,12.382,10.026,10.894,11.197,10.409,9.8719,8.2712,8.4549,8.6669,9.5264,11.697,10.7,11.922,13.242,14.228,15.406,15.406,16.794,17.148,18.16,19.235,19.807,20.582,21.038,20.418,18.343,16.279
16.767,19.473,19.644,20.559,20.065,20.1,19.032,18.071,17.315,16.575,16.261,15.533,15.587,16.192,15.871,16.423,15.844,16.423,16.899,16.054,16.924,16.423,16.899,17.641,16.261,15.596,14.494,13.207,11.333,9.5159,12.277,13.765,14.817,14.055,14.723,14.874,14.085,14.939,15.747,16.998,16.775,16.842,17.096,16.575,16.389,17.234,16.192,15.596,15.596,15.879,16.566,15.747,16.261,15.632,16.397,16.389,16.775,16.114,14.78,12.767,6.4215,8.346,10.557,10.688,12.243,11.222,11.613,10.882,10.084,10.084,9.0353,8.7851,9.7043,10.371,11.419,11.284,12.886,14.359,15.124,15.371,16.767,17.039,18.662,19.587,20.21,20.086,20.647,19.616,19.068,15.818
16.567,19.059,19.585,20.529,20.09,19.628,18.735,18.292,17.282,17.475,16.559,15.872,15.828,15.382,15.81,16.517,16.02,15.66,16.046,16.432,16.891,16.415,16.891,17.161,16.39,16.15,14.516,13.347,10.825,9.3491,12.772,13.758,14.401,14.697,14.41,14.019,14.659,15.526,16.15,16.883,17.161,17.483,17.121,16.767,16.957,16.432,16.364,16.15,16.381,15.382,16.517,15.74,15.828,15.968,15.669,15.837,16.483,15.872,14.697,12.837,7.0391,8.9847,10.19,11.389,12.452,12.146,12.317,11.092,10.825,9.8564,8.7333,8.3421,10.038,10.825,10.864,11.655,12.772,13.728,14.941,16.046,17.736,17.538,17.938,19.861,20.549,20.603,20.16,19.635,18.428,16.432
16.907,19.339,19.934,20.066,20.184,20.011,19.108,18.214,17.458,17.177,16.287,16.759,15.942,15.855,16.508,16.356,16.279,16.55,16.064,16.064,17.346,16.508,17.038,16.675,16.825,15.855,14.661,13.024,11.186,10.184,11.649,13.68,14.48,14.277,14.547,14.248,14.934,15.374,16.073,16.558,17.298,17.473,17.112,17.273,17.006,16.558,15.855,16.423,15.829,16.073,16.65,16.099,15.864,16.099,16.373,16.381,16.423,16.073,14.69,13.444,7.0944,9.2093,10.755,11.613,12.534,11.85,11.565,11.174,10.4,9.2093,8.8396,8.3377,10.019,10.82,10.858,11.897,13.024,13.962,14.48,16.038,16.784,16.423,18.366,19.766,19.454,20.184,20.721,19.794,19.057,15.661
16.555,19.571,20.282,20.75,20.207,19.741,18.818,18.278,17.018,16.546,16.275,16.13,16.471,15.825,15.18,16.095,16.035,15.398,16.879,16.42,16.378,16.978,17.165,16.978,16.945,15.675,15.434,12.741,11.122,9.2225,12.443,14.274,14.921,15.005,14.884,14.506,14.477,14.912,15.675,16.352,16.879,17.076,17.549,17.035,16.344,17.213,15.515,16.747,16.755,15.86,16.378,15.956,16.035,16.479,15.816,15.956,17.165,16.378,15.371,12.697,7.1709,9.3273,11.271,12.342,11.706,11.611,11.563,10.597,10.127,8.8377,10.358,9.0705,8.9781,11.848,10.544,12.137,13.096,13.869,14.649,15.506,16.978,17.238,18.339,20.041,20.006,20.076,21.069,19.535,18.877,15.956
15.108,16.934,17.871,17.936,17.936,17.476,17.376,15.879,15.564,14.727,13.82,13.489,14.122,14.039,14.008,13.788,13.872,14.07,14.286,14.578,14.608,14.163,14.727,14.816,14.163,14.163,13.062,11.92,10.138,8.1116,10.805,12.422,13.039,13.228,12.734,12.515,12.871,13.228,13.522,14.678,14.963,15.233,14.737,14.737,14.039,14.924,14.122,14.07,14.528,13.998,14.528,13.83,13.998,14.008,13.998,14.337,15.031,14.367,12.961,11.111,6.5863,8.7836,9.0449,10.71,9.8463,9.9053,9.0449,8.9315,9.4232,7.9667,8.2539,8.0213,8.2539,10.138,9.546,10.252,11.446,12.41,13.062,13.661,13.925,14.727,16.015,17.401,17.173,17.839,18.417,16.891,15.685,13.998
17.029,19.567,20.506,21.043,20.212,20.073,18.929,18.729,17.241,16.782,15.423,15.851,15.531,15.754,14.823,16.807,15.323,15.842,16.267,16.774,17.265,16.699,17.005,17.062,16.302,16.06,15.02,13.074,11.808,9.737,12.053,14.297,14.682,14.605,14.5,15.02,14.605,15.323,16.164,16.782,16.06,16.873,17.704,16.573,16.156,17.005,15.886,14.729,15.842,16.378,16.497,16.06,16.06,15.886,15.7,16.06,16.573,16.034,15.01,12.761,6.6795,9.5198,11.139,11.102,12.761,11.914,11.593,10.375,9.4463,8.977,8.5962,9.4019,10.375,10.199,10.144,11.289,12.316,13.73,14.529,15.965,16.446,16.497,17.954,19.047,19.545,20.567,20.506,19.843,18.024,15.35
17.1,19.705,20.284,20.203,19.99,19.253,18.928,18.56,16.172,16.299,15.502,16.476,16.601,15.502,15.305,15.871,16.061,16.027,16.442,16.434,16.476,16.905,17.268,17.14,16.172,15.608,15.368,13.384,11.357,9.8632,12.12,13.78,14.848,14.586,14.941,14.792,14.281,14.858,15.966,17.14,16.35,17.092,18.381,16.708,16.905,15.94,16.027,15.368,15.661,16.274,16.001,15.828,15.871,15.546,16.476,15.966,16.807,15.828,15.042,12.61,7.1403,9.6799,10.499,11.124,12.478,12.3,11.561,10.771,10.512,9.3467,8.658,8.8,9.3467,10.098,11.037,11.983,12.784,12.966,14.52,16.172,16.576,16.807,19.08,18.374,19.36,20.426,20.196,20.059,17.764,15.305
16.259,19.593,19.529,20.202,20.312,19.464,18.743,18.138,17.577,17.095,16.573,16.053,15.957,16.259,15.114,15.957,16.148,15.957,16.774,16.396,16.666,16.565,17.695,17.054,16.84,15.843,15.224,12.982,11.096,9.6892,12.151,14.162,14.26,14.26,14.598,14.665,14.598,15.224,15.878,17.127,17.037,17.233,17.41,16.302,17.095,16.573,16.053,15.523,15.63,16.302,16.531,15.843,16.026,16.302,15.878,16.259,16.37,15.834,14.636,12.885,7.4081,9.2328,10.83,11.394,12.853,12.151,11.624,10.477,10.042,9.3973,9.0345,8.7844,10.397,10.687,11.221,12.766,13.068,13.733,15.343,15.974,16.832,17.425,18.291,18.593,18.898,19.03,21.125,19.784,17.695,15.746
16.905,19.48,20.072,20.238,20.539,20.127,19.075,18.601,17.584,16.403,16.094,16.059,16.12,15.53,15.394,15.681,15.841,16.094,16.504,16.266,16.672,17.004,17.191,17.32,15.876,15.009,15.24,14.03,11.226,9.519,12.145,14.06,14.217,14.728,14.794,14.089,14.412,14.709,15.394,16.781,17.199,17.489,16.905,17.433,16.266,16.059,15.885,16.197,16.12,15.539,15.752,15.876,16.059,16.445,16.094,16.403,17.552,16.059,14.907,13.243,7.3355,10.088,11.101,12.372,11.088,11.724,10.679,10.252,9.6355,8.248,9.519,8.5141,9.4455,10.521,10.692,12.041,13.493,13.358,14.642,15.823,16.538,17.296,18.571,19.133,19.22,20.21,20.808,19.016,17.489,15.849
17.126,19.189,20.417,20.309,20.021,19.39,19.044,18.251,17.359,16.734,15.773,16.025,15.913,15.685,15.991,16.197,16.24,15.685,16.051,16.324,16.775,16.833,16.931,16.931,16.601,14.871,15.056,12.986,10.788,9.1823,12.308,14.029,14.945,14.665,13.881,14.36,14.351,14.964,15.756,16.129,16.931,17.478,16.931,17.295,16.025,16.833,16.025,15.913,16.51,15.056,15.782,15.311,15.782,16.324,15.606,15.991,17.118,15.991,15.632,13.312,6.7332,9.1823,11.091,11.326,11.674,11.041,11.153,10.113,10.1,8.9536,8.559,7.9564,8.7031,9.9759,11.041,11.531,13.155,13.384,14.235,14.504,15.852,16.426,17.876,18.648,19.282,19.539,21.195,18.935,17.876,15.808
16.943,19.495,19.77,20.24,19.644,19.749,19.057,17.584,17.489,17.513,16.335,15.793,15.766,16.208,15.474,16.208,16.25,15.828,16.943,16.001,16.139,16.001,16.983,16.712,16.242,15.185,14.955,13.77,11.061,9.4702,11.997,13.689,14.36,14.853,14.476,14.37,14.825,15.066,16.344,16.445,17.258,16.967,16.386,16.869,16.139,16.062,16.096,16.036,15.793,16.105,16.335,15.793,15.643,15.545,15.545,16.512,16.638,15.906,14.741,13.445,7.533,8.9596,10.337,10.337,11.587,11.587,10.795,10.536,10.052,9.1884,7.7681,8.9441,9.6009,9.3081,10.12,12.147,12.271,13.32,14.628,14.741,16.386,16.844,17.178,18.482,18.977,19.58,19.854,19.151,18.012,15.148
16.788,19.532,20.002,20.139,20.324,19.659,19.066,18.781,18.105,17.236,16.063,16.337,15.295,15.644,16.345,16.003,16.846,16.003,16.32,16.388,16.846,16.747,16.32,16.522,16.209,15.475,14.629,12.672,11.54,9.0832,11.824,13.415,14.207,14.216,13.931,13.721,14.448,15.475,16.003,17.586,16.522,16.944,17.491,16.522,17.139,16.003,16.639,15.547,16.243,15.829,16.514,16.209,15.177,15.186,16.345,15.977,16.32,16.063,14.77,13.28,6.8403,8.7573,10.107,10.641,11.647,11.383,10.121,10.523,9.5294,8.7573,8.1684,8.6779,9.4857,9.6018,10.835,12.148,12.474,12.813,13.415,15.34,16.722,16.32,16.472,17.998,18.536,20.057,20.311,19.153,17.042,15.547
17.037,18.658,20.134,20.162,19.996,19.577,18.732,18.598,17.993,16.718,15.999,16.025,16.333,16.341,15.693,15.999,16.137,15.825,15.999,16.841,16.635,16.518,16.94,17.231,15.79,15.543,14.673,13.768,10.845,9.3066,12.201,13.808,14.971,14.587,13.888,14.164,14.31,14.888,16.094,16.102,16.866,17.127,16.341,17.175,16.248,16.442,16.434,15.79,16.434,15.578,15.764,16.025,16.137,16.059,15.693,15.79,16.635,16.476,15.364,13.411,6.8385,8.9581,10.375,11.549,11.159,10.05,11.047,9.6997,9.5269,8.6277,8.4984,8.818,9.3066,10.05,10.214,11.38,12.669,13.808,14.738,15.045,15.48,15.614,17.127,18.68,18.776,19.802,20.542,19.851,17.885,15.173
16.844,19.295,19.467,19.889,20,20,18.779,18.241,17.996,17.073,16.521,15.366,15.819,16.002,15.643,16.318,16.512,16.139,16.47,16.479,16.967,16.479,16.242,16.721,16.844,15.294,14.881,12.941,10.523,9.6727,11.539,13.414,14.166,14.166,13.93,14.312,14.447,14.89,16.208,16.967,17.354,17.234,16.479,17.178,16.386,16.386,16.745,16.318,16.778,15.402,15.906,15.828,15.793,15.828,15.793,16.096,16.778,15.863,14.36,13.164,6.8397,8.9596,10.653,11.061,10.795,10.731,10.834,9.8289,9.9269,8.5647,8.3188,7.9094,9.4116,10.337,11.099,12.283,12.638,13.77,14.215,14.552,15.923,16.036,17.896,17.489,19.057,19.13,20.247,19.122,17.996,16.386
16.797,19.457,19.627,19.76,20.501,19.788,19.329,17.965,18.157,17.411,16.194,15.682,15.254,15.682,15.779,15.469,16.091,16.304,15.988,16.33,16.928,16.082,16.772,16.598,16.423,15.77,14.728,13.299,11.238,9.8204,11.636,13.798,14.281,14.728,14.539,13.997,14.728,15.245,15.849,16.928,17.733,17.219,16.797,17.474,16.764,16.431,16.33,16.125,15.629,15.892,15.849,15.988,16.304,16.423,15.988,16.506,16.854,15.988,15.172,13.402,7.0133,8.9827,10.786,10.837,10.579,11.287,10.328,10.112,9.6644,8.5573,8.9519,7.9549,8.9364,9.6644,10.566,11.372,12.887,13.637,14.154,15.629,17.219,16.321,17.788,18.248,19.113,19.45,20.12,19.393,17.942,15.163
17.058,19.048,20.508,19.557,20.292,19.329,19.048,18.63,17.163,16.624,16.014,15.988,16.194,16.237,15.988,15.893,15.683,15.779,15.962,15.988,16.624,16.498,17.475,17.498,16.431,15.63,15.172,13.142,11.529,9.3152,11.813,13.888,14.757,14.145,13.758,13.878,14.232,14.943,15.779,16.355,16.83,17.858,17.379,17.163,15.779,16.322,16.33,15.389,16.023,15.771,15.988,15.806,16.423,16.431,16.091,16.372,17.115,16.194,14.961,13.309,7.3783,8.9366,10.644,11.151,10.644,10.579,10.207,9.4037,9.1807,8.007,8.4764,7.9028,8.6219,10.566,10.837,12.102,13.005,13.566,14.348,14.54,15.806,16.928,17.904,19.557,18.763,19.753,21.008,19.45,18.586,15.806
17.217,19.341,20.526,21.402,20.687,19.638,18.805,18.283,17.401,16.454,15.812,15.891,15.777,16.02,15.06,15.986,15.768,15.279,16.729,16.429,16.621,16.704,17.217,17.848,16.621,15.803,15.279,12.637,11.48,9.6918,11.753,13.38,14.95,14.153,14.461,13.886,14.279,14.885,15.252,16.192,16.505,17.056,17.786,16.302,16.02,16.429,15.324,14.642,15.628,16.328,16.95,15.61,16.429,16.192,16.081,16.192,17.543,15.628,15.387,12.832,7.653,8.6686,10.433,10.975,11.635,9.9172,10.327,9.9172,8.1597,8.8109,8.6207,8.4262,8.4752,10.578,10.565,11.371,12.637,13.877,14.642,14.461,16.496,16.596,18.396,19.104,18.951,19.504,21.188,19.561,18.951,15.751
16.823,19.098,19.807,20.405,20.029,20.077,18.982,18.3,17.988,16.724,15.763,15.623,16.424,16.616,15.454,15.842,16.084,15.842,16.724,16.289,16.724,16.297,17.091,16.888,16.499,16.118,15.165,13.009,11.233,9.2961,12.654,13.912,13.872,14.599,14.797,14.148,14.148,15.274,16.297,16.297,17.395,17.284,17.156,17.115,16.084,16.591,16.765,15.807,15.525,15.516,16.314,16.041,15.981,16.616,15.903,16.616,17.115,15.623,14.936,13.662,6.6464,8.948,10.972,10.627,11.524,11.047,10.934,9.5885,9.3553,8.9326,8.948,8.8081,10.202,10.363,10.202,11.367,13.136,14.099,14.294,14.637,16.491,16.699,17.663,18.799,18.777,20.283,19.974,18.836,17.865,15.056
17.614,19.375,20.704,21.178,20.817,19.332,18.943,18.979,17.016,16.413,15.317,15.761,15.796,15.236,15.805,15.523,15.452,16.219,16.959,16.489,16.959,16.614,17.535,17.464,16.497,16.219,15.154,13.145,11.748,9.5872,12.299,13.91,14.934,14.795,13.87,14.097,14.35,14.635,15.317,16.219,16.787,17.401,16.959,16.943,16.185,16.422,16.082,16.363,16.754,15.77,15.979,15.761,15.603,16.295,16.082,16.185,16.918,16.489,15.245,13.425,7.0682,8.6965,11.045,12.455,11.534,11.033,11.17,10.037,9.7725,7.8981,8.2066,8.9468,9.6446,9.8148,9.9821,11.57,12.265,13.134,14.943,15.026,15.901,16.763,17.209,19.503,18.575,19.693,20.463,18.774,18.139,15.127
17.403,19.964,20.435,20.204,20.428,19.46,19.325,17.926,17.099,17.339,15.973,15.834,15.756,16.306,15.375,16.007,15.267,16.34,16.315,16.407,17.458,16.407,17.458,17.49,16.315,16.033,15.999,13.39,11.166,9.0662,12.125,13.865,14.63,15.294,14.421,13.905,14.564,14.63,15.799,15.738,17.107,17.387,16.953,17.771,16.583,16.221,16.289,15.799,15.973,15.668,16.491,15.834,16.749,16.806,16.357,16.289,17.042,16.449,15.294,13.39,7.5196,9.9924,12.249,12.091,11.041,10.504,10.556,10.197,8.9898,8.6137,8.9898,8.9282,9.6412,9.5838,10.102,11.47,12.216,14.141,14.141,14.092,16.449,16.683,18.11,18.11,18.826,19.268,19.964,18.389,17.856,15.764
15.101,17.164,18.083,18.322,17.979,17.744,17.323,16.388,15.489,15.187,13.609,14.485,14.918,13.789,13.319,13.997,14.079,14.028,14.475,14.614,14.455,14.564,14.879,15.301,14.435,14.212,13.459,11.077,9.4102,7.7022,10.813,12.384,13,12.662,12.604,12.384,12.933,12.922,13.715,15.072,14.455,15.072,15.6,14.535,14.693,14.435,13.789,13.715,13.966,14.485,14.634,14.212,13.831,14.485,14.485,14.202,15.414,14.535,13.133,11.348,6.9933,8.0692,9.6231,10.006,10.277,10.107,8.9046,8.5057,7.7022,7.7022,7.1771,7.9971,8.0692,8.3685,8.9046,10.719,10.826,11.399,12.279,12.787,13.286,13.956,15.489,15.414,16.361,16.737,17.514,16.702,14.84,12.662
16.514,19.466,20.129,20.157,21.46,20.047,18.969,18.94,18.609,17.553,15.9,15.689,16.021,16.506,15.288,16.514,16.438,15.17,16.329,16.464,17.299,16.244,17.131,17.419,16.09,15.636,15.396,13.408,10.649,9.6544,12.198,14.546,14.306,14.364,14.112,13.974,14.47,15.288,16.329,16.631,17.553,17.251,16.438,17.122,15.969,16.631,16.705,16.09,16.43,15.777,16.03,15.917,16.201,16.837,15.61,16.714,16.837,16.312,15.333,13.158,6.8368,9.0786,10.944,10.829,10.842,10.791,10.518,10.048,9.0022,8.0277,8.1643,8.8159,8.1813,10.006,9.9785,11.546,13.01,13.179,13.315,14.209,15.26,16.03,16.837,18.609,17.95,19.402,20.129,18.256,17.122,14.81
16.853,19.074,20.319,20.556,20.59,19.653,19.081,18.869,17.648,16.479,16.327,16.035,16.729,16.82,16.445,16.352,16.044,16.394,16.044,15.87,16.853,16.327,17.122,17.442,16.521,16.035,14.889,13.482,10.852,9.4896,12.118,14.368,14.173,14.776,14.559,14.368,14.144,14.748,16.01,16.844,16.754,17.371,17.498,16.853,16.521,17.211,15.651,15.544,15.836,15.8,16.104,15.792,16.529,16.216,16.104,16.259,17.211,16.729,15.302,13.022,7.1597,9.5333,10.369,10.852,11.363,10.369,9.89,8.8239,8.4878,8.5041,7.5368,7.5917,8.9641,10.112,10.369,11.154,12.015,13.16,13.897,14.664,15.074,15.651,16.729,18.386,18.005,18.744,19.016,18.363,16.529,14.861
16.644,18.977,20.007,20.5,20.337,20.221,19.588,18.742,18.088,17.079,16.342,16.034,15.072,15.48,16.214,15.834,16.008,16.325,16.818,16.949,16.644,16.949,16.99,17.184,16.519,15.834,15.3,13.253,11.065,9.0093,11.686,13.725,13.905,14.172,14.662,14.376,14.123,14.172,15.48,16.451,16.785,16.851,17.496,16.916,16.342,16.949,16.527,16.008,15.825,16.214,16.103,15.542,15.834,15.649,16.008,16.325,17.496,15.912,14.747,13.654,7.0614,9.0553,10.124,11.543,11.828,11.165,10.851,9.5322,9.0553,8.568,8.322,8.2215,9.0093,10.527,10.657,11.252,12.002,13.2,14.142,14.822,15.3,15.93,16.644,17.654,18.742,18.955,19.896,18.481,16.619,14.98
16.794,19.56,20.555,20.555,20.535,19.354,19.482,17.927,17.568,16.72,15.834,16.991,16.444,15.301,15.65,15.481,15.826,15.65,16.452,16.52,17.314,17.007,17.654,16.645,16.478,16.034,15.192,13.159,11.103,8.7603,12.277,13.685,14.681,14.747,13.846,13.655,13.896,14.822,15.481,16.326,16.786,17.497,17.521,17.007,16.326,16.215,15.481,15.65,15.913,15.301,16.008,15.588,16.008,16.95,15.982,16.72,17.145,16.52,15.082,13.584,7.3878,9.489,10.166,11.77,11.19,11.103,10.851,9.5327,8.9635,8.3224,8.8233,8.9635,9.1924,10.488,10.111,11.362,11.77,12.72,14.318,14.634,15.301,15.301,16.974,18.846,18.089,18.743,20.002,18.004,17.811,14.52
16.964,19.879,20.552,20.163,19.99,20.06,18.994,18.142,17.826,16.808,16.022,15.386,15.286,16.866,15.813,16.022,16.458,15.804,16.39,16.365,17.392,17.062,16.365,16.542,16.8,15.839,14.76,13.011,11.262,9.0018,12.036,13.737,14.223,13.828,14.465,14.233,14.233,14.57,15.422,17.256,16.5,16.262,17.224,16.5,16.125,16.742,16.082,15.359,15.493,16.082,16.466,16.022,15.839,15.804,16.989,16.542,16.931,16.458,14.835,13.41,7.3751,10.133,10.536,11.601,11.565,11.163,10.601,9.9952,9.4236,8.0584,8.195,7.9718,8.9555,10.228,10.654,11.565,11.505,12.036,13.697,14.835,15.926,16.022,16.542,17.062,17.981,18.67,18.884,18.558,16.89,14.909
17.086,19.511,21.226,20.154,20.562,19.821,19.596,18.339,17.763,17.598,15.875,16.399,16.331,15.655,15.779,16.152,15.805,15.84,16.263,16.221,16.8,16.858,16.981,16.825,16.651,15.378,14.828,13.195,10.957,8.9513,11.691,13.781,14.129,14.372,14.05,13.731,14.324,14.602,15.486,16.255,17.503,17.661,17.32,17.013,16.759,16.323,16.049,16.014,16.221,14.986,15.779,15.84,15.558,16.526,16.255,16.997,17.086,16.323,15.188,13.7,7.7744,9.0591,10.74,10.855,10.855,11.058,10.855,9.0896,9.0591,8.4412,7.4465,7.6667,8.9977,9.6805,10.018,11.269,12.213,13.079,13.941,14.178,14.828,16.075,16.221,17.692,17.972,18.75,19.673,18.816,17.127,15.197
17.19,19.658,20.742,20.317,20.344,19.903,19.071,18.428,18.094,17.699,16.151,16.039,16.074,15.935,15.628,16.524,15.839,16.262,16.22,16.533,16.922,16.856,16.856,17.142,15.874,15.804,15.077,12.907,10.803,9.3297,12.336,13.78,14.128,14.381,14.323,14.381,14.128,15.196,15.058,16.922,16.758,17.407,17.19,17.142,16.733,16.449,15.804,16.117,16.22,16.013,16.254,15.839,15.918,16.398,16.048,16.398,16.955,16.347,15.159,13.33,7.5384,9.3742,10.059,12.029,10.661,10.128,10.53,8.4406,9.0584,8.3248,8.8259,8.9661,8.5709,9.4185,10.114,10.543,11.937,12.907,13.73,14.323,15.556,15.839,15.654,17.66,17.502,18.984,20.152,18.435,17.085,14.892
17.009,19.177,20.597,19.903,20.373,20.015,18.907,18.422,17.557,17.026,16.511,16.179,15.867,16.041,15.902,16.562,16.486,16.248,16.136,15.946,17.397,16.679,16.762,17.628,15.823,15.823,14.512,13.56,11.213,9.2112,12.039,13.478,14.241,14.664,14.074,13.754,14.396,14.664,15.902,16.82,16.359,17.172,16.911,17.533,16.359,16.015,16.291,16.376,15.512,15.377,16.041,15.823,16.076,16.384,15.296,16.359,17.301,16.52,14.853,13.965,6.3511,9.2263,10.68,11.126,10.145,10.861,10.362,8.9664,8.6987,7.5517,8.2557,8.0682,8.586,9.5522,9.2112,10.68,11.794,11.711,13.354,13.925,14.28,15.735,15.902,17.628,17.793,18.164,18.729,17.964,16.828,15.332
15.667,17.622,18.356,18.986,17.622,17.255,17.043,16.743,15.263,14.562,13.344,14.023,14.502,14.106,13.125,13.982,13.815,13.517,14.229,14.229,14.462,14.381,15.713,15.177,13.72,13.857,13.474,11.433,10.409,7.6601,10.353,12.314,13.517,13.388,12.16,12.302,12.29,12.777,13.333,13.982,14.147,15.434,15.434,15.216,14.054,14.106,13.474,13.344,14.054,14.106,14.023,13.741,14.592,14.907,14.562,14.985,15.695,14.661,13.344,11.771,6.3084,8.4189,9.1624,10.793,9.9087,8.9701,8.3669,7.3307,7.0272,6.1451,6.6666,7.7168,7.7168,7.8474,8.0123,10.367,9.2727,10.297,11.458,11.331,12.582,13.517,14.502,15.861,15.443,15.924,17.916,15.546,15.915,12.571
17.451,19.737,20.093,20.793,20.285,19.695,19.166,18.411,17.992,16.876,16.032,16.058,15.503,16.032,15.368,15.936,16.032,16.092,16.51,16.273,16.843,16.281,16.669,17.719,16.552,16.032,15.214,13.511,11.561,9.5028,12.34,13.603,14.32,14.036,14.703,14.646,14.579,15.076,15.953,16.777,16.375,16.777,17.403,16.4,15.796,17.015,15.822,15.61,14.984,15.814,16.81,16.375,16.238,16.032,16.669,16.942,16.777,16.552,15.575,12.749,7.4546,9.2208,9.3851,10.556,11.561,10.854,9.3406,9.5028,8.1831,8.4995,7.6022,7.3985,8.2,9.8474,10.235,10.969,11.182,12.351,13.273,14.183,15.822,15.286,15.814,16.777,18.046,18.718,18.896,18.199,16.876,14.474
16.992,19.53,19.974,20.381,20.368,20.058,19.416,18.588,17.308,17.179,15.829,14.924,16.082,16.493,15.838,16.186,15.581,15.519,16.56,15.873,16.835,16.143,16.893,17.42,16.484,16.186,14.718,13.81,11.366,9.3945,12.055,13.93,14.594,14.632,14.402,14.207,14.158,14.859,15.838,16.186,17.016,17.284,17.284,16.661,15.626,16.569,16.143,15.411,15.383,16.048,16.366,16.048,15.838,16.082,16.434,16.391,17.356,16.769,15.688,13.452,6.3537,8.259,9.3351,10.367,10.513,10.081,9.5123,8.5895,7.4621,8.2083,6.8594,7.1768,8.0369,9.7007,10.474,10.553,11.572,12.147,13.107,13.202,14.943,15.447,16.992,17.404,17.468,18.655,18.475,18.588,16.56,15.119
17.171,19.117,20.649,20.669,20.689,19.488,19.095,17.716,17.203,15.947,15.738,15.738,16.607,14.863,15.455,15.311,15.446,15.738,16.781,16.482,16.69,16.482,16.912,17.147,16.449,14.928,15.834,13.624,11.802,8.9279,12.294,13.865,14.789,15.148,14.286,14.334,14.421,14.601,15.374,16.007,16.814,17.825,17.339,17.147,16.221,16.814,15.446,15.266,16.715,15.311,15.755,15.553,16.221,17.106,15.972,16.306,16.912,16.814,15.588,13.171,7.4271,8.6931,10.503,10.556,9.6409,9.8671,9.4677,9.1868,8.3037,6.643,6.8474,6.8272,8.3037,9.0659,9.5113,10.424,11.041,11.906,13.665,14.189,14.789,14.601,15.895,18.627,17.339,18.291,19.367,18.441,16.748,14.449
16.959,19.634,20.093,19.802,20.237,19.57,19.004,17.362,17.552,17.25,15.331,16.2,15.573,14.611,14.734,15.994,15.466,15.475,16.336,15.475,16.629,16.2,16.959,16.504,16.327,15.25,14.957,13.479,11.533,9.3184,12.197,14.159,14.948,14.762,14.002,14.159,14.734,14.874,15.898,16.513,17.064,17.481,17.226,16.712,15.898,16.437,15.898,15.573,15.609,15.968,16.019,16.131,16.234,16.629,16.504,16.513,17.121,16.437,15.82,13.833,7.0552,8.4138,9.824,10.79,10.332,10.478,9.6536,9.0778,8.3147,7.3245,7.5292,6.5891,7.9055,8.3147,9.3184,10.358,11.485,12.003,12.643,12.935,14.468,14.611,15.688,17.575,16.836,17.669,18.792,18.156,17.25,14.874
16.68,19.662,20.29,19.927,20.506,20.126,19.535,18.107,17.169,17.169,16.108,15.971,16.108,15.762,15.753,15.551,15.875,15.797,16.439,15.797,16.287,15.762,16.065,16.354,15.971,15.515,14.871,13.388,11.469,9.4666,11.742,14.285,14.852,14.562,14.59,14.419,14.419,15.037,15.666,16.312,17.455,17.455,17.644,17.613,16.754,16.489,16.489,16.413,16.405,15.372,16.812,16.312,15.971,17.36,16.489,15.797,17.273,16.405,15.037,13.743,7.5184,8.7396,10.087,10.463,11.336,10.774,9.5102,9.4666,9.654,8.0155,7.0059,7.4632,7.8767,8.9423,9.305,11.275,11.469,12.089,12.646,13.449,14.217,15.613,15.832,17.201,16.48,17.201,18.625,17.273,15.788,14.797
17.098,19.116,20.066,19.997,20.595,20.1,18.854,17.645,17.924,16.813,16.415,15.338,15.552,16.032,15.445,15.373,16.406,15.833,16.49,15.894,16.49,16.49,16.755,17.106,16.78,15.445,15.265,13.624,10.928,9.1713,11.848,13.285,14.487,14.334,14.591,14.286,14.42,14.525,15.587,16.689,16.755,17.322,17.924,16.582,16.607,17.202,16.313,15.445,14.798,16.288,16.689,16.212,16.78,15.998,16.689,17.106,17.338,16.805,15.311,13.129,6.8471,9.4672,10.318,10.775,11.469,10.633,9.9085,9.0655,7.8772,7.6463,6.8269,7.519,8.1525,10.088,9.964,10.101,10.826,11.998,12.625,13.389,14.788,14.798,16.305,16.755,17.978,17.84,18.23,17.606,16.714,14.14
16.93,19.224,20.284,20.093,20.581,19.452,19.431,18.848,17.608,17.764,16.684,15.731,15.793,16.476,15.224,15.758,16.001,15.888,16.308,16.172,16.675,16.476,17.268,16.905,16.799,16.026,15.042,13.659,11.308,9.5797,11.739,13.978,14.261,14.792,14.086,14.008,14.857,14.931,16.484,16.409,17.833,16.807,16.708,17.451,16.214,16.946,16.214,16.299,16.308,15.793,16.026,16.061,16.601,16.872,16.35,16.409,17.14,16.476,15.233,13.978,6.4934,9.0318,10.771,10.707,11.124,10.084,9.5075,8.61,8.1496,7.8744,7.4241,8.3004,8.4158,9.6798,9.1681,10.139,10.63,11.983,13.124,13.689,13.81,14.52,15.233,16.807,17.092,17.451,18.283,17.196,16.442,14.444
16.936,19.544,20.542,20.454,20.434,19.997,19.231,18.567,17.146,17.528,16.178,16.49,15.588,15.614,15.266,15.266,15.79,15.972,16.314,15.614,16.813,16.356,17.925,16.607,16.952,16.11,16.007,13.296,11.625,9.6835,11.987,13.624,14.189,14.714,14.14,14.334,14.525,14.42,15.552,16.314,17.009,17.202,17.202,16.911,16.69,15.972,16.11,15.998,16.482,15.614,15.972,15.946,16.756,16.69,16.221,16.78,17.106,16.49,15.266,13.553,6.9074,8.7404,10.814,11.041,9.8668,10.102,10.318,8.7404,8.6612,7.0458,7.1429,7.6464,9.0352,8.9277,8.6929,10.826,10.826,11.743,12.97,13.654,14.286,14.563,15.614,16.78,17.394,17.457,18.971,17.106,16.582,14.286
16.331,19.167,20.119,19.596,20.339,19.659,19.311,17.995,17.91,16.726,16.348,16.221,15.831,16.118,14.837,15.593,15.919,15.414,16.049,15.805,17.143,16.458,16.858,16.923,17.127,15.936,15.549,12.951,11.596,9.8929,11.833,13.901,14.256,14.324,13.941,14.324,14.256,14.893,16.357,16.221,17.143,17.086,16.152,16.956,16.014,17.054,15.919,15.84,15.779,15.549,15.593,16.118,16.357,16.759,15.805,16.399,17.448,16.357,15.351,13.486,6.8653,9.2108,9.9348,11.107,9.6661,10.169,9.1957,8.3254,8.2417,7.025,7.4465,7.6666,8.5066,8.7635,9.0896,10.531,11.656,11.774,12.03,12.156,14.458,13.941,15.188,16.014,16.525,17.32,17.817,16.534,15.875,13.289
16.951,19.356,20.114,20.155,20.176,19.562,18.87,18.311,17.656,17.009,16.036,15.074,15.704,15.624,15.589,16.352,15.193,15.801,15.836,16.01,16.992,16.259,17.363,17.379,16.352,16.113,15.651,13.534,11.191,10.126,11.688,13.686,14.368,14.144,14.824,14.223,14.777,14.521,15.266,16.754,16.352,16.395,17.443,16.853,15.544,16.216,15.624,15.41,15.704,16.327,17.122,15.801,16.445,16.395,16.445,16.352,16.853,16.344,15.329,12.512,7.0624,8.9333,10.167,10.126,10.112,10.488,9.1932,9.1932,8.2395,7.5369,6.7412,7.3884,7.896,8.8241,9.0106,10.449,10.581,12.289,12.153,13.4,13.697,14.164,15.801,16.044,16.454,17.187,18.611,17.379,15.914,13.697
16.847,19.133,20.71,20.764,20.106,19.477,18.98,17.899,17.524,16.523,15.909,16.142,16.64,15.342,16.099,15.795,16.142,15.342,15.769,16.21,17.373,16.004,16.523,16.97,16.346,15.978,15.978,13.478,11.684,9.7881,11.624,14.169,14.592,14.169,14.449,14.677,14.372,15.296,15.476,16.64,15.926,17.181,18.417,16.439,16.515,16.099,15.698,15.269,15.369,16.21,16.945,15.548,16.481,16.515,16.523,16.64,17.357,16.515,15.178,12.727,7.3293,9.0838,10.108,10.655,10.733,9.7028,9.6024,8.961,8.0495,8.0322,7.3103,6.3364,8.3201,9.1899,8.961,10.108,11.063,10.848,12.205,13.281,13.982,15.296,15.151,15.342,16.515,16.473,18.686,16.389,15.323,13.772
16.397,19.543,19.308,19.565,20.322,20.047,18.606,18.658,19.142,17.052,16.397,15.934,15.076,15.627,16.012,16.012,16.038,15.706,16.218,16.855,16.218,16.49,16.798,16.649,17.437,16.218,14.751,13.729,11.389,9.6072,11.936,14.254,13.909,14.485,14.127,14.176,14.146,14.974,16.073,16.822,16.995,17.245,15.873,16.448,16.481,16.456,16.756,15.493,16.261,15.777,15.349,16.012,15.873,15.803,16.49,16.038,16.523,16.954,14.891,13.668,6.5967,8.2406,9.4765,10.529,9.4911,9.9891,9.3291,8.7622,8.4891,7.8266,7.6656,7.024,7.8266,8.6828,9.5348,10.424,11.168,11.831,12.155,13.162,13.899,14.751,14.891,15.934,16.448,17.405,17.869,16.921,15.555,13.688
16.667,18.694,19.679,20.501,20.139,20.035,19.04,18.296,17.425,16.415,15.43,15.821,15.175,15.501,14.654,15.093,15.366,15.366,15.671,16.091,16.55,16.874,16.415,16.134,16.03,16.03,15.366,13.438,11.559,9.7186,11.844,13.704,14.473,15.074,14.27,14.241,14.842,15.093,15.794,17.014,16.373,16.997,17.209,16.899,16.667,15.934,15.952,15.653,15.891,16.373,16.841,15.856,16.279,16.03,16.237,17.071,17.103,16.508,15.348,12.824,7.0319,8.58,9.3396,9.8464,10.462,10.014,9.3247,8.4495,7.8354,7.4538,7.1689,7.0909,7.3789,8.6445,8.3336,10.07,11.206,10.594,12.134,12.921,13.915,14.396,14.682,16.271,16.348,17.835,17.544,16.899,15.934,13.795
16.869,19.005,19.834,20.997,20.461,19.559,18.688,18.472,17.884,16.935,16.06,16.12,15.362,15.999,15.842,15.28,15.807,15.666,15.842,15.93,16.637,16.545,17.066,17.547,16.343,16.232,15.362,13.547,11.604,9.6151,11.782,13.79,14.06,14.612,14.138,14,14.678,15.088,15.497,16.537,16.745,17.26,17.155,16.869,16.503,16.495,15.568,15.666,16.086,16.025,16.129,15.842,16.393,16.343,16.025,16.368,17.704,16.662,15.344,13.547,6.87,8.3311,10.067,10.747,9.687,9.4989,8.5774,7.0888,8.0601,6.1447,7.6719,7.0298,7.4516,9.4989,9.3368,9.4256,10.747,11.115,12.402,12.015,12.69,14.178,14.265,16.06,15.604,16.968,17.712,16.935,15.497,13.71
15.896,19.387,20.188,20.208,20.042,20.284,18.93,18.28,18.05,17.295,15.957,15.818,15.516,15.818,15.372,16.131,16.548,15.729,15.826,16.756,16.285,16.174,16.277,16.748,17.166,16.036,15.006,13.043,10.87,10.073,11.647,13.709,14.343,14.275,14.478,13.96,14.039,15.098,15.65,17.166,16.673,16.88,17.003,16.514,17.215,15.957,16.139,15.516,14.772,16.756,17.109,15.729,17.003,15.729,16.673,16.946,16.814,16.37,15.217,13.181,6.8543,8.4525,8.9633,9.5051,9.722,9.6934,8.9633,7.6769,7.6041,7.1714,7.1714,7.4936,6.8745,8.9477,8.8383,9.9061,11.009,10.857,11.515,11.79,13.556,13.749,14.478,14.987,15.818,17.109,17.724,16.48,14.922,14.246
17.014,19.825,20.365,20.583,20.365,19.578,18.458,18.046,17.474,17.177,15.828,14.923,15.669,15.863,15.364,16.107,15.74,15.089,15.968,16.081,16.364,16.046,16.891,17.633,16.141,15.81,15.382,13.2,11.856,9.4966,12.317,13.929,14.048,14.81,14.554,14.255,14.592,14.923,15.517,16.525,16.558,16.891,17.25,15.872,15.837,16.482,15.445,15.382,15.364,15.872,16.296,15.872,16.389,16.141,15.517,16.659,17.226,16.516,15.382,13.232,6.8587,7.9314,9.4378,9.2291,9.4966,9.3935,8.5886,7.9139,7.554,6.7151,5.8274,6.8789,7.3295,8.5886,8.5072,9.3489,10.406,10.683,11.365,12.507,13.697,13.687,14.716,16.046,16.858,16.858,17.727,16.891,15.81,13.758
16.568,19.266,19.815,19.787,20.37,19.872,19.194,18.439,17.738,17.452,16.09,15.117,15.819,16.055,15.391,16.116,15.526,15.881,15.846,15.977,16.835,16.399,16.802,16.373,16.802,16.5,14.667,12.757,11.662,9.7052,11.804,13.977,13.816,14.263,14.601,14.253,14.263,14.601,16.055,17.26,16.534,16.693,16.441,15.678,15.819,16.668,15.837,15.846,15.526,16.029,17.057,16.055,15.977,15.345,16.365,16.424,16.901,16.262,14.866,13.438,5.6116,8.4628,9.0206,9.3989,10.044,9.8194,8.512,8.512,7.936,7.1801,6.6145,5.8308,7.9184,7.8477,8.9897,9.3394,10.044,10.985,11.529,12.061,12.757,13.857,15.098,15.535,16.399,16.777,16.296,16.305,15.345,13.947
16.021,19.05,20.205,20.301,19.825,19.523,19.144,17.951,17.858,16.936,16.021,15.637,15.61,15.396,14.613,15.637,15.539,15.288,16.329,16.337,16.606,16.056,15.995,17.679,15.969,16.133,15.778,13.765,11.76,9.5248,12.233,13.765,14.21,14.546,14.613,14.033,14.735,14.355,15.288,17.355,16.38,17.387,17.171,16.606,16.201,16.099,15.786,15.637,15.995,16.056,16.329,16.464,16.236,16.631,15.995,16.805,17.299,16.337,14.735,13.18,5.5906,8.6737,8.3155,9.3045,9.1848,8.4965,7.53,7.53,7.1533,6.3547,6.8572,7.1533,7.53,8.3155,7.4376,9.0023,10.518,10.727,11.546,12.142,12.936,13.305,14.847,15.821,15.288,16.606,17.123,17.123,15.333,12.893
16.247,18.728,19.514,19.853,20.595,19.747,18.935,17.931,18.024,17.219,16.014,15.331,15.618,15.511,15.221,15.654,15.734,15.331,15.358,15.376,16.761,16.383,16.56,17.219,16.909,15.831,16.04,13.722,11.125,10.02,12.357,13.353,14.2,14.482,14.327,14.587,14.327,14.991,15.962,16.56,17.008,17.3,16.485,18.04,16.29,15.734,16.101,15.52,16.56,15.857,16.04,15.831,16.409,16.349,16.075,16.485,17.008,16.04,15.376,14.151,6.3506,8.033,8.9812,9.5077,9.5077,8.9812,8.6499,7.5511,7.1733,6.8764,6.7126,7.4585,7.3457,7.7869,8.4547,10.076,10.034,11.188,11.603,11.957,14.24,14.171,14.805,15.822,16.135,17.243,17.729,17.412,15.583,13.753
17.281,18.472,19.908,20.574,19.711,19.753,18.94,18.457,17.797,16.515,16.363,15.87,15.381,14.921,15.116,15.587,16.363,15.835,15.738,15.949,16.49,16.89,17.013,16.89,16.252,15.578,15.116,13.716,10.978,9.5544,12.305,13.757,14.486,14.715,14.156,14.515,14.486,14.921,15.738,16.89,16.791,17.441,16.824,16.658,16.766,15.685,15.827,15.738,16.14,16.294,16.683,15.685,16.294,16.252,16.388,16.658,17.224,16.515,14.921,13.346,6.4396,8.1898,9.6269,10.079,9.3482,8.7325,8.2575,6.3744,7.3479,6.4396,6.9389,7.0778,8.0354,8.3413,8.6525,9.7276,11.129,11.016,12.042,12.35,13.03,13.45,15.189,15.335,16.071,16.683,16.988,16.956,15.335,13.199
17.508,19.388,19.643,20.871,20.088,19.565,19.643,18.105,17.967,17.165,15.462,16.05,15.173,15.462,14.541,15.328,15.816,15.282,15.631,15.754,16.323,16.7,16.971,17.357,16.332,15.772,15.631,13.919,11.578,9.5214,12.273,14.028,14.301,14.301,14.282,14.541,14.73,14.888,15.851,16.508,15.911,16.832,17.547,16.508,16.05,16.084,15.772,15.328,15.989,16.332,16.733,16.298,16.093,16.332,16.424,16.298,17.06,16.127,14.664,12.639,6.3306,8.229,8.9991,9.1815,10.099,9.4777,7.886,7.5273,6.4174,6.3088,6.3306,6.3524,8.0077,8.4771,8.4281,10.044,10.528,10.838,11.614,12.661,13.669,13.383,14.73,15.282,15.328,16.954,16.458,16.374,14.879,13.154
17.026,19.25,20.017,20.508,20.121,19.627,19.135,17.411,18.065,16.928,15.91,16.091,15.47,15.035,15.053,15.308,15.988,15.326,16.014,16.014,16.126,16.498,17.115,17.506,16.431,16.228,15.461,13.829,11.636,9.6931,12.193,13.566,14.578,14.348,14.502,14.281,14.203,14.869,15.461,16.507,16.772,16.969,17.163,16.624,16.731,16.33,15.63,15.281,15.63,16.372,16.731,16.296,16.731,16.305,16.764,16.194,17.187,15.893,14.803,12.725,6.8541,8.812,9.3595,9.1806,9.4623,9.1957,8.812,7.1501,7.0528,6.8339,6.6494,6.732,6.3952,7.8852,9.0747,9.9186,10.837,11.577,11.151,11.987,12.616,13.015,14.728,14.615,15.461,16.465,16.764,16.706,15.47,13.299
17.289,19.383,20.525,20.288,20.792,19.39,19.276,18.305,16.95,16.504,16.08,15.777,16.462,15.985,15.627,15.251,15.242,15.251,16.369,15.846,15.985,16.852,17.096,17.376,16.621,16.123,15.68,13.4,12.134,9.6915,11.811,13.916,15.242,14.537,14.604,14.298,14.604,14.66,15.6,15.467,17.353,17.023,17.66,17.023,16.234,16.123,15.75,15.75,15.959,15.6,15.467,16.621,16.95,17.566,16.428,16.621,17.12,15.959,15.278,13.472,6.4157,7.9537,9.6915,9.2987,9.1791,8.4912,8.4749,8.3103,7.0516,6.6483,5.36,5.6852,7.5253,8.6204,8.4749,9.3135,10.205,10.72,11.539,11.753,12.981,12.885,14.604,14.801,14.81,15.521,16.428,15.458,15.529,13.564
16.635,19.062,20.758,20.704,19.549,19.802,18.858,18.17,17.2,16.94,15.319,16.206,15.817,15.292,15.073,15.579,15.782,15.292,15.999,16.384,16.635,16.61,17.071,16.61,16.519,16.316,16.206,13.484,11.763,9.4837,12.81,14.213,14.879,14.739,14.673,14.889,14.243,14.898,15.265,16.842,16.718,16.785,18.14,16.316,16.384,15.481,15.337,15.146,15.641,16.342,16.443,16.743,16.867,16.206,16.519,17.368,16.965,16.384,15.064,13.067,5.2868,8.0299,8.943,9.4837,9.2023,8.9893,7.7672,6.8388,6.3564,6.3998,6.3346,6.1574,7.3272,7.8909,7.8204,9.9813,9.8838,10.335,11.549,12.281,12.735,13.194,14.155,14.213,14.898,15.86,16.51,15.764,14.879,12.713
17.322,19.031,19.767,19.676,20.538,20.053,19.676,18.257,17.765,17.25,15.842,14.839,15.08,15.335,15.308,15.497,15.38,15.71,16.359,16.494,16.016,16.35,16.802,17.056,16.401,16.016,15.308,13.732,11.633,9.3759,11.834,14.052,14.527,14.46,14.904,14.565,14.754,15.497,16.12,16.884,16.794,16.925,16.016,16.325,15.842,16.265,15.99,15.63,15.497,15.657,16.359,16.051,15.877,16.452,15.877,16.761,17.41,16.359,15.308,13.59,6.5983,6.8661,8.8275,8.5725,9.1968,8.7169,7.3348,7.1626,6.363,5.8876,5.3703,5.5979,7.0258,7.3348,8.192,8.4421,10.116,10.005,11.916,11.071,12.682,13.176,13.783,14.782,15.38,16.223,16.042,16.223,14.895,13.081
16.041,19.35,19.629,20.359,20.015,19.854,19.177,18.648,17.628,17.477,16.076,15.332,15.085,15.44,14.712,15.946,15.512,15.832,16.52,16.282,16.359,16.853,16.041,16.654,16.41,16.041,15.011,13.447,11.519,9.7254,11.213,14.348,13.965,13.804,14.396,14.202,14.483,14.778,16.248,16.679,16.376,16.511,16.376,16.041,15.963,16.145,16.384,15.404,15.377,15.946,16.248,16.248,16.041,15.735,16.427,16.041,16.654,16.553,14.664,13.519,5.7051,7.7875,7.6796,8.5046,8.9819,8.3395,8.0336,8.0509,6.9373,5.8969,5.8969,6.0137,6.3512,7.9291,8.0336,8.8414,9.9516,10.362,10.861,12.537,12.448,13.354,13.101,13.713,14.664,15.867,15.867,15.664,14.512,12.768
16.495,18.791,19.404,19.977,20.554,19.554,19.064,18.658,18.051,16.895,15.672,15.385,15.093,15.53,14.861,15.413,15.91,15.304,15.84,16.084,16.393,16.436,16.895,17.181,17.092,16.05,15.583,13.193,11.586,10.04,12.183,13.932,14.209,14.355,14.662,14.081,14.404,14.519,15.592,16.52,17.051,16.771,16.895,15.84,15.53,16.11,15.875,15.814,15.592,15.875,16.393,16.05,16.154,15.91,16.084,16.571,17.018,16.291,14.926,13.034,5.8288,6.8603,7.463,8.1923,10.013,8.6552,7.463,8.2093,6.8806,6.0169,4.72,5.5095,6.758,7.9333,7.3502,8.7352,9.3511,9.44,9.8585,11.294,12.421,12.308,13.972,13.761,15.019,15.194,15.663,15.313,14.16,13.235
16.643,19.338,20.885,20.711,20.503,19.445,19.158,17.553,16.34,16.416,15.813,15.672,15.848,15.394,14.645,15.857,15.103,15.349,15.565,16.005,16.974,16.057,18.014,17.718,16.9,16.238,16.057,13.866,11.703,9.0224,12.02,14.338,15.286,14.992,14.645,13.836,14.852,14.338,15.322,15.857,16.501,16.543,16.751,16.543,15.286,15.848,15.322,15.367,16.135,15.609,15.935,16.031,15.935,17.161,15.813,16.875,17.711,16.668,16.126,13.51,6.1695,7.3981,9.4289,8.9451,9.6186,8.5155,8.0457,7.4542,6.7088,5.503,5.8931,5.7014,6.9328,6.7088,7.0717,8.7249,9.3401,9.9452,10.234,10.968,12.226,12.44,13.866,14.183,14.768,15.103,16.501,15.295,14.645,12.135
16.804,20.02,20.601,20.234,20.33,19.572,18.989,18.613,17.999,16.96,15.337,15.632,15.355,15.273,14.868,15.844,14.84,15.844,16.078,16.538,16.862,16.984,16.96,17.252,16.487,16.018,16.018,13.427,11.835,9.377,12.284,14.375,14.831,14.529,14.831,15.063,14.23,15.273,15.31,16.538,16.538,16.361,17.001,15.782,15.659,15.8,15.31,15.499,15.355,16.156,16.529,15.782,16.496,16.361,16.224,16.729,17.507,16.352,15.273,13.5,6.1645,8.2268,8.1761,8.5735,8.9688,8.686,7.1634,7.0266,6.1419,6.3419,5.2137,6.0049,7.3356,8.3273,8.0565,9.4946,9.3326,10.599,11.16,11.551,12.033,13.008,13.209,14.671,14.831,15.191,16.403,15.8,14.385,12.43
16.993,19.18,19.461,20.39,20.553,20.025,19.122,17.919,17.856,16.919,16.418,16.05,15.84,14.898,14.813,15.221,15.875,15.194,16.05,16.145,17.31,15.91,16.435,16.895,16.486,16.145,15.34,13.485,11.094,9.9147,11.8,13.811,14.199,13.761,14.258,13.761,14.596,14.926,16.11,17.254,16.367,16.562,16.57,16.05,16.771,15.367,15.954,15.84,15,15.875,16.562,16.299,16.145,16.486,16.367,16.796,17.446,16.256,15.194,13.454,5.6096,7.4629,7.8449,7.9156,9.0328,8.3437,7.4629,6.4415,5.8287,5.277,5.5094,5.277,6.7579,6.4198,8.0723,8.5904,10.082,9.079,9.7304,11.8,12.274,12.057,12.763,13.567,14.662,15.875,15.875,15.663,14.248,12.274
16.396,19.536,20.537,20.305,20.305,19.812,19.118,18.676,18.015,16.997,15.631,16.303,15.693,15.523,14.675,15.013,15.666,15.37,15.817,16.371,16.865,16.565,17.257,16.865,16.565,15.975,15.343,12.546,11.394,8.8478,12.59,14.29,14.873,14.416,14.522,14.163,14.637,14.863,15.388,16.666,16.574,16.498,16.489,16.371,16.565,15.843,15.746,15.003,15.843,15.693,15.975,16.396,16.388,16.523,16.191,16.565,17.184,16.439,15.013,13.519,5.6107,7.1791,7.4644,8.6568,8.0394,8.1939,7.1791,7.1791,5.9011,5.5105,5.3827,5.7092,6.4211,7.0814,7.101,8.445,9.338,9.5153,10.139,11.197,11.861,11.719,13.036,13.57,14.261,15.343,15.834,14.522,14.599,12.186
16.836,18.968,20.312,20.024,20.135,20.045,19.464,18.156,17.064,17.226,16.2,16.437,15.688,15.332,15.994,15.141,16.234,16.02,16.31,16.02,16.991,16.803,16.242,17.121,17.169,15.994,15.286,13.571,11.155,9.6965,12.377,14.15,14.469,13.973,14.883,14.44,14.44,15.177,15.332,16.471,16.778,16.712,16.504,15.82,16.437,16.028,15.855,15.635,15.785,15.04,16.513,16.097,16.088,16.2,15.994,16.429,16.902,16.242,15.332,13.893,5.3628,6.5891,8.2143,7.5293,7.6568,7.888,7.3622,6.6932,5.3628,5.2587,4.7619,4.8483,5.9958,6.9167,7.5842,8.6728,9.4802,9.1839,9.9221,11.155,11.376,12.277,13.147,13.713,14.507,15.573,15.759,15.04,14.353,13.02
16.617,19.254,20.476,20.575,20.389,19.598,19.325,17.736,17.237,16.999,15.802,15.06,15.853,15.222,14.767,15.222,15.356,15.576,16.345,15.523,16.386,15.905,16.87,18.033,16.585,15.364,15.523,12.916,11.557,9.6272,11.814,13.555,14.859,14.337,14.951,14.337,14.859,14.951,15.426,15.707,16.386,16.593,15.982,15.222,15.177,15.646,15.707,15.06,15.741,15.523,16.394,15.785,15.853,16.585,16.194,16.345,17.222,16.311,15.284,13.474,5.5501,6.7874,7.3281,7.7088,8.1723,7.4754,7.3837,6.287,5.6474,5.6233,4.4609,4.9255,6.3517,6.3086,7.0242,7.849,8.4993,9.4124,9.7117,11.076,11.593,11.779,12.178,14.058,14.058,14.184,15.914,14.563,14.203,12.41
17.235,19.361,20.139,20.432,20.146,20.022,19.404,18.013,17.371,16.446,15.367,16.446,15.644,14.817,15.149,15.295,15.149,15.295,16.14,15.537,16.48,16.713,17.49,17.001,17.074,16.32,15.907,13.196,11.588,10.121,12.283,14.158,14.975,15.149,14.742,14.361,14.448,14.676,15.34,16.336,16.472,16.845,16.968,17.001,15.82,15.626,15.794,15.295,15.925,15.367,15.697,15.537,16.48,16.944,16.209,16.639,17.435,16.438,15.644,13.415,5.8827,6.8603,6.7382,8.1682,6.6555,6.7382,6.3358,5.9992,5.7878,5.2087,4.2421,5.9992,5.6913,6.401,7.0592,7.822,8.9448,9.8295,10.121,10.987,11.54,11.492,13.186,13.017,15.049,15.268,16.345,14.826,14.742,12.238
16.96,18.879,20.186,20.486,20.708,20.158,19.221,18.122,17.147,16.453,15.809,14.971,15.081,15.809,15.31,14.22,14.567,15.499,16.078,15.992,16.96,16.829,17.436,18.32,16.984,15.879,15.659,13.029,11.502,9.8389,12.738,13.904,14.375,14.567,14.22,14.529,14.375,15.191,15.2,16.487,16.044,16.655,16.984,16.018,15.809,16.156,15.355,15.091,15.418,16.018,16.886,15.8,16.113,16.267,16.496,16.729,17.147,16.052,15.418,13.292,4.9685,6.4287,7.3921,8.176,7.4853,7.8999,6.3419,4.8556,4.8556,4.7691,4.4998,4.5305,5.2929,7.3166,7.5956,7.1634,7.4853,8.9687,10.062,10.02,11.393,12.295,13.292,14.181,14.23,14.784,16.453,15.2,14.181,12.159
16.816,19.002,20.507,19.888,20.138,19.379,19.564,18.356,17.464,16.807,15.846,15.67,15.846,14.577,14.851,14.7,15.365,14.99,15.811,15.951,16.666,16.124,17.102,17.013,16.541,16.09,14.766,13.468,11.571,9.2193,12.133,13.743,14.851,14.851,14.337,14.191,14.337,15.101,16.167,16.27,16.84,17.232,16.541,16.541,16.064,15.846,16.133,15.509,16.09,15.365,15.365,15.572,15.67,16.972,16.167,16.541,17.716,16.372,15.5,13.743,4.5337,5.8924,7.0315,7.3218,7.5459,6.8716,6.3463,5.8213,4.472,4.7725,4.0138,4.859,5.8213,6.708,6.8514,8.0275,8.5145,9.2042,9.902,11.168,12.258,11.559,12.963,13.672,14.337,14.766,14.794,14.644,14.472,12.258
16.468,19.05,19.85,19.787,19.955,19.383,19.333,18.299,17.712,17.594,16.239,15.432,15.504,15.432,15.351,15.566,15.858,15.323,16.006,16.502,16.844,16.171,16.282,16.553,16.418,15.214,15.214,13.051,11.17,9.3855,12.306,14.34,14.194,14.929,14.272,14.34,14.388,14.769,15.611,17.267,17.267,17.267,16.511,17.211,15.893,16.811,15.849,15.396,15.432,15.726,15.954,16.136,15.954,16.136,16.375,16.811,17.388,16.67,14.929,13.685,4.473,5.8936,7.3988,7.3423,6.3477,6.6679,6.6051,5.4273,5.6775,4.0146,4.1171,4.7735,5.2714,6.8731,6.8529,8.2511,8.5163,8.6939,9.9461,10.357,11.404,11.704,12.351,12.651,13.917,14.504,14.994,14.91,13.706,12.136
16.654,19.379,20.185,19.985,19.719,20.075,19.083,17.913,17.506,16.885,16.121,15.878,16.078,15.489,14.783,16.017,15.282,15.64,15.808,16.453,16.885,16.402,16.885,17.146,16.537,16.017,15.09,13.693,10.844,9.4941,12.009,14.17,14.566,14.604,14.604,14.988,14.67,15.081,16.155,16.266,17,17.251,16.351,17.387,16.629,16.266,15.658,15.843,16.486,15.336,15.922,15.939,16.121,16.334,16.121,17.057,17.703,16.737,14.896,14.18,5.3707,5.6965,7.5953,7.9695,7.3352,6.8665,6.3416,5.5982,5.2926,4.2459,4.7104,5.3707,5.6965,6.0046,5.3707,7.8996,8.8281,8.6375,10.061,9.796,11.258,11.271,12.215,13.591,13.672,14.868,14.633,15.282,12.954,12.124
16.867,19.566,19.925,20.664,20.277,20.284,19.841,17.835,17.521,16.875,16.031,14.983,16.031,15.813,15.367,15.724,15.367,15.856,16.031,16.005,16.751,16.271,16.509,16.973,16.374,15.502,15.093,13.219,10.853,9.5459,12.169,14.143,14.473,14.768,15.075,14.473,14.035,15.093,15.645,16.751,16.542,16.875,17.458,15.856,15.394,16.416,15.724,15.43,15.394,16.126,16.668,15.511,16.668,16.031,16.875,16.867,16.973,17.031,15.43,13.018,5.2971,6.8521,6.8723,7.3225,7.398,6.8723,5.893,6.4123,5.4267,5.1912,3.3336,4.5342,5.2971,6.7087,7.3414,7.5467,8.3339,8.9604,10.356,9.945,11.268,11.703,12.134,13.05,13.345,13.925,14.387,14.231,12.965,11.786
16.551,19.381,19.842,21.143,19.891,19.005,19.567,18.509,17.234,17.169,16.281,15.61,15.813,15.368,14.853,15.368,15.368,15.322,16.005,16.543,16.644,16.092,16.876,17.21,16.752,15.512,14.909,12.922,11.006,9.7193,12.305,13.916,15.076,14.759,14.541,14.271,15.286,15.322,16.066,16.551,16.551,16.551,17.458,16.366,15.848,16.066,15.813,15.322,16.031,15.822,16.349,16.057,15.796,16.349,16.031,17.031,17.169,16.551,15.368,13.745,4.5036,6.5199,6.6046,7.0719,7.3983,7.3228,6.933,5.8932,5.6771,5.2711,4.2497,4.5343,5.8932,6.0099,7.1694,7.547,8.7728,8.6932,9.6764,10.673,10.383,11.668,12.26,13.335,13.47,14.271,14.579,14.339,12.922,11.668
16.982,19.168,20.483,20.865,20.49,19.334,19.42,18.431,17.41,16.451,15.877,16.222,15.416,15.38,14.373,15.079,15.353,15.198,15.807,16.222,16.982,16.527,17.505,16.802,16.925,16.451,16.042,12.91,11.27,9.4934,12.214,14.383,14.913,14.782,15.189,14.688,15.353,15.198,15.807,17.37,16.727,16.999,18.158,15.99,16.05,15.353,15.308,14.894,15.63,16.222,16.527,15.71,16.527,16.859,16.802,16.46,17.889,16.859,15.198,13.165,4.7685,5.2922,6.5982,7.1625,6.9263,6.8458,6.4279,5.2922,4.9679,4.855,3.8337,4.4683,5.3703,6.7025,6.661,6.8458,8.5074,8.0209,9.71,9.8939,10.996,11.392,12.294,13.038,13.702,14.754,15.78,14.306,13.732,12.123
16.911,19.867,19.796,20.367,20.03,19.924,18.993,18.745,17.848,17.267,16.008,15.722,15.713,15.495,15.541,15.758,15.65,15.495,16.435,16.504,16.911,16.504,16.7,16.666,17.267,15.999,14.475,13.639,10.695,8.808,11.898,14.455,14.794,14.718,14.994,14.139,14.328,15.135,16.087,16.632,17.324,17.036,16.936,16.53,16.008,16.7,15.874,15.541,15.44,15.821,16.105,16.087,16.008,16.435,16.521,16.978,17.234,16.936,15.495,13.967,4.5464,6.3854,6.7308,7.5628,7.7477,7.2375,6.2055,5.5554,5.0199,4.3879,4.3879,4.1559,4.5464,6.2282,6.4075,7.4496,9.0303,9.0616,9.474,9.1083,11.073,11.375,12.134,12.342,13.566,13.345,14.328,14.534,13.876,11.898
16.85,19.65,20.734,20.247,19.923,19.706,19.157,17.894,17.987,17.005,15.621,15.407,15.648,16.007,15.488,15.701,15.798,15.299,15.407,16.518,16.518,16.817,16.726,16.817,17.005,15.541,14.969,12.675,10.85,9.3111,12.331,14.297,14.83,14.661,13.984,14.661,14.746,14.774,16.007,16.349,16.643,16.85,16.247,16.718,16.007,16.349,15.153,15.833,15.789,15.299,15.479,15.833,15.771,16.247,16.144,16.972,17.143,17.005,15.181,13.905,4.8522,6.1601,6.9223,6.862,6.1601,6.6572,6.1601,5.4947,4.4967,4.2431,4.2431,4.2431,4.5274,5.8131,5.6684,6.5944,8.0508,8.6319,9.604,9.7044,11.251,11.102,11.874,13.189,13.663,14.014,14.297,13.03,13.314,12.286
16.798,19.225,19.49,19.596,20.024,19.773,18.444,18.285,17.941,17.15,15.942,15.925,15.203,16.021,15.644,15.838,15.662,15.942,15.492,15.715,16.27,16.657,16.987,17.15,16.54,15.811,14.759,13.502,11.112,9.1994,12.297,13.857,14.674,14.378,14.982,14.759,14.329,15.312,15.846,16.657,16.987,16.741,16.807,16.465,16.021,16.047,15.166,14.908,14.899,15.662,15.811,16.124,15.715,15.357,16.227,16.657,16.987,17.134,15.084,13.43,4.4697,5.8893,5.7943,6.3648,6.4299,6.343,5.9595,5.7943,5.2675,4.2468,3.5336,3.7985,5.2675,6.6002,6.0059,6.9284,8.2282,8.4445,8.9703,9.4962,10.808,10.588,11.942,13.263,12.686,14.378,14.183,13.907,13.179,12.252
16.737,19.321,19.364,19.542,20.342,19.599,19.421,18.552,17.506,17.695,16.461,15.799,15.711,15.808,15.799,15.878,15.381,15.939,16.121,16.402,16.861,16.984,16.654,17,16.828,15.799,14.755,13.197,11.271,9.4941,12.009,13.824,14.17,14.307,14.633,14.988,14.18,15.2,16.078,16.737,16.36,16.861,16.803,16.017,15.922,16.224,15.631,15.163,14.868,15.354,15.843,15.551,15.991,16.266,16.654,16.528,17.251,16.885,15.191,13.733,4.3428,5.8169,6.3634,6.703,6.5141,6.1641,5.888,4.8554,4.8554,4.3428,4.3428,4.5303,4.7689,6.0046,5.888,7.0262,7.5403,8.828,8.9528,9.4941,10.598,9.9922,11.55,12.249,13.427,13.427,14.307,13.427,13.081,11.658
16.64,19.009,20.71,20.474,20.168,19.703,19.646,18.737,17.563,16.789,15.978,15.341,16.714,15.83,15.618,15.323,15.768,15.547,15.978,16.346,16.847,15.795,17.132,17.236,16.481,15.645,15.05,12.727,11.552,8.9453,12.738,14.246,14.62,14.658,14.855,14.168,14.592,14.818,15.476,16.388,16.781,16.847,17.132,16.388,16.21,15.786,14.771,15.296,15.485,15.538,16.338,15.768,16.969,16.723,17.075,16.723,17.649,16.714,15.926,13.681,4.5265,5.4937,6.5087,6.7386,5.6673,5.9996,4.9641,4.8513,4.7064,4.8513,3.8308,3.7208,4.9919,5.6673,5.2091,6.921,7.3102,8.1688,8.7101,9.4861,10.122,10.987,12.239,12.239,13.415,14.168,14.516,13.772,13.186,11.162
16.45,19.849,20.071,20.643,20.482,19.849,19.087,18.661,17.7,17.368,15.549,15.656,15.352,16.484,15.279,16.049,15.306,15.709,15.306,15.709,16.459,16.118,16.883,17.192,16.534,15.558,15.188,12.648,11.306,9.5364,12.427,13.69,14.305,14.893,14.977,15.06,14.828,14.968,15.937,16.792,16.357,16.792,17.384,16.4,15.841,15.841,15.306,14.324,14.903,16.015,16.858,15.832,16.4,16.357,16.792,17.054,17.44,17.192,15.832,13.425,3.3716,4.5296,5.8871,5.8871,6.7432,5.6712,5.6712,5.6956,3.8334,4.7097,2.6328,3.7233,4.5296,5.186,5.816,6.3406,6.8655,8.5717,9.0132,9.7092,10.06,10.531,11.632,12.855,12.659,14.178,14.324,13.258,12.725,11.691
16.767,18.825,20.191,19.914,20.335,19.991,18.994,17.981,17.151,16.866,16.39,15.813,16.022,15.813,15.085,15.663,16.271,16.5,16.022,15.601,16.964,15.813,16.39,17.062,16.271,15.813,14.76,12.958,11.274,9.002,12.298,14.331,14.466,14.9,14.984,14.637,14.694,15.095,15.663,16.964,16.833,17.022,17.2,16.659,15.883,16.458,15.944,15.314,15.813,15.314,15.883,15.716,16.407,16.126,16.634,17.2,17.67,16.891,15.813,13.707,4.1145,4.5317,5.2943,6.4088,5.268,5.5,5.1884,5.2151,4.2472,3.7251,2.634,2.8369,4.1145,5.2943,5.6982,6.4088,7.5977,7.972,8.6402,9.4971,10.065,10.654,11.697,12.665,12.522,13.296,13.737,13.908,12.753,11
15.179,17.156,17.779,18.239,18.111,17.257,16.77,16.17,15.265,14.553,13.742,14.107,14.23,13.742,13.858,13.475,13.647,13.475,14.107,13.742,14.593,14.563,14.643,14.352,13.636,13.475,13.048,11.523,9.2107,8.3677,11.112,12.196,13.334,13.313,13.258,12.959,13.026,13.313,14.014,14.722,14.513,14.947,15.179,14.463,14.179,13.91,13.742,13.037,13.636,13.636,13.983,13.994,14.056,14.513,14.801,14.663,15.715,14.352,14.056,12.113,3.409,4.6368,4.3457,4.881,4.9695,5.336,5.3901,3.8114,3.8114,3.0491,2.4105,2.7484,4.5737,3.8114,5.1135,5.5495,6.1457,6.2859,6.6672,7.7738,8.2453,8.971,9.7172,10.127,10.127,11.772,12.22,12.161,11.636,10.59
16.758,19.012,20.189,20.065,19.744,19.446,19.012,18.205,17.717,16.906,16.037,15.517,16.098,15.678,15.301,16.072,15.898,14.923,15.731,15.801,16.278,16.175,16.98,17.345,16.675,16.098,14.914,13.098,11.173,9.3288,12.174,14.011,14.989,14.774,14.546,14.764,14.989,15.615,16.287,17.037,16.549,17.457,17.393,16.675,16.011,15.58,15.328,14.998,14.584,15.854,16.244,15.863,16.278,16.063,16.175,16.98,17.936,16.882,16.037,13.71,3.2074,4.7749,5.4288,5.4288,6.3275,5.8953,4.8614,4.7163,4.0158,3.0746,2.6887,2.1741,4.1183,4.7749,4.8614,6.7114,6.8548,7.094,7.9094,8.3373,9.3437,9.949,11.01,11.791,12.534,13.308,14.276,13.505,13.023,11.285
16.384,19.3,19.4,19.718,19.641,19.577,18.643,18.139,18.799,16.965,16.094,15.174,15.921,16.034,15.641,16.316,16.24,15.825,16.24,15.825,17.423,16.477,16.71,16.718,16.477,15.782,14.814,12.939,11.38,9.6571,12.326,13.808,14.55,14.213,15.265,14.512,14.242,15.256,15.86,17.676,17.038,16.635,16.718,16.06,15.782,16.867,15.256,15.292,15.472,16.206,16.51,15.472,16.025,16.025,16.718,17.135,17.368,16.316,15.174,13.718,3.3684,4.9628,4.7636,5.181,5.2606,4.85,5.4161,4.0063,3.5289,3.3271,2.2319,3.6824,4.338,5.2077,5.6658,5.6658,6.3564,7.7671,8.4987,9.1872,9.6714,10.587,11.147,12.27,12.281,12.669,13.928,13.677,13.151,11.537
16.513,19.007,19.658,19.658,20.145,19.531,18.735,18.264,16.968,17.49,15.793,16.097,16.062,15.185,15.784,15.483,16.521,15.924,16.106,15.863,16.387,16.31,16.437,16.721,16.242,16.062,14.741,12.726,11.26,8.9908,12.649,14.514,14.676,14.974,14.619,14.447,15.176,15.066,16.208,16.613,17.178,17.434,16.845,16.869,15.976,15.767,15.976,15.537,15.696,15.048,16.002,15.907,16.002,16.787,16.336,16.721,17.426,16.845,15.34,13.68,2.8334,4.8508,4.8508,5.4931,5.6667,5.2086,5.4931,4.2419,3.5295,3.369,2.1693,2.6307,4.1093,4.4954,4.8508,5.8115,7.1563,6.8399,7.8217,8.9599,10.523,10.731,11.297,12.317,12.649,12.845,13.72,12.941,13.069,12.147
17.287,19.613,20.356,20.465,20.054,19.435,18.98,18.294,17.518,16.773,15.819,16.063,15.95,15.819,15.392,15.95,15.319,15.292,16.773,16.346,16.806,16.371,16.806,17.399,16.132,15.5,15.347,13.415,11.266,9.3237,12.692,14.317,14.394,14.85,15.091,14.766,14.841,14.85,15.669,16.54,16.269,16.839,17.676,16.363,16.548,15.607,15.319,14.878,15.5,16.278,16.123,15.81,16.346,16.028,16.872,16.872,17.263,16.748,15.642,13.207,4.2489,4.3458,4.7722,5.8921,5.7004,5.7971,4.8587,4.2489,3.8003,3.2056,2.838,3.3745,4.216,4.9718,4.5335,6.5187,6.8713,7.453,9.0669,8.579,9.7175,10.137,10.966,12.303,11.784,12.337,14.19,14.161,13.175,11.558
16.716,19.001,20.029,20.701,19.525,19.744,18.477,17.673,17.35,17.365,15.577,15.612,15.997,15.902,16.331,16.058,15.317,15.788,16.203,15.902,16.516,16.101,16.382,17.125,15.997,15.639,15.362,13.317,11.145,9.6987,12.711,14.24,14.163,14.849,15.181,15.172,15.181,15.335,16.092,17.23,16.608,16.633,17.556,16.633,15.612,16.716,15.172,14.877,14.951,15.858,16.382,15.815,15.997,16.339,16.432,17.125,17.413,16.782,15.29,12.991,3.5284,4.3374,4.3374,5.4153,5.9971,5.2861,4.9621,4.3374,4.494,4.3374,3.067,3.6819,4.494,5.4153,5.4914,6.4205,6.3337,7.4756,7.3825,8.9263,10.52,10.52,10.572,11.82,11.82,13.15,14.548,13.926,13.012,11.488
16.908,19.34,20.781,20.573,20.26,18.933,19.311,18.306,17.274,16.038,15.732,14.775,15.679,15.899,15.356,15.652,15.617,15.402,16.949,16.073,16.883,16.784,16.348,17.217,16.134,15.803,15.374,13.194,11.124,8.9803,12.175,14.394,15.374,15.438,14.547,14.775,14.662,14.999,16.099,16.517,16.751,17.346,16.982,16.982,15.855,16.142,15.518,15.572,15.864,15.679,15.829,16.038,16.559,16.382,16.883,17.08,17.553,17.039,15.617,13.842,3.2077,5.0028,5.7041,5.7041,6.35,5.6796,4.8618,4.7167,4.5056,2.8398,3.2077,2.9831,3.5375,4.7753,5.1937,5.0028,6.3719,8.0322,8.8398,8.5031,8.5845,9.9498,9.8515,11.408,11.359,12.535,13.751,13.194,12.266,10.599
16.627,19.983,20.107,19.934,20.052,19.334,18.796,17.694,16.982,16.535,15.938,15.488,15.595,16.358,15.798,16.535,16.652,16.46,16.652,16.535,16.652,16.493,16.727,16.527,16.35,15.657,15.079,12.823,11.171,9.1965,12.395,13.822,14.527,14.306,14.904,14.829,14.631,15.198,16.076,17.881,16.802,16.735,17.249,16.222,16.222,16.627,15.92,14.688,15.78,15.657,16.256,15.842,15.842,15.842,16.042,16.35,16.859,16.884,15.079,13.732,3.7236,4.7685,4.4992,5.5978,5.6716,5.3702,5.213,4.9957,4.71,3.8337,3.0705,2.8358,3.8337,4.4683,4.9957,5.6716,6.5982,6.8457,7.8284,8.5074,8.9984,9.9357,10.346,10.958,12.157,12.66,13.027,12.517,12.293,10.65
16.628,19.061,20.044,20.133,19.905,20.023,19.14,18.344,18.132,17.224,15.992,15.687,15.784,15.285,15.757,16.199,16.053,15.914,15.687,16.309,17.12,16.301,16.736,16.859,16.835,16.326,15.14,12.729,11.241,8.9545,12.718,14.362,14.873,15.249,15.285,14.891,15.258,16.027,16.436,17.793,16.835,16.957,17.296,16.99,16.736,15.914,15.775,15.312,15.536,15.992,16.711,16.199,16.377,15.992,16.309,17.12,17.637,16.703,15.33,13.712,3.0661,4.4618,4.9884,5.2845,5.9954,5.6633,4.9884,4.2394,4.4927,3.7918,2.6291,3.3256,3.0661,4.0046,4.7616,5.6877,6.8358,6.8358,7.5287,8.8145,8.7515,9.8233,9.781,10.331,11.544,11.817,12.499,13.385,12.377,10.789
16.829,18.997,20.187,20.487,20.021,19.495,19.027,18.1,17.277,16.887,15.713,16.336,16.387,15.283,15.356,15.562,15.49,15.783,16.157,16.019,16.336,16.336,17.437,17.508,16.538,16.463,16.019,13.293,11.635,9.7117,12.16,14.172,14.981,15.082,15.31,14.182,15.091,14.99,16.019,16.829,16.488,17.156,17.445,16.655,15.88,15.642,15.283,14.916,15.419,15.192,16.114,15.356,16.496,16.73,16.353,16.961,17.908,17.091,16.045,13.592,2.8363,4.2463,5.5988,5.4988,5.2932,5.5988,5.2932,4.9966,4.9688,2.8363,3.7243,2.6335,3.3311,3.3311,3.798,5.8175,4.8559,5.8175,6.745,7.5411,8.2272,9.4951,10.117,10.586,11.173,12.217,12.728,12.43,12.217,10.858
16.669,19.093,19.87,20.037,19.511,19.439,18.569,17.403,17.073,16.975,15.954,15.726,15.822,16.032,15.796,15.857,15.796,16.006,16.032,16.006,17.459,16.006,16.975,16.975,16.752,15.672,14.993,13.019,11.207,9.3406,12.76,13.796,15.094,14.646,14.993,15.076,15.214,15.204,16.238,17.21,17.015,17.459,17.672,16.032,16.032,16.341,15.286,14.909,15.076,15.726,16.501,15.503,16.058,16.058,16.975,17.015,18.138,16.341,15.368,13.715,2.6356,4.5037,4.7441,5.6773,5.6034,5.3756,5.0007,4.7147,4.2498,4.0144,2.8386,2.6356,3.0736,3.8011,4.2498,5.6034,5.8934,6.4343,6.4127,7.9068,9.2058,8.0461,9.619,10.542,11.082,11.561,12.529,12.34,12.306,10.235
16.654,18.842,20.075,20.329,19.985,19.572,18.879,17.999,17.435,17.017,15.844,16.018,15.597,15.8,15.844,16.267,15.992,16.487,16.156,16.529,16.529,16.044,17.017,17.665,16.629,15.659,15.597,13.499,11.598,9.9926,12.284,14.132,14.259,14.896,14.831,15.063,14.784,15.309,16.335,17.147,16.861,16.795,17.507,16.121,15.808,16.462,14.643,14.756,14.915,15.94,17.09,15.712,16.487,15.992,17.195,17.001,17.696,16.886,15.808,13.177,2.6333,4.4688,4.0109,5.2666,6.3636,5.2666,5.2928,4.8555,4.7399,3.7978,2.6854,2.6854,3.3723,3.3309,3.8341,4.5305,5.8171,5.5984,7.3732,8.2266,8.4921,8.5734,9.6106,10.533,11.072,11.94,13.166,12.662,11.917,10.664
16.514,19.018,19.848,19.686,19.451,19.098,18.454,17.527,17.295,17.787,16.097,16.174,15.862,16.036,15.435,16.243,16.131,15.827,15.73,16.036,16.848,16.277,17.344,16.748,16.648,16.071,14.913,13.022,10.972,10.183,12.41,14.167,15.098,14.857,15.372,14.885,15.181,15.57,16.371,17.408,17.077,16.881,16.905,16.036,15.579,15.862,15.827,15.435,14.932,15.372,16.243,16.131,15.827,16.01,16.506,17.174,17.408,16.872,15.65,13.224,2.6885,3.537,4.8611,5.002,5.8949,6.349,5.2989,4.9741,4.5049,2.358,3.2072,2.358,3.3761,3.3347,4.5049,4.5357,5.2989,6.349,6.8746,7.4938,8.9634,8.9789,9.7222,9.7222,11.085,11.564,12.41,12.343,11.21,11.172
16.717,19.262,19.526,19.849,19.961,19.547,18.168,18.657,17.977,17.422,16.332,16.101,16.34,15.254,15.29,15.577,16.204,15.399,16.382,16.306,16.742,16.306,17.126,17.358,16.366,15.577,15.29,12.842,11.584,9.4828,12.314,14.309,14.728,14.952,15.479,15.044,14.813,15.254,16.34,17.174,16.517,16.783,17.35,16.939,16.742,15.859,15.613,14.97,15.145,16.058,16.204,15.78,15.78,15.998,16.865,16.775,17.366,16.634,15.542,13.807,3.3268,4.4633,4.5249,5.2863,5.6653,4.9624,4.7632,4.8496,4.7341,3.7931,3.5286,2.6821,3.5286,3.8294,3.7194,4.5249,4.8496,5.881,5.881,7.6588,8.4816,8.6752,9.7843,10.118,10.213,12.144,12.503,12.733,11.679,10.844
17.019,18.91,19.743,20.352,19.799,19.324,18.375,18.016,17.706,16.463,16.054,16.337,16.123,15.338,15.88,15.643,16.337,15.801,16.631,16.269,16.157,16.739,16.739,17.437,16.656,15.924,15.801,13.593,11.346,9.3779,12.729,14.568,14.898,15.311,14.972,15.311,15.275,15.356,16.226,17.157,16.731,16.83,17.157,16.08,16.226,15.554,15.563,14.691,15.383,15.836,16.123,15.713,16.26,16.337,16.337,16.961,17.666,17.374,16.019,13.501,3.5333,3.7244,4.8561,4.8561,5.499,5.499,5.6973,5.2934,3.7982,3.687,2.8364,2.6336,3.3312,3.7244,4.2465,4.0113,5.8888,6.0055,6.4077,7.8302,8.493,9.3779,9.0159,10.534,11.37,11.941,12.652,13.009,11.778,10.227
16.521,19.151,20.492,20.241,19.777,19.345,19.072,18.377,16.811,16.811,16.242,16.139,16.062,16.002,15.339,16.479,16.25,15.828,16.002,15.828,16.512,16.318,17.418,17.354,16.943,15.267,15.616,12.941,11.061,9.4117,12.384,14.476,15.366,14.769,14.955,14.881,14.955,15.294,16.002,16.836,16.745,16.844,17.129,16.445,15.976,15.906,15.483,14.881,15.793,14.955,15.924,15.616,16.335,16.47,16.479,16.787,17.958,17.521,15.828,13.393,2.8333,3.2003,4.7058,5.5928,5.6666,5.4929,4.8507,4.7643,4.1092,2.6827,2.2322,2.6306,3.2003,3.5294,3.3689,4.7643,5.2084,5.3655,5.9525,7.4406,7.4777,8.4836,9.7865,10.64,10.795,11.161,12.994,12.473,12.112,10.12
16.434,19.054,20.244,20.237,20.326,19.47,19.399,17.955,17.486,16.94,15.763,15.825,16.518,15.255,15.336,15.79,15.578,15.693,16.383,15.999,16.964,16.205,17.126,17.367,16.907,15.64,14.962,13.182,11.38,9.41,12.669,14.29,15.291,15.336,15.336,15.063,15.336,15.48,16.518,16.307,16.742,17.367,17.51,16.332,16.341,15.622,15.399,15.072,15.336,15.182,16.033,15.781,15.781,17.037,16.341,16.718,17.675,16.866,16.205,13.411,2.6302,4.0061,4.241,4.3378,4.9626,5.2866,4.8498,4.4944,3.7933,3.6822,2.6302,1.8966,3.1997,3.0673,3.3683,4.705,4.9626,5.6656,6.1571,6.8586,8.4165,8.1832,9.9946,10.05,11.047,11.585,12.381,12.939,11.995,10.844
16.737,18.493,19.825,20.185,19.149,19.486,18.613,17.999,16.737,16.495,16.018,16.224,16.537,15.808,15.552,16.044,15.354,15.309,15.992,16.078,16.352,16.078,16.861,17.443,16.258,16.018,15.641,13.029,11.502,9.3323,12.518,14.671,14.643,15.273,15.382,15.354,15.273,15.273,16.018,16.886,16.861,17.507,17.388,16.737,16.018,15.712,15.282,14.567,15.498,15.808,15.489,15.354,16.487,17.155,16.258,16.828,18.493,16.654,15.835,13.007,2.8361,3.1599,4.4997,6.0048,4.246,4.9963,5.2665,4.7399,3.7978,3.2035,2.9792,2.3553,2.6333,2.3553,3.724,4.8555,4.4688,4.8555,5.4222,6.5144,8.2435,7.8293,9.4211,9.4944,10.387,12.159,12.662,12.396,11.502,10.997
17.235,19.304,20.329,20.077,19.716,19.15,19.068,17.591,17.655,16.627,15.978,16.405,16.127,16.153,15.969,15.845,15.969,15.439,16.499,16.188,16.473,15.791,16.541,18.128,16.292,15.845,15.773,13.436,11.267,9.5748,12.535,14.379,14.994,15.032,15.548,15.439,15.439,16.188,16.473,17.341,17.527,17.655,17.535,16.524,17.161,15.485,15.693,15.292,15.218,15.729,16.499,15.729,16.795,16.249,17.398,17.3,18.475,17.341,15.729,13.541,2.8601,4.0449,3.7178,4.5379,5.7449,5.0105,4.3797,5.0105,3.8666,3.0969,2.1898,1.6795,2.2533,3.1867,3.3591,3.8299,4.8966,5.7449,5.9381,6.8016,7.7332,8.0897,9.0757,10.949,10.688,11.876,12.769,12.262,11.733,9.7644
16.484,18.986,19.512,19.871,19.982,19.168,18.61,17.818,17.217,17.217,16.153,16.076,14.894,15.709,15.161,16.041,15.352,16.153,16.264,16.222,16.526,16.222,16.801,16.998,16.256,15.55,15.352,13.589,11.343,9.7948,12.248,14.753,14.744,15.379,14.977,15.06,15.415,15.307,16.332,16.76,17.409,16.859,16.535,16.957,15.92,15.876,16.05,15.307,15.92,14.828,16.041,15.558,16.153,16.981,16.735,16.981,17.504,17.144,15.638,14.178,2.685,3.3717,4.1127,4.3422,4.499,5.5976,5.2657,4.5298,3.8335,2.8357,3.203,2.685,1.8986,3.0704,3.203,4.8548,5.2657,5.6958,6.6607,6.3626,8.1746,8.0378,8.7163,10.597,10.995,11.692,11.585,12.282,11.775,10.386
16.354,19.425,19.425,19.325,19.173,19.596,18.705,18.345,17.414,17.149,16.405,15.312,15.501,15.924,15.193,16.115,16.531,15.846,16.02,16.354,16.531,16.498,16.74,16.489,16.632,15.661,15.714,12.663,11.198,9.7125,12.33,14.183,14.531,14.982,15.312,14.87,15.312,15.166,16.261,17.326,16.962,16.831,16.962,16.657,16.055,16.464,15.714,14.464,14.464,15.714,16.02,16.158,16.489,15.846,16.732,17.254,17.198,16.464,15.846,13.856,2.6858,3.204,3.8347,4.9692,6.0057,5.2673,4.7112,4.2466,3.8347,3.7983,1.8992,2.1718,2.2347,2.6337,3.204,3.5334,5.6731,5.6975,6.1652,7.7771,8.1771,8.4933,9.612,9.7125,10.535,12.011,12.011,12.398,11.273,10.587
16.221,18.816,19.418,19.546,19.87,19.167,18.617,17.653,17.44,16.734,15.797,15.936,15.638,15.832,15.486,14.753,16.015,16.049,16.357,16.399,15.797,16.015,16.883,17.127,16.399,16.075,15.306,13.258,11.596,9.0132,12.516,13.991,15.379,15.27,15.27,15.279,15.638,15.832,16.858,17.368,16.8,17.368,17.661,16.825,16.858,15.379,16.109,15.087,15.161,15.709,16.357,16.015,16.015,15.832,16.383,17.376,17.598,17.653,15.989,13.538,2.171,3.2029,3.8334,4.1125,5.3698,5.8871,4.5296,4.2452,4.1125,3.7233,2.9786,2.234,1.6651,3.7233,2.6328,4.3421,4.7096,5.6712,5.6712,6.8654,8.0547,8.2419,9.1959,10.224,9.8368,11.548,12.019,11.584,11.56,10.531
16.362,18.535,19.782,20.499,19.001,19.001,18.407,17.707,16.938,16.132,15.428,15.81,16.235,15.201,14.336,15.364,15.642,15.508,15.391,15.364,16.132,16.123,17.101,17.668,16.166,15.81,14.84,13.217,11.606,8.834,12.67,14.699,15.283,16.028,15.1,15.499,15.1,15.499,16.277,17.011,16.088,17.011,17.715,16.235,16.548,15.091,15.201,14.19,15.091,15.571,16.345,16.028,16.506,16.54,16.839,17.23,18.437,16.897,16.371,13.712,2.838,3.7264,3.8366,4.9717,5.602,5.8208,5.4257,4.7136,4.2488,3.5352,3.0729,2.108,2.838,3.0729,3.162,4.2488,5.892,5.4257,6.0087,6.8509,7.8343,8.9589,9.5005,9.6743,10.068,11.558,12.67,12.527,11.558,10.232
16.652,18.52,19.362,19.829,19.794,19.483,18.134,18.817,17.903,17.249,16.221,16.358,15.27,15.352,15.334,15.189,16.015,16.05,16.332,16.4,16.981,15.709,16.535,17.536,16.858,15.487,14.986,13.538,11.17,9.1961,12.66,14.324,14.912,14.753,15.307,15.307,15.27,15.806,16.45,17.369,17.249,16.858,16.735,16.735,16.4,15.379,15.198,14.838,15.307,15.496,16.05,15.806,16.05,16.924,16.118,17.448,17.888,16.981,16.015,13.701,2.3549,3.3303,4.2125,4.7098,5.6713,5.37,5.9574,4.7391,4.2453,3.203,2.9787,1.6652,2.6328,3.3717,4.1126,3.8335,4.9676,4.499,5.8872,6.5979,7.5393,8.0377,9.0134,9.9353,10.224,11.774,12.031,12.214,11.195,10.224
16.006,18.427,20.006,19.322,19.586,19.727,18.953,18.269,17.439,17.494,16.841,16.374,15.298,15.298,16.006,15.832,16.255,16.34,16.067,15.7,16.517,16.484,16.948,16.725,16.849,16.006,14.365,12.816,11.164,9.3257,12.729,14.21,14.895,14.857,14.978,15.08,15.325,15.771,16.816,16.948,17.986,17.423,16.323,17.005,16.374,15.867,16.041,15.487,15.621,14.978,15.55,15.344,15.832,16.725,16.517,16.816,17.375,16.841,16.517,14.745,2.2328,3.3285,5.2628,5.367,5.5944,5.4945,5.6682,5.2628,5.289,3.3698,2.6835,2.3536,2.6314,3.2012,3.7214,4.1104,4.7657,4.8521,5.884,6.3372,7.5352,8.0333,9.1911,10.109,10.539,11.932,11.494,11.361,11.932,10.643
16.813,19.153,19.581,19.581,19.153,19.645,18.174,17.897,17.49,16.968,16.098,16.522,15.794,15.697,15.794,16.522,16.522,15.82,15.626,15.82,16.845,16.522,16.944,16.968,16.78,16.446,15.34,13.186,11.062,9.4123,12.317,14.742,15.268,14.629,14.966,15.475,15.295,15.626,16.87,16.944,17.131,17.514,16.32,17.203,16.003,16.003,15.617,15.34,14.975,15.177,15.794,15.626,15.864,16.944,16.209,17.074,17.435,17.131,15.829,14.158,2.6829,3.5296,4.1095,5.1821,5.3658,5.9529,6.3359,5.4172,5.3658,3.7942,3.7205,3.5296,2.6308,2.6308,3.157,4.2421,4.9916,5.4172,6.3577,5.9992,7.5884,8.5653,8.7571,10.216,10.107,11.871,11.765,11.824,12.113,10.654
16.449,19.155,19.774,20.245,18.981,19.061,19.155,18.605,17.076,16.524,16.039,15.822,16.005,16.848,16.143,15.77,15.979,15.54,16.482,16.516,16.848,16.716,17.141,17.206,16.254,16.39,15.699,13.489,11.625,9.4136,12.206,14.959,15.342,15.324,15.179,15.405,15.179,15.584,15.62,16.987,16.716,16.987,17.43,16.322,15.796,16.39,15.297,15.051,15.699,15.342,15.477,15.549,16.245,16.482,16.245,17.206,17.493,17.133,16.005,13.813,3.201,3.5301,4.2427,5.594,4.9923,4.9923,5.2624,4.2099,4.4653,4.7361,2.6312,2.6833,2.3534,4.0077,2.9769,3.7211,4.8517,5.2624,6,6.5092,7.3107,8.0499,9.0537,9.5306,10.446,11.589,12.274,11.299,11.589,10.379
16.862,18.99,19.423,19.026,19.91,19.222,18.858,17.665,17.276,16.336,16.053,14.98,15.809,15.659,15.8,16.122,16.018,16.079,16.496,16.044,16.53,16.336,16.985,16.829,16.336,16.079,14.832,13.49,11.16,9.3773,12.519,14.672,14.757,15.31,14.897,14.757,15.8,15.597,16.985,16.829,17.018,17.196,16.738,16.538,15.992,15.844,15.355,15.418,16.018,14.897,15.192,15.659,15.659,16.268,15.844,16.985,18,17.156,15.8,14.132,2.1716,2.8363,5.4987,5.6969,5.4987,5.8885,5.2668,5.2668,4.8558,4.7693,2.9794,2.6856,2.6334,3.5331,3.798,3.331,4.3431,5.2668,6.3421,6.7448,7.9178,8.227,9.3328,10.388,10.586,11.197,11.599,12.284,11.551,10.96
16.022,18.347,20.06,19.427,19.774,18.994,17.895,17.942,16.8,16.866,16.39,15.286,15.804,16.117,16.117,15.493,15.944,16.125,15.839,16.056,17.392,16.457,16.931,17.28,17.661,15.848,15.386,12.687,11.347,8.5755,12.298,14.57,15.168,15.493,15.636,15.085,15.094,15.493,16.262,16.533,16.533,16.742,16.339,16.988,15.944,15.926,15.085,14.844,15.358,14.494,15.636,15.502,15.804,16.931,16.866,17.062,18.165,17.44,15.883,14.388,2.172,3.725,4.5316,4.8568,4.8568,5.6737,6.8685,4.7703,4.8568,3.725,3.725,2.8369,2.3559,2.8369,4.1144,3.725,4.9697,5.4999,6.0063,6.6634,7.8313,8.3293,8.7199,9.6849,10.39,10.86,12.298,11.505,12.162,9.9952
16.155,18.635,20.158,20.185,20.165,19.55,18.433,17.371,17.443,16.861,16.078,15.489,15.808,15.843,15.799,16.017,15.711,15.835,16.052,16.36,16.762,16.36,17.275,17.251,16.529,15.922,15.309,13.208,11.271,9.4943,12.661,14.528,15.336,15.489,15.632,14.896,15.489,15.498,16.121,16.537,16.795,17.387,16.453,15.808,14.671,15.552,15.489,15.09,15.2,14.642,15.417,15.922,15.939,17.09,16.737,16.729,17.906,17.411,16.36,14.229,2.1714,2.8361,4.246,5.2136,4.8555,5.4984,6.3417,6.3198,4.9684,3.8341,3.3308,3.2035,3.0709,3.0709,2.8361,3.5329,4.9962,4.9962,6.3635,6.6616,7.7759,7.3354,9.3322,9.668,10.13,11.55,12.396,11.658,11.172,10.13
16.658,19.095,19.03,19.498,19.682,19.095,18.195,18.4,17.511,16.021,15.715,15.926,15.421,16.056,16.159,16.047,15.847,16.339,15.786,16.356,16.807,16.865,16.733,17.021,16.499,15.803,14.787,13.666,11.396,9.1998,12.286,15.085,15.358,15.645,15.943,15.385,14.759,15.645,16.33,16.799,16.988,16.865,17.151,16.082,15.066,16.364,14.918,14.262,15.066,15.715,16.491,15.847,16.159,16.021,17.159,16.964,18.141,17.151,15.662,13.543,2.8368,2.6339,4.1143,4.3439,5.8896,6.3433,6.4085,4.8567,5.6736,4.5008,3.5337,3.0716,2.6861,2.172,3.2043,4.0118,4.247,5.2148,5.8185,6.0062,6.9287,7.165,8.4941,8.6398,10.549,11.601,11.779,12.253,11.601,10.174
16.354,19.845,19.076,19.655,20.253,18.834,18.515,17.968,18.176,16.953,16.011,16.354,15.705,15.626,15.626,15.411,15.916,16.011,16.354,16.106,16.354,16.647,17.428,16.977,16.622,16.011,14.684,13.023,11.594,9.4905,12.678,14.862,15.057,15.267,15.793,15.59,15.185,15.705,16.354,17.244,16.522,16.731,17.436,15.705,16.854,15.492,15.626,14.684,14.834,15.652,15.776,15.837,15.837,16.037,16.731,17.5,17.594,17.05,15.348,13.778,1.8981,3.7225,4.2443,5.1848,5.6943,6.4044,5.8858,5.6943,4.7671,4.8535,4.2443,2.835,2.6322,3.2022,3.2022,3.7225,4.738,4.8535,6.3392,6.426,6.4044,7.8966,9.5342,10.058,10.016,10.954,11.772,11.689,11.689,10.529
17.217,18.929,19.511,20.22,19.182,19.045,19.103,18.245,16.893,16.925,16.08,16.327,16.123,15.324,15.242,15.803,16.089,15.985,16.046,16.319,16.695,16.462,16.95,17.217,16.827,15.803,15.06,12.928,11.05,8.9351,12.831,15.242,15.324,15.627,15.627,15.521,15.529,15.627,15.985,17.472,16.77,17.112,17.785,16.327,16.454,15.75,14.801,14.726,15.324,15.609,15.846,15.032,16.191,15.985,16.827,17.353,18.516,17.096,16.319,13.756,2.3505,2.628,4.2375,5.9927,5.4113,5.4113,4.8457,5.4113,5.8054,4.105,3.1971,2.68,2.3505,2.68,3.1536,4.105,4.2375,4.4907,3.5258,5.9927,7.1488,7.3771,8.9196,9.4753,10.433,10.205,12.225,11.811,11.611,10.642
15.76,18.407,19.194,19.064,19.572,19.049,18.653,17.881,17.865,17.363,15.995,15.786,16.029,15.812,15.969,15.995,16.133,16.464,16.133,16.464,16.021,16.506,16.705,16.514,16.43,15.396,15.06,13.063,11.156,9.6687,12.709,14.306,15.333,15.069,16.133,15.333,15.539,16.312,16.936,17.195,17.64,17.13,16.506,16.133,15.786,15.995,15.777,14.894,14.875,15.333,16.329,16.055,15.969,15.786,16.976,17.363,17.889,17.066,16.244,14.161,1.5777,3.3262,4.24,3.7924,5.8089,5.8799,6.4196,5.8089,4.8487,5.2853,3.7924,2.6816,2.1684,2.3519,2.2312,3.8287,4.1075,4.24,5.2062,5.8799,7.4375,7.3627,8.1812,10.048,10.048,10.842,11.144,11.534,11.486,10.791
16.409,18.167,18.916,19.033,19.523,19.091,18.56,18.022,17.514,17.154,16.341,16.128,15.718,15.361,15.388,16.367,16.024,15.806,16.46,15.946,16.661,16.544,16.966,16.991,16.409,15.885,15.315,13.464,11.077,9.4249,12.345,14.837,15.343,15.496,15.424,15.388,15.603,16.085,17.007,17.442,17.331,17.024,16.736,16.868,15.929,15.718,15.087,15.087,15.206,14.976,15.815,15.665,15.946,16.544,16.636,17.395,17.458,16.868,16.162,13.433,1.5806,2.9804,3.7255,4.9983,5.1891,5.2687,5.7956,5.6007,5.295,4.115,3.8357,2.2353,1.5806,2.6865,3.3322,2.8373,3.8357,4.7125,5.8906,5.5007,6.7472,7.973,8.5768,9.0952,9.3806,11.374,12.038,12.014,11.698,10.537
15.725,19.187,19.005,19.187,18.836,19.869,17.929,17.169,17.719,17.169,15.795,15.502,15.367,16.272,15.822,16.776,16.348,16.066,16.875,16.031,15.848,16.776,16.875,16.974,16.005,15.502,14.579,13.345,11.006,8.6931,12.44,14.683,15.431,15.286,14.909,15.645,15.892,16.135,16.551,17.29,17.521,17.402,16.551,16.809,16.668,16.501,15.367,15.502,15.565,15.213,15.394,15.431,15.394,16.374,16.551,16.751,17.45,17.266,15.822,13.926,1.6668,2.6355,4.4726,5.1913,5.2972,5.271,5.8931,6.1695,4.7145,4.7731,3.5359,2.6877,3.0735,2.8385,3.3751,3.2062,4.5343,3.8373,5.677,5.677,7.3416,7.0717,8.3341,9.2053,9.6762,10.66,11.56,11.668,11.378,9.6905
16.422,19.193,19.813,19.445,19.106,19.011,18.273,17.432,17.216,16.557,15.373,15.355,16.063,16.037,15.897,15.508,15.218,15.57,15.862,16.354,16.278,16.674,16.98,17.037,16.848,15.651,15.291,12.578,11.085,9.0717,12.699,14.773,16.354,16.515,15.108,15.218,15.579,15.579,16.175,16.097,16.757,17.408,17.004,16.782,15.579,16.011,15.209,14.773,16.037,14.914,14.923,15.862,15.862,16.749,16.515,16.749,17.528,17.528,16.037,14.01,1.6674,2.1091,3.8387,4.5359,5.1931,5.505,6.4363,5.2991,4.4741,3.7284,3.3763,2.6886,2.174,2.6886,3.3763,3.3348,4.2511,4.7162,4.8613,5.9655,6.3493,7.6046,8.5022,9.808,10.142,10.87,12.31,12.264,11.123,9.9067
16.289,18.535,19.185,19.127,19.459,18.715,18.535,17.909,16.885,16.794,15.864,15.688,15.447,15.22,15.518,15.527,15.952,16.661,15.952,16.048,16.255,16.661,16.391,16.686,16.686,15.091,14.334,13.452,10.553,9.2149,12.509,14.859,15.518,16.186,15.383,15.338,15.688,15.59,16.56,16.86,17.737,17.049,16.074,16.86,15.688,16.048,15.091,15.741,15.581,14.896,15.518,15.338,15.365,16.297,16.382,16.769,17.227,16.959,15.829,13.81,1.4924,2.6382,4.0184,4.7488,5.2764,5.6829,5.8992,6.0161,4.778,4.121,3.731,3.0767,2.6382,2.1106,2.6905,3.3786,4.2212,4.539,5.3028,6.1533,7.0397,7.6098,8.1912,9.5122,10.149,10.447,12.419,12.352,11.218,10.245
16.772,18.718,18.792,20.061,19.533,18.837,18.471,17.092,17.423,16.896,16.05,15.386,15.664,16.189,15.304,15.304,16.394,16.154,16.05,16.05,16.688,16.292,16.368,16.994,15.744,15.744,15.341,13.225,11.133,9.2316,12.938,14.899,15.094,15.386,15.691,15.386,15.413,16.257,16.838,17.052,17.052,16.994,16.772,15.955,15.368,15.814,15.112,14.72,15.413,15.341,16.994,16.146,15.814,16.368,16.863,17.052,17.943,16.663,16.05,13.701,1.9028,2.1759,4.2219,4.2547,6.1544,6.8808,6.3548,6.4202,5.6099,4.2547,3.7317,3.7317,3.3377,2.8419,2.9853,3.7317,4.2547,5.5097,5.9003,6.4418,7.4633,7.5005,8.4602,9.3366,10.568,11.574,11.906,12.354,11.622,10.192
16.641,17.949,19.866,19.435,19.097,18.98,18.294,17.423,16.873,16.897,16.414,15.292,15.722,15.889,15.854,15.819,15.722,16.089,16.749,16.235,16.549,15.933,16.641,16.971,16.028,15.509,15.283,13.175,11.18,8.5142,12.823,14.18,15.211,15.669,15.365,15.607,15.563,15.854,16.74,17.166,16.749,17.519,16.749,16.749,15.819,16.063,14.906,14.915,15.5,15.365,15.793,15.5,15.819,16.235,16.54,17.166,17.833,16.971,15.845,13.743,1.9002,2.6351,4.5028,5.2172,5.1905,5.8922,6.7078,5.2964,6.0089,4.8588,4.1161,3.7265,3.073,3.3745,3.3331,3.8367,4.1161,4.7723,6.3461,6.3461,7.0902,7.4531,8.3328,10.137,10.069,10.54,11.843,12.029,12.121,10.137
16.321,18.738,19.498,20.141,19.306,19.299,18.478,18.122,16.986,16.524,15.926,17.116,16.389,15.477,15.178,15.269,15.628,15.822,15.699,16.211,16.515,15.83,17.421,17.492,16.515,15.822,15.646,12,11.493,9.19,12.997,15.178,15.787,16.039,15.926,15.787,15.26,16.004,15.926,17.516,16.986,17.421,18.175,15.83,16.108,15.699,14.592,14.828,14.884,15.646,16.347,15.477,16.142,16.515,17.003,17.205,18.304,17.076,15.787,13.416,1.664,2.6832,4.1099,5.1826,5.7884,5.6919,6.3365,6.1367,5.6675,5.1826,4.7651,2.6311,2.8338,4.2425,3.7946,3.3694,4.2425,4.8515,5.8833,6.6562,6.861,8.0496,8.5662,9.5302,9.703,11.163,12.727,12.011,11.684,9.8867
16.477,19.275,19.588,19.588,19.354,19.311,18.149,17.873,17.241,16.991,16.008,16.519,15.834,15.543,15.825,16.215,16.528,15.79,16.008,15.913,16.342,16.069,16.62,16.851,16.325,15.48,15.155,13.326,11.19,9.5326,12.946,14.625,15.799,15.79,16.103,15.799,16.103,16.351,16.528,17.591,16.917,17.185,17.904,16.008,16.034,15.48,15.081,14.971,15.3,15.799,16.393,15.869,15.913,15.587,16.794,17.137,17.497,17.047,15.834,13.326,2.1702,3.2016,4.7078,5.2635,6.4033,6.1382,6.5951,7.0224,5.2635,4.7663,4.1109,2.3539,3.3289,3.3703,3.3703,3.6844,4.5278,4.8527,5.8847,6.3599,7.1591,7.0617,8.1711,9.2073,9.9867,10.851,11.387,12.106,10.838,10.54
16.355,18.696,19.308,19.93,18.673,19.508,18.673,18.093,17.382,16.856,16.253,16.038,15.706,16.856,15.653,16.523,16.012,15.591,15.917,15.873,16.757,16.355,16.757,16.856,16.757,15.413,14.835,12.734,11.595,9.1946,12.647,14.322,15.349,16.15,16.073,15.838,15.653,16.261,16.856,17.27,16.88,16.757,17.446,16.355,15.794,15.83,15.268,15.076,14.835,15.076,16.107,15.304,16.329,15.706,17.052,17.27,17.446,16.757,16.219,13.485,1.8983,3.3298,3.7228,5.2648,6.5968,5.8862,6.8645,6.9248,5.9565,5.8862,4.529,4.2446,3.7228,3.0699,3.7228,4.2446,4.4983,4.529,5.7913,6.0028,6.6595,7.5381,8.0191,8.9965,9.418,10.854,12.155,12.006,11.106,9.7931
16.356,18.669,19.37,18.803,19.319,18.884,18.884,17.708,17.511,16.832,16.491,15.847,15.636,15.502,16.271,16.16,16.262,16.741,16.048,16.022,16.658,16.491,16.658,16.741,16.733,15.502,14.974,13.327,10.228,9.4968,12.522,14.993,15.313,14.788,16.125,15.502,15.716,15.839,17.151,17.942,17.511,17.392,16.865,16.541,16.228,15.066,15.839,15.277,14.788,14.909,15.662,15.565,15.565,16.16,16.733,16.832,17.328,17.28,15.839,13.737,1.6658,2.6339,4.344,5.4998,7.0872,6.0063,6.6006,6.1659,5.6736,5.8896,4.9975,3.7987,3.3731,4.5009,3.6875,4.2471,4.5009,5.1882,5.4236,5.2941,7.0872,7.9018,7.8312,7.9018,9.3198,10.133,11.565,11.565,10.549,10.39
15.908,18.655,18.914,18.737,18.67,19.003,18.377,17.611,17.42,17.032,16.289,16.048,14.924,15.338,15.383,16.186,15.838,15.527,15.741,15.829,16.893,16.493,16.686,16.661,16.484,15.829,14.67,12.849,10.878,9.3499,12.762,15.119,15.338,15.365,15.661,15.741,15.59,16.048,16.382,16.991,16.959,17.54,17.089,15.952,16.568,15.311,14.998,14.859,14.698,16.108,15.908,15.302,16.048,15.22,16.526,17.016,17.404,16.568,15.383,13.688,1.9024,3.5395,3.731,4.9778,6.3755,6.3537,6.7571,6.8796,5.9696,5.3028,3.8049,3.2095,2.8414,3.3786,2.9848,4.8646,4.7194,4.539,5.2764,6.0161,6.8594,7.844,7.7906,9.1085,9.9556,10.367,11.572,11.798,10.553,10.619
16.374,18.47,19.129,19.71,19.426,18.545,17.98,17.549,16.091,16.399,15.678,15.391,16.263,15.749,14.932,16.16,14.819,15.678,16.365,15.346,15.391,16.493,16.967,17.188,16.399,15.527,15.117,12.845,11.626,9.561,12.67,14.496,15.82,15.237,16.263,15.455,15.227,15.749,16.306,16.569,16.082,17.058,17.365,16.306,15.016,15.391,14.361,14.215,14.876,14.932,16.493,15.846,16.091,16.399,16.902,16.967,17.934,16.777,15.881,13.887,2.6396,3.2112,4.7805,5.4352,5.7103,6.4224,6.357,6.4224,6.3789,5.3837,4.5413,3.7329,3.5414,3.0783,3.3388,4.2562,3.8069,5.2792,5.2792,6.0192,6.7606,7.353,8.5288,9.2197,9.2197,9.7343,11.722,11.626,11.335,10.03
16.766,18.162,19.644,19.358,19.379,19.264,18.383,17.977,16.439,16.924,15.694,15.344,16.088,15.914,15.371,16.114,16.027,15.587,15.694,16.053,16.692,15.817,16.775,17.038,16.899,15.389,14.873,12.886,10.675,8.9887,12.513,14.666,15.844,16.114,15.198,15.198,15.694,15.596,16.566,16.775,16.866,17.055,17.743,16.775,15.844,16.439,15.344,14.789,15.631,15.225,15.371,15.344,16.192,16.524,16.532,17.128,17.977,17.426,15.596,13.935,1.6692,3.7323,4.7211,5.6109,6.1781,6.6766,7.1793,6.3559,6.443,6.0182,3.8063,4.2555,2.6392,3.8063,3.6948,3.3383,4.0199,4.3526,5.6109,5.9014,7.1013,7.4647,7.9175,8.511,10.249,10.688,12.424,11.943,10.688,10.477
16.65,18.887,19.177,19.477,19.006,19.066,18.577,17.39,17.68,17.616,16.385,16.08,15.507,15.814,16.693,15.643,16.176,16.272,16.08,15.507,15.867,16.565,16.211,16.625,16.522,15.814,14.321,13.168,10.965,9.0261,12.371,15.053,14.37,15.119,16.097,15.956,15.461,16.176,17.028,18.115,17.752,17.128,17.544,16.176,15.814,16.497,15.867,15.351,15.23,15.461,16.659,15.643,16.036,15.814,16.497,17.316,17.752,17.365,15.507,13.869,1.1893,3.1912,4.7572,4.9036,6.9956,7.1358,7.2342,7.096,6.6643,5.5529,4.2881,3.5679,3.7231,3.5679,3.1013,3.8721,4.5443,5.0176,5.3452,6.7696,6.9956,8.5761,8.136,9.3039,9.9361,10.637,11.701,11.809,11.182,10.035
16.566,19.348,20.055,19.754,19.52,19.022,18.169,18.555,16.833,16.38,15.579,16.019,16.295,15.19,15.381,14.941,15.336,14.941,16.389,16.045,16.363,16.08,16.956,16.833,15.871,15.739,14.922,13.051,10.76,8.3416,13.189,14.63,15.906,15.686,16.045,15.95,15.623,15.95,16.14,16.89,16.566,17.418,18.13,16.566,16.38,15.116,15.015,14.205,15.107,15.739,16.389,15.623,16.252,16.566,16.989,16.89,18.222,16.683,16.389,12.88,2.3594,3.3366,3.539,6.0152,6.8786,7.3292,7.3292,6.8786,6.3528,5.302,4.4766,3.1654,3.3366,3.8043,3.8408,4.7773,4.4766,4.7481,6.0152,6.4181,6.8786,7.4609,8.053,9.6272,9.7279,11.091,11.856,12.042,11.618,9.5109
16.649,18.421,19.545,19.254,19.603,18.695,19.018,18.081,16.649,16.885,15.858,16.228,16.893,15.778,15.332,16.504,16.167,15.804,16.193,16.41,16.809,15.778,16.167,16.918,16.615,15.706,14.779,13.552,11.475,8.9105,12.635,14.664,15.991,15.742,15.525,15.956,16.167,15.956,16.606,17.142,17.249,17.412,16.96,17.159,16.375,15.956,15.804,15.561,15.452,14.596,16.07,16.026,15.858,16.555,16.538,17.142,17.829,17.694,15.982,14.154,1.9166,3.3619,4.784,5.7251,6.8073,6.9916,7.3846,6.6604,6.9916,6.0139,4.8135,3.4036,2.8625,3.3619,3.4036,4.0482,4.5416,4.7544,5.0428,6.0607,7.5174,7.6662,8.4047,9.2833,9.7581,10.225,11.658,11.945,12.237,10.029
16.287,19.349,19.804,19.11,19.463,18.942,18.375,18.495,16.792,17.087,15.836,16.364,15.517,16.15,15.19,16.364,15.66,15.968,15.668,15.863,16.684,15.363,16.046,16.684,16.295,15.739,14.997,13.2,10.406,8.9844,12.75,14.592,15.3,15.3,15.3,15.3,15.95,15.517,17.047,17.014,17.696,17.633,16.891,17.418,15.95,16.355,16.15,15.363,15.19,14.782,15.309,16.253,15.871,16.767,16.072,17.185,17.466,16.989,15.624,14.206,2.1103,3.7306,4.8641,5.3803,5.9689,5.8985,6.7563,6.0154,6.8788,5.3021,5.2758,3.3367,3.8409,3.0763,3.0763,4.3506,4.5077,4.8641,4.7775,5.4318,7.0783,7.6817,8.653,9.4965,10.446,10.565,12.362,12.418,11.016,9.7281
16.039,19.082,19.8,19.141,18.935,18.374,17.968,17.874,17.068,16.315,15.246,15.847,15.328,16.452,14.884,15.759,15.536,15.464,16.1,15.856,16.452,15.856,16.169,16.452,16.065,15.464,14.174,13.237,10.578,8.7437,12.699,14.61,15.4,15.236,15.126,15.236,15.464,16.1,17.432,16.502,17.035,17.44,16.401,17.495,15.705,16.452,15.97,15.536,15.4,15.679,15.4,15.705,15.856,16.912,15.987,16.912,17.464,17.327,15.891,13.825,1.9046,3.7351,4.5132,6.3607,7.0475,7.3574,7.6182,6.5338,7.1847,5.5149,5.7137,4.0229,3.2131,2.3623,2.6411,3.3408,4.0229,5.2823,5.8105,5.2823,5.9058,8.0457,8.2681,9.3602,8.9799,10.696,12.045,12.045,11.917,10.147
15.849,19.397,19.782,19.019,18.813,19.483,18.032,18.581,16.782,15.893,14.952,15.761,15.849,15.357,15.357,15.893,15.61,15.129,15.403,15.832,15.893,16.094,16.094,16.042,16.707,15.357,14.507,12.995,10.579,8.5188,13.25,14.42,15.403,15.466,14.962,15.858,15.357,15.928,16.505,16.98,17.013,17.111,17.33,16.79,16.682,16.172,15.357,14.574,15.466,15.43,15.645,15.403,16.042,16.094,16.386,17.249,18.24,17.201,15.893,13.827,1.9049,3.0806,4.3566,6.0237,5.9772,7.0485,7.3395,6.3836,6.4272,5.7146,5.3877,3.8462,2.9886,3.2136,3.3413,3.3828,4.0235,5.2033,5.2033,5.9067,6.4489,7.9948,8.2525,9.5681,10.891,10.258,11.872,12.047,11.294,10.487
16.316,19.025,19.374,18.61,19.025,18.61,17.938,17.248,17.56,16.308,15.401,15.892,14.914,16.093,15.329,15.706,15.883,14.96,15.401,15.429,15.465,15.68,16.546,16.385,16.41,15.329,14.419,12.601,10.092,9.4055,13.047,14.801,15.136,15.599,14.942,15.356,15.927,15.76,16.913,17.199,17.441,17.992,16.979,17.199,16.205,16.78,15.537,15.608,15.892,14.914,15.127,15.035,15.608,16.385,16.205,17.304,17.465,17.328,15.608,14.273,2.1131,3.341,3.7354,5.6896,5.9062,7.1852,7.0479,6.383,6.1606,5.8349,4.8704,3.2133,4.259,3.3825,3.5437,3.7354,4.5443,4.7836,5.6155,6.3611,6.7651,7.9416,7.8532,9.5673,10.486,11.694,12.046,12.7,11.694,10.565
16.125,17.717,18.768,19.04,19.444,19.004,18.151,17.337,17.449,17.014,16.997,16.004,15.074,15.366,15.821,15,15.794,15.671,15.794,15.366,16.347,15.093,16.168,16.508,15.934,15.285,13.915,12.528,11.118,9.4284,12.304,14.396,15.074,15.294,16.065,15.321,15.653,15.812,16.775,17.951,17.615,17.465,16.874,17.16,16.237,16.134,15.847,15.285,15.321,15.074,15.724,14.852,15.671,16.542,16.841,16.997,17.678,17.16,15.609,13.835,2.1731,3.7269,4.5032,5.8927,6.1466,6.6669,7.5464,6.8721,6.5194,5.6027,4.8593,3.3334,3.3748,2.1731,2.6353,4.1165,5.5027,5.191,6.0094,6.8518,7.491,7.9235,8.9755,10.07,9.8039,11.005,12.042,12.439,12.168,10.541
15.91,18.173,19.467,19.179,19.033,19.026,17.926,17.422,16.894,16.256,15.582,15.193,16.023,15.663,15.366,16.049,15.591,15.875,15.663,15.529,15.689,15.303,16.435,16.358,16.485,15.529,14.633,12.763,11.621,8.9707,12.763,14.403,15.582,15.627,15.52,15.627,15.813,15.813,16.687,18.157,17.017,17.636,17.422,16.57,15.953,16.435,15.303,15.009,14.935,15.591,16.256,15.831,15.839,16.049,16.96,17.229,17.422,17.573,15.366,13.107,1.6687,4.1214,4.5086,5.6834,7.1773,7.9329,7.4626,7.4064,6.7577,6.8802,4.865,4.7492,3.8416,3.8052,3.3788,4.2543,4.2543,4.9782,5.3814,6.7164,7.4626,8.0548,9.0171,9.687,11.181,11.33,12.319,11.94,11.905,10.474
16.039,18.039,18.934,19.795,19.541,18.882,18.207,17.845,17.17,16.56,15.33,14.916,15.33,15.733,15.111,15.617,15.375,15.617,15.821,15.375,15.733,15.9,16.475,16.76,16.289,14.624,15,12.766,10.872,9.3894,13.057,14.71,14.851,15.211,15.961,15.402,15.438,16.246,16.76,17.93,17.178,16.76,17.728,16.357,16.074,16.56,15.51,15.357,15.865,16.28,16.517,15.83,16.484,16.143,16.95,17.299,18.039,16.851,15.402,13.226,2.3584,3.8393,5.4295,6.3722,6.9364,7.8398,7.458,7.3264,6.8557,6.8557,5.8961,4.7169,3.6915,3.5377,3.8029,4.3487,5.003,5.1939,5.8961,5.9664,7.3831,7.9104,8.5848,10.13,10.665,11.566,12.175,12.744,11.851,10.613
16.49,18.645,19.463,18.585,18.668,18.993,18.314,18.007,18.153,16.767,15.81,15.81,15.624,16.482,15.381,16.184,15.81,15.006,15.739,15.309,16.08,15.445,15.827,15.967,16.08,15.309,14.352,13.03,10.244,8.8438,12.836,15.117,15.336,15.363,14.659,15.363,15.19,16.046,17.282,16.891,17.442,17.537,16.566,17.561,15.516,16.389,16.149,15.871,15.871,15.381,15.862,16.414,15.906,16.833,15.871,17.014,17.177,17.225,15.336,14.205,2.3594,4.1205,5.3021,6.8585,7.1758,7.4049,7.6088,6.8585,7.0978,6.8585,5.6082,4.5076,3.7305,2.6379,3.3781,5.3021,5.196,4.7188,6.9392,6.7149,7.0387,7.1758,9.0152,9.511,10.617,10.683,11.364,12.146,11.655,10.617
15.962,18.547,19.363,20.104,19.189,18.327,18.021,17.55,16.969,16.579,15.537,15.229,15.698,15.6,14.933,15.32,14.952,15.456,16.264,16.057,16.118,15.751,15.671,15.635,16.092,15.347,15.128,13.04,10.573,8.5132,12.889,14.821,15.591,15.393,15.201,15.119,15.393,15.883,17.002,16.903,18.021,17.294,16.903,15.979,15.591,16.299,15.698,14.942,15.537,15.68,15.918,15.839,15.751,16.845,16.031,16.845,17.55,17.189,15.883,13.44,2.8432,4.511,5.2266,6.5306,7.3537,8.3479,7.9371,7.4666,6.9443,6.7613,6.3576,4.9808,4.3537,3.7333,4.0209,4.7223,4.8676,4.8676,5.9029,6.3795,7.5593,8.5296,8.7394,9.0219,10.156,10.884,12.189,12.326,11.287,10.087
16.679,18.279,19.707,19.516,19.199,18.468,19.054,17.01,16.887,16.427,15.405,15.902,15.735,15.859,14.627,15.867,15.332,15.682,16.283,15.682,16.291,15.735,16.554,16.427,16.41,15.002,14.512,13.059,11.013,8.9821,12.681,14.937,15.104,15.584,16.042,15.36,15.575,15.36,16.291,16.52,17.221,17.533,17.116,17.026,16.562,15.735,15.305,15.296,15.902,15.405,15.378,15.405,16.654,16.385,16.654,16.887,17.964,16.754,15.575,13.935,2.2378,4.2524,5.2745,6.6089,7.1741,7.9818,7.8411,8.1882,6.8568,7.3465,6.3732,4.3495,4.1195,3.6921,3.8399,4.8628,4.7763,4.7177,6.1736,6.3732,7.3465,7.8411,9.4353,10.008,10.68,10.68,12.177,12.143,11.794,10.146
15.758,18.876,19.422,19.199,18.675,19.228,17.495,18.068,17.246,16.787,15.847,15.987,15.705,15.328,15.033,15.598,15.758,14.8,16.065,15.015,15.847,16.065,16.383,16.169,15.643,15.126,13.955,13.3,10.418,8.468,12.556,14.715,15.015,15.855,15.108,15.987,15.318,15.882,16.911,17.035,17.141,17.303,17.035,16.578,16.383,16.1,15.987,15.135,15.535,15.209,15.236,15.926,16.1,15.855,15.705,16.936,17.654,16.787,15.033,13.825,2.6934,4.1255,5.9057,6.4261,6.8872,8.2002,8.268,7.563,7.3573,6.8872,5.5148,4.0228,3.7351,4.3558,3.7351,4.9832,4.3558,5.0111,5.2822,6.0227,7.1065,7.563,8.3519,9.7399,9.5226,11.669,11.585,12.721,11.693,10.256
16.046,18.352,19.776,19.776,19.457,18.876,17.538,17.047,16.558,16.072,16.072,16.287,15.517,15.58,15.907,15.409,14.857,15.09,15.907,15.409,16.046,15.409,16.389,17.177,15.526,15.589,15.218,12.761,10.392,9.1077,12.706,14.857,15.624,15.74,15.3,15.337,15.3,16.046,16.389,17.538,16.891,17.177,18.466,16.415,16.99,15.517,15.117,14.716,14.352,15.382,16.046,15.309,16.432,15.837,17.161,16.957,18.292,16.767,15.968,13.717,1.9023,4.2536,5.7068,6.879,7.4051,8.0534,9.0155,8.342,7.4985,7.554,5.7068,4.2536,4.018,4.2536,3.8409,4.2536,5.2759,4.7776,6.3531,6.9394,6.879,8.0706,8.7809,9.214,9.8138,10.67,12.362,12.351,11.13,10.683
16.046,18.223,19.528,18.466,18.891,18.314,18.154,17.177,17.727,16.916,16.046,16.389,15.409,16.046,16.046,15.686,16.364,16.046,15.968,15.409,15.526,15.66,15.74,15.95,15.445,14.941,15.227,12.684,10.472,9.349,12.418,14.895,15.09,14.857,15.686,15.863,15.409,16.567,16.833,17.355,16.99,17.047,16.684,16.046,16.659,15.58,15.382,15.016,15.218,15.907,16.792,15.907,16.389,15.74,16.296,17.031,17.419,16.891,15.828,13.232,2.8412,4.4768,5.5082,6.879,7.8432,9.031,8.0534,7.8432,7.554,7.1761,6.8587,4.3507,4.5385,4.018,4.2536,4.5078,5.7068,5.3023,5.2759,6.526,7.3296,7.6819,8.342,9.2291,9.5113,11.365,12.272,12.673,11.714,11.13
16.142,18.726,18.844,19.518,19.013,18.881,17.687,17.553,17.273,16.381,15.616,15.82,16.558,15.329,15.008,14.859,15.183,15.329,16.012,15.802,15.864,15.802,16.176,16.825,15.374,15.679,15.183,12.412,11.211,8.5842,13.098,14.85,15.374,15.829,15.374,16.073,15.437,15.401,16.483,17.112,16.65,17.41,17.273,16.55,16.245,15.374,14.934,14.238,15.732,16.483,15.942,15.732,16.508,16.675,17.006,17.273,17.914,16.948,15.802,13.225,3.0748,4.8617,6.4368,6.8552,8.4537,8.6488,7.5501,8.5029,7.7859,7.3448,5.6795,4.3484,5.2996,4.1185,3.839,4.7751,4.8617,5.5054,6.6074,6.8552,7.8393,7.3258,8.8396,9.6804,10.387,10.678,12.874,12.7,11.322,10.664
16.047,19.112,19.024,18.855,19.7,19.119,18.032,17.947,17.251,16.685,15.661,16.142,16.047,15.864,15.518,16.108,15.741,15.091,15.864,15.301,15.838,15.338,15.908,16.082,15.829,14.998,14.353,13.191,10.826,9.0162,12.762,14.285,15.091,15.007,15.383,15.228,15.41,15.864,16.793,16.958,16.892,17.089,16.297,16.365,15.838,15.829,15.527,15.118,15.59,15.625,16.484,15.838,16.082,15.969,16.685,17.178,17.227,16.917,15.219,13.729,2.6382,4.5081,6.757,7.4618,7.9145,8.2587,8.8447,8.3426,7.5545,6.8795,6.5264,5.5086,4.9777,4.221,3.6934,4.8645,5.0055,5.5086,5.7072,6.3316,7.9145,7.9845,8.5078,9.7004,10.19,11.18,11.857,12.181,12.147,10.566
15.915,18.475,19.127,19.185,19.04,19.185,17.642,18.071,17.427,17.023,16.158,15.39,15.677,15.845,15.694,16.08,15.88,15.818,16.192,15.344,15.632,16.304,15.525,16.08,15.39,14.291,14.6,11.862,11.198,9.2187,12.713,14.676,15.596,15.235,15.417,15.453,15.226,16.261,16.692,17.547,17.023,16.9,16.525,16.192,15.317,16.054,15.317,15.417,15.014,15.344,16.567,15.88,15.588,16.192,16.525,17.056,17.547,16.9,15.534,13.936,3.2108,4.5408,5.9017,6.8622,7.9179,8.5929,8.3462,8.1946,8.0401,6.3782,6.1784,5.0077,3.8065,3.2108,4.2557,5.2256,5.0077,5.4347,5.6852,6.5293,6.1559,7.4089,9.3388,9.5161,10.249,11.022,11.577,11.72,12.187,10.557
15.977,18.164,18.923,19.216,19.331,18.664,18.164,17.187,17.572,16.693,15.881,15.588,15.633,15.005,15.024,15.391,15.819,15.236,15.227,14.866,15.695,15.318,16.055,15.846,15.695,14.931,14.165,12.312,10.044,9.2343,12.713,14.677,15.526,16.373,15.819,15.391,16.029,16.116,17.187,17.235,17.956,17.548,16.5,16.843,15.526,15.846,16.09,15.116,16.055,14.409,15.535,15.748,15.837,16.835,16.5,17.316,17.42,16.901,16.029,13.816,2.3608,4.8669,5.902,6.8626,7.7942,8.512,8.2459,8.4627,8.212,6.3347,6.3566,5.5113,4.3531,4.123,4.5103,4.751,4.5411,5.1991,5.5113,6.3566,6.9433,7.1801,8.3467,9.6908,10.518,10.87,11.91,12.324,11.91,10.478
16.554,17.942,19.366,19.12,18.827,18.783,17.534,17.222,16.912,16.563,15.441,15.656,15.736,15.576,16.077,15.333,15.297,14.779,14.919,15.833,15.333,15.378,15.683,16.36,15.405,14.349,14.349,12.703,10.874,8.9515,13.479,14.807,15.947,16.016,15.378,15.585,16.283,16.181,16.512,16.887,17.47,18.042,16.83,17.173,17.01,16.016,15.585,15.333,15.736,15.086,15.859,16.428,16.36,16.788,16.887,16.788,18.127,16.755,15.833,13.936,3.84,4.863,6.7136,7.3468,7.8414,8.2393,9.0288,8.5866,7.9296,6.4386,5.8973,5.4306,4.2526,4.5067,3.7298,3.84,4.863,4.9761,6.4169,5.6071,6.4169,7.3278,8.34,9.9103,9.3468,11.411,11.652,12.143,12.974,10.403
16.138,18.349,19.396,19.453,18.709,18.455,18.212,17.223,16.429,16.078,15.306,15.737,15.904,16.078,15.105,15.869,15.586,15.105,15.379,15.105,15.514,15.379,15.621,16.479,15.306,15.215,14.203,12.178,10.39,9.0292,12.834,15.188,15.334,15.379,16.104,16.017,15.577,15.684,16.284,17.849,17.247,17.732,17.732,16.555,15.666,16.361,15.297,14.854,15.514,15.523,16.25,15.442,16.386,16.043,16.888,16.888,17.724,17.044,15.523,13.521,2.6897,4.8633,5.6813,7.3849,8.2566,9.2274,8.5056,8.2397,7.6804,7.7884,6.0144,5.8976,4.2528,3.3776,4.1199,4.8633,4.8633,6.1742,6.1516,6.1742,7.3471,7.5526,8.8424,9.6835,10.616,12.029,12.682,13.049,12.416,10.39
15.909,18.779,18.831,19.402,19.25,18.697,18.396,17.516,16.931,16.807,15.909,15.909,15.616,15.263,15.125,15.661,14.967,15.4,15.874,15.051,15.848,15.227,16.11,16.058,15.697,15.373,14.386,12.083,10.103,9.2358,13.263,15.042,15.336,15.563,15.874,15.4,15.697,16.179,16.188,16.997,16.865,17.484,17.218,16.471,16.223,15.554,15.482,15.336,14.845,15.777,15.563,15.697,15.909,16.11,16.403,17.266,17.84,17.579,15.563,13.545,3.3447,4.5184,6.0297,7.4226,8.0551,8.5273,8.0897,8.2608,7.4226,7.1148,6.3681,5.4448,4.2637,4.3609,4.0275,4.1304,5.3148,4.8757,6.0297,6.39,7.3469,8.0897,9.4157,9.6504,11.156,11.416,12.57,12.481,11.742,10.268
15.907,18.325,19.743,19.393,18.71,18.575,18.416,17.216,17.053,16.418,14.965,15.261,15.552,15.659,15.986,15.561,15.552,15.04,16.186,16.004,15.863,15.371,15.704,15.943,15.416,14.9,13.839,12.173,10.429,8.2767,13.219,14.956,15.552,15.722,15.552,15.943,15.552,15.561,16.604,17.053,17.345,16.469,17.345,16.696,15.775,16.596,15.261,15.123,15.416,15.775,15.899,15.335,15.863,16.082,16.469,17.159,17.893,17.069,15.704,13.219,4.0271,4.9885,5.8166,8.0541,8.2259,8.5263,8.6079,8.0541,7.365,7.8073,5.9119,4.7295,4.2632,4.2632,4.2632,4.9885,5.3142,5.2347,5.9119,6.8944,7.571,7.8073,9.2347,10.267,10.628,11.965,12.344,12.877,11.988,11.041
15.991,18.319,19.051,19.051,18.681,18.904,17.941,17.332,16.916,16.817,15.886,15.763,15.93,15.851,15.25,16.174,15.359,14.963,15.323,15.359,15.468,15.683,15.71,15.895,15.851,14.422,15.213,12.725,10.893,9.4074,12.78,14.954,16.13,15.86,15.359,15.25,15.86,16.044,16.583,17.275,16.549,17.039,17.941,15.974,15.974,16.277,15.603,14.879,15.139,15.763,16.32,15.54,16.07,16.311,17.056,16.277,17.468,16.784,15.54,13.738,3.3417,4.8713,5.6907,6.8891,8.7938,8.0479,9.1211,8.6013,8.0825,7.3404,6.1844,5.4399,3.8466,4.5452,4.2599,5.3101,5.2837,4.7553,5.2306,6.8688,7.4723,8.4704,9.7427,10.893,10.88,12.06,12.725,13.335,12.899,11.108
15.533,18.333,19.548,19.541,19.225,18.91,18.15,17.588,16.372,15.703,15.325,16.81,15.325,15.013,14.646,15.533,15.596,15.031,16.063,15.703,15.827,15.398,16.576,16.313,15.542,14.608,14.367,11.915,10.888,8.4668,13.204,14.608,15.703,15.641,15.605,15.888,15.827,15.888,16.089,17.556,16.576,16.576,17.268,16.381,16.81,15.353,15.013,15.022,15.676,15.888,16.063,16.037,16.304,16.381,16.776,17.421,17.588,17.106,15.398,13.823,3.7345,4.9825,6.4468,7.4128,8.7423,9.824,9.0403,8.9939,8.079,7.617,6.0218,4.8692,5.386,4.8692,4.9825,5.386,5.4376,6.1818,6.1818,7.0858,8.5975,8.0617,9.6377,9.965,10.523,12.364,13.33,12.719,12.067,11.29
16.099,18.547,19.044,19.342,18.667,18.449,17.748,17.43,16.168,15.925,15.535,15.544,15.535,15.89,15.107,15.986,15.354,14.799,15.354,15.354,15.236,14.874,16.064,16.314,16.064,15.014,14.912,12.721,11.105,9.0413,13.12,15.704,16.064,16.099,15.758,15.606,15.89,15.89,16.064,17.205,16.577,17.197,17.653,16.51,15.89,16.778,15.033,15.134,14.874,15.597,15.704,15.606,16.703,16.786,16.314,16.586,17.558,16.703,15.758,13.362,3.8089,4.783,7.3569,8.2168,9.7395,9.0258,9.3448,8.9949,8.7909,8.1998,6.3822,5.4381,6.1824,5.3083,5.2021,5.2021,5.3866,6.1598,6.4258,7.1062,7.9931,8.3515,9.5661,10.256,11.029,11.029,13.12,11.811,12.555,10.377
15.671,19.207,19.975,19.033,18.738,18.461,18.195,17.469,16.561,16.074,15.689,16.048,15.874,15.119,15.447,15.411,14.925,14.671,15.447,15.092,16.048,15.339,15.865,16.048,15.528,15.591,15.092,12.708,10.878,8.5898,13.432,15.229,16.527,16.152,15.839,15.671,15.839,16.434,16.358,16.434,17.421,17.54,16.918,16.828,16.298,16.022,15.384,15.008,16.152,14.812,15.671,15.311,15.689,17.445,16.417,16.959,17.855,17.252,16.048,14.208,3.8051,5.303,7.0794,8.3432,8.4592,9.2304,8.8453,9.5127,8.5084,7.683,6.8799,6.0163,5.6832,4.978,5.0059,4.5084,5.4327,5.8283,6.354,6.8799,6.8799,8.1916,9.6867,10.245,10.98,11.657,13.192,13.234,12.319,11.094
15.976,18.596,18.745,19.01,18.301,18.722,18.04,17.291,17.186,16.261,15.915,15.748,15.453,15.695,15.344,15.88,15.525,15.588,15.88,15.668,15.632,15.344,15.317,15.417,15.525,14.724,14.562,13.037,10.61,9.2339,13.364,15.417,15.588,15.915,16.44,15.976,15.836,16.15,17.023,18.056,16.767,17.363,16.999,16.372,16.054,16.364,15.695,15.317,15.677,15.845,16.44,15.308,15.677,15.845,16.9,16.776,17.056,16.9,15.014,13.458,3.541,5.6113,6.1785,7.4651,9.0817,9.7047,9.3538,9.5162,9.5162,8.6576,6.4218,6.76,5.2786,4.7214,4.9799,5.305,5.9721,5.9017,6.3563,6.943,8.0575,8.7058,9.5162,10.154,10.831,11.721,12.514,12.458,11.803,11.223
16.125,18.494,18.897,19.393,18.757,18.69,17.959,16.844,16.935,16.064,15.327,15.318,15.881,15.758,14.417,15.758,15.134,14.733,15.855,15.758,14.949,15.381,15.597,15.89,15.033,15.014,14.349,12.555,10.484,8.5333,12.775,15.354,15.678,16.383,16.203,16.314,15.704,16.535,16.703,17.486,17.067,17.27,17.27,16.203,15.758,16.451,15.427,15.245,15.134,16.203,16.383,15.828,16.544,15.597,16.703,16.786,17.302,16.935,15.107,13.3,3.8453,5.3866,6.7642,7.8522,9.2246,10.091,9.5222,9.4043,8.8542,8.2676,7.1843,6.8868,5.3083,4.2585,5.282,5.282,5.7133,6.0224,6.0224,6.8868,8.0799,9.0874,8.4676,9.825,10.682,12.056,12.286,13.3,12.16,10.091
15.431,17.878,18.34,18.34,19.577,18.739,17.467,17.201,16.915,16.849,15.99,15.239,15.212,15.894,14.962,15.929,15.85,15.249,15.403,15.037,15.894,15.358,15.037,15.61,15.129,14.737,13.868,12.334,10.204,8.4698,13.123,15.385,15.894,16.276,15.99,15.85,15.762,16.782,17.379,17.209,17.499,17.563,16.59,16.455,15.129,16.069,15.762,15.018,14.793,15.539,16.042,15.61,16.069,16.548,16.582,16.915,17.014,16.539,15.99,14.226,3.383,5.9069,7.5646,8.0646,8.6006,9.3471,9.6411,9.4067,8.6006,7.1861,6.8886,5.9774,5.3879,4.3567,4.9843,5.7148,5.9069,6.0239,7.0488,7.0883,7.6197,8.5191,9.5246,10.58,10.567,11.814,12.779,12.768,12.724,10.892
15.895,18.584,18.696,18.584,19.051,18.486,17.879,17.5,17.308,16.583,15.387,15.86,15.895,15.71,14.963,15.332,14.963,14.879,16.07,14.804,15.432,15.468,15.71,15.851,15.54,15.038,14.373,12.703,10.528,8.9669,13.209,15.387,16.07,16.07,15.86,15.54,15.974,16.07,17.445,16.684,16.709,17.203,16.507,15.887,15.13,15.834,15.71,15.14,15.13,15.019,15.332,15.71,16.388,16.85,16.414,16.817,17.564,17.04,15.405,13.96,4.227,4.9847,6.7666,7.4724,8.794,9.2429,9.3629,8.6661,8.5199,7.4724,6.8892,6.4497,5.6908,4.8714,4.5453,6.3844,5.6908,5.7153,6.8689,7.8549,8.0826,8.5199,9.2277,10.421,11.295,11.979,12.692,13.05,12.324,10.421
15.648,17.942,18.741,18.882,19.051,18.494,17.996,17.187,16.389,16.851,15.36,14.964,15.931,15.763,15.54,15.405,15.131,14.804,15.549,15.112,15.887,15.323,15.86,15.852,15.038,14.88,14.576,12.199,10.164,8.9826,13.471,14.88,15.323,15.131,16.541,16.096,15.896,16.541,17.211,17.252,17.056,16.583,16.917,16.131,15.112,15.468,15.54,14.88,14.964,15.323,16.817,15.887,16.44,15.887,16.851,16.792,17.762,17.015,15.468,13.533,3.6987,5.7154,6.7667,7.4725,9.2279,9.5256,8.9826,9.4077,8.8574,7.6205,6.869,6.162,5.3102,4.5454,4.726,5.9076,6.0245,6.9499,6.7667,6.6836,8.7941,8.52,9.243,10.095,11.209,11.732,12.997,12.9,12.335,11.637
15.829,17.483,18.714,19.321,19.06,18.669,18.474,17.571,16.917,17.178,15.864,16.433,15.969,16.151,15.383,15.625,15.518,14.923,15.829,14.811,15.337,14.858,15.337,15.446,15.661,14.411,14.401,12.363,10.393,9.0775,13.514,15.383,15.58,16.047,15.74,15.661,16.382,16.047,16.685,17.251,17.048,17.736,16.76,17.186,16.151,16.047,15.383,15.191,15.383,14.933,15.527,15.829,15.383,16.826,16.39,17.307,17.539,17.048,15.829,14.158,3.8047,5.3025,7.1764,8.0365,9.1081,9.7002,10.039,9.0775,8.071,7.6094,7.0393,5.6087,4.7486,5.6826,5.6087,6.5263,6.153,6.3753,7.0393,6.8793,7.9143,8.985,9.1081,10.552,10.605,11.939,12.838,13.524,12.881,11.572
17.321,20.166,20.791,20.617,21.021,21.423,20.113,19.596,19.873,19.169,18.037,17.351,16.597,17.926,17.558,17.42,17.351,17.588,17.527,17.166,17.351,16.916,17.189,17.42,16.757,16.083,15.74,13.555,11.278,9.6471,14.606,16.797,17.42,17.359,17.664,17.359,18.338,18.316,19.114,19.044,19.792,19.765,17.963,18.719,17.896,17.42,17.806,17.565,17.42,17.166,18.103,17.351,17.664,18.939,18.719,19.466,19.439,18.91,17.565,15.706,4.4121,6.4705,7.746,9.7434,10.456,10.942,10.633,10.027,9.7434,8.0167,8.5479,7.6245,6.7132,5.8879,5.8879,6.8896,6.2397,7.4476,7.303,7.3394,8.5167,9.4939,10.633,11.776,12.318,13.555,14.787,14.615,13.426,13.196
15.685,18.006,19.181,19.368,18.471,18.888,18.19,17.352,16.757,16.765,15.949,16.044,16.481,15.307,15.685,15.189,16.044,15.005,14.995,15.38,15.667,15.38,15.216,15.685,14.855,14.553,14.017,12.179,10.863,8.457,13.522,14.921,16.105,16.285,15.738,16.148,16.353,16.079,16.43,17.304,17.029,17.472,17.352,16.362,16.362,15.738,15.38,14.667,14.855,15.685,15.905,15.515,16.139,16.757,16.682,17.686,18.312,17.28,16.379,13.847,3.2088,5.0046,6.7144,7.8423,9.1066,8.9835,9.5102,9.5102,9.076,7.983,6.3523,5.8028,4.8636,5.6817,4.3501,5.2223,5.898,6.3523,7.4042,6.7557,8.0697,7.8423,10.551,10.471,10.669,12.748,13.614,13.356,12.683,11.015
15.442,18.17,18.894,19.498,18.625,18.497,18.231,17.734,17.287,16.803,16.106,16.219,15.414,15.14,14.804,14.954,15.342,14.973,15.897,15.369,15.369,15.122,15.559,15.87,15.14,14.363,14.285,11.704,10.627,8.2757,13.542,15.414,16.106,16.424,15.897,15.702,16.399,16.08,16.927,16.828,17.456,17.67,16.993,16.828,16.219,14.926,15.622,15.047,16.08,15.26,15.984,15.559,16.602,17.214,16.593,17.391,18.231,17.262,16.175,13.878,3.8126,5.3135,7.6252,8.7995,9.0501,9.7059,9.8772,9.0346,8.6715,8.0877,6.8936,6.0282,5.5199,5.2871,5.0158,5.9112,5.9112,6.5398,7.5144,7.4208,7.4771,9.0036,9.749,11.103,11.241,12.962,13.26,12.172,12.788,11.644
15.354,17.751,19.127,18.957,18.979,17.861,17.79,17.48,16.49,15.963,15.463,15.161,15.715,15.928,15.05,15.363,14.994,14.383,15.884,15.161,15.171,14.749,15.418,16.007,14.834,14.451,14.256,12.224,10.721,8.8753,13.109,14.91,16.103,16.49,16.103,16.345,15.742,17.107,16.818,17.091,17.48,17.6,16.951,16.447,15.244,15.866,15.866,14.749,15.391,14.947,15.928,15.244,16.575,17.464,16.743,17.48,17.916,17.05,16.422,13.988,4.7356,5.9195,6.883,8.619,8.7321,9.1399,9.8485,9.0629,8.0818,8.0645,6.6972,6.3975,5.4511,5.3994,4.5237,5.2146,5.2146,6.6341,6.0368,7.2014,7.4877,8.2704,9.8911,10.902,10.915,12.36,13.499,13.077,13.331,10.902
16.126,18.214,19.023,18.48,18.45,17.936,18.176,17.035,16.587,15.987,15.427,15.4,16.272,14.94,14.734,15.4,14.734,15.4,15.382,14.677,15.382,14.648,15.209,15.536,14.505,14.262,14.223,11.87,10.578,8.6635,13.237,15.135,16.384,16.169,16.272,15.856,15.536,16.536,17.206,17.035,17.206,17.246,17.709,15.829,15.926,15.427,15.545,14.223,15.034,15.4,16.091,15.607,16.065,17.068,16.787,17.246,18.153,16.845,16.204,13.529,3.3823,5.2024,7.4702,8.2512,9.5227,9.5227,9.4048,8.9954,7.9234,7.414,6.7646,6.3607,4.9833,5.5148,5.2823,5.7136,6.4261,5.9057,7.0869,7.4702,7.8526,8.0803,10.092,11.292,11.427,12.556,13.206,13.467,13.865,11.585
15.85,17.963,19.049,18.902,18.484,18.521,17.932,17.466,16.275,15.761,15.403,15.538,15.601,15.708,14.962,15.858,15.018,14.943,15.11,15.248,15.138,15.403,15.212,15.538,14.274,14.225,13.958,12.197,10.892,8.6004,13.208,15.129,15.33,16.275,16.386,16.042,15.832,15.894,16.857,17.201,16.914,17.443,17.185,16.386,16.094,15.894,14.43,14.915,14.915,15.212,15.61,14.717,16.539,16.547,16.707,17.466,18.491,17.07,15.99,13.47,4.4829,5.9068,7.0486,9.0895,8.793,9.5244,8.9659,9.2267,8.0471,8.0471,6.5349,5.4394,5.6902,4.7841,5.4394,5.4394,5.6902,6.8884,6.6828,7.1859,7.9949,9.0895,9.6409,11.343,11.107,11.919,13.47,14.372,12.855,11.38
16.071,17.942,19.234,19.444,18.09,18.036,17.429,17.016,16.389,16.071,15.039,14.889,15.251,14.955,14.615,15.975,14.615,14.805,15.029,15.541,15.55,15.02,15.469,15.711,14.833,13.96,13.96,12.165,10.164,7.9437,13.472,15.131,16.209,15.975,16.457,15.711,15.36,16.071,16.389,17.252,16.942,17.204,17.565,16.175,15.406,15.764,14.805,14.355,15.324,15.36,16.106,15.406,16.278,16.592,17.333,17.445,18.074,17.212,15.764,13.368,4.5455,5.8364,6.3848,8.0658,10.054,9.8289,9.8714,9.0294,8.9829,8.2031,6.8896,6.6839,5.9078,4.8717,5.2042,5.3887,5.617,5.9078,7.109,7.8553,8.0484,9.0294,9.7146,11.197,11.816,12.78,13.83,12.954,12.56,11.697
15.553,18.327,18.757,18.875,18.357,17.957,18.05,17.395,16.898,15.874,15.909,15.418,15.263,14.967,14.817,15.661,15.616,14.892,15.625,14.444,15.226,15.153,15.562,14.588,14.957,14.929,13.647,12.266,10.39,9.0366,13.378,15.723,15.553,15.723,16.521,16.402,15.776,16.402,17.611,18.577,17.347,17.323,17.323,16.179,16.605,15.562,15.865,15.143,15.254,16.084,15.988,15.143,16.428,16.084,17.217,17.523,18.05,17.266,14.817,13.971,3.8134,5.7201,6.9556,8.5435,10.103,10.268,9.4599,8.99,9.129,9.5336,6.5412,6.0295,5.6956,5.9125,5.983,6.0295,6.6262,6.3898,6.3898,8.0548,8.8647,8.99,9.7224,10.537,11.44,12.736,13.79,13.749,12.703,11.61
15.865,18.173,19.067,18.629,19.045,18.088,18.173,16.723,16.698,16.605,15.562,15.445,15.418,14.976,15.051,14.731,16.11,15.418,15.418,15.226,15.418,14.444,15.418,15.152,15.041,14.209,13.596,12.059,10.103,8.7215,13.647,15.418,16.325,16.083,16.179,15.988,16.179,16.144,17.217,17.322,17.839,18.05,16.419,16.798,16.118,15.873,15.723,15.481,15.696,14.892,15.847,15.909,15.909,16.597,16.597,16.723,17.459,16.955,15.418,13.749,4.7299,6.3678,8.3614,9.4598,9.1289,10.103,10.172,10.268,9.0365,8.2774,7.6997,6.0295,5.841,6.3678,6.4551,5.841,6.3678,7.1927,6.895,7.8079,8.2095,9.4598,9.2355,11.44,11.55,12.3,13.513,13.749,12.334,11.646
15.863,17.986,18.829,19.219,18.918,18.447,17.838,16.929,16.426,16.117,15.344,15.722,15.334,15.334,14.73,15.623,14.89,14.692,15.142,14.815,14.89,14.208,15.863,15.443,14.384,14.109,14.208,12.208,10.694,8.2766,13.23,15.615,16.595,16.392,15.775,16.177,16.143,16.056,17.028,17.224,17.289,17.736,16.896,16.796,15.775,15.872,15.334,14.815,15.704,14.89,15.722,15.863,16.082,17.45,16.863,17.321,18.264,17.264,16.528,13.96,4.2631,6.7716,8.2766,9.0047,9.5326,10.212,10.267,10.102,9.0047,8.2597,7.4217,6.7302,6.3673,5.6209,6.029,6.3673,7.1139,7.478,7.5153,7.5709,8.3607,9.0512,9.9769,11.824,11.242,12.735,13.718,12.909,12.208,10.901
15.466,17.49,19.143,18.559,18.316,18.551,17.72,17.378,16.581,16.386,15.61,15.248,15.681,14.736,15.538,15.248,15.681,15.385,15.681,15.385,15.357,14.877,15.138,15.547,14.961,14.352,14.176,12.163,10.093,8.3533,13.777,15.601,16.412,16.412,16.437,15.884,16.437,16.914,17.562,17.466,17.593,17.466,17.33,16.513,16.163,15.681,15.403,14.961,15.884,15.239,15.761,15.858,16.042,16.782,17.378,17.306,17.506,17.249,15.708,14.215,4.7548,6.4488,7.5642,8.9812,10.148,9.8696,10.406,9.926,9.3616,8.2693,7.5642,6.3835,5.2831,6.8883,6.0236,6.0236,6.868,7.1857,7.4714,8.2693,8.0469,9.5242,9.6984,11.195,11.587,12.767,13.469,13.827,12.701,11.232
15.657,17.67,18.685,19.1,18.752,18.467,18.231,17.083,17.083,16.322,15.047,15.613,15.55,14.662,15.369,14.889,15.121,14.518,15.414,14.747,15.414,14.728,15.414,15.87,14.889,15.442,14.048,11.739,10.428,8.4594,13.48,15.72,16.399,16.287,16.287,15.87,16.467,16.39,17.575,16.952,17.262,17.647,16.861,16.002,14.964,15.55,15.613,14.547,15.622,14.662,15.396,15.369,16.399,17.083,16.551,17.439,18.353,17.05,16.219,14.623,5.2072,6.3665,8.2078,9.3688,9.7202,9.2335,9.9757,9.7202,9.2335,8.5252,7.57,7.3451,6.6247,6.1884,4.9878,6.5398,6.8935,6.1884,7.1912,7.8063,8.0008,9.4134,10.266,11.002,11.703,13.058,13.644,13.386,13.058,11.413
16.008,17.678,18.961,18.361,19.108,18.015,17.614,17.058,16.934,15.877,14.96,15.375,15.78,14.96,14.242,14.82,15.044,14.82,15.484,14.706,14.96,15.448,15.947,15.556,14.895,14.054,13.964,11.744,10.215,8.5288,13.318,15.035,16.225,16.061,16.337,15.78,16.337,16.934,17.058,17.583,17.511,17.583,17.583,16.329,15.947,15.128,15.266,14.668,14.447,15.146,16.609,15.484,16.474,16.959,16.835,17.131,17.78,16.81,16.008,13.558,5.0179,5.9842,8.7234,8.8665,10.579,10.064,10.16,9.1308,9.8387,7.9516,7.6284,6.3692,5.7213,5.9136,6.3692,6.1684,7.0568,7.3672,7.1943,8.0042,8.9763,9.5355,10.16,11.158,11.245,12.177,13.65,13.752,13.391,11.886
15.565,18.188,18.41,18.771,18.064,18.064,17.593,17.043,16.338,16.61,14.941,14.561,15.43,14.941,14.828,15.348,15.384,14.714,15.574,15.457,14.969,14.532,15.275,14.941,14.978,14.828,13.524,12.08,10.069,7.6328,13.357,15.43,16.122,16.157,15.912,16.466,15.912,16.844,17.473,17.231,16.969,17.688,16.542,16.878,16.235,16.096,15.238,14.561,15.384,15.062,14.978,15.789,16.157,16.819,16.819,17.279,17.751,17.215,15.412,13.852,5.0208,6.3729,8.0785,9.2579,10.056,10.276,10.545,10.042,9.7155,8.216,6.9004,6.5463,5.2124,6.1719,7.0609,6.3948,6.9004,7.1984,7.1984,8.0088,8.6802,9.541,9.7299,11.164,11.164,12.724,13.74,13.852,12.218,11.252
15.051,17.675,18.876,18.69,18.449,18.472,17.603,17.444,16.428,16.223,15.617,14.93,15.554,14.435,14.892,15.125,15.042,14.694,15.144,14.435,15.554,14.902,15.051,15.418,14.958,14.589,14.111,12.209,10.159,8.3618,13.555,15.125,15.901,16.428,15.909,15.617,16.18,16.292,17.128,17.347,17.58,17.267,16.931,16.832,16.084,15.051,15.254,14.845,15.706,14.958,15.254,15.4,15.848,17.291,17.03,17.226,18.197,17.484,15.988,14.367,5.7203,6.875,8.0029,10.268,9.5339,9.3712,10.708,9.1293,9.4158,8.478,7.347,6.5415,5.3932,6.3681,6.1673,6.4337,7.1149,7.4038,8.6737,8.0898,8.7539,9.2359,10.39,11.611,11.706,12.301,13.972,14.318,12.911,11.683
15.341,17.975,18.624,18.006,18.496,18.068,18.068,17.511,16.415,16.794,15.396,16.079,15.396,14.689,15.028,14.888,15.121,14.953,15.121,15.037,15.25,14.623,15.148,15.414,14.746,14.206,14.107,12.056,9.7197,8.0873,13.228,15.414,16.329,15.94,16.079,15.94,16.114,16.466,17.342,17.519,17.764,17.733,17.025,16.601,15.869,15.772,15.368,14.925,14.925,14.897,15.772,15.414,15.657,17.318,16.559,17.286,17.598,16.918,16.593,14.284,4.8742,6.3662,8.0527,9.5749,9.413,10.211,9.9331,9.4574,9.6476,8.3592,7.4767,5.7186,6.3881,6.5395,6.3881,6.6874,6.8729,7.8059,7.6978,7.1909,9.1265,9.3534,10.626,11.24,12.263,12.297,14.186,14.314,13.786,12.171
15.851,18.432,19.145,18.762,18.94,18.318,17.635,16.816,16.981,15.851,15.467,14.508,15.13,15.24,14.421,15.709,15.331,14.963,15.028,14.803,15.249,14.652,15.359,16.069,14.575,14.226,13.584,11.979,10.633,8.065,13.251,15.404,15.973,16.388,16.413,16.043,16.069,16.582,16.708,17.722,17.307,17.014,17.635,15.762,15.602,15.539,14.916,14.537,15.13,15.709,16.783,15.895,16.311,16.783,16.916,17.595,18.088,17.014,16.104,14.039,5.5162,5.9777,8.2701,8.9976,9.6993,11.146,10.094,10.461,8.601,8.7936,6.6832,7.3401,6.3622,5.6165,5.715,6.5354,7.3401,7.0491,7.1864,8.5195,9.0902,9.7424,11.43,11.696,12.071,13.335,14.266,13.959,13.124,11.696
15.695,17.883,19.288,19.062,18.863,18.223,17.567,17.384,16.544,16.391,15.362,15.408,16.099,15.133,14.807,15.326,15.326,14.579,14.797,14.948,14.882,15.022,15.408,15.863,15.041,13.72,13.474,12.201,9.7447,8.5378,13.085,15.253,16.047,15.854,16.391,16.073,16.459,16.51,16.417,17.567,16.985,17.255,17.472,16.108,15.216,15.898,14.434,13.872,14.957,15.408,15.854,15.995,16.459,16.985,17.255,17.726,17.976,17.448,16.417,13.338,5.2848,6.951,9.0306,9.4093,10.041,10.423,9.9292,10.027,8.7956,7.5667,7.6218,6.3856,5.8372,5.2848,6.1631,6.0256,6.7678,7.4738,8.2551,8.4557,9.7447,9.5273,10.895,11.674,11.981,12.858,13.962,13.962,13.751,12.326
15.853,17.967,19.031,19.148,18.198,18.16,17.566,16.984,16.279,15.551,14.956,15.765,15.141,15.252,14.616,15.361,14.578,14.307,15.434,14.356,14.683,14.539,15.132,15.862,14.356,14.692,14.179,12.154,10.165,8.6023,13.535,15.132,16.458,16.593,16.407,16.313,16.543,16.551,17.31,16.918,16.711,17.566,16.918,16.91,14.918,15.361,15.215,14.179,15.542,15.242,15.542,15.835,16.711,17.566,16.794,17.724,18.683,17.213,16.279,14.041,5.2844,7.0502,8.6023,9.8295,10.206,10.26,10.463,9.7439,9.2439,8.7152,7.3413,6.4287,6.3632,5.3107,5.517,6.89,7.0502,7.3413,8.0835,8.2544,9.0454,9.0916,10.621,12.325,11.541,12.37,15.021,14.1,13.211,12.2
15.543,18.246,18.497,18.061,18.223,18.322,18.246,16.919,16.944,16.108,15.408,15.115,15.031,15.543,14.807,15.031,15.244,14.511,15.244,15.133,14.807,14.741,14.684,15.216,15.389,14.693,13.307,12.292,10.261,8.3559,13.212,15.253,16.073,16.073,16.073,16.391,16.073,17.059,17.726,17.384,17.968,17.384,16.323,17.059,15.543,16.168,15.686,14.376,15.133,14.891,15.766,16.134,15.766,16.862,16.919,17.726,18.223,17.512,16.28,14.425,4.7856,7.0903,8.6677,10.261,9.9292,10.261,10.261,9.3497,9.5272,7.8564,6.8905,6.4509,6.5369,5.8372,5.6178,6.4292,6.8702,7.8029,7.6947,8.5214,7.9271,10.463,10.041,11.211,12.166,12.793,13.546,14.102,13.084,12.337
15.551,17.566,18.344,18.221,18.884,18.075,17.47,16.458,15.993,15.542,15.03,14.956,15.132,14.51,14.423,15.021,14.806,14.946,15.334,14.219,15.47,14.51,15.388,15.897,15.242,14.307,14.179,12.165,10.26,8.2205,13.379,15.712,16.458,17.115,15.862,15.897,16.39,17.017,17.213,17.59,17.826,18.183,16.517,16.509,15.361,15.542,15.361,14.881,15.406,14.616,15.542,15.765,16.132,17.43,16.794,17.502,18.563,17.756,16.313,13.951,5.2844,7.0897,9.0915,9.643,10.206,10.7,10.04,10.569,9.2287,8.5208,7.6941,6.7259,5.8128,5.6173,5.7159,6.5364,6.89,7.4732,7.5105,7.9441,8.2205,9.5265,10.462,11.638,11.733,13.051,14.616,14.578,14.041,12.165
17.045,19.87,20.485,20.686,19.937,20.17,19.415,18.949,18.254,17.477,16.407,17.316,16.48,16.219,16.21,17.037,17.193,16.536,16.48,16.177,16.657,16.536,16.48,16.219,16.8,15.802,14.871,13.229,11.15,9.1379,14.987,17.477,17.788,18.436,17.929,18.085,17.929,18.107,19.006,20.203,19.388,19.654,19.388,18.341,18.041,16.633,16.601,16.816,16.56,17.262,17.324,17.629,18.305,18.479,19.166,19.634,20.144,19.215,17.362,15.409,5.7747,8.0349,9.3114,10.648,11.71,11.042,11.549,10.859,10.458,9.7042,8.0845,6.7935,6.6145,6.2195,5.889,8.0349,7.8161,8.1666,9.0203,9.7042,10.174,10.291,12.014,12.091,13.429,15.709,15.632,15.743,15.844,14.286
15.453,17.588,18.221,18.458,18.996,17.903,17.226,16.731,16.299,15.855,15.234,15.234,14.701,14.009,14.246,14.058,14.739,14.441,14.758,14.088,15.489,14.295,15.38,15.453,14.965,14.441,13.726,12.272,10.164,8.0067,13.654,15.353,16.436,16.572,15.917,15.917,16.342,16.428,16.731,17.532,16.84,16.939,16.873,16.706,15.669,15.344,14.852,14.701,15.234,15.234,15.426,15.426,16.84,17.005,16.873,17.492,18.336,17.226,16.334,13.797,5.211,6.9592,8.2647,10.395,10.039,10.164,10.108,9.0102,9.0566,8.3657,6.6926,5.844,6.3711,6.4367,6.4367,7.1965,6.8782,7.5755,7.812,8.613,8.979,9.5384,11.161,11.556,12.341,14.118,14.984,14.325,13.726,11.748
15.393,18.036,18.391,18.597,18.566,17.895,17.657,16.983,16.649,15.958,15.013,15.611,14.749,14.411,14.948,15.273,14.948,14.283,14.976,14.489,14.976,14.283,14.489,14.938,14.566,13.802,13.102,11.862,10.609,8.8287,13.833,15.301,16.376,16.859,16.572,15.949,16.238,16.581,17.401,17.634,17.082,17.271,16.479,15.447,15.611,15.384,14.853,14.749,14.796,15.2,15.772,15.958,16.134,16.615,16.859,17.562,17.497,17.271,15.611,13.924,4.8907,7.1367,8.3874,10.3,11.253,10.728,10.462,9.0646,8.0798,8.2351,6.9164,5.8351,6.4752,6.0483,5.8592,7.3695,7.2151,7.117,8.0798,9.3999,10.462,9.9099,11.352,12.304,12.212,13.262,14.595,14.749,14.479,12.841
16.12,18.276,18.754,18.513,18.276,18.13,17.093,16.903,15.901,15.371,15.407,14.66,14.85,14.622,14.083,14.935,14.272,14.003,15.178,14.85,14.033,14.321,14.841,15.407,14.784,14.418,13.513,12.087,10.291,7.8795,13.943,14.963,16.559,17.035,16.181,16.44,16.371,16.761,16.845,16.845,17.935,17.305,16.761,16.593,15.48,15.38,15.01,15.38,15.371,14.879,15.48,16.042,16.559,16.994,17.24,17.093,17.817,17.093,15.901,14.272,5.8544,7.9505,8.8215,10.653,10.914,11.181,10.811,9.7733,9.0727,9.0261,6.9108,7.1308,6.3824,6.4044,6.3824,6.9715,7.5332,7.4958,8.3805,8.7415,9.2718,10.057,11.637,12.994,12.831,13.261,14.554,14.698,14.321,11.911
15.81,17.768,18.752,19.342,18.541,18.112,17.815,16.843,15.757,15.943,14.696,15.083,14.552,14.552,14.417,15.176,14.725,14.581,14.696,15.259,14.696,15.083,15.406,14.924,14.735,14.319,14.002,12.327,10.083,8.0896,13.941,15.451,16.759,16.437,16.153,16.506,16.868,16.437,17.238,17.497,16.901,17.521,16.901,16.214,15.81,15.157,14.924,15.008,14.99,15.157,15.296,15.406,16.144,16.437,16.633,17.303,18.397,17.617,15.694,13.991,5.3261,7.6433,9.0094,9.7721,10.29,10.926,10.665,9.7433,9.5541,8.7725,7.3816,7.4948,6.7454,6.4473,6.4473,7.5322,7.4384,7.6433,7.8785,8.5619,9.9571,9.9006,11.909,11.575,12.818,13.584,14.581,13.991,13.941,12.417
15.448,18.023,18.868,19.259,18.726,17.55,17.26,16.756,16.037,15.584,15.071,14.732,15.692,14.846,14.267,14.139,13.999,14.267,14.931,14.579,15.173,14.218,15.08,15.284,14.346,14.846,13.989,11.705,10.911,8.4945,13.247,15.448,16.176,17.03,16.22,16.115,16.756,16.731,16.63,17.875,17.088,17.26,17.55,15.94,14.846,15.692,14.55,14.267,14.218,15.256,15.879,15.448,16.931,16.63,17.3,17.875,18.363,16.731,16.254,13.509,6.7024,7.8771,9.2538,10.65,10.924,11.729,11.064,11.026,9.5964,8.6906,6.9087,6.9087,6.7024,6.9694,6.6393,6.9694,7.8235,7.8771,8.5604,8.544,9.7704,10.729,10.924,11.848,12.404,13.247,15.476,13.939,14.079,12.37
15.506,17.702,18.786,18.5,18.117,17.487,17.244,16.957,16.109,15.925,15.056,14.457,14.99,15.074,14.868,14.311,14.84,14.981,15.369,14.726,14.981,15.056,14.915,15,14.389,13.993,13.504,12.365,10.284,8.0152,13.617,15.748,16.317,17.293,16.351,16.248,16.428,16.351,17.422,17.293,17.607,17.805,16.833,16.632,16.248,15.872,15.167,15.287,15.578,14.868,15.397,15.506,15.89,17.35,16.749,17.607,18.356,17.081,15.65,13.781,6.1768,8.3746,9.0198,10.906,10.906,11.701,11.335,10.593,9.7376,8.4911,7.5279,7.4905,6.6997,6.7829,6.6997,7.3773,7.6388,8.5405,8.2395,8.4911,9.1126,10.05,11.135,12.101,12.634,13.617,14.311,14.34,13.504,11.701
15.293,17.259,19.141,18.779,18.606,17.812,17.251,16.964,15.975,15.808,14.921,14.987,14.921,14.732,14.463,14.921,14.218,14.579,14.694,14.267,14.959,14.472,15.08,15.448,14.874,14.414,13.777,11.765,9.9976,8.4779,13.342,15.656,16.964,17.03,16.46,16.596,16.63,16.452,17.3,17.259,17.55,17.812,16.588,16.254,15.006,15.512,15.155,14.655,14.996,14.579,15.173,15.448,16.435,17.429,16.588,17.478,18,17.162,17.121,13.939,6.4461,8.5439,9.9976,11.14,10.663,11.633,11.327,10.597,9.5524,8.2428,7.4371,7.6419,6.7024,6.7024,6.6393,7.207,7.109,8.5603,8.7709,8.7709,9.7703,9.9976,10.924,11.633,11.729,13.582,13.989,13.342,14.267,12.233
15.475,17.991,18.507,18.393,18.27,17.764,17.087,16.637,16.149,15.895,14.616,14.921,14.731,15.402,14.462,15.07,14.655,14.873,14.616,14.873,15.154,14.655,14.93,14.93,14.873,14.413,13.988,12.198,10.437,8.018,13.373,15.402,16.434,16.219,16.459,16.755,16.21,17.087,18.108,18.022,17.771,17.477,16.629,16.73,15.172,15.283,15.292,14.266,14.921,15.283,15.691,15.727,16.322,17.062,16.629,17.25,17.983,17.356,15.807,13.404,5.5317,8.494,9.4781,10.288,10.715,11.139,10.91,10.123,9.3739,8.494,7.5305,6.888,6.7853,6.0411,5.9238,7.8767,8.018,8.2424,7.9653,9.0229,9.5519,10.123,10.65,12.198,13.108,12.903,14.731,14.549,14.266,12.403
15.722,17.48,17.806,17.544,20.57,18.041,14.302,15.891,17.512,16.11,15.9,14.233,12.724,13.864,14.263,14.263,13.083,15.579,14.213,13.752,14.263,14.075,15.443,15.749,14.458,14.233,14.025,12.321,9.7673,8.5576,13.029,16.429,15.891,16.249,16.446,15.642,16.582,16.352,18.6,18.018,18.103,17.058,17.536,16.751,15.398,15.507,15.722,14.775,15.642,15.651,15.288,16.455,15.168,16.455,17.156,17.767,18.018,17.246,15.803,14.651,6.0396,7.0671,10.594,9.8957,9.9522,11.022,11.237,9.7673,11.136,9.0205,8.5412,7.5285,8.5412,6.2,5.297,8.2232,6.3564,9.8957,9.3864,10.12,9.0205,10.488,11.702,12.757,10.594,14.41,14.574,16.11,13.484,12.468
15.284,17.604,17.347,19.429,17.054,15.967,17.242,15.967,17.604,16.202,15.275,14.647,15.44,16.08,13.749,14.308,17.604,13.481,14.838,14.23,14.299,14.249,15.44,15.575,16.629,12.588,12.929,12.18,9.7217,8.4898,13.08,15.394,17.078,14.922,16.587,15.896,15.745,17.54,18.421,19.537,17.763,17.484,16.494,15.887,16.587,15.165,14.686,14.771,13.981,15.358,16.494,15.896,15.575,16.722,16.451,18.656,18.723,17.152,16.245,14.021,6.6356,6.6356,9.2486,10.512,12.099,12.076,10.592,10.71,10.866,10.283,8.2892,6.0381,3.7447,5.2958,6.1759,8.101,6.8845,7.7107,6.1759,10.552,9.9498,11.222,11.842,9.2486,12.929,13.282,14.249,15.683,14.464,11.758
15.147,17.533,18.536,18.262,18.239,17.243,17.372,16.452,16.494,15.897,15.054,14.914,14.724,15.063,14.715,15.165,15.147,14.914,14.648,14.309,14.61,13.81,14.724,14.407,15.248,13.502,13.616,11.567,10.118,8.6213,13.112,15.422,16.203,16.494,16.203,16.358,17.096,16.579,17.112,17.921,18.239,17.755,16.898,15.932,16.107,15.888,14.979,15.054,14.867,14.648,15.44,14.998,15.923,16.545,16.831,18.006,18.528,17.485,15.719,13.78,6.1762,7.4333,8.8777,10.867,10.802,11.723,10.592,10.592,9.7366,9.0653,7.8731,6.8848,7.2034,7.3765,6.3772,7.4897,7.9617,8.6213,8.5396,9.4293,9.6643,10.283,11.759,12.007,12.754,14.542,15.248,15.063,14.102,13.861
15.163,17.288,18.236,18.128,18.035,17.602,16.82,16.423,16.92,15.392,15.07,14.684,14.404,14.684,15.144,14.911,14.836,14.453,14.54,14.77,14.453,14.07,14.258,15.172,14.336,14.404,13.28,11.757,10.185,8.4888,13.238,15.744,16.585,16.243,16.009,15.965,16.953,16.449,17.602,18.003,17.288,17.602,16.543,16.551,15.868,15.573,15.163,14.751,15.163,15.163,15.42,15.868,16.078,17.53,16.619,17.466,18.381,17.24,15.744,14.02,6.6348,8.8129,9.5899,10.916,11.018,11.697,11.455,10.55,9.9487,9.2476,7.3753,6.1978,6.7811,8.013,7.8718,7.3562,8.733,8.0827,8.1,9.1101,10.075,10.511,10.643,12.075,13.099,14.949,15.274,14.864,15.438,12.884
15.442,18.079,17.805,18.009,18.225,17.607,17.293,16.135,15.748,16.135,15.25,15.167,14.262,14.262,14.611,14.301,14.65,14.868,14.65,14.389,15.056,14.024,14.544,14.573,14.573,13.903,13.863,11.409,9.7378,8.2226,13.504,15.397,15.934,15.934,16.632,16.428,16.144,16.958,17.607,18.546,17.607,17.511,16.891,16.42,15.872,15.167,15.25,14.925,14.774,14.544,16.205,15.578,15.969,16.547,16.833,17.543,18.478,17.607,15.89,13.863,5.9218,8.3748,9.2502,11.223,11.665,11.844,10.725,10.919,10.05,8.0676,7.5837,7.0666,6.378,6.906,6.1996,7.3584,8.0153,8.6872,7.9626,9.3707,9.6655,10.593,11.76,12.822,12.723,14.726,15.578,15.167,15.056,12.756
15.436,17.343,18.033,18.523,18.009,18.11,16.743,16.625,15.795,15.5,14.403,14.538,14.538,15.059,14.538,15.143,14.538,14.538,14.644,14.403,14.538,14.538,14.768,15.161,14.207,13.806,13.664,12.315,10.115,8.5372,13.236,15.644,15.963,16.49,16.625,16.447,16.31,16.743,17.464,17.624,17.464,17.798,17.238,16.164,15.281,15.635,14.91,14.682,14.461,15.418,16.007,15.795,16.625,16.718,17.48,17.6,18.417,16.951,16.103,13.978,6.3755,8.2193,9.7626,10.115,10.915,10.915,10.902,10.402,9.7626,9.1398,7.6359,7.2013,7.2013,7.1231,6.8829,7.3744,7.8173,9.2465,8.3714,9.0007,10.115,10.602,11.66,12.223,13.478,14.538,16.575,15.436,14.334,13.363
15.802,17.246,18.265,18.118,18.041,17.703,17.608,15.891,15.588,15.891,14.39,14.651,15.361,14.651,14.213,15.251,14.468,14.409,14.926,14.916,14.991,14.134,14.213,14.756,14.262,14.409,13.337,11.844,9.8529,8.291,13.67,15.398,16.582,16.11,16.318,16.455,16.446,16.624,17.472,17.544,17.759,17.544,16.75,16.624,15.361,14.916,15.15,15.168,15.177,14.468,15.288,15.722,16.206,17.189,16.834,17.294,18.017,17.246,16.11,14.134,5.705,8.5411,10.285,11.136,11.237,10.487,10.607,10.594,9.7671,8.2741,7.9631,7.5284,5.705,6.1999,6.0394,7.2046,8.0681,8.291,8.2231,8.8159,9.0204,10.487,12.194,13.115,13.782,14.253,15.935,15.579,15.361,13.4
15.366,16.829,18.534,18.655,18.474,17.762,17.249,16.166,15.502,15.466,14.454,14.308,15.502,14.405,13.99,14.07,13.738,14.07,14.751,14.464,14.259,14.209,15.284,15.393,14.337,14.454,13.99,11.662,9.9493,8.0135,13.281,15.274,17.29,17.02,16.106,16.106,16.887,16.628,17.184,17.241,17.077,17.249,17.29,16.586,15.466,15.393,14.308,14.541,15.574,14.259,15.393,15.574,16.577,18.113,17.184,18.036,18.857,17.249,16.721,14.07,6.6983,9.3687,10.227,10.709,11.258,11.565,10.917,9.7212,9.7644,8.8134,6.5501,6.9045,5.9205,7.4889,6.9045,6.6983,7.1046,7.8723,8.5551,9.2633,9.3836,10.282,11.565,13.27,14.259,14.647,15.393,15.682,14.912,12.731
15.384,17.31,18.011,17.885,17.775,17.719,16.999,16.512,15.701,15.191,14.422,14.702,14.769,13.59,13.876,14.422,14.147,14.007,14.587,14.087,14.939,14.037,14.664,14.471,14.226,13.825,13.35,11.914,10.129,8.5489,12.823,15.293,16.47,15.905,16.766,16.766,16.849,17.073,17.488,18.096,17.04,16.874,17.504,15.763,15.593,15.191,15.182,14.731,14.788,15.457,15.817,15.593,16.125,16.908,16.974,17.648,18.034,17.568,15.914,13.795,6.2056,8.6307,9.7472,11.146,11.914,11.383,10.722,9.7472,10.129,8.6956,8.2306,6.4717,6.3842,7.2112,7.1131,7.7195,8.0755,7.8817,8.776,8.744,9.4842,10.059,11.628,12.823,13.517,14.246,14.93,15.817,14.422,13.795
15.182,17.568,17.823,18.282,18.151,17.995,16.999,16.333,15.701,16.029,14.147,14.117,14.93,14.741,13.631,14.559,14.038,14.117,14.559,14.325,14.403,13.876,14.845,14.664,14.276,14.087,13.579,11.445,9.9048,7.8818,13.59,15.602,16.16,16.099,16.151,16.367,16.766,16.841,17.624,17.367,17.367,17.205,16.221,16.47,15.293,15.521,15.412,14.883,14.996,14.325,15.071,14.996,15.906,17.04,16.513,17.568,18.549,17.311,15.915,14.007,6.9128,8.5655,10.129,10.722,10.736,11.347,11.147,10.93,9.2594,8.6309,8.4996,7.8818,5.9277,6.4063,7.133,8.4996,8.2818,8.6309,8.8241,9.9048,10.444,10.564,11.628,12.747,13.548,14.354,15.071,15.265,14.403,12.813
16.219,18.984,20.186,19.738,19.53,19.388,18.213,18.782,18.213,17.072,15.574,16.3,15.599,15.574,15.506,16.3,15.933,15.574,15.842,16.097,15.908,16.3,16.097,15.429,15.395,15.691,14.149,12.688,10.461,9.2463,14.223,17.119,17.544,17.914,18.35,18.328,17.782,18.213,19.388,20.166,18.873,18.984,18.5,18.213,18.039,17.142,16.995,16.356,17.119,16.54,17.049,17.355,17.685,18.213,19.204,19.53,19.497,19.28,17.506,15.624,7.3435,10.385,11.696,11.388,12.667,13.762,12.975,11.26,11.202,10.322,8.9572,8.3493,7.6247,8.5976,7.2534,8.7342,8.7793,9.4154,10.783,10.574,11.526,12.352,13.076,13.858,15.249,15.933,16.933,16.572,16.105,14.687
15.728,18.089,18.551,17.727,18.042,17.727,17.235,16.879,16.153,14.956,14.032,14.613,14.757,14.69,13.706,14.584,14.35,13.971,14.35,14.379,15.041,13.819,15.041,15.022,14.497,13.778,13.278,11.49,9.5747,8.1071,13.436,15.041,16.249,16.179,16.404,16.249,16.669,16.77,17.535,17.814,17.751,17.599,17.103,16.074,15.329,15.62,14.584,14.35,14.428,15.402,15.439,15.791,16.013,16.904,17.004,17.341,18.551,17.806,16.541,14.301,6.8015,8.0896,10.675,11.876,12.388,11.697,12.399,10.741,10.475,9.1684,7.6598,7.4545,7.5485,6.5695,7.4545,7.8955,8.5144,8.6459,9.0912,9.5747,11.09,10.688,12.111,13.572,14.062,13.941,16.074,14.994,15.402,13.117
14.866,17.532,18.384,17.982,18.099,17.484,17.079,16.107,15.44,15.146,14.648,14.714,14.26,14.101,14.387,14.648,14.309,14.648,14.455,14.542,14.26,14.21,14.465,14.648,14.609,14.131,12.588,11.663,9.4735,8.0838,13.282,15.719,16.168,16.426,15.888,15.799,17.079,16.922,17.315,17.291,18.115,17.794,16.107,16.629,16.107,15.422,15.638,14.913,15.638,14.26,15.174,15.576,16.107,16.922,16.747,17.484,18.543,17.763,16.011,14.21,7.2031,8.9873,10.723,11.759,11.457,11.842,11.432,10.866,9.5472,9.3693,7.9614,7.5268,7.9614,7.2031,6.4644,8.4899,9.0185,8.4899,9.0185,9.5472,10.512,10.605,11.334,13.408,13.026,13.739,15.367,14.988,14.714,13.502
15.465,17.274,18.821,18.165,18.165,17.533,16.936,16.54,15.932,15.021,15.096,14.427,15.039,14.87,13.54,14.299,14.02,13.612,14.505,13.612,14.964,13.787,14.756,15.105,13.899,14.061,13.94,11.695,10.311,8.2614,13.319,15.318,16.599,16.667,16.291,16.667,16.877,16.667,17.339,17.653,17.339,17.298,17.363,15.79,14.349,15.401,14.908,14.349,15.105,15.217,16.291,15.914,16.178,16.625,16.969,17.677,18.655,17.42,16.178,13.705,7.1447,9.4999,10.635,11.489,12.261,12.623,11.792,11.152,10.146,9.0437,7.8948,8.0364,7.3969,7.3778,7.7324,8.8387,8.1237,9.749,9.0748,10.076,10.474,11.253,11.934,13.138,12.845,14.505,15.727,15.401,15.114,13.191
15.615,18.176,18.407,18.522,18.703,17.681,17.122,16.663,15.786,15.433,14.989,14.79,15.203,13.936,13.967,14.443,14.057,13.567,13.936,13.773,14.501,13.936,15.615,14.875,14.345,13.804,13.967,11.048,9.2874,8.0868,13.442,15.11,16.148,16.356,16.663,16.621,16.484,16.94,17.196,18.161,16.998,17.269,17.553,16.182,16.287,14.96,14.443,14.491,14.608,15.287,16.39,15.203,16.467,16.865,18.028,17.681,18.771,17.359,16.587,13.936,7.4519,8.8364,10.309,11.788,12.13,12.223,11.149,11.362,10.309,8.3947,7.7304,7.2214,7.4519,7.8928,7.3759,8.1216,8.5609,9.0725,9.7465,9.2722,10.619,10.431,12.665,13.609,13.316,14.137,15.406,15.213,15.185,12.929
15.523,17.489,18.23,18.161,17.945,17.232,16.964,16.69,15.63,14.788,14.493,14.788,14.29,14.202,13.854,14.162,14.863,14.406,13.854,13.934,14.024,13.692,14.863,14.788,14.26,13.621,13.036,11.196,9.515,8.4448,13.227,15.343,15.957,15.878,16.69,16.565,16.531,17.481,17.037,18.199,17.037,17.021,16.898,16.294,16.438,14.778,14.947,14.406,14.054,15.37,15.586,15.197,16.37,16.078,17.473,17.545,18.053,16.923,16.052,13.206,7.1788,8.8475,10.084,11.394,13.195,11.966,11.096,10.45,10.152,9.7321,7.917,7.3324,7.3514,7.3514,7.917,8.1936,8.9726,8.7366,8.7366,9.7035,11.021,11.134,11.719,12.151,13.195,13.934,14.938,15.315,15.123,13.195
15.41,17.096,18.241,17.938,17.438,17.558,16.939,16.365,15.948,15.263,14.006,14.036,15.069,14.853,14.479,14.225,14.274,13.824,14.036,14.739,14.323,14.624,14.323,14.624,13.945,13.547,13.783,11.246,9.7749,8.0222,12.909,14.928,15.762,15.939,16.227,16.044,16.872,16.972,17.622,17.694,17.071,17.781,16.839,15.948,15.912,15.069,14.145,13.996,13.996,15.078,15.744,15.41,15.483,16.646,16.914,17.259,18.055,17.502,16.374,13.264,6.9119,9.012,11.183,11.675,12.089,11.578,11.639,10.929,9.96,8.743,7.8808,6.9119,6.7055,7.3647,7.5902,8.2977,9.2581,9.2581,9.4385,10.086,11.031,10.929,12.33,12.745,12.811,14.586,14.729,15.41,14.853,13.295
17.362,20.093,20.234,20.454,20.012,19.331,18.935,18.147,17.44,16.752,16.134,15.847,16.059,15.649,15.519,16.26,16.201,16.16,16.334,15.684,16.334,15.744,16.201,16.646,16.025,15.166,14.51,12.506,10.533,9.2032,14.603,17.229,18.035,17.755,18.028,17.694,18.028,18.734,19.877,19.254,18.763,19.254,18.45,17.717,16.45,16.597,16.425,15.606,16.679,16.589,16.936,17.174,17.793,18.472,18.676,19.985,20.294,19.478,18.611,15.727,8.0756,9.9383,12.177,12.144,13.242,13.17,12.848,12.365,11.205,9.3779,8.8433,8.3879,8.5318,8.9799,8.8586,8.828,10.417,10.404,10.52,10.974,11.515,11.885,13.334,14.491,14.978,16.597,17.237,18.117,17.221,14.787
17.102,19.9,20.148,20.28,19.417,19.664,18.658,18.112,17.618,16.243,15.639,15.868,16.529,16.431,15.733,16.358,15.432,15.275,16.235,16.529,15.733,16.202,16.505,15.935,15.733,14.813,15.223,12.458,11.167,8.7786,15.037,16.561,17.994,18.164,17.35,17.679,18.347,18.744,19.076,18.651,18.737,19.076,18.105,18.42,16.944,17.141,16.094,16.169,16.682,16.44,15.935,16.968,18.134,20.121,18.651,19.752,20.795,19.083,18.068,15.432,8.6712,10.764,11.998,13.419,12.723,13.299,13.489,11.67,11.191,10.163,9.034,8.809,7.9129,9.2534,8.7786,10.912,10.044,10.474,10.801,12.208,12.458,13.188,14.119,14.795,14.713,15.518,18.134,17.694,17.015,15.037
15.334,17.416,18.059,18.167,18.403,17.795,16.831,16.25,15.515,15.004,14.204,14.204,14.628,14.695,14.78,13.806,13.715,13.806,14.253,13.806,14.282,13.806,14.253,14.552,13.877,13.449,13.029,11.617,9.6838,7.9827,13.029,15.334,16.429,16.823,16.139,15.657,15.965,16.564,17.012,16.889,17.012,17.223,16.913,16.412,15.586,15.684,14.657,14.398,15.334,14.243,14.995,15.622,15.948,17.28,17.118,17.535,18.312,17.795,16.361,13.877,7.0969,9.2126,10.009,12.315,11.277,11.796,11.363,10.511,9.4364,9.0141,8.5222,7.7886,6.8779,8.0521,7.9127,8.4567,9.3326,9.5098,9.3921,10.759,10.862,11.677,12.539,13.029,13.927,14.714,14.995,15.904,15.106,13.877
15.699,17.606,17.598,17.861,18.19,17.347,17.135,16.802,16.497,15.949,15.122,14.763,14.306,14.763,14.915,14.696,14.887,13.906,14.356,13.947,13.825,13.283,14.696,14.734,14.037,13.294,12.971,11.17,9.0948,8.4009,12.774,15.472,15.445,15.984,15.491,15.69,16.299,16.877,17.011,17.686,17.821,17.429,15.636,15.627,16.063,15.851,15.326,15.112,15.196,14.385,15.408,15.408,15.797,16.548,17.11,17.662,17.979,17.429,15.636,14.696,7.4575,9.7538,10.546,11.797,11.445,12.971,11.271,10.953,10.109,9.4599,8.5177,7.1482,7.0887,8.3165,8.2654,8.5177,9.0481,10.151,9.7971,10.151,10.758,11.271,12.232,13.546,13.906,14.502,15.224,15.949,14.962,14.148
17.259,19.266,20.611,20.275,19.981,19.273,18.899,18.611,17.126,17.414,16.59,15.816,16.253,16.418,16.22,15.791,15.696,15.994,15.85,16.262,16.036,15.994,16.036,16.228,15.489,15.653,15.332,12.11,10.915,8.5154,14.257,17.259,17.865,18.172,17.683,17.774,18.023,18.201,19.105,19.729,19.105,19.238,18.813,17.925,17.007,18.172,16.647,16.904,16.743,16.848,16.76,16.975,17.88,18.553,19.041,19.981,20.401,19.879,18.356,15.576,8.4519,10.804,12.076,13.073,13.298,13.479,13.237,11.493,10.703,10.345,8.2092,8.3233,8.2092,8.8263,9.3599,8.5154,10.081,10.24,10.703,11.184,12.11,13.237,14.028,15.653,15.411,17.414,18.82,17.568,17.165,14.849
15.341,17.533,18.452,18.329,18.166,17.549,17.084,16.166,15.946,14.663,14.362,14.663,14.893,14.663,14.033,14.807,14.625,13.552,13.952,14.978,14.312,13.718,15.034,15.053,13.861,13.074,13.416,11.742,9.5826,8.1311,13.384,15.006,16.271,16.555,15.524,15.858,15.955,16.14,16.64,17.158,17.597,17.175,16.409,16.682,15.053,15.497,14.779,14.508,15.044,14.968,14.978,15.633,16.409,17.314,16.682,17.216,18.057,17.158,16.504,13.952,7.5172,9.1451,10.958,11.706,11.061,12.443,11.263,10.763,9.2831,8.718,8.2518,8.32,7.1314,6.5749,7.6661,8.2518,8.4045,9.5086,9.7724,9.2983,10.443,11.499,12.511,14.043,13.447,14.625,16.691,16.088,15.497,14.073
16.97,19.381,20.453,20.085,19.489,18.94,18.603,18.489,16.926,16.321,15.921,15.952,15.733,16.099,15.252,15.454,16.222,15.518,15.349,15.606,15.89,15.574,15.598,16.495,15.47,15.063,13.781,11.812,11.029,8.485,14.268,16.86,17.693,17.616,17.965,18.137,18.321,18.273,18.782,18.835,19.097,18.723,18.381,17.503,16.712,17.353,15.921,16.068,16.45,16.291,16.948,17.006,18.496,18.96,18.756,19.457,20.724,19.893,18.061,15.518,8.7159,10.558,12.041,12.955,13.709,12.955,12.993,11.471,10.663,10.089,8.5287,8.5723,7.6055,8.3523,8.9686,9.6229,9.9651,10.077,11.197,11.296,12.456,11.664,13.407,14.755,15.638,16.495,18.28,17.826,17.496,15.154
14.605,16.859,17.312,17.835,17.319,17.312,16.41,15.534,15.84,14.614,14.179,14.623,14.495,13.749,13.632,14.467,14.245,13.515,14.047,13.554,13.855,13.425,14.207,14.319,13.235,13.063,12.606,10.856,9.9325,7.7455,12.909,15.081,15.525,15.806,15.798,15.806,16.016,16.082,16.14,17.188,16.82,16.41,16.165,15.195,15.5,14.786,14.403,14.245,15.01,15.054,14.867,15.679,15.907,16.556,16.812,17.048,17.984,16.914,16.206,13.98,7.4471,9.9726,10.893,12.055,12.055,12.044,11.43,11.087,9.4228,8.7934,7.814,6.2392,7.3389,7.2475,7.6763,7.3025,8.2779,9.4792,9.7973,9.7973,11.465,10.856,12.5,12.659,13.749,15.292,16.082,15.525,15.054,12.393
14.478,16.422,17.69,17.554,17.332,16.926,16.543,15.511,15.047,15.622,14.104,13.961,13.435,14.292,14.104,13.285,13.913,13.788,13.335,14.104,13.961,13.524,14.634,14.104,13.204,13.435,12.668,10.602,9.3155,7.6817,12.445,14.914,15.851,15.622,15.716,15.817,15.809,16.34,16.422,17.115,17.324,16.871,15.741,15.851,14.634,14.797,14.56,14.588,14.551,14.367,14.994,14.985,15.639,16.64,16.226,17.208,18.115,17.06,15.952,13.961,7.6294,8.7844,10.463,12.019,11.473,11.715,10.864,10.257,9.8315,8.4118,8.2838,7.6294,6.9327,7.2527,6.7175,8.5534,8.845,9.528,9.3011,9.6117,10.653,11.795,12.762,13.642,14.217,15.259,16.226,14.985,15.197,13.904
14.747,16.531,17.779,17.139,17.621,17.294,16.182,16.182,15.225,14.881,14.656,13.931,14.446,14.261,13.959,13.495,13.445,13.306,13.883,13.612,14.298,13.883,14.158,14.261,14.326,13.216,12.396,10.629,9.2951,7.4361,12.921,14.583,15.33,16.058,15.883,15.605,15.681,16.058,17.023,16.644,17.332,16.834,15.774,15.715,15.032,15.164,14.335,14.446,14.446,14.186,14.519,15.059,16.017,17.17,17.139,17.232,18.59,16.787,16.009,13.931,7.2917,9.9178,10.617,12.385,11.757,12.256,11.587,10.427,9.5907,9.2808,8.3138,7.3823,6.2086,8.3138,8.4565,8.7652,9.18,9.6322,10.766,10.729,11.355,11.757,12.136,13.835,15.015,14.988,16.009,15.783,15.032,13.612
14.659,16.702,17.142,17.166,17.088,17.503,16.534,15.684,15.479,15.061,14.16,14.595,14.028,14.301,14.226,14.522,14.028,14.16,14.16,13.76,13.624,13.536,13.624,13.885,14.449,12.377,12.484,10.631,9.5089,8.3312,12.737,14.449,15.591,15.659,15.92,15.237,15.928,16.51,16.892,16.702,17.026,17.088,16.045,15.479,15.514,14.595,14.076,14.604,14.586,14.776,15.514,15.514,15.479,16.646,16.734,17.142,17.812,16.734,15.479,13.624,7.5086,9.7845,12.039,12.039,12.684,11.995,11.906,11.771,9.7845,8.7667,7.6663,6.7828,7.293,7.6663,8.2671,8.8723,8.3948,9.9195,9.4809,10.768,11.589,11.961,13.148,13.933,14.604,15.035,15.307,15.92,14.668,13.408
15.306,16.63,18.056,17.879,16.963,16.963,16.892,15.384,15.167,14.883,13.885,14.028,14.776,14.188,13.447,13.876,13.962,13.876,14.522,13.876,13.962,13.614,14.009,14.16,13.702,13.258,13.127,10.768,9.5087,7.5084,12.809,14.677,16.51,17.173,15.505,15.384,16.534,16.11,16.061,16.11,16.574,16.837,16.534,15.684,14.558,14.365,14.075,14.263,15.47,14.476,14.955,14.955,16.11,17.049,16.044,17.088,18.042,17.072,16.061,13.408,8.0717,10.314,11.771,12.589,11.861,12.301,12.258,10.842,9.7844,8.3151,6.8801,6.604,7.2379,8.3151,8.1537,8.7818,9.4807,9.2966,10.631,9.6337,11.156,11.634,12.684,13.885,13.447,14.522,16.11,15.819,15.272,13.218
14.536,17.094,17.171,17.295,16.803,17.341,16.483,15.933,15.824,15.04,14.536,13.89,14.033,14.014,14.09,14.09,14.682,14.333,13.765,14.165,13.501,13.541,14.014,13.619,13.658,13.152,12.032,10.882,9.2998,7.7379,12.562,15.022,15.338,16,15.892,15.689,15.689,15.484,16.795,17.148,17.031,16.394,15.749,15.715,15.51,15.476,14.268,14.563,14.781,13.89,14.996,14.969,15.39,16.289,17.645,17.148,17.877,17.218,15.689,13.938,7.7379,10.016,11.326,11.965,12.594,12.142,11.763,10.943,10.445,9.4136,8.0249,8.318,7.386,8.3976,8.0083,8.8151,8.7697,9.3427,9.9094,10.33,11.454,11.763,12.689,13.223,14.08,14.527,15.791,15.484,14.88,13.422
16.547,18.472,20.428,19.439,20.524,19.079,18.317,17.451,16.637,16.903,15.367,15.82,16.207,15.843,14.917,15.456,15.631,15.96,16.253,15.229,16.487,15.115,15.906,16.03,15.623,14.975,14.934,11.947,10.358,8.5208,14.255,16.48,18.038,17.872,17.844,17.642,17.656,18.526,18.745,18.685,18.923,18.818,17.642,17.387,16.91,16.42,16.084,15.883,15.96,15.741,17.012,17.165,18.229,19.021,19.007,19.912,20.794,18.586,18.038,15.44,8.5208,10.963,12.798,13.696,13.587,13.768,14.088,12.923,11.578,10.25,9.6653,9.2594,9.3526,8.5208,8.9047,9.3923,9.5752,10.583,10.872,10.548,12.05,13.523,14.436,15.504,16.329,17.186,18.818,17.423,17.536,15.008
15.023,16.804,17.908,17.608,17.456,17.016,16.026,15.892,14.88,14.996,13.862,14.482,14.034,14.527,14.015,13.862,13.423,13.881,14.015,14.166,14.389,13.629,14.034,14.334,13.152,13.152,12.552,10.623,9.7337,7.6169,12.478,14.334,15.485,15.277,16.199,15.69,16.026,16.158,16.387,17.079,16.484,16.15,16.796,14.996,14.371,14.682,13.891,14.015,14.231,14.773,16.15,15.715,16.017,16.46,16.899,17.342,18.6,16.969,16.117,13.62,7.8915,10.24,11.136,11.593,13.313,11.91,12.088,11.361,9.8559,9.0095,8.586,7.6169,8.2702,8.1568,7.6692,7.7554,9.5124,10.017,9.6926,9.9232,11.028,11.454,12.938,13.862,13.453,14.61,16.395,14.773,15.312,12.928
14.864,16.808,16.911,17.161,17.354,16.72,15.803,15.625,15.078,14.538,14.044,13.775,14.091,14.538,14.025,13.891,14.025,13.512,13.948,13.512,13.977,13.551,14.492,13.746,13.9,13.233,12.603,10.89,9.3068,7.3916,12.486,15.051,15.496,15.487,15.794,15.76,15.904,16.037,16.911,16.752,16.72,16.934,16.136,15.735,14.864,14.864,14.091,14.279,14.675,13.948,14.62,15.522,15.803,16.211,16.528,17.106,17.583,17.161,16.029,13.775,7.6746,9.5192,11.275,12.433,11.974,12.937,11.795,10.286,10.182,9.4911,7.5167,7.0218,7.2275,8.3243,8.1626,8.8368,9.4911,9.3068,10.325,10.643,12.041,12.411,12.947,14.204,13.422,15.183,15.803,15.288,15.051,13.668
16.673,18.997,19.514,18.964,19.736,19.257,18.405,18.07,16.991,16.531,15.538,15.972,16.614,15.498,14.833,15.855,15.657,15.657,16.065,15.626,14.975,14.681,16.065,16.493,14.967,15.008,14.681,12.179,10.941,9.1583,14.502,16.243,17.546,17.375,17.468,17.375,17.575,17.988,18.296,18.405,18.16,18.519,18.16,16.962,17.145,15.665,15.665,15.498,15.855,16.516,17.518,16.969,18.16,18.519,18.64,19.167,20.977,18.317,17.716,14.95,8.8403,11.155,12.748,13.699,14.502,13.284,14.049,12.271,10.712,9.8269,9.1719,8.0443,7.9977,9.5312,9.5962,9.6351,10.273,10.769,11.155,12.066,12.322,14.049,14.39,14.399,15.401,16.962,19.062,18.269,17.849,14.808
14.658,16.089,16.91,16.452,16.354,16.582,16.646,15.056,15.056,14.325,13.625,14.511,13.82,13.436,13.265,13.476,13.917,13.476,13.917,13.506,13.936,13.994,13.555,13.994,13.595,13.595,12.311,10.987,9.0452,7.3246,12.792,14.731,15.056,15.242,15.1,15.399,15.546,15.581,16.525,16.966,15.955,15.752,15.854,15.029,15.056,14.137,13.946,13.674,13.994,14.668,15.056,15.233,15.955,15.997,17.217,17.24,17.617,16.989,15.581,13.265,7.7689,10.487,10.777,12.441,12.355,12.311,10.677,11.12,10.32,9.265,7.4697,7.7862,8.0903,7.5411,7.3246,8.7895,9.3371,10.056,10.056,10.215,11.465,11.639,12.739,13.595,13.897,14.831,15.955,15.752,14.948,13.184
16.068,18.442,19.116,18.775,18.442,18.166,18.131,16.716,16.716,15.662,15.161,14.687,15.12,15.294,14.951,14.85,15.491,15.532,15.385,15.491,15.385,15.327,15.12,15.327,14.4,14.312,13.587,11.74,10.02,8.1241,13.726,15.782,16.418,16.162,16.904,16.859,16.904,17.492,18.49,19.247,18.49,17.543,17.836,16.068,16.005,16.123,14.951,15.22,15.491,16.372,16.472,16.716,17.543,17.686,18.708,19.618,19.32,18.606,17.362,14.479,8.9108,11.029,12.89,12.732,14.089,13.836,12.612,12.42,10.75,10.182,8.7822,8.5488,8.9956,8.5635,8.9956,10.02,11.029,11.301,10.656,12.602,13.54,14.409,14.644,14.858,15.981,17.075,18.166,17.362,16.716,15.269
15.854,18.303,19.405,19.192,19.25,18.626,18.084,17.694,17.425,16.725,15.657,16.158,15.776,15.537,15.409,16.119,15.473,15.617,15.148,15.617,15.148,15.409,15.148,15.854,15.617,14.285,14.181,11.858,10.417,8.84,13.977,16.523,16.77,16.651,17.764,17.525,17.375,17.574,18.964,18.996,18.404,18.512,18.084,16.881,16.969,16.288,16.341,15.847,15.854,16.341,17.166,17.144,17.289,17.966,18.699,19.016,19.936,19.456,17.806,15.473,9.1716,11.288,12.826,13.255,13.977,14.999,13.057,11.983,11.288,9.9899,8.9935,7.7446,8.7124,9.6863,9.3729,9.8013,10.272,11.646,10.381,12.014,13.423,13.617,15.082,16.242,16.606,17.144,19.867,18.779,17.68,14.672
16.468,18.168,19.633,19.406,18.601,18.824,17.852,17.831,16.621,15.323,15.617,15.658,15.658,14.683,14.405,14.947,15.29,14.947,15.977,15.124,15.315,14.854,15.265,15.898,14.588,14.086,13.49,12.108,10.461,8.5613,14.086,15.528,16.314,16.621,16.802,16.862,16.892,17.852,17.43,18.05,17.589,17.817,17.589,16.862,16.598,15.487,15.29,14.005,15.593,16.644,16.855,16.468,17.56,18.279,18.126,19.242,19.939,18.601,17.335,14.588,7.949,11.072,11.95,13.052,13.527,13.415,12.599,11.95,10.653,9.9028,7.8691,7.6904,8.8943,8.0595,7.949,10.18,10.254,10.364,11.574,12.087,13.081,13.158,15.116,16.001,16.712,16.9,18.891,18.77,17.596,15.157
16.371,18.503,18.928,19.246,18.713,18.848,17.905,17.214,16.896,15.49,15.093,14.66,15.596,15.318,15.661,15.49,14.797,14.925,15.127,15.293,15.268,15.531,15.425,15.093,14.399,14.582,13.807,11.952,9.981,7.9505,13.539,15.901,16.594,16.601,16.371,16.317,16.866,17.599,18.213,17.835,18.109,18.503,16.662,16.896,15.901,16.216,15.293,15.717,16.044,15.596,15.596,16.417,16.963,18.828,18.276,19.246,19.892,19.035,17.082,14.95,8.8961,10.982,12.571,13.53,13.66,13.807,12.721,11.488,10.655,9.9175,9.1759,8.1856,7.3214,9.2445,8.9527,8.9103,10.796,10.119,11.835,11.867,12.581,13.53,14.66,15.709,15.661,17.426,18.352,18.025,17.599,15.98
14.619,16.922,17.062,16.513,16.947,16.714,16.411,16.075,15.715,15.365,14.044,13.507,13.589,13.712,13.834,14.074,14.427,14.281,14.359,13.538,13.783,13.476,13.753,14.222,14.104,13.742,12.384,10.689,9.3661,7.5678,12.53,14.8,14.686,15.617,15.392,15.688,15.653,15.98,16.689,16.714,16.689,16.419,15.255,15.98,15.117,14.884,14.969,14.271,14.969,14.514,14.809,15.653,15.688,16.922,16.864,17.045,17.665,17.57,15.768,14.543,7.9985,10.208,11.64,11.925,11.878,11.736,11.15,10.098,9.514,8.2224,8.5227,8.0681,7.5678,9.3661,8.797,8.7172,10.167,9.5287,11.037,10.884,11.037,11.878,13.076,14.232,15.043,16.394,17.338,16.521,15.715,14.514
14.965,16.21,17.115,17.661,17.213,16.551,16.132,15.47,15.361,14.278,13.452,13.306,13.472,14.834,13.243,13.586,13.78,13.379,13.871,13.78,14.199,13.253,14.071,14.375,13.586,13.472,13.211,11.922,9.4085,7.4169,12.325,14.307,15.613,15.976,15.862,15.361,15.932,15.853,16.167,17.041,16.21,16.794,16.585,15.835,14.806,15.325,13.211,13.83,14.806,14.578,14.307,14.965,16.416,17.188,17.041,17.724,19.148,16.943,16.132,13.221,7.4169,11.197,11.638,12.868,12.257,12.792,11.407,10.165,8.7471,8.8582,6.8696,7.8022,8.2035,8.2544,8.2035,8.5371,9.4529,9.2287,10.206,10.206,12.073,12.073,14.229,14.423,15.406,15.711,18.075,17.43,16.176,13.901
15.052,15.662,17.268,17.731,16.599,17.056,16.181,15.447,14.368,14.387,13.39,13.649,14.112,13.062,13.222,13.317,13.546,13.317,14.29,13.792,14.387,12.868,14.083,14.752,13.963,12.912,13.222,10.644,9.9789,7.3665,12.792,14.666,15.255,15.875,15.778,15.564,15.866,16.085,15.866,16.531,15.447,16.007,16.932,14.846,14.191,13.963,13.883,13.792,14.003,14.978,15.419,15.338,16.429,17.219,16.924,17.268,18.744,17.731,16.12,13.556,7.8624,10.471,11.551,12.381,11.967,12.21,11.157,10.709,9.7234,8.3624,7.5168,7.4795,7.9332,8.2105,7.4232,9.0065,9.0065,9.4165,10.903,11.356,12.21,12.538,13.751,14.903,15.264,16.607,18.013,16.557,16.146,13.963
16.046,18.516,19.635,19.119,18.781,18.724,17.811,17.194,16.145,16.219,15.573,15.744,15.015,14.628,14.791,15.539,15.358,15.015,15.042,14.8,15.633,15.41,15.505,15.811,15.192,14.908,13.879,12.278,10.382,8.085,14.546,16.44,16.825,17.17,17.263,17.562,17.532,17.63,18.393,19.285,18.196,18.545,18.071,16.674,16.537,15.71,16.334,15.41,15.332,17.17,17.194,16.92,17.811,17.93,18.802,19.14,19.77,19.416,17.053,14.8,9.1384,11.55,12.408,12.705,14.051,13.946,13.037,11.434,10.395,9.0209,8.4718,8.2807,8.7659,8.8416,8.5189,11.054,11.15,11.469,12.158,11.891,13.588,14.184,15.41,16.211,18.042,18.545,19.049,19.112,18.262,15.479
14.823,16.73,17.523,17.586,17.224,16.09,16.298,15.269,14.973,14.633,14.087,13.488,13.226,13.237,13.013,13.561,13.268,13.066,14.196,13.268,13.488,13.066,13.725,14.117,13.653,13.846,12.542,11.445,9.5375,7.63,12.719,14.594,15.667,15.631,15.854,15.057,15.623,16.064,16.341,16.229,16.562,16.064,16.116,14.936,14.294,14.392,14.007,13.977,14.392,14.556,15.623,15.406,15.703,16.938,16.604,16.905,17.233,17.273,16.012,13.55,8.23,9.5375,11.651,11.747,13.066,12.719,12.18,11.223,9.1021,9.2394,7.5748,8.2809,7.5748,7.8648,7.8113,9.8834,9.2545,10.107,10.907,11.11,12.719,12.168,14.235,14.823,14.964,17.004,16.805,17.061,15.88,13.796
16.001,18.467,19.203,19.21,18.704,18.467,18.789,16.75,16.59,16.208,15.563,15.399,15.111,15.005,13.637,15.181,14.572,14.781,14.862,14.79,15.528,14.462,15.563,16.429,14.781,14.862,14.618,12.654,10.641,8.8204,13.773,15.699,17.466,17.026,17.58,17.558,17.158,17.58,17.251,19.272,18.184,18.029,18.768,17.313,17.344,15.699,15.758,15.528,15.699,16.979,17.096,16.813,18.242,17.799,19.043,19.161,20.557,18.611,17.739,15.049,9.9154,11.542,12.915,14.79,14.763,14.978,12.822,12.269,10.629,10.141,8.8806,7.2449,8.4027,9.4193,8.6527,10.641,11.035,10.889,11.645,12.495,14.089,14.042,15.792,16.469,17.352,18.937,19.723,17.739,18.154,15.673
16.504,18.773,19.525,19.6,19.111,18.78,18.544,17.053,16.219,15.616,14.908,14.8,15.539,14.872,14.609,14.472,14.628,14.472,15.743,15.121,15.085,14.545,15.743,16.012,15.085,14.7,14.051,12.418,10.292,8.7656,14.098,16.415,17.773,17.569,16.817,17.63,17.93,18.108,18.659,18.078,17.546,18.085,17.592,16.601,15.041,15.912,16.145,15.357,16.02,16.045,17.17,16.657,17.478,18.716,18.623,18.78,19.689,18.716,17.967,15.015,9.1527,12.418,14.211,14.407,14.286,14.499,13.33,12.663,10.896,10.382,8.796,9.3545,9.0206,9.0206,9.4256,10.648,10.648,11.55,11.801,12.157,13.646,13.782,14.899,17.037,17.363,17.653,18.802,19.006,18.041,14.979
14.74,16.28,16.509,16.711,17.059,16.594,15.889,15.694,14.834,14.616,13.831,14.278,13.254,13.871,13.545,13.709,14.101,13.962,13.992,13.78,13.902,13.535,13.78,13.831,13.587,13.72,12.705,10.894,9.7442,8.2716,12.166,14.683,14.956,15.334,15.854,16.168,15.542,16.408,16.786,17.717,16.314,16.098,16.098,14.721,15.694,14.307,14.693,13.831,14.376,15.031,16.133,15.252,15.685,16.28,17.335,16.911,17.756,16.886,15.47,13.254,8.2716,10.894,11.923,12.561,13.831,13.211,12.528,11.817,11.034,9.4533,8.0665,7.5663,7.4735,8.4718,8.5375,9.7012,10.206,10.423,11.034,10.7,11.817,12.326,13.587,13.504,15.614,15.65,16.82,16.168,15.252,13.871
16.816,18.304,19.047,19.36,18.658,18.622,18.04,16.656,15.911,16.044,14.69,15.81,15.014,14.248,14.097,14.21,15.014,15.04,16.21,14.79,15.33,15.04,15.768,16.177,14.871,15.19,14.499,12.492,10.458,7.8669,14.05,16.019,17.362,17.839,17.477,17.362,17.966,18.478,18.457,18.04,17.839,18.515,18.018,16.333,15.408,16.414,15.708,15.538,16.333,16.333,17.591,17.2,17.052,18.629,18.594,19.047,19.667,18.515,18.195,14.79,9.9349,12.091,14.248,14.79,14.388,14.097,14.182,12.19,10.956,9.4815,9.1522,9.0201,9.1376,9.3111,8.916,10.028,11.468,10.956,12.492,11.053,13.279,13.907,15.683,16.863,16.414,17.591,19.138,18.622,18.07,15.058
14.456,15.889,16.358,17.022,16.212,16.444,15.897,15.441,14.754,14.261,13.575,13.283,13.77,12.589,13.113,13.251,13.482,13.336,13.902,13.862,13.902,13.409,13.811,14.407,13.398,13.503,12.886,10.724,9.37,7.583,12.1,14.31,15.064,15.649,15.396,15.166,16.169,16.203,17.055,16.63,16.546,16.452,15.8,15.441,15.423,13.992,14.543,14.102,14.98,13.862,14.867,14.999,15.368,16.478,16.452,17.186,17.605,16.832,15.747,14.022,8.988,10.553,11.7,12.193,13.283,12.364,12.409,11.664,9.7657,8.4905,8.273,6.9661,7.7114,8.5563,8.6216,8.8147,10.187,10.592,10.918,11.371,12.589,12.319,13.75,14.261,14.543,15.729,16.029,16.134,15.729,13.617
16.24,18.657,19.396,19.506,18.426,18.14,18.111,17.201,16.24,15.763,14.727,15.086,15.567,14.645,13.933,14.935,14.124,14.608,15.385,15.086,15.437,15.437,15.532,16.363,14.818,15.148,14.387,12.267,10.977,8.4869,13.904,16.363,17.201,17.232,16.855,17.873,17.601,17.201,17.224,18.229,17.232,18.118,18.022,16.591,16.437,15.712,14.827,15.219,15.738,16.207,16.687,16.567,17.395,17.962,18.309,18.807,20.366,18.657,17.201,14.387,9.818,12.08,13.424,14.076,14.312,13.749,12.967,11.946,11.001,8.8119,8.4869,9.037,8.5654,9.5133,9.886,11.001,10.362,11.396,11.431,12.526,13.612,14.387,15.437,17.131,16.95,18.229,19.479,18.977,17.601,14.498
16.084,18.085,18.364,18.754,18.56,18.181,17.031,17.149,17.211,16.084,15.228,14.835,14.908,15.289,15.051,15.024,14.718,14.58,14.808,14.644,15.533,15.446,15.541,15.576,15.722,15.394,14.217,12.12,10.624,8.9379,13.109,15.781,16.059,16.217,16.984,17.672,17.242,17.634,18.32,18.639,17.573,17.604,17.211,16.576,16.544,16.208,15.722,14.935,15.095,15.849,16.601,16.479,17.611,17.943,18.188,18.96,19.817,19.094,16.857,15.446,9.1601,12.788,13.989,14.217,14.835,13.989,13.2,12.009,10.355,10.922,7.7664,8.4285,8.8019,9.5048,10.407,9.5189,11.438,11.496,11.807,13.231,13.098,14.386,15.576,15.807,16.258,18.32,18.754,18.085,17.973,15.883
15.741,18.839,19.205,19.64,17.966,17.718,18.232,16.858,16.723,16.243,15.222,15.045,15.071,15.089,14.501,15.327,15.045,15.57,15.388,15.292,15.57,15.222,15.089,15.775,15.071,14.938,14.657,11.825,10.364,9.3304,13.585,15.57,16.594,16.252,16.538,17.204,17.134,17.072,17.809,18.811,18.697,17.605,17.235,16.57,15.977,16.053,15.509,15.57,15.766,16.053,15.977,17.024,17.359,17.352,18.839,18.639,18.818,18.981,17.079,14.38,9.5152,12.464,12.98,13.781,14.315,14.73,13.226,12.082,10.619,9.8336,8.4886,8.4252,8.3453,9.724,9.8336,10.619,11.433,12.443,12.464,12.464,14.06,13.984,15.741,16.243,16.667,17.966,19.4,18.495,17.274,15.977
16.24,18.968,19.164,18.648,18.826,19.136,17.585,17.193,17.216,15.43,15.079,14.305,14.37,15.377,14.564,15.377,15.079,14.647,15.593,15.377,15.034,15.034,14.711,15.525,14.601,14.711,15.034,12.595,10.91,9.252,12.847,15.73,16.042,16.067,17.075,17.554,17.099,18.286,18.626,19.386,18.102,17.57,17.075,16.108,15.966,16.199,15.525,15.141,15.105,16.558,17.57,16.583,16.886,17.138,19.017,19.199,18.805,18.748,16.623,14.81,9.438,12.107,13.247,14.891,14.81,14.629,12.94,12.206,11.565,9.9351,8.2914,9.2085,9.6621,9.5367,10.344,10.971,11.484,12.294,12.261,12.107,13.878,14.601,15.559,15.377,16.942,17.193,19.386,18.826,17.954,16.042
16.327,19.573,18.442,18.428,19.076,18.515,17.686,17.316,17.355,16.152,15.908,14.447,14.381,15.354,14.642,15.46,15.079,15.079,15.159,16.018,15.301,14.192,14.679,15.142,15.46,15.301,14.971,12.501,11.018,8.9458,13.092,15.293,16.06,16.194,16.977,16.929,16.319,17.432,18.162,18.927,18.258,17.679,17.785,16.59,16.018,16.194,15.433,15.737,15.512,16.712,16.977,16.768,18.109,18.05,19.351,18.848,19.49,18.442,17,15.293,10.399,12.327,13.874,13.648,14.725,14.381,13.03,12.565,10.36,10.464,7.7298,8.4003,8.2213,9.3738,10.464,11.018,11.627,11.857,12.128,13.648,14.447,14.192,14.998,16.152,17.648,18.464,19.8,19.246,17.785,16.244
16.468,18.198,19.201,19.04,19.319,18.103,18.198,16.662,16.049,15.737,14.726,15.041,15.83,14.497,14.311,14.644,14.817,15.085,14.817,14.644,14.934,14.925,15.323,15.041,15.041,14.58,13.884,12.429,10.878,8.8114,12.967,15.557,16.509,17.394,17.02,16.949,17.699,17.842,17.455,17.842,18.198,18.374,16.703,16.436,15.112,16.04,15.771,15.227,16.074,15.218,15.762,16.239,17.2,19.228,18.073,19.333,20.285,18.656,17.819,15.041,9.8311,12.727,15.218,15.227,14.349,13.932,13.303,12.936,10.4,9.328,8.6736,9.1688,8.781,9.3137,9.1688,10.192,10.166,11.628,12.8,12.124,14.009,14.274,15.6,16.566,16.759,18.051,19.443,18.294,18.656,16.115
15.893,17.805,18.837,19.001,18.83,18.332,17.646,16.812,16.086,16.002,14.917,14.151,14.745,15.06,13.998,15.025,14.543,14.33,14.226,14.944,15.087,14.599,14.917,15.087,15.791,14.736,13.766,12.095,10.323,9.2243,13.045,15.525,16.684,16.652,16.812,16.383,17.377,17.895,18.514,18.317,18.222,17.827,16.868,16.995,15.817,16.465,16.53,15.757,15.96,15.167,16.186,16.708,17.408,18.398,18.317,18.78,19.612,19.106,17.706,15.131,9.734,12.139,14.745,14.59,14.33,14.255,12.128,12.05,10.567,9.7753,9.5531,9.2679,9.0629,8.9436,8.354,10.681,10.491,10.567,12.796,12.456,14.395,13.45,14.516,16.708,16.852,17.292,19.05,18.859,17.377,17.222
15.323,17.701,17.845,17.913,18.24,17.845,16.725,17.012,17.122,16.202,15.182,14.419,14.344,14.86,14.344,15.12,14.742,14.558,15.075,14.041,15.419,14.558,14.833,15.358,15.541,14.41,14.012,12.371,10.229,9.2772,12.618,15.798,15.976,16.596,16.539,16.725,16.932,17.754,18.467,18.785,18.467,17.754,16.152,17.146,15.541,15.773,16.243,15.253,15.696,16.135,16.11,16.539,16.725,17.739,18.336,18.35,19.363,18.554,17.263,15.075,10.016,12.107,13.78,14.241,15.075,14.241,13.524,11.826,12.096,9.5627,8.8316,9.4638,8.5845,9.0571,9.5627,10.792,11.087,11.386,11.849,12.533,13.916,14.269,15.075,15.909,16.956,18.092,19.439,18.467,18.114,16.701
15.744,17.818,18.987,18.586,19.121,17.998,17.659,17.008,16.793,15.675,14.341,14.829,14.341,14.856,14.747,14.527,15.116,14.416,15.045,15.036,15.072,14.829,15.769,15.563,14.847,14.665,14.237,12.753,10.422,8.5039,12.455,15.537,16.396,17.118,16.396,16.737,16.721,17.545,18.11,18.11,18.036,17.629,16.889,17.429,15.803,16.148,15.803,15.045,15.769,15.632,16.198,16.664,16.535,17.659,18.331,18.331,19.268,18.565,17.181,14.829,9.9734,12.487,13.961,14.237,14.303,13.961,13.451,12.06,10.826,9.0699,8.3765,7.4237,8.0991,9.9057,9.275,10.434,11.169,10.689,12.465,12.993,14.104,15.32,15.249,16.952,16.721,17.391,19.191,18.873,18.177,15.537
16.245,18.428,18.71,18.71,17.894,17.444,18.103,17.117,16.028,15.262,14.39,15.085,15.757,13.924,14.05,14.539,14.249,14.968,14.977,14.869,14.474,14.249,15.481,15.689,15.058,15.262,14.174,12.037,10.798,8.8371,13.23,15.611,16.41,17.022,16.735,16.895,16.679,17.628,17.195,17.344,17.833,18.163,16.895,16.839,15.568,15.706,14.678,15.085,15.689,14.941,16.245,16.767,17.07,18.566,18.051,18.602,19.582,18.163,17.56,14.567,10.698,12.335,14.696,15.129,13.973,13.963,13.502,11.765,9.8597,8.4476,8.5585,7.0583,8.106,9.9819,9.9819,10.235,10.836,11.947,11.604,11.742,12.454,14.315,16.095,17.25,17.156,18.163,19.389,18.126,18.406,15.481
14.108,16.133,16.133,16.099,16.57,15.931,15.344,14.871,14.486,14.26,13.352,13.014,12.344,12.774,11.843,13.148,13.542,12.486,12.561,12.983,13.721,13.503,13.799,13.983,13.025,13.107,12.774,10.918,9.7573,8.374,11.67,13.632,14.364,14.467,14.98,15.718,14.551,15.203,16.174,16.627,16.158,16.108,15.441,14.551,14.661,13.711,13.503,13.24,13.632,13.983,14.364,14.551,15.38,15.415,16.423,16.594,17.573,16.108,14.871,13.025,8.5177,10.706,11.613,12.572,13.025,12.636,11.041,9.8673,9.6601,9.3479,6.9869,6.4238,7.9102,7.9272,7.8072,9.2464,9.9895,10.387,11.017,11.531,12.486,13.107,13.75,14.853,15.07,16.423,17.263,16.307,16.423,13.592
16.451,18.555,18.158,18.958,18.319,18.236,17.462,17.114,16.073,15.29,14.745,15.382,14.676,14.702,14.053,15.037,15.181,14.242,15.29,14.483,15.173,14.884,15.29,15.215,15.873,15.44,13.665,12.064,10.669,8.598,13.189,15.679,16.412,16.474,16.636,16.751,17.001,17.001,17.666,18.597,17.418,17.759,17.881,16.567,16.137,15.215,15.156,15.156,16.073,16.994,16.721,16.451,17.226,17.226,18.214,18.958,19.385,18.326,16.31,14.745,9.6228,12.765,14.062,15.173,15.181,14.944,13.438,12.233,10.918,9.5024,7.4675,7.6033,8.2951,9.1178,9.1037,11.466,11.138,12.243,12.022,13.467,14.242,14.562,15.833,16.342,17.759,18.13,19.385,19.038,17.666,15.881
15.478,18.218,18.226,18.886,18.387,18.218,18.1,17.114,16.708,15.703,14.965,15.365,15.4,14.247,13.844,14.684,14.35,15.126,14.472,14.247,14.61,14.647,15.33,15.608,14.748,14.61,13.698,12.56,10.696,8.8049,12.666,15.126,16.283,15.839,17.317,16.94,17.129,17.247,17.671,18.343,17.671,17.671,17.671,16.159,15.805,14.647,14.647,14.766,15.574,16.489,16.836,16.382,17.019,17.502,18.152,18.218,19.253,18.714,16.611,14.313,10.377,12.332,14.693,14.757,14.61,14.839,13.49,12.157,10.493,9.9123,7.7997,7.4827,9.5245,9.5386,9.1791,11.461,11.426,12.624,12.56,12.719,13.97,14.974,15.4,15.703,16.892,17.671,18.343,18.598,18.226,15.565
15.858,18.218,18.633,18.056,19.02,17.749,17.684,16.666,16.52,16.05,15.342,13.874,15.2,15.425,13.745,15.2,14.731,14.469,14.093,14.574,15.458,14.757,15.167,16.121,15.367,15.192,14.157,12.662,11.219,8.9961,12.862,15.2,16.365,16.177,16.796,16.985,17.452,17.097,18.64,17.942,18.633,17.692,16.796,16.704,16.05,15.978,15.858,14.714,16.551,15.2,16.271,16.458,16.819,18.364,18.225,18.364,19.66,18.64,17.445,15.467,10.306,12.632,14.997,15.425,14.662,14.731,14.012,12.5,11.522,10.218,9.7059,9.1508,8.3331,9.4932,9.1508,10.742,11.665,11.081,11.796,12.551,13.652,14.757,15.565,16.947,17.423,18.865,18.702,18.579,17.692,15.425
16.175,17.698,18.478,18.704,18.82,18.784,17.505,16.557,15.905,15.542,14.744,14.918,15.322,14.671,14.305,14.531,15.027,14.818,14.9,14.918,15.322,14.671,15.879,16.184,15.027,14.708,14.735,13.024,10.727,8.8565,13.055,15.144,16.15,16.777,16.679,16.777,16.647,17.513,18.412,18.675,17.941,17.628,17.721,16.158,15.108,15.845,15.117,15.216,15.331,15.384,16.647,16.548,17.318,17.964,18.323,18.234,19.824,18.226,17.513,14.475,10.727,13.024,14.229,14.809,15.117,14.68,14.028,13.024,10.99,10.38,9.0983,8.9631,9.3774,8.8718,10.275,10.878,11.438,11.88,13.149,13.035,14.409,14.22,15.629,16.45,17.065,17.994,19.212,18.054,17.994,15.629
16.15,17.91,18.703,18.237,18.208,17.546,17.182,17.237,16.722,15.974,14.749,14.675,14.463,14.858,14.749,14.342,15.565,14.304,14.666,14.528,15.469,14.858,14.848,15.469,15.417,14.966,14.463,12.488,10.901,8.815,13.22,15.073,15.796,16.882,16.133,16.722,17.33,17.392,18.333,18.208,18.391,17.63,16.241,17.174,15.974,15.18,15.556,14.666,15.25,14.602,16.15,16.15,16.698,18,17.392,18.789,19.36,18.149,17.166,14.957,10.639,12.627,14.519,15.312,14.83,14.556,14.528,11.971,11.595,10.015,8.5832,9.0558,9.1738,9.8521,9.5331,10.827,11.595,11.478,11.836,12.963,13.914,14.602,15.676,16.208,16.504,18.237,18.875,18.464,17.384,15.805
13.558,15.632,15.838,15.718,16.151,15.813,15.632,14.567,14.788,13.844,13.766,12.271,13.039,12.915,12.998,13.255,13.153,13.029,12.5,13.029,12.998,13.122,13.255,13.316,13.528,12.841,12.575,10.918,9.3006,7.2974,11.355,13.999,13.97,14.38,14.191,14.483,15.113,15.458,16.317,16.126,16.613,16.05,14.678,15.458,14.38,14.076,13.726,13.873,14.191,13.327,14.483,13.951,14.305,15.58,15.641,16.441,16.743,16.193,14.418,13.008,9.213,11.787,13.039,13.558,13.316,12.5,11.403,10.463,9.7129,9.3006,7.6765,6.9366,6.6582,8.3834,9.08,9.671,10.515,11.127,10.411,11.029,11.969,13.255,13.008,15.078,15.113,15.432,16.999,16.417,15.291,14.076
15.48,17.551,18.122,17.919,17.785,17.729,17.464,16.916,16.372,16.202,14.62,14.816,14.62,14.359,15.666,15.118,15.447,14.85,14.576,15.085,14.816,14.359,14.85,15.043,15.118,14.62,14.049,12.128,10.471,8.4058,12.456,15.085,16.117,15.746,16.669,16.202,16.669,16.494,18.17,17.636,17.551,17.579,16.759,16.669,16.187,15.48,15.382,15.251,14.909,14.884,16.326,15.999,16.187,17.269,17.269,18.003,18.796,17.898,16.54,15.226,10.825,12.201,13.933,14.464,14.576,14.13,12.853,11.739,10.848,9.9913,8.0856,7.8489,8.0856,9.4613,10.952,10.767,11.803,12.385,12.696,13.352,14.359,14.049,15.553,16.669,16.669,18.17,17.729,18.56,17.515,15.251
16.076,17.668,18.729,18.881,17.78,18.091,17.591,15.929,15.496,14.927,14.011,14.633,15.448,13.248,13.535,14.152,13.833,14.073,15.23,14.566,14.633,14.248,15.042,15.263,14.506,14.768,14.011,12.289,10.648,8.3405,13.471,14.693,16.298,16.487,16.199,15.992,16.569,16.539,16.629,17.478,16.569,17.478,17.272,15.929,15.812,14.91,14.36,14.633,15.001,15.496,15.953,15.48,17.033,17.647,17.421,18.729,19.915,17.94,17.12,13.397,10.683,12.558,14.463,15.36,14.633,13.94,13.388,11.615,10.353,9.0111,8.1605,8.2059,8.9698,9.8133,9.5057,10.764,11.126,12.034,12.587,13.59,13.86,13.59,16.268,16.725,16.207,16.562,19.405,18.776,18.029,14.256
13.955,15.582,16.745,16.274,16.099,15.383,15.242,14.631,13.906,12.956,13.244,13.111,13.244,12.821,11.507,13.08,12.956,12.286,13.604,12.524,12.998,11.965,13.515,13.564,12.873,13.284,12.61,10.365,9.7785,8.112,11.188,12.821,13.945,13.829,14.631,14.604,14.456,14.949,15.172,16.274,15.065,15.03,15.548,13.926,14.155,12.998,12.998,13.111,12.988,13.955,14.85,14.75,15.11,15.409,15.788,16.265,17.651,15.822,14.85,12.535,9.3431,11.366,12.747,13.564,13.682,12.998,12.319,10.684,9.3431,8.4367,6.9144,7.2185,9.0658,8.5474,8.0955,10.063,10.365,10.481,11.507,11.965,12.652,12.481,13.945,14.521,15.461,16.729,17.375,16.857,16.56,13.682
15.958,17.685,19.022,18.803,17.77,18.014,17.819,16.634,16.168,14.995,14.928,15.128,14.726,14.171,14.329,14.546,14.572,14.717,14.649,14.512,14.546,14.853,14.408,15.537,14.171,14.928,13.958,12.113,10.556,8.7391,13.324,15.145,15.824,15.958,16.207,16.137,16.46,16.46,17.08,17.692,17.371,17.021,17.428,16.137,15.545,15.415,14.717,14.329,14.717,16.083,15.958,16.021,16.984,17.08,17.938,18.352,19.179,18.737,16.137,14.338,10.52,13.296,14.512,14.878,15.045,14.312,12.826,13.352,10.413,9.5602,9.0211,8.0842,9.1998,9.8568,10.52,11.682,11.607,12.113,12.758,13.904,14.442,14.785,16.114,16.881,17.342,18.187,19.329,18.783,18.515,15.824
15.699,18.016,18.683,18.071,18.663,18.45,17.578,16.256,16.049,15.793,15.097,14.682,14.478,15.357,14.133,14.724,14.071,13.868,14.495,14.15,14.682,14.237,14.001,14.623,14.418,14.924,14.071,11.933,10.904,8.5828,12.025,14.495,15.445,16.034,15.564,15.918,16.467,16.286,17.402,17.578,17.316,17.43,16.89,15.98,15.252,15.793,15.097,14.495,15.316,15.445,15.801,15.723,16.676,17.237,17.767,18.396,18.795,18.503,16.256,14.495,10.453,13.433,13.58,15.121,14.35,14.036,12.705,11.607,10.57,9.6537,8.0169,7.7822,8.683,9.8689,9.6537,11.86,10.733,11.039,12.43,13.387,13.387,14.495,15.801,16.706,16.904,18.9,19.498,18.636,17.402,15.941
15.811,18.218,18.082,18.245,17.582,18.588,17.248,16.687,15.732,15.709,14.933,13.533,14.908,14.792,14.436,15.131,14.436,14.071,14.462,14.462,14.462,14.462,14.436,15.131,14.071,13.796,13.661,12.447,10.244,8.5158,12.358,15.106,15.928,15.865,15.454,16.197,15.928,16.538,17.419,16.944,16.944,16.944,16.044,17.118,15.454,15.622,14.462,14.925,15.542,14.733,15.614,15.897,16.47,17.645,17.582,18.252,19.204,17.972,16.915,14.436,10.256,12.791,14.53,15.43,14.246,12.684,12.944,11.981,10.459,9.8499,7.5285,7.5776,7.7711,9.4655,8.0373,11.124,11.486,12.287,12.196,12.742,14.504,14.775,15.43,16.9,16.538,18.353,19.862,19.223,17.972,16.687
16.365,17.413,18.576,18.774,18.408,18.035,17.003,16.916,16.206,15.327,15,13.725,15.058,14.351,13.661,15,14.072,14.01,14.926,14.151,14.692,14.488,14.7,15.262,14.256,14.01,13.725,12.308,10.542,8.0991,12.557,14.16,15.928,16.021,15.132,16.021,16.297,16.244,16.835,16.68,17.356,17.498,17.018,15.928,15.262,14.934,14.505,14.428,15.623,14.909,15.575,15.812,16.628,17.477,17.604,18.469,18.807,17.98,16.835,14.151,10.389,12.596,14.926,14.633,14.325,14.081,13.276,11.125,10.389,8.8161,7.3962,7.9759,8.34,9.3872,10.74,11.18,10.912,10.74,12.743,12.945,13.534,15.221,15.575,17.938,17.134,17.98,19.901,19.403,18.516,15.431
15.839,17.698,19.238,18.912,19.076,17.436,16.923,16.864,15.247,14.793,13.901,14.043,15.182,13.712,13.41,13.603,13.856,14.666,14.375,14.868,14.793,14.175,14.793,15.084,14.453,14.096,14.07,12.167,10.017,8.174,12.549,14.487,15.641,16.514,15.862,15.482,15.862,15.948,16.567,16.974,16.657,17.062,16.657,15.474,15.158,15.19,13.955,14.868,15.353,15.393,15.641,15.458,17.185,18.011,17.62,18.141,19.716,17.747,16.567,14.658,10.942,12.862,14.487,14.935,14.53,14.487,12.687,11.463,9.8925,9.5215,8.9847,7.8009,8.9847,9.5215,8.7038,10.406,10.091,11.56,11.635,12.967,13.784,14.096,15.353,17.062,16.93,18.945,20.183,18.978,17.557,15.182
15.401,17.695,17.318,18.16,18.269,17.967,16.584,16.531,16.065,15.263,14.269,14.19,14.502,14.502,13.862,14.528,14.808,14.528,14.808,15.173,14.269,14.049,14.816,14.545,14.39,14.084,13.124,11.485,10.273,8.9244,12.077,14.545,15.173,15.586,15.263,15.847,15.972,16.524,17.203,17.631,16.881,16.97,16.311,16.733,15.466,15.271,15.041,14.673,15.008,14.295,15.626,15.618,16.584,17.425,17.546,18.466,18.964,18.139,16.342,14.545,10.285,12.631,13.284,14.502,14.476,13.978,12.826,11.387,10.571,9.1584,8.1213,8.4958,8.2279,9.3733,9.5833,10.987,12.015,11.485,12.015,13.479,13.424,14.468,16.243,17.028,17.166,17.828,18.64,18.344,18.16,16.243
15.975,17.148,18.408,18.523,18.57,17.768,17.429,16.736,15.66,15.779,14.548,13.918,13.98,14.289,13.702,14.735,14.367,14.367,14.297,13.315,14.676,13.555,14.505,15.266,14.367,14.184,13.126,12.344,10.679,8.5412,11.976,14.505,15.274,16.038,15.921,15.66,15.944,16.965,16.833,17.578,16.534,16.587,16.474,15.541,14.836,15.176,14.402,14.06,14.052,15.621,16.413,16.345,16.459,16.677,17.493,18.081,18.935,17.81,16.069,14.548,9.5852,12.069,13.62,13.098,14.113,14.289,12.722,11.829,10.091,9.1601,7.8896,7.8896,9.5982,9.5331,9.8415,11.158,11.379,11.574,13.06,12.475,14.505,14.052,16.368,16.943,17.429,18.57,19.467,18.968,18.783,15.151
15.406,17.834,18.391,18.751,18.149,18.281,17.642,16.694,15.601,15.307,15.066,14.222,14.071,14.205,14.839,14.178,14.46,13.717,14.932,13.99,14.77,13.954,14.982,14.77,14.062,14.071,13.717,12.063,10.107,8.5964,12.595,14.83,14.906,15.601,15.69,16.266,15.77,16.351,16.717,17.541,16.717,16.942,17.141,15.365,15.183,15.73,15.075,14.46,14.77,16.172,16.358,15.953,16.565,16.882,17.798,18.281,18.804,17.585,16.397,14.071,10.169,12.404,13.643,15.05,14.77,14.062,12.157,11.937,10.169,9.1645,7.8125,7.1905,8.9838,10.107,10.653,11.014,12.063,11.767,13.79,13.79,15.365,15.066,16.451,17.577,17.577,18.521,19.386,19.734,17.883,15.77
16.075,17.701,18.869,18.443,18.45,18.007,17.361,17.188,15.388,14.995,13.422,14.962,15.136,14.046,13.787,14.274,14.283,14.515,14.274,14.274,14.82,13.966,14.592,14.455,14.274,13.56,13.751,11.984,10.081,8.251,12.341,14.387,15.25,15.525,15.25,15.604,16.236,16.57,16.948,16.57,17.282,17.014,16.351,15.484,14.352,15.396,14.995,14.719,15.291,15.396,15.476,16.052,17.035,17.503,17.868,18.055,19.15,17.972,16.57,14.49,10.48,11.984,14.954,14.49,14.533,13.273,12.941,12.261,10.515,8.9862,8.4739,9.1506,9.4839,9.8942,9.4577,11.626,11.367,11.626,11.732,13.273,14.515,14.954,15.959,16.977,17.13,17.868,19.079,18.551,17.503,14.995
14.929,17.538,17.795,17.429,18.639,18.523,17.049,17.292,16.416,16.169,14.929,15.758,14.621,13.787,14.202,15.18,15.096,14.979,14.699,14.664,14.639,14.219,14.57,14.929,13.787,14.378,13.256,12.144,10.004,8.7688,12.593,14.281,14.767,14.767,16.044,16.169,15.878,16.393,17.313,18.874,16.691,16.63,16.355,16.393,16.347,15.071,15.638,15.196,15.468,16.075,16.393,15.878,16.169,16.044,18.194,17.922,17.766,17.922,15.726,14.378,10.351,13.18,13.256,14.139,14.767,13.659,13.341,12.831,11.818,10.105,8.5357,8.0493,8.9397,8.6676,10.351,11.058,12.217,13.566,12.593,13.887,15.071,14.929,16.099,16.012,16.841,18.686,18.659,19.244,16.713,15.565
15.682,18.195,19.081,18.189,18.868,18.244,17.052,17.074,16.465,16.257,14.899,14.487,14.634,15.585,14.356,15.134,15.266,14.091,14.66,13.783,14.634,14.286,14.452,14.383,14.634,14.064,13.92,12.047,9.8874,8.7663,11.973,14.135,14.924,15.059,16.07,16.164,16.188,16.985,17.789,17.511,17.337,17.155,16.412,15.873,14.634,15.976,15.192,14.215,14.591,15.266,16.572,16.342,16.595,17.568,17.825,17.958,18.518,17.576,16.164,14.695,10.553,13.022,13.488,15.242,15.242,13.847,13.636,11.708,11.28,9.2147,8.1712,8.8805,9.5503,10.039,10.445,11.111,12.141,12.397,12.13,12.866,14.144,15.291,15.242,16.015,17.424,18.105,18.755,18.32,17.272,15.593
15.6,18.259,17.69,18.58,18.682,17.797,17.14,16.992,16.881,16.693,15.51,14.623,14.641,14.981,14.905,14.493,15.065,14.871,14.362,13.789,14.362,14.38,14.666,14.572,14.666,14.141,13.66,12.094,10.486,8.1747,11.755,14.274,14.871,14.38,15.502,16.21,16.171,16.518,17.754,17.468,17.074,17.052,16.171,15.76,16.101,15.273,15.64,14.769,14.623,15.273,16.171,15.88,16.171,16.992,18.001,18.417,17.924,17.754,16.21,14.203,10.168,13.143,15.107,14.221,15.47,14.459,12.594,12.403,11.905,9.8916,7.7958,7.8441,8.6688,9.7504,10.352,11.093,11.852,12.564,12.862,12.564,14.931,14.641,15.688,16.602,17.769,18.252,18.259,18.688,17.605,15.065
15.921,17.032,19.1,18.402,18.137,17.642,17.358,16.414,16.092,15.976,14.393,15.177,14.393,14.608,14.402,14.505,14.367,14.505,14.953,14.202,14.505,14.289,14.97,14.48,14.393,13.629,14.008,11.639,10.384,8.7147,11.997,13.919,14.887,15.152,15.307,15.413,15.976,16.193,16.588,17.379,16.966,16.951,16.475,15.525,15.201,14.289,14.744,14.548,14.744,15.152,16.292,15.78,15.851,16.774,17.522,17.579,18.463,17.458,16.193,14.061,10.944,13.06,14.367,14.052,15.372,14.087,12.345,12.182,10.526,8.729,8.6141,7.8899,8.3051,10.667,9.8419,11.745,11.777,11.745,12.878,12.722,14.393,14.685,15.976,15.976,16.677,18.644,19.41,17.999,18.164,15.275
15.637,17.647,18.24,18.481,17.682,17.444,17.115,17.473,16.801,16.116,14.103,14.237,15.235,14.632,13.986,15.284,14.184,14.804,13.986,14.175,14.246,14.528,14.184,14.676,14.326,14.308,13.327,12.164,10.328,8.9197,11.965,14.175,14.949,15.176,15.367,16.116,15.637,15.507,17.181,17.092,17.033,16.388,16.619,15.677,14.414,15.798,15.143,14.676,15.309,14.701,15.613,16.021,16.642,16.388,17.115,17.854,18.371,17.854,15.507,14.414,11.501,12.893,14.175,14.175,14.966,13.822,12.893,11.848,10.474,9.6168,7.8629,8.3018,7.8144,10.192,10.267,11.49,11.356,12.432,12.584,13.959,14.211,14.326,15.758,16.558,17.386,18.481,19.657,18.948,18.247,16.334
14.416,16.487,17.315,17.552,17.073,17.013,16.573,15.903,14.98,15.279,13.361,13.235,13.448,13.978,13.706,13.525,13.903,13.659,13.847,13.706,13.477,13.274,13.828,13.847,13.583,12.52,12.572,11.21,9.4685,7.6524,11.63,13.391,14.042,14.797,14.262,14.398,14.797,14.762,15.482,15.347,15.681,15.186,14.797,14.116,13.828,14.262,13.361,14.005,14.683,13.781,14.042,14.902,15.109,15.943,15.722,16.921,17.648,16.829,15.271,13.391,10.494,12.603,13.361,14.334,12.644,13.245,11.883,11.245,9.0057,8.0485,7.2882,8.0485,7.703,9.7914,9.725,10.702,11.927,11.484,12.067,12.572,13.525,14.143,14.902,15.582,16.487,16.806,18.19,17.552,16.233,14.656
15.757,18.062,19.039,19.078,18.375,17.827,17.496,16.496,15.835,14.932,14.181,14.277,15.244,14.655,13.416,14.102,14.031,14.714,14.51,14.484,14.655,14.102,14.655,15.479,14.527,13.463,13.709,11.844,10.272,8.6015,12.062,13.987,14.484,15.154,15.35,15.479,15.35,15.898,16.435,16.941,16.23,16.268,16.563,14.99,14.45,14.587,13.96,13.709,14.99,15.598,15.606,15.898,17.123,17.044,17.785,18.117,19.246,17.785,16.207,13.554,11.471,13.164,14.79,14.956,15.212,13.817,12.134,11.373,10.404,10.028,7.6058,7.9879,9.2684,10.476,10.015,11.275,11.471,12.377,13.536,13.268,14.756,15.479,16.563,16.503,17.297,18.375,20.526,18.73,18.657,15.382
15.652,17.768,18.451,18.341,18.533,18.621,17.057,16.592,15.7,15.971,14.84,14.187,14.78,14.652,14.017,15.284,14.78,13.531,14.399,14.391,15.076,14.214,14.608,14.608,14.677,13.671,13.671,11.775,10.661,9.3479,11.829,13.863,14.214,14.916,15.603,15.193,15.78,16.089,17.094,17.445,16.152,16.034,16.369,14.848,14.232,15.481,14.399,14.161,14.789,15.652,16.089,15.383,16.705,16.637,17.824,18.217,18.293,17.824,16.652,14.223,11.775,13.717,14.187,15.193,15.579,14.232,14.107,11.393,11.056,9.9117,8.1033,8.6753,9.2665,9.8734,10.163,11.732,12.155,12.165,13.531,13.999,14.399,14.882,16.026,16.152,17.445,18.763,19.657,19.798,18.265,15.416
15.874,17.907,18.155,18.073,18.461,18.555,17.57,17.162,16.238,15.968,15.095,14.125,14.464,14.567,14.054,14.879,14.498,14.395,14.804,14.186,14.669,13.695,15.079,14.524,14.541,13.858,13.006,11.897,9.8371,8.301,11.601,13.549,14.265,14.879,14.946,15.653,15.614,16.1,17.399,16.451,16.766,16.936,15.365,15.59,14.291,14.498,14.669,14.116,15.095,14.812,15.59,16.361,16.238,17.292,16.729,18.073,18.959,17.983,16.512,14.386,11.855,14.177,13.623,15.037,14.464,13.309,13.429,11.991,10.27,9.0329,8.1192,8.6099,9.3176,9.6841,10.173,10.95,12.949,12.268,12.968,13.092,14.386,14.77,16.061,16.825,17.449,17.983,18.635,18.722,18.024,15.518
15.659,18.298,18.702,18.702,18.141,17.682,17.204,16.942,16.608,15.539,14.469,14.006,14.391,14.834,13.979,14.469,14.606,14.809,14.885,14.059,14.086,14.2,14.296,15.15,14.742,13.388,13.21,12.701,9.9412,7.7616,12.068,13.863,14.951,15.37,14.121,15.856,15.402,15.856,16.883,16.343,16.735,16.993,14.976,15.667,14.546,14.469,15.207,14.4,14.951,14.546,15.101,15.88,16.533,17.066,16.735,18.162,19.019,18.024,16.457,14.503,10.794,12.72,14.503,15.207,14.4,13.627,13.899,12.323,10.666,8.4966,7.6322,8.7135,9.5321,9.4929,9.636,11.637,11.519,11.648,12.513,13.011,13.728,14.674,14.976,17.32,17.456,18.514,19.656,19.433,17.969,16.09
15.803,17.057,18.327,18.347,19.309,16.702,17.519,16.254,15.491,15.612,14.706,14.414,14.423,14.765,13.446,14.501,14.492,14.526,14.595,14.072,14.292,14.134,14.697,14.569,14.492,14.214,13.278,12.097,10.601,8.5976,11.698,14.072,14.526,15.066,15.297,15.124,15.999,16.061,16.702,16.491,17.318,16.491,15.612,15.62,13.939,14.205,14.526,14.205,14.31,14.975,16.147,15.684,15.944,17.383,17.483,17.858,19.127,17.49,16.559,14.143,10.96,12.74,13.822,14.222,15.108,13.502,12.74,11.005,10.302,9.1191,7.6279,8.317,9.5079,8.51,10.057,10.788,11.794,12.159,11.666,13.529,13.894,14.706,15.944,16.612,17.49,18.052,20.391,19.598,18.327,15.499
15.246,17.986,18.179,18.288,17.986,17.882,17.657,15.793,15.642,15.425,15.024,14.748,15.189,14.405,14.79,14.284,14.697,13.993,14.064,14.143,14.126,14.143,14.492,14.517,14.064,14.214,14.196,12.151,10.296,8.2366,12.007,13.586,14.832,15.279,15.189,15.417,15.189,16.267,16.788,16.788,17.068,16.751,15.49,15.32,14.517,14.991,14.586,14.697,14.688,14.899,15.417,15.674,16.534,17.372,17.046,17.657,18.363,17.735,16.428,14.301,10.723,12.888,14.899,14.301,13.777,13.223,12.605,11.871,10.051,9.4757,7.8011,7.9906,7.6069,10.582,10.5,10.953,12.495,11.659,12.994,13.071,13.521,14.899,16.012,16.951,17.163,18.424,19.675,19.637,18.158,16.012
17.535,20.264,20.3,20.622,20.551,19.807,19.284,18.868,17.514,17.458,15.506,16.415,16.348,15.902,15.809,15.427,16.481,16.592,15.592,16.437,16.085,15.252,15.615,16.437,16.415,15.717,15.107,13.121,10.875,9.5369,13.694,15.34,16.796,17.584,16.481,16.709,17.346,17.838,18.79,18.157,18.277,18.536,17.458,17.804,16.891,16.325,16.077,16.658,17.027,16.145,17.5,17.535,17.947,19.665,18.868,18.9,20.769,19.832,18.277,16.145,12.196,13.967,15.755,16.145,15.212,15.018,14.822,12.226,10.875,9.5879,9.3692,9.1052,9.0784,10.556,10.072,11.654,13.415,13.984,14.329,14.929,14.994,15.925,17.804,19.435,20.149,20.414,21.817,21.439,19.453,17.584
16.421,17.994,18.717,18.493,18.168,17.838,17.166,16.718,16.094,15.904,15.13,14.402,15.096,13.727,14.172,14.86,14.163,14.234,14.723,14.585,14.594,13.983,14.402,14.792,14.723,13.874,13.663,12.604,10.356,8.6528,12.803,14.225,15.071,15.599,15.13,15.13,15.623,15.792,16.421,17.1,16.102,16.474,16.219,15.744,15.163,14.411,14.402,14.305,15.296,14.723,15.784,15.321,16.589,17.603,17.284,18.008,18.939,17.994,16.196,13.983,11.076,12.422,14.62,14.663,14.243,13.163,13.533,11.568,10.368,8.2946,9.3956,8.5351,8.912,9.6742,9.983,12.237,11.923,12.422,12.442,13.201,14.594,13.983,15.493,17.781,17.824,18.717,20.423,19.563,18.445,15.395
16.085,17.379,19.234,18.68,18.482,16.733,16.921,17.204,15.998,14.805,14.676,13.675,14.967,14.598,14.023,14.415,14.327,13.554,14.318,14.633,15.135,14.256,14.607,15.017,14.318,14.633,13.986,11.589,10.193,8.0541,12.123,13.986,15.758,15.894,15.101,15.31,16.061,15.507,16.061,16.085,15.998,17.122,16.249,15.218,14.529,14.633,13.507,13.822,14.967,14.607,15.409,15.507,16.435,17.854,16.884,17.988,18.848,17.626,17.321,14.175,10.702,13.749,14.676,15.807,13.069,13.375,13.507,11.04,9.2546,8.6605,8.0541,7.6838,9.6828,11.256,9.7739,11.479,12.615,12.165,13.85,12.991,14.104,14.633,16.116,17.445,18.129,18.632,20.398,19.102,18.564,16.085
15.995,17.458,18.239,18.488,18.246,17.588,17.039,16.686,16.518,15.24,14.402,14.045,14.681,15.512,14.242,14.707,14.322,14,14.242,14.314,14.912,13.827,14.912,15.115,14.878,14.242,13.549,11.788,10.27,8.3352,11.755,13.558,14.81,15.106,15.115,15.667,15.61,16.027,16.625,16.739,17.128,16.739,15.61,15.683,14.638,14.533,13.408,14.135,14.955,14.108,15.022,15.683,16.919,17.305,17.538,17.653,18.733,17.516,16.394,14.18,11.089,13.092,14.638,15.406,14.878,14.108,12.252,10.776,9.6859,9.5009,9.0778,8.3047,8.5455,11.089,10.196,11.712,12.739,12.838,12.589,13.408,15.406,14.946,15.812,17.327,17.71,18.982,19.554,18.658,17.567,15.683
15.805,17.804,18.136,17.932,19.176,17.568,17.225,17.364,15.291,15.513,14.742,13.928,14.638,14.947,14.525,14.819,14.314,14.612,15.316,14.612,14.708,14.323,14.403,14.742,14.955,14.742,13.512,11.938,10.084,9.0083,12.107,13.828,14.217,14.87,15.149,15.374,15.619,16.465,17.129,16.74,16.679,16.74,15.107,15.684,14.682,14.429,14.742,14.243,14.612,14.682,15.619,15.805,16.24,16.74,17.188,17.847,18.052,17.804,16.185,14.42,10.587,13.132,14.403,14.638,14.811,13.38,13.559,12.107,11.26,9.1202,8.2593,8.9234,9.8937,9.6208,10.671,12.437,12.839,12.947,12.898,13.606,14.708,14.819,15.925,16.89,17.625,18.741,18.53,18.468,16.883,14.819
15.503,17.46,17.889,18.028,18.786,17.813,17.302,16.461,15.852,15.268,14.55,14.403,14.273,15.046,14.507,14.403,14.737,14.203,14.98,14.677,14.955,14.203,15.178,15.268,14.838,14.194,13.839,12.879,10.586,8.4985,11.682,13.175,14.609,14.737,16.125,15.013,15.478,15.86,16.317,16.975,16.589,16.416,16.416,14.299,14.053,14.395,13.92,13.391,14.369,14.888,15.781,15.268,16.679,17.15,17.58,17.686,18.812,16.887,16.04,13.703,11.391,13.982,15.406,14.677,15.977,14.124,12.83,12.07,10.42,9.2828,8.5423,8.5859,10.105,9.4687,10.68,11.988,11.38,12.566,13.484,13.316,14.955,15.013,15.623,16.461,16.887,17.474,19.069,19.127,17.431,15.478
15.656,17.819,18.757,18.318,18.179,18.151,17.466,16.136,16.409,15.254,14.264,14.677,14.04,14.694,14.255,14.538,14.193,15.103,14.694,14.344,14.883,14.193,14.538,14.546,15.329,13.976,13.344,12.138,10.524,8.9166,11.493,13.229,14.193,14.959,15.036,14.959,16.324,16.073,16.662,16.409,16.701,16.455,15.526,15.567,14.985,14.255,15.128,14.228,15.304,14.013,15.128,15.697,15.826,17.474,17.114,18.172,18.757,17.833,16.017,14.326,11.603,13.143,15.778,14.883,15.254,14.273,13.608,12.138,11.134,9.5094,9.086,9.1278,9.3749,9.4155,10.13,11.766,12.106,13.007,12.849,12.64,13.756,15.304,15.237,16.509,17.239,17.002,18.484,18.504,16.701,16.009
15.301,17.873,18.706,18.453,18.092,18.169,16.697,17.118,16.125,14.82,14.19,14.037,14.82,15.151,14.037,15.1,14.829,14.613,14.622,14.412,15.159,14.43,14.889,14.82,14.889,14.691,14.055,11.807,9.7841,8.1252,11.601,13.708,14.82,14.88,14.674,15.775,15.126,15.523,16.781,16.637,16.841,16.621,16.014,16.078,14.055,15.351,13.837,14.118,15.117,14.341,15.159,15.425,16.133,17.637,17.111,17.63,18.48,17.873,16.133,14.199,11.154,13.708,14.82,15.629,14.01,13.837,12.598,11.086,10.713,8.8003,8.447,8.5516,9.4137,11.491,10.078,12.598,12.271,12.718,13.643,13.901,14.055,14.889,16.452,16.621,16.506,17.894,19.015,17.694,17.398,15.159
14.68,17.526,17.797,18.18,17.519,16.774,16.208,16.664,15.754,15.077,14.68,13.782,13.889,14.478,14.88,14.021,14.478,14.384,14.021,14.512,14.299,14.588,14.03,14.789,14.579,13.915,13.087,11.918,10.025,8.4708,11.562,14.195,13.612,15.174,14.88,15.439,15.166,16.086,16.956,17.315,16.862,15.206,15.133,14.946,14.41,14.88,13.612,13.675,14.021,14.452,15.558,15.052,16.086,16.426,16.956,16.971,18.153,16.774,15.391,14.195,11.304,13.012,14.376,14.588,14.647,13.53,12.071,10.872,10.422,9.7392,8.8259,8.1755,8.6573,10.539,11.14,11.326,12.423,12.638,13.087,13.393,14.41,15.077,15.133,16.306,16.627,16.956,18.442,17.853,16.92,14.88
15.199,17.347,16.997,17.754,17.943,17.634,16.343,16.586,15.322,15.224,14.722,14.246,14.105,14.246,13.524,14.158,14.516,14.158,14.594,14.228,14.654,14.228,14.051,14.883,14.051,13.908,13.225,11.524,10.559,9.5237,11.94,13.672,14.654,14.516,15.092,15.257,15.025,15.932,16.518,16.989,16.018,15.963,16.049,14.722,14.438,13.663,13.139,13.552,14.025,15.199,15.908,15.249,15.829,16.343,17.412,17.754,18.378,17.584,15.829,13.168,11.293,13.139,13.845,15.058,14.722,14.722,13.524,11.728,10.024,8.7562,8.0712,7.525,9.5631,10.559,10.806,11.414,12.179,12.514,13.053,13.808,15.025,15.224,16.586,15.59,16.049,17.712,18.575,17.754,17.433,15.058
16.446,19.429,19.267,20.412,19.528,18.321,18.639,18.484,18.03,16.672,15.881,14.254,15.272,15.911,16.189,15.721,16.009,16.211,16.009,15.483,16.241,16.439,15.583,16.3,15.813,15.813,15.256,13.464,11.789,10.109,12.945,14.913,15.327,15.637,16.679,16.329,15.964,17.412,18.321,18.222,18.202,16.772,16.592,16.189,15.208,15.911,15.272,15.319,15.699,16.446,17.106,16.929,17.391,17.652,19.073,19.13,19.466,19.429,17.329,15.208,11.941,15.105,15.272,15.964,16.758,15.389,14.118,12.501,12.061,10.964,9.0414,9.5207,9.7699,10.754,12.298,11.941,14.296,13.764,14.913,14.784,15.506,16.174,16.233,18.03,18.222,19.123,20.193,19.833,19.466,17.502
16.896,19.36,19.428,19.727,19.004,19.035,18.603,17.645,17.072,16.617,16.03,16.216,15.933,15.668,15.359,15.759,16.407,15.782,16.739,15.202,16.896,16.559,15.933,16.451,16.451,15.328,15.606,13.438,11.298,10.089,12.322,14.599,16.097,15.475,16.639,16.268,16.853,17.357,18.389,18.833,17.543,17.295,17.685,15.88,15.668,15.107,15.107,14.722,15.367,16.157,17.651,16.754,17.378,18.047,19.142,19.727,20.419,18.827,17.543,15.242,11.55,14.401,15.668,16.668,16.334,15.782,14.55,12.477,10.997,10.041,9.4133,8.8223,10.507,10.943,11.266,13.65,14.226,14.722,14.268,14.665,16.509,16.559,16.988,18.324,19.483,19.061,20.372,19.872,19.186,16.818
15.333,17.638,17.943,17.638,16.953,17.469,16.953,15.683,15.596,14.909,14.206,13.639,13.836,14.438,13.943,13.916,14.223,13.836,15.131,14.464,14.481,14.127,14.119,15.525,14.506,13.854,13.374,12.126,10.478,8.9542,11.521,13.122,13.328,14.136,14.481,14.464,14.481,15.549,15.421,16.689,15.964,15.469,15.469,14.481,13.809,13.987,13.225,13.566,13.854,14.818,15.397,14.901,15.707,16.24,16.697,17.349,17.749,17.22,15.405,13.774,11.261,13.374,14.818,15.106,14.818,13.801,13.253,11.435,9.554,8.7874,7.5654,8.6743,8.0855,10.057,10.536,11.261,12.427,12.126,14.301,14.301,16.018,14.617,15.517,16.398,16.511,17.391,18.384,17.833,17.127,14.709
15.333,17.244,18.621,18.181,17.838,17.041,16.729,16.038,15.13,14.532,13.852,13.656,13.843,14.282,12.71,14.128,14.064,13.852,14.786,14.064,15.13,14.092,15.624,15.425,14.603,14.769,13.647,12.433,10.747,8.8574,11.565,13.476,14.417,14.21,14.708,14.21,15.796,15.35,15.525,16.613,15.333,15.516,15.198,14.786,13.731,13.797,13.656,13.39,13.609,14.345,15.425,14.717,15.926,16.426,16.744,17.363,18.293,16.356,16.118,13.225,11.397,13.39,14.21,14.916,14.985,14.282,12.098,11.565,8.6219,8.8719,7.1725,8.6368,10.456,9.3518,10.456,10.948,11.829,12.055,13.609,13.39,15.019,15.054,16.426,17.041,17.51,17.744,18.847,18.704,18.662,15.516
15.419,16.931,18.252,17.576,17.958,17.59,17.084,15.861,15.095,14.244,13.677,13.134,14.148,13.785,13.928,14.416,13.919,14.078,14.553,13.523,14.629,14.008,14.148,15.095,13.821,13.999,14.235,12.348,10.248,8.4656,11.477,13.124,14.218,14.947,14.339,14.476,14.922,15.249,15.884,15.799,16.047,15.791,15.314,15.176,13.821,14.553,13.431,13.955,14.416,13.431,14.78,14.913,15.483,16.435,15.915,16.88,17.924,16.931,15.697,14.078,10.569,14.034,14.913,15.119,14.493,13.431,12.732,10.627,10.066,8.0925,7.7333,7.5227,9.5622,10.38,11.038,10.948,12.586,12.136,13.65,13.237,14.139,14.755,15.435,17.342,16.008,17.653,18.982,18.864,17.018,14.897
15.743,17.26,17.504,17.438,17.745,17.148,16.5,16.098,15.718,14.974,14.423,13.598,14.423,14.521,13.721,14.352,14.705,13.98,14.705,13.636,14.226,14.405,14.913,14.731,14.521,14.775,14.199,12.014,10.654,9.5619,11.218,13.645,13.98,14.017,14.28,14.307,14.307,15.438,16.193,16.098,16.359,15.905,15.246,15.471,14.731,14.271,13.98,14.19,14.697,13.767,14.905,14.913,15.913,16.343,16.546,17.26,17.996,17.453,15.743,14.053,11.667,12.95,14.913,14.905,14.494,13.215,12.268,11.433,9.9952,8.2498,7.9161,8.2498,9.317,10.738,10.249,11.489,12.257,12.268,13.264,13.379,14.775,15.068,15.84,17.148,16.99,18.447,19.562,18.307,17.975,15.913
15.123,17.45,17.508,17.334,17.964,17.01,16.778,16.413,15.616,14.578,14.656,13.904,12.657,13.976,13.803,14.887,14.227,14.509,14.404,14.021,14.656,14.307,14.613,15.064,14.887,14.929,13.195,12.436,10.363,9.6694,11.059,13.109,13.535,14.218,14.578,15.114,14.929,15.089,16.031,16.596,16.74,15.656,15.705,14.587,14.395,13.94,13.675,13.803,14.218,13.976,15.156,14.578,15.592,15.999,16.657,17.709,17.486,17.069,15.289,14.156,11.025,13.413,14.793,14.997,14.003,13.413,12.567,11.162,9.3506,8.7791,8.2906,9.0624,8.6047,10.687,10.568,12.567,13.271,13.195,13.041,13.831,14.404,13.831,15.968,15.896,16.535,18.708,18.606,18.822,17.773,15.616
16.813,18.957,19.797,20.427,19.103,19.31,19.644,17.85,17.027,15.906,15.421,15.351,15.662,15.256,14.14,15.374,15.693,15.161,15.693,16.035,15.997,15.608,15.868,17.083,15.937,15.232,15.669,13.839,11.306,9.5357,13.414,14.742,16.214,15.937,15.53,16.035,16.934,16.934,17.405,17.605,17.748,17.363,16.325,16.618,15.421,15.169,14.602,15.693,15.838,15.507,15.723,16.274,17.02,18.178,18.804,18.976,19.991,18.461,17.707,15.161,12.149,14.937,17.105,17.154,15.507,14.937,13.76,11.199,10.849,9.029,8.5769,9.3182,10.624,11.391,11.643,12.75,12.966,13.681,15.608,14.937,16.155,16.259,16.618,19.109,18.701,19.901,21.322,20.285,18.797,16.956
17.01,18.951,19.637,19.625,19.291,18.938,17.859,18.013,17.402,16.659,15.708,14.727,14.978,15.217,14.751,15.799,15.367,16.309,15.822,14.922,15.615,16.22,16.094,15.974,16.602,15.769,15.615,14.049,11.856,9.8614,12.878,14.719,15.799,15.974,15.406,16.257,16.339,17.031,17.346,17.339,17.859,17.859,16.688,16.882,16.094,15.708,15.241,15.592,15.974,14.922,16.551,16.688,16.681,18.39,18.093,19.159,20.229,18.39,17.778,15.209,12.028,14.922,15.708,16.492,16.456,15.592,13.21,13.036,11.069,9.02,8.5683,9.6392,9.1261,12.028,11.38,13.256,13.877,14.049,14.946,14.529,15.615,16.746,17.01,18.331,18.881,19.588,21.284,20.977,20.133,17.532
16.017,17.521,18.163,18.269,17.949,16.771,17.277,15.799,15.082,14.285,13.799,13.929,14.526,13.402,12.269,13.507,14.149,14.294,14.605,13.957,14.294,14.285,14.789,15.26,14.526,14.294,13.78,12.28,10.749,8.6086,11.842,13.63,14.526,14.746,14.285,14.067,15.133,15.218,15.353,15.782,16.24,15.782,15.428,14.357,13.392,13.734,13.392,13.799,14.605,13.929,14.746,14.348,15.353,16.747,15.928,17.455,17.819,16.562,15.75,14.366,11.343,13.696,14.979,15.92,14.348,13.276,12.682,11.478,9.6514,7.94,8.3968,9.6381,10.005,9.4765,10.145,11.478,12.269,13.228,13.799,13.957,14.988,15.133,16.885,17.514,17.044,18.332,18.604,18.624,17.277,15.66
16.679,18.929,19.646,19.866,18.948,19.548,18.647,17.53,16.49,15.979,15.797,15.797,14.895,14.725,14.919,15.512,15.59,15.239,16.181,15.651,16.181,15.82,16.779,16.195,16.255,15.705,14.895,13.568,11.577,9.8599,12.507,14.919,15.215,15.82,15.888,16.483,17.509,17.281,17.42,18.511,17.509,18.097,17.856,15.797,16.664,14.749,15.016,14.634,15.144,16.686,16.915,16.743,17.509,17.564,18.472,19.106,19.775,18.472,16.664,14.757,12.792,15.239,16.016,16.195,16.743,15.674,13.497,11.855,10.567,10.243,8.7339,8.6925,10.969,11.41,11.325,14.952,13.326,14.634,14.527,17.007,17.028,17.007,17.064,17.162,19.049,19.536,20.136,20.022,19.35,16.49
15.645,18.145,17.996,17.504,17.853,17.766,16.484,15.784,15.321,14.914,14.199,13.832,14.199,13.331,13.646,14.627,14.494,14.017,14.09,13.721,14.405,14.705,14.697,15.505,14.521,14.775,14.19,12.465,10.846,9.1362,11.115,13.523,14.512,14.017,15.237,14.905,14.836,15.321,15.612,16.732,15.873,15.645,16.026,15.187,14.226,13.693,13.916,13.079,13.523,14.965,15.388,14.965,16.026,16.098,16.601,17.26,17.766,16.785,15.743,12.92,11.252,14.343,14.09,15.008,15.068,13.494,13.186,11.115,10.642,9.3446,8.3581,7.9324,10.262,9.7876,10.774,12.831,13.264,11.7,13.617,14.199,15.119,14.732,15.413,16.343,15.832,17.96,19.231,18.648,17.335,14.732
15.01,17.131,17.602,17.679,17.658,16.956,17.282,15.939,15.633,14.969,13.734,12.954,13.256,13.77,14.651,13.144,14.515,13.77,13.975,13.734,14.446,14.099,14.472,14.54,14.369,14.055,13.543,11.959,10.263,8.478,11.58,13.67,14.438,13.842,14.369,14.944,14.651,14.935,16.124,15.939,16.549,16.255,14.935,14.785,14.028,14.852,13.949,13.975,14.081,14.019,14.777,15.117,14.701,15.908,16.489,16.421,17.425,16.934,15.625,13.451,11.353,14.16,15.939,14.515,14.369,14.099,12.982,10.919,10.998,9.2605,7.401,8.3454,8.4487,10.964,11.188,11.58,13.77,12.476,13.284,12.751,14.446,14.438,14.944,16.193,15.939,16.728,18.74,17.167,16.549,14.169
15.166,17.314,17.785,17.756,18.329,17.284,17.043,16.598,15.115,14.637,13.688,13.81,14.061,14.061,13.46,13.679,14.243,14.397,14.316,14.388,14.951,14.566,14.821,15.02,14.804,14.951,14.27,11.857,11.149,9.0511,11.424,13.344,14.134,13.763,14.778,14.27,14.951,15.166,15.702,16.371,16.559,15.52,14.821,14.397,13.688,14.061,14.061,13.763,13.959,14.557,15.661,14.951,15.259,16.18,15.833,16.929,17.793,16.276,15.436,12.941,12.052,13.876,14.27,15.251,14.951,13.987,12.75,11.615,9.8181,9.7653,8.1971,8.4149,9.3737,10.218,11.103,10.724,11.791,12.961,13.227,13.256,14.672,15.234,15.02,15.922,16.148,17.202,17.559,17.625,16.776,14.325
17.02,18.685,19.199,19.558,19.426,19.065,18.429,17.892,17.507,17.048,15.245,14.849,14.117,15.373,15.237,16.138,15.686,15.679,15.141,14.575,15.933,15.679,15.802,16.341,15.686,16.281,15.012,14.373,11.618,10.306,11.363,14.117,14.849,14.987,16.168,16.651,16.168,16.883,18.122,18.429,17.694,17.048,16.548,16.348,15.499,15.679,15.141,14.39,15.333,15.864,16.753,16.288,16.496,17.451,18.482,18.86,19.225,17.618,16.869,15.012,11.948,14.525,15.46,15.741,16.962,15.491,14.675,12.379,10.459,9.9944,8.391,9.0611,10.459,11.523,11.649,13.29,13.969,13.75,14.584,15.036,15.933,15.918,16.168,17.113,17.967,19.046,19.206,19.558,17.967,16.408
14.768,16.681,17.538,17.678,17.523,17.501,16.813,16.08,15.82,14.663,14.011,13.445,13.759,13.328,13.454,13.984,14.085,14.259,14.476,13.9,14.413,14.341,14.583,15.141,14.847,14.404,14.768,12.391,10.97,9.293,11.122,13.142,13.759,14.476,14.268,14.404,14.777,15.278,15.58,15.942,15.463,15.795,15.82,14.986,14.122,13.909,13.396,13.328,13.9,13.712,14.592,14.583,15.522,15.795,16.24,16.875,17.648,16.494,15.488,13.241,11.169,12.893,14.978,15.622,15.32,14.413,12.598,11.444,9.8353,8.3988,7.6388,7.7567,8.7911,10.108,9.568,12.243,12.578,12.264,12.243,13.328,14.413,14.494,14.847,15.942,16.304,16.859,18.925,17.788,16.928,15.32
17.133,18.729,19.755,19.969,18.781,19.35,18.5,17.274,16.473,16.069,15.3,14.674,14.524,15.244,15.043,15.308,15.356,15.308,15.419,15.427,15.894,15.985,16.983,16.961,16.407,16.407,14.79,14.236,11.886,10.27,11.512,14.389,15.498,14.848,15.244,14.987,15.49,17.133,17.795,17.387,17.575,17.338,16.054,15.801,15.14,14.807,15.372,14.674,15.011,15.451,15.685,16.235,16.846,17.133,17.795,18.201,19.444,17.945,16.788,15.451,12.832,14.674,16.28,16.077,16.495,15.332,14.313,12.378,10.825,9.1007,9.0739,9.3124,10.365,11.362,12.737,13.068,12.641,14.347,15.356,13.899,15.894,16.473,17.019,17.492,17.945,20.617,19.656,19.963,18.891,17.04
16.177,18.413,19.353,18.84,19.803,19.704,18.366,17.846,17.324,17.175,14.843,14.71,13.933,15.242,14.685,15.242,15.528,14.884,15.956,15.84,16.207,16.116,16.177,16.595,17.003,15.409,15.023,14.168,10.896,9.517,11.423,14.826,14.685,14.851,15.409,15.409,15.747,16.395,17.549,17.38,17.928,16.514,16.154,15.409,15.048,15.274,15.346,15.105,15.048,15.08,15.84,16.093,15.833,17.493,17.812,18.01,18.625,18.625,16.808,15.497,12.25,15.023,16.025,16.624,16.116,14.884,14.151,11.476,11.217,10.484,8.411,9.5042,9.9447,11.217,11.967,13.146,13.322,15.072,14.826,14.884,16.207,15.971,16.822,17.373,17.486,18.413,19.397,20.591,17.486,16.207
16.274,19.661,19.913,19.299,19.568,19.045,18.618,18.195,17.013,16.161,14.801,15.295,15.414,14.443,15.005,15.102,15.366,15.703,15.796,15.366,15.911,15.796,16.401,16.43,16.289,15.888,15.765,13.548,11.56,10.547,11.933,13.646,15.303,15.303,15.445,15.602,16.131,15.888,17.485,18.618,16.644,17.381,16.84,15.35,15.888,14.842,14.916,14.316,15.102,15.796,16.334,16.334,16.876,16.84,18.195,18.787,19.057,18.101,16.76,14.669,12.452,15.295,15.484,16.01,17.296,15.888,13.467,11.644,10.466,9.4774,8.7426,9.4259,10.821,10.899,11.131,13.964,13.548,13.646,14.834,15.005,15.492,16.804,17.61,17.381,18.677,19.343,20.252,20.252,18.094,16.578
17.427,19.484,20.091,20.896,19.921,19.428,18.69,17.469,17.012,15.914,14.817,15.645,16.246,14.619,14.494,15.3,15.068,15.036,16.133,15.575,15.652,16.261,15.952,16.402,16.32,16.313,15.458,13.791,12.114,9.4738,11.676,13.826,15.172,15.575,15.108,15.645,15.004,16.081,16.832,17.853,16.372,16.52,17.294,15.276,15.676,14.359,14.485,14.215,14.759,15.914,15.914,16.081,17.322,17.231,18.69,18.566,19.682,18.23,16.947,14.359,13.216,15.387,17.322,17.6,16.372,14.906,14.206,12.928,10.39,9.4096,8.3873,9.5121,11.371,11.902,10.936,13.799,13.443,14.485,14.494,15.465,16.246,16.556,17.097,17.908,18.389,19.854,20.408,20.055,18.858,16.043
15.362,17.481,18.304,17.564,17.764,17.453,16.8,16.426,15.792,15.002,13.06,12.605,13.571,13.571,13.272,13.544,13.544,13.758,14.566,14.202,14.381,13.678,14.666,15.227,14.338,14.125,13.254,12.576,10.299,9.0952,10.591,12.371,13.022,13.162,13.96,13.643,13.82,14.381,15.41,15.299,15.002,15.362,14.912,14.236,13.846,13.254,12.976,12.605,13.022,13.544,14.406,14.313,15.034,15.362,15.884,16.345,17.791,16.059,15.676,13.354,11.547,13.714,15.091,14.381,14.641,13.89,12.252,11.441,9.5773,8.4288,6.5809,7.6733,9.3589,10.625,10.818,11.879,11.557,12.576,12.605,13.472,14.381,14.338,15.676,15.598,17.122,16.157,17.682,17.348,16.756,14.364
17.104,20.082,20.744,20.251,19.347,19.516,18.093,18.099,17.26,16.069,14.341,15.483,14.041,15.444,14.833,15.887,15.491,14.915,15.978,15.325,15.678,15.74,15.978,16.107,16.28,15.74,15.444,13.357,11.506,9.879,11.881,13.892,14.784,15.483,15.198,15.198,15.577,16.693,17.125,16.839,17.712,17.519,16.399,16.547,15.702,15.293,14.8,15.004,15.444,15.029,15.133,15.91,16.273,17.519,17.828,18.753,19.215,18.419,17.876,15.491,12.204,15.037,17.685,15.856,15.794,14.718,13.024,12.185,11.261,8.6157,8.7836,9.4895,9.5279,11.922,11.84,13.822,14.341,12.949,15.577,13.822,15.925,16.34,16.875,18.36,18.307,19.647,20.251,19.215,19.037,16.773
15.953,17.13,18.346,17.836,17.594,17.572,16.315,16.434,16.693,14.168,13.769,13.376,12.992,13.463,13.712,14.269,13.769,13.993,13.993,14.021,14.814,14.673,14.857,14.673,14.814,14.495,14.058,12.113,10.641,9.0302,10.834,12.902,13.22,13.919,13.863,14.132,13.919,14.503,15.297,16.591,15.288,15.83,15.134,13.909,14.095,14.168,13.25,12.862,13.54,13.721,14.423,14.414,15.134,15.83,16.219,16.848,17.311,16.591,15.057,13.338,11.82,13.769,15.732,15.499,14.058,13.338,12.336,10.714,9.3966,8.2171,7.4199,7.644,7.7117,11.188,11.94,11.721,11.897,12.781,13.289,12.892,14.387,14.593,15.203,16.259,16.315,17.572,19.027,18.689,16.94,15.091
16.708,19.534,19.602,19.264,19.565,19.757,18.535,17.885,17.68,16.414,14.993,14.122,14.813,14.813,14.522,15.315,16.122,15.505,16.562,16.347,15.693,16.197,15.924,15.747,16.362,16.991,14.993,13.12,11.26,9.5364,11.368,14.522,14.379,15.251,14.993,15.755,15.379,16.061,17.395,16.854,16.875,17.026,16.708,15.809,15.315,15.505,14.328,14.396,15.497,15.591,16.076,16.414,16.175,17.451,18.738,18.33,19.365,18.738,17.534,15.074,13.432,15.379,16.562,16.599,15.993,14.421,13.559,11.706,10.179,8.6235,8.4953,8.6235,9.3948,11.26,11.368,11.892,13.341,14.623,14.581,15.018,15.107,16.444,16.817,17.282,18.692,19.996,20.395,19.905,19.175,17.197
16.783,19.859,19.442,20.006,19.234,19.1,18.587,17.869,17.306,16.437,15.233,14.064,14.263,14.751,14.551,15.36,15.487,15.273,15.014,15.479,15.8,16.265,15.946,16.681,16.437,16.015,15.014,13.641,10.799,9.4985,11.96,13.854,14.416,15.039,15.831,15.923,15.527,16.526,16.841,18.235,17.335,16.797,16.841,15.384,15.265,15.014,14.61,14.159,14.543,15.946,16.526,15.892,17.165,16.928,18.107,18.613,19.087,18.561,17.165,14.374,11.949,15.448,16.31,15.831,16.841,14.543,12.401,10.845,10.194,9.5498,8.2296,8.4205,9.1977,10.674,12.122,12.391,13.924,13.739,13.605,15.039,16.578,17.029,17.363,17.271,18.796,19.106,20.327,20.327,18.62,17.475
15.989,19.527,20.595,19.407,19.72,19.096,18.363,17.028,17.573,16.472,14.411,15.051,13.279,15.5,14.846,15.051,15.649,15.843,15.531,15.365,16.157,16.119,15.959,16.21,16.157,15.905,14.829,13.75,10.932,9.8972,11.918,14.179,15.107,14.977,15.46,15.843,15.46,15.905,17.32,17.573,16.745,16.598,15.719,15.5,14.385,15.083,14.92,14.428,14.554,15.5,16.21,16.112,16.233,16.941,17.622,18.635,18.811,18.37,16.338,14.829,12.617,15.539,16.21,15.412,16.323,14.829,12.866,12.684,10.02,9.205,8.4272,9.7602,8.9213,11.763,12.372,12.904,13.588,14.171,14.006,15.974,16.45,16.833,16.45,17.092,18.39,19.445,20.404,20.79,18.196,16.941
15.511,17.762,18.752,18.536,17.37,17.204,16.976,16.296,15.744,14.684,13.26,13.732,14.142,12.902,13.387,13.348,13.002,13.299,14.106,13.807,14.069,14.289,14.443,15.603,14.604,14.004,14.361,11.862,10.464,8.411,10.501,13.032,13.77,14.289,13.387,13.732,14.684,13.929,15.068,15.163,14.604,15.163,14.825,14.207,14.361,13.722,13.26,12.75,13.416,14.289,14.106,14.613,15.342,16.2,16.518,16.651,17.915,16.651,15.569,13.23,12.25,14.207,15.146,15.486,14.506,13.703,11.774,10.514,9.194,7.9336,7.8013,8.9066,10.263,10.327,10.059,11.774,11.562,12.79,13.062,12.841,13.779,14.289,16.264,16.83,16.328,16.822,19.52,18.48,17.317,14.79
17.267,19.854,19.928,19.995,19.755,19.557,19.024,18.457,17.075,16.261,15.035,15.609,15.132,14.83,14.413,15.711,15.011,15.703,15.011,15.773,15.711,16.193,16.193,16.14,15.973,15.609,14.681,13.789,10.797,9.1154,11.906,14.052,14.539,15.333,15.515,14.872,15.261,15.333,17.075,17.075,16.728,17.025,16.261,15.773,15.124,14.814,14.606,15.349,15.229,14.37,15.035,15.889,16.321,17.748,17.139,18.53,18.889,18.042,16.618,14.904,13.493,15.357,17.075,17.415,15.85,15.523,14.061,12.069,10.976,9.1154,9.1154,9.7124,9.5985,11.381,11.498,13.771,13.135,14.156,15.011,14.259,16.011,16.216,16.381,17.913,18.398,19.337,20.02,19.786,18.19,16.786
15.361,18.193,17.647,17.617,17.874,18.143,17.174,16.983,15.994,15.096,13.633,13.898,13.293,12.773,13.185,13.44,14.094,13.832,13.804,14.746,14.168,14.424,14.63,15.096,15.087,14.63,13.372,11.85,9.5991,8.1905,10.345,12.187,13.293,13.006,13.804,13.728,14.029,14.46,15.37,15.096,15.31,15.513,14.851,13.804,12.925,13.604,13.323,13.086,13.264,13.096,14.612,13.832,14.816,15.361,15.739,15.969,17.735,16.349,15.165,13.879,12.144,14.232,14.851,14.746,14.639,13.954,12.618,11.795,9.92,8.1745,7.7987,8.5032,9.1963,10.483,10.631,11.029,12.304,12.262,12.773,13.757,14.424,14.895,15.739,15.739,16.983,17.288,18.107,17.174,16.452,14.232
15.642,18.002,17.849,17.878,18.146,17.739,17.404,16.621,15.874,15.245,14.134,12.621,13.286,13.578,13.807,14.959,13.901,14.253,14.198,13.901,14.854,14.543,13.712,14.253,15.029,14.317,13.901,11.886,10.271,8.2397,10.347,12.146,13.028,13.286,13.088,13.325,13.374,14.308,14.819,15.364,15.33,15.038,15.167,13.901,13.807,13.75,12.938,13.712,13.957,13.759,14.74,14.453,14.819,15.339,15.915,16.384,17.17,16.809,14.749,13.266,12.475,14.633,15.33,16.304,14.713,13.266,12.621,11.653,9.1411,8.4586,7.2267,8.672,8.566,10.535,11.207,11.853,11.973,12.36,13.058,12.928,13.957,14.633,14.06,15.997,15.516,17.178,18.067,17.404,15.742,13.807
16.465,19.267,19.595,20.423,20.041,19.343,19.03,17.513,17.589,16.127,15.858,15.065,15.097,15.363,15.506,15.546,15.291,15.089,15.291,15.664,15.951,15.514,16.651,15.974,16.112,16.127,15.363,12.964,11.436,9.4632,11.553,12.879,14.441,15.097,14.576,15.122,15.64,15.951,16.819,16.907,17.301,17.329,15.858,15.951,15.379,14.868,14.727,14.901,14.868,14.901,15.664,15.482,16.643,17.513,18.139,18.507,19.133,18.03,17.449,14.568,12.917,15.089,18.213,16.465,15.827,14.975,13.905,12.304,10.998,9.2137,8.4642,9.1065,8.8191,11.436,11.743,12.234,14.184,12.696,14.843,13.798,15.04,15.291,16.293,17.859,17.08,18.567,20.327,18.985,18.381,15.989
16.625,19.365,19.99,19.567,19.561,18.817,19.077,18.348,17.299,16.484,15.681,15.938,15.082,14.457,15.396,15.139,15.082,15.876,16.432,15.783,16.372,15.814,15.876,16.129,15.992,15.992,15.082,13.425,11.144,9.4348,11.911,13.489,14.457,15.681,14.885,14.918,15.759,15.845,17.128,17.077,17.099,16.78,15.658,15.814,15.212,14.918,14.584,14.389,15.114,14.593,14.885,15.38,15.845,17.099,17.099,18.186,18.186,18.186,16.831,14.584,13.092,15.992,16.669,16.662,15.876,14.992,12.555,11.703,9.93,8.4446,9.4087,9.5385,9.4738,10.954,10.705,13.352,13.352,13.715,15.38,14.381,15.571,15.969,16.357,16.925,17.32,19.141,19.346,20.355,17.741,16.506
16.657,19.561,19.909,19.68,19.835,19.251,18.092,17.874,17.094,16.238,15.166,14.58,14.88,15.809,15.207,15.754,15.207,15.077,15.84,15.303,16.208,15.964,16.147,16.366,15.894,15.964,14.913,13.531,11.14,9.9145,11.605,14.195,14.039,14.195,15.519,14.913,15.558,16.147,16.411,17.407,17.072,16.62,16.419,14.681,14.714,14.789,14.204,13.995,14.109,15.311,15.566,16.261,15.933,16.884,17.604,18.288,18.509,18.045,16.825,13.827,13.2,15.747,15.933,17.52,16.086,15.368,13.675,11.445,10.516,9.4318,7.7593,8.8678,9.5355,12.619,12.072,12.889,13.639,13.969,14.453,14.913,15.987,16.147,16.627,17.583,17.874,19.129,20.379,19.045,17.963,16.657
15.458,17.188,18.012,18.092,17.504,17.594,17.066,16.772,14.543,14.142,13.333,13.096,13.909,13.965,13.758,13.815,14.142,13.956,14.471,14.552,13.956,15.038,15.107,15.526,15.348,14.399,14.534,12.293,10.341,8.5711,10.64,12.314,13.066,13.421,12.824,13.294,13.509,14.04,14.326,14.907,14.863,15.348,14.863,13.538,12.874,13.382,12.314,12.483,13.106,13.586,14.04,14.462,14.828,15.348,15.925,16.37,17.027,16.25,15.382,12.874,12.451,14.48,15.526,16.505,14.624,13.333,11.98,10.239,9.5109,7.9376,6.8217,8.6772,8.3235,10.75,10.491,11.804,12.377,12.535,13.333,13.586,13.965,14.642,15.254,16.314,15.751,17.15,18.801,17.749,17.027,14.262
14.549,17.608,17.637,17.275,17.674,17.498,16.759,16.487,16.043,14.735,13.803,14.38,12.954,12.954,13.424,13.21,14.154,13.249,13.868,13.652,14.371,14.38,14.664,14.117,14.664,14.532,13.728,11.905,10.225,7.9366,10.021,12.278,12.456,12.824,12.793,13.249,13.21,14.172,15.361,15.378,14.389,14.308,13.681,13.633,13.756,13.181,13.414,12.362,13.652,13.366,13.681,13.681,14.371,15.089,15.251,16.203,16.291,16.171,14.549,13.013,11.697,14.317,15.081,15.759,13.337,12.864,12.934,10.174,10.162,8.0336,7.6888,9.3272,9.0889,9.4919,10.909,10.766,11.894,12.549,12.864,12.954,14.664,13.414,15.012,15.775,15.783,16.643,17.725,17.841,17.394,14.629
15.754,17.25,18.009,17.923,17.973,17.865,17.108,16.612,15.256,14.786,14.317,13.796,14.1,13.693,13.475,13.842,13.655,13.796,13.777,13.646,14.209,14.707,14.742,15.061,14.786,14.209,14.063,12.339,11.169,8.8568,10.269,12.192,12.597,13.195,13.273,13.195,13.389,14.344,14.353,14.915,14.063,13.851,14.768,13.504,12.678,13.475,12.266,12.266,12.556,13.427,14.531,13.655,15.078,15.223,15.623,15.916,17.332,15.884,15.129,12.055,11.839,13.851,14.344,15.129,15.256,13.608,12.525,10.206,8.9865,7.8892,8.7546,8.0186,10.066,10.193,10.589,10.889,11.565,11.883,12.214,12.91,14.236,15.214,14.522,14.976,16.728,16.612,18.32,17.663,17.16,14.707
17.746,18.955,20.151,20.133,19.995,18.891,18.511,18.452,17.081,16.47,14.773,14.6,14.935,15.127,14.732,15.505,14.846,14.65,14.991,15.721,15.836,15.851,16.346,15.904,16.323,15.836,15.606,13.358,10.98,9.7472,11.796,13.358,14.317,14.3,13.758,14.375,15.412,15.127,16.085,16.197,16.264,16.323,15.598,15.159,14.249,14.342,14.062,13.837,14.959,14.6,14.991,15.505,16.5,17.25,17.187,17.527,18.229,17.854,16.235,14.501,13.837,15.783,17.243,17.187,15.254,14.501,13.222,10.623,9.5346,7.9938,8.3624,9.4838,9.6851,11.558,11.305,13.697,12.805,13.697,13.644,13.863,15.063,16.257,16.782,16.911,17.152,18.795,20.723,19.208,18.248,16.323
14.812,17.463,17.293,17.435,17.943,17.236,16.453,16.505,15.958,15.134,13.982,13.108,12.948,14.061,13.831,14.227,13.849,14.052,14.218,13.911,14.704,13.733,14.399,14.603,14.603,13.849,13.341,12.091,10.041,8.6713,9.9427,12.121,12.443,12.571,12.995,12.995,13.341,13.938,14.201,15.101,14.052,13.733,14.322,13.146,12.531,12.765,12.814,12.091,12.659,14.017,14.67,13.561,14.762,14.67,15.989,16.165,16.852,15.78,14.603,12.765,11.333,13.415,14.603,14.399,14.33,14.296,11.844,10.368,8.6855,8.0215,7.2294,8.2637,8.0061,10.188,10.236,11.102,10.991,11.771,12.413,13.118,13.661,14.227,15.416,16.287,16.415,17.293,17.463,17.722,16.911,14.97
15.224,16.288,18.04,17.744,17.867,17.481,16.454,16.587,15.879,15.079,14.051,13.247,14.152,13.977,12.619,13.754,13.726,13.95,14.53,14.051,13.95,14.051,14.653,14.872,15.104,13.95,13.498,11.99,10.274,8.6512,10.362,11.816,12.822,12.741,12.932,13.218,14.014,13.754,14.387,14.872,14.768,14.369,14.378,13.189,12.741,12.952,12.203,12.822,13.189,13.498,14.315,14.306,14.941,15.65,15.65,16.145,16.415,15.944,15.241,12.982,11.518,13.977,14.95,15.156,14.662,13.179,10.68,10.007,8.2073,7.6203,6.6819,8.0325,9.3398,10.362,10.16,11.28,11.695,11.585,12.982,13.022,13.632,14.342,15.476,15.224,16.61,17.25,18.804,16.834,17.077,14.811
16.954,19.062,19.635,19.933,19.45,18.941,18.582,17.292,16.869,16.347,15.248,15.414,15.523,15.153,14.578,15.414,15.523,15.058,16.049,15.367,15.845,14.985,16.464,17.018,16.317,16.049,15.662,13.753,11.301,8.8492,10.81,13.098,13.858,14.269,14.133,14.056,15.153,15.241,15.929,16.265,16.406,16.689,15.715,15.018,14.311,13.884,13.577,13.858,14.065,15.288,15.966,15.248,16.079,16.926,17.145,17.698,18.941,17.78,16.675,14.644,13.398,15.715,15.86,15.499,14.644,14.244,12.495,10.355,8.3591,8.3447,7.8692,8.7396,9.9393,10.721,11.501,12.744,14.065,13.674,14.437,14.437,15.288,15.623,17.243,18.169,18.399,19.86,21.113,20.292,19.542,15.662
16.505,19.141,18.79,19.904,18.314,19.141,18.491,18.094,17.391,16.358,15.023,15.159,15.693,14.279,14.347,15.444,15.263,15.405,15.755,15.561,15.452,15.701,16.601,15.87,16.542,15.885,15.662,13.611,11.058,9.1931,11.329,13.611,13.539,14.473,14.347,14.203,14.746,14.991,16.089,16.542,16.818,16.067,14.473,15.159,14.573,13.866,14.305,13.611,14.763,14.279,15.063,15.452,15.287,16.832,17.061,17.475,18.108,17.824,16.291,14.279,12.104,14.796,16.947,17.061,15.263,14.372,12.879,10.837,9.3498,7.7807,8.4089,9.4657,10.145,10.346,11.52,12.992,12.776,13.787,13.919,13.919,15.755,16.006,16.76,17.082,18.208,18.842,20.767,20.23,18.524,16.498
16.57,18.265,19.142,19.027,19.419,18.77,18.078,17.309,17.861,15.965,15.352,14.861,14.902,15.289,15.281,16.094,15.407,15.048,15.121,15.289,15.896,15.665,15.995,16.533,16.147,15.588,15.121,13.409,11.022,9.4687,11.24,13.097,13.951,13.942,14.098,14.02,14.556,15.217,16.214,16.679,16.048,16.094,14.821,14.788,14.396,14.303,13.409,14.497,14.497,13.811,15.289,15.089,15.665,16.533,16.846,17.421,18.555,17.649,16.266,14.771,12.204,14.354,16.147,15.399,15.312,14.098,12.411,11.55,10.889,8.1593,8.3942,7.9482,9.9199,11.262,11.348,13.272,14.115,13.454,13.916,14.992,15.024,16.296,16.415,16.94,17.861,18.835,20.567,19.87,18.125,16.875
17.225,18.148,19.8,19.492,19.855,19.21,18.439,17.225,16.711,16.241,15.058,14.476,14.3,15.09,14.274,14.961,14.274,15.749,15.376,14.872,16.114,15.439,16.114,17.33,16.754,15.368,15.556,13.721,11.131,9.0707,11.357,12.987,13.853,14.189,14.325,14.601,14.568,15.154,15.864,16.711,16.234,16.001,15.933,14.468,13.783,14.3,13.57,13.025,13.862,14.986,15.408,15.018,16.419,16.061,17.281,17.33,17.906,16.991,16.529,13.642,13.508,15.408,16.352,16.226,15.719,14.342,12.771,10.923,9.8016,8.717,7.3789,9.0707,9.4624,12.1,11.357,12.219,13.364,14.342,14.568,14.961,16.352,15.895,17.825,18.518,18.485,18.732,21.13,20.549,18.141,15.305
15.479,17.344,17.617,17.958,17.142,17.307,16.268,16.173,15.278,14.39,13.221,14.018,13.729,12.955,12.955,14.309,13.635,13.981,14.551,14.309,14.345,14.551,14.551,15.082,14.876,14.533,14.155,12.29,9.8663,8.6384,10.276,12.046,12.985,13.251,13.673,12.744,13.415,13.367,14.128,14.876,14.128,13.869,14.237,12.795,12.29,12.744,11.587,13.251,13.367,13.415,13.869,13.729,14.736,15.091,15.278,15.956,16.715,16.149,14.018,12.571,12.121,14.372,14.666,15.454,14.797,13.025,11.698,9.8663,8.1935,8.2092,7.6895,8.6533,9.2028,10.875,10.022,12.457,12.046,12.078,13.251,12.865,13.953,14.666,14.945,16.552,15.695,16.83,18.044,18.413,16.614,14.841
16.505,19.175,18.747,19.395,18.94,19.705,17.9,17.593,17.175,17.125,14.81,14.538,14.9,15.07,15.102,15.646,16.194,15.568,15.854,15.646,16.149,15.459,15.975,15.762,16.513,16.074,14.9,12.609,11.525,9.457,11.063,13.081,13.925,13.942,14.285,14.973,14.488,15.708,16.717,16.306,16.505,16.298,15.412,14.949,14.613,14.209,14.546,14.106,14.412,14.277,14.973,15.975,15.646,16.074,16.976,17.839,17.968,17.42,15.762,13.994,13.374,16.254,15.03,15.785,15.568,14.336,13.679,11.063,9.8462,8.3838,8.3693,8.5978,9.8585,11.493,12.159,13.545,13.872,13.256,15.293,14.778,16.365,16.254,15.669,16.746,17.785,18.708,18.914,18.682,17.572,15.907
17.392,18.996,19.905,20.248,19.838,19.418,17.913,17.777,16.717,15.87,14.681,14.894,15.453,14.804,13.919,15.16,14.894,15.453,15.453,15.064,16.358,15.847,16.12,17.168,16.506,16.358,15.847,13.709,11.903,9.9035,11.488,13.25,14.473,14.075,14.796,14.615,14.28,15.327,15.263,16.717,15.748,15.663,16.307,14.681,13.25,14.092,13.788,12.804,14.615,14.837,16.142,14.967,15.87,16.12,16.933,17.777,18.842,16.71,16.71,13.029,13.726,15.755,16.739,16.307,17.061,15.413,13.54,11.233,9.9645,8.5943,7.687,8.4951,11.059,11.059,11.414,12.014,12.391,12.917,13.323,13.919,15.778,15.327,16.739,16.717,17.825,18.426,19.647,19.592,18.215,15.382
14.682,16.728,17.511,17.706,17.157,16.789,16.789,16.698,15.361,14.142,14.357,13.372,13.103,12.946,13.637,13.646,13.721,13.869,15.068,14.682,14.725,14.259,14.542,14.682,15.336,14.042,13.674,11.973,10.926,9.0349,9.9229,12.546,11.791,12.474,13.112,12.906,13.372,13.646,14.178,15.361,14.656,14.682,14.285,12.657,13.646,12.132,12.627,12.143,12.005,13.344,13.721,13.59,14.682,14.042,15.73,15.779,16.17,15.46,14.542,12.164,11.517,13.969,14.357,14.854,14.223,13.739,11.294,10.227,8.4664,7.9055,7.857,8.4664,8.8206,10.4,10.714,11.627,11.395,12.657,13.132,13.257,13.599,13.869,14.568,14.178,15.46,16.544,17.18,16.94,16.194,14.232
15.309,17.335,17.49,17.135,17.247,17.202,16.833,16.013,15.492,14.483,14.26,13.606,13.681,13.292,13.369,13.455,13.587,13.932,14.72,14.26,14.509,14.412,14.72,15.174,15.107,14.685,14.006,12.174,10.026,8.8435,9.6078,12.036,12.537,12.75,12.94,12.527,12.78,14.006,14.331,14.996,13.775,14.322,14.188,12.7,12.94,12.237,12.81,12.507,12.248,12.91,13.681,13.253,14.26,14.483,14.763,15.401,15.828,15.852,13.905,12.248,11.821,14.106,14.72,15.03,14.042,13.019,12.258,10.646,8.0065,7.2502,7.2502,7.5278,8.6677,9.832,9.7403,11.691,10.682,12.036,12.362,12.82,13.625,13.756,14.394,14.824,15.107,16.212,16.657,16.61,14.824,13.681
14.694,16.912,17.033,17.033,17.494,17.332,15.911,15.911,15.005,14.773,13.463,13.784,13.492,13.262,13.213,13.377,14.115,13.596,14.51,13.784,14.729,14.403,15.209,15.116,14.332,14.278,14.278,12.708,10.844,8.123,10.446,11.829,12.898,12.758,12.918,12.708,13.262,14.197,14.403,15.116,14.615,13.784,14.589,13.145,12.918,12.255,12.245,11.926,12.545,13.262,13.492,13.643,14.305,14.051,14.755,15.184,16.103,15.609,14.35,12.182,11.665,13.174,13.69,14.799,14.269,13.377,10.879,9.786,8.6585,7.5326,6.1643,7.8661,8.6288,9.1767,9.9937,10.879,11.555,11.818,12.203,12.182,13.262,13.69,14.624,15.469,15.243,16.442,17.347,16.544,16.667,13.377
16.303,18.462,18.727,18.469,18.644,18.644,18.147,17.34,17.131,15.794,15.671,15.847,15.354,15.228,14.425,15.587,15.648,15.702,15.648,16.303,16.244,16.303,16.192,16.37,16.303,15.968,15.212,13.941,11.323,9.7352,10.79,12.657,13.396,13.68,14.027,14.433,14.147,15.109,15.915,15.702,15.817,15.486,15.141,14.121,14.223,13.53,12.985,12.958,13.494,13.959,13.881,14.524,15.013,15.401,16.088,17.025,17.547,16.912,15.694,13.387,13.396,14.257,16.237,15.393,15.702,14.714,13.087,11.439,10.003,7.984,7.5025,9.0435,10.206,11.45,11.022,13.032,12.723,12.571,13.601,13.82,14.754,14.697,16.443,16.683,17.396,17.684,18.54,19.184,17.222,15.275
15.852,18.071,19.112,19.125,19.227,18.958,17.852,17.52,17.015,16.548,14.393,14.461,14.862,16.166,14.092,15.059,14.895,15.967,16.703,15.944,16.607,15.79,16.347,16.241,16.6,15.253,15.759,14.092,11.431,9.524,11.388,12.229,12.911,13.405,13.695,14.083,14.393,14.985,15.657,16.219,15.798,15.373,14.969,13.695,13.596,14.178,12.911,12.997,13.73,14.256,14.721,14.621,15.821,15.5,16.392,16.703,18.26,16.951,16.128,13.596,13.072,15.852,15.54,16.489,15.983,13.793,12.408,11.559,9.0894,8.4608,7.2092,9.1298,9.4075,13.378,11.431,12.418,13.156,13.514,14.092,14.393,15.821,16.166,15.508,16.9,17.886,17.886,18.854,19.259,18.26,15.634
16.329,18.667,18.647,19.106,18.472,18.782,17.667,17.694,17.176,16.707,15.333,14.716,14.285,15.152,15.278,16.196,15.956,15.705,15.971,15.239,16.016,15.239,17.028,16.196,16.091,15.979,15.59,13.181,10.714,9.3719,10.714,12.41,13.254,13.744,13.639,13.389,14.585,14.26,15.644,16.196,15.956,15.728,14.952,13.953,14.047,14.327,12.764,13.639,14.047,13.47,14.427,14.302,14.919,15.705,16.016,16.599,17.385,17.169,15.333,14.427,13.532,15.705,16.548,16.336,15.364,14.585,13.208,10.395,9.2166,8.1644,8.3393,8.4397,8.8435,11.855,11.794,12.904,13.944,14.302,13.744,13.953,13.63,14.158,15.797,16.915,16.915,17.991,19.425,18.091,16.599,15.112
16.835,19.081,18.91,18.923,19.081,18.179,18.622,17.362,16.663,15.995,14.615,14.241,15.195,15.684,15.218,15.313,15.258,15.195,15.95,15.95,16.047,16.285,16.663,16.892,15.897,16.196,15.258,13.326,10.844,9.6248,10.299,12.943,13.308,13.514,13.236,13.55,14.899,14.541,15.814,15.375,16.017,15.344,15.383,14.241,14.565,14.037,13.308,13.55,13.664,13.191,14.956,14.988,14.899,16.174,16.07,17.258,17.67,16.771,15.561,13.726,13.236,15.798,16.174,15.684,16.373,14.615,12.643,11.437,9.7241,8.6809,8.3713,7.6209,10.392,11.686,10.789,12.257,13.182,12.775,14.408,14.105,15.028,15.131,15.867,16.857,16.835,17.663,19.38,18.126,17.541,15.492
15.093,16.886,17.475,17.966,17.467,16.848,16.198,16.456,15.692,14.707,14.31,14.057,13.763,13.576,12.899,13.67,14.672,14.202,14.47,13.809,14.88,14.247,14.066,15.757,14.672,14.488,14.094,12.247,10.816,7.9029,10.43,11.313,11.811,12.739,12.648,12.31,12.958,13.193,13.67,14.166,14.31,14.202,13.993,12.899,13.007,11.47,12.142,11.94,12.026,12.899,12.689,12.648,13.892,14.889,14.88,15.479,16.757,15.627,14.202,12.444,12.184,13.92,15.814,15.487,13.623,13.443,11.107,10.081,8.3747,7.589,7.6058,8.4204,9.3014,10.081,9.6658,11.68,11.94,12.403,12.237,12.648,12.899,14.567,14.094,15.387,15.412,16.48,17.409,16.726,16.292,13.698
16.216,18.819,18.36,18.652,19.322,18.288,18.386,17.641,18.386,16.661,15.621,14.727,14.239,15.256,15.026,16.216,16.74,15.373,15.567,16.112,16.429,16.283,15.216,15.743,16.625,15.09,14.613,13.512,11.008,9.4093,10.787,12.717,12.593,14.239,13.262,13.924,14.239,14.93,15.865,15.895,16.349,15.628,13.932,15.09,14.264,13.583,13.645,13.941,14.035,13.548,14.406,14.339,14.994,15.311,16.459,17.36,17.2,17.144,15.796,14.695,13.189,16.312,15.993,16.172,15.381,14.473,13.189,11.425,9.9183,7.7449,9.1113,9.3196,9.7966,11.051,11.918,12.941,13.07,13.37,13.325,14.035,15.466,15.373,14.736,16.216,16.919,17.228,19.128,18.445,16.755,15.812
16.591,18.534,19.347,19.297,19.316,18.792,18.201,17.055,16.239,16.128,15.388,13.816,14.52,15.697,15.223,14.912,15.388,15.207,16.008,15.842,16.67,15.827,16.061,16.298,16.128,15.789,15.207,13.202,11.436,9.4311,10.886,13.028,13.676,14.023,13.737,13.885,14.353,15.104,15,16.061,15.357,14.912,15.207,13.954,13.247,14.04,13.156,12.954,13.083,14.023,14.709,13.885,15.104,15.644,16.54,17.459,17.678,17.076,15.505,13.561,12.981,16.008,16.482,15.396,15.317,14.151,12.653,9.6329,9.5199,9.3286,8.1159,8.1159,9.4311,11.488,12.944,12.11,12.529,13.083,13.338,15,14.912,14.709,15.963,16.677,16.992,18.689,19.856,19.52,17.272,15.582
16.308,18.093,18.733,18.701,18.938,17.905,17.401,17.234,17.002,16.308,15.24,14.945,14.897,14.718,14.429,15.397,15.584,15.973,15.327,15.707,16.666,15.822,16.485,16.455,16.485,16.22,15.405,13.346,11.069,9.3086,10.838,12.537,13.85,13.667,13.85,14.303,14.287,14.832,15.768,16.652,15.24,15.514,15.232,14.587,14.261,13.346,13.4,13.063,13.737,14.032,14.287,14.126,14.832,15.28,15.615,17.199,18.416,17.03,15.799,13.746,12.962,15.209,15.153,16.242,15.491,13.894,11.815,10.349,9.4752,7.865,8.4407,8.5821,9.0463,10.76,10.314,13.21,12.952,13.737,12.84,14.049,15.358,15.676,16.448,16.745,16.938,18.513,19.408,19.24,17.723,15.98
16.657,17.694,18.802,18.68,19.35,18.802,17.836,17.509,17.007,16.136,14.757,15.152,14.634,15.325,14.757,15.59,15.215,15.675,15.82,15.705,16.329,15.59,16.879,16.307,16.686,15.582,15.239,13.744,11.66,9.5247,10.77,12.754,13.389,13.568,13.744,14.569,13.77,15.325,15.971,16.329,14.757,14.725,15.215,13.961,14.26,13.568,13.163,12.726,12.988,13.568,13.744,14.03,15.231,14.919,16.599,16.915,17.829,17,15.489,13.254,12.839,14.83,16.49,16.373,15.705,13.208,12.116,11.067,9.1247,6.9374,8.3393,8.734,9.9207,10.803,10.969,13.683,12.726,13.389,12.839,13.254,15.613,15.239,16.779,16.255,17.085,19.157,19.848,19.702,18.203,15.364
15.947,18.7,18.525,18.401,18.7,18.447,17.312,17.116,16.402,15.825,14.386,14.285,14.751,14.946,15.384,15.703,15.423,15.54,15.825,15.703,16.045,16.52,16.165,17.451,15.848,16.045,15.703,12.928,11.314,8.9002,10.609,13.368,13.557,13.839,14.328,13.839,13.494,15.258,15.179,15.733,15.179,15.258,15.423,13.413,13.232,13.986,12.529,12.315,12.529,13.085,14.328,13.917,14.743,14.611,16.217,16.738,17.165,17.094,15.672,13.058,13.278,14.661,16.578,16.81,15.242,14.184,13.085,11.206,9.2723,7.7702,7.8782,8.3399,9.4529,11.896,11.997,13.011,13.232,13.413,13.769,14.946,13.969,16.336,15.431,17.059,17.193,17.561,20.739,19.115,17.719,14.979
14.646,17.239,17.231,17.261,17.261,17.013,16.365,15.894,15.232,14.611,13.484,13.233,14.29,13.654,14.136,13.962,13.617,14.036,14.514,14.245,14.716,14.725,14.371,15.3,14.925,14.443,13.804,12.221,9.9701,8.6119,9.5748,11.594,12.347,12.221,12.697,12.938,12.848,13.512,14.036,13.851,13.962,14.326,13.851,13.175,12.105,12.2,11.233,11.404,12.19,11.572,12.554,12.968,13.397,14.443,13.851,15.088,15.74,15.062,14.245,12.274,11.268,13.32,14.54,14.353,14.036,12.347,11.683,9.1906,8.9779,8.3693,7.0681,6.9022,9.1906,10.149,10.896,11.268,12.389,11.21,12.564,12.778,14.218,14.036,14.1,15.409,15.927,16.739,17.999,17.373,15.088,13.436
16.567,18.435,18.636,18.823,18.27,17.707,18.111,17.741,16.727,15.715,14.936,14.251,14.847,15.351,15.248,15.936,15.507,15.256,15.989,15.723,15.989,15.669,17.154,17.133,16.705,16.392,15.421,14.774,11.559,9.2271,10.782,12.975,13.296,14.276,13.891,13.654,13.969,14.847,15.351,15.815,15.784,15.723,15.295,14.602,13.224,13.512,13.224,13.405,13.548,12.807,13.583,13.969,14.577,15.723,15.936,16.325,17.377,17.048,15.53,13.485,12.919,14.993,15.936,16.273,14.993,14.063,13.36,10.325,9.3181,7.6241,7.6399,8.3633,9.4849,12.149,11.338,13.196,13.786,13.214,14.251,14.242,13.786,14.936,16.273,17.02,16.214,18.111,18.797,19.298,17.363,14.544
16.002,17.746,18.499,19.134,18.642,18.706,18.46,17.25,17.25,16.092,15.029,15.3,15.237,14.348,14.322,15.355,15.038,15.237,15.994,16.278,16.039,16.33,17.306,17.306,17.053,15.728,14.746,14.076,12.321,9.9471,10.908,12.895,12.754,13.364,13.895,13.764,14.067,14.746,15.237,16.159,15.605,15.134,15.134,13.834,14.28,12.979,13.345,12.857,13.007,13.409,13.981,13.834,15.134,14.811,15.994,17.257,17.712,16.33,15.253,13.227,12.923,15.038,16.062,16.681,14.941,13.79,13.273,11.395,9.8251,8.8562,7.434,9.4367,10.502,11.213,10.513,12.773,12.857,13.345,14.17,14.917,14.28,14.144,16.159,16.939,17.882,17.138,17.576,18.829,17.424,15.355
14.829,17.097,16.792,17.21,17.382,17.692,16.164,15.93,15.469,14.959,13.695,13.648,13.695,13.263,13.312,13.263,14.466,14.395,14.68,13.882,14.959,14.573,15.173,15.258,14.759,13.836,14.168,12.877,10.885,8.7061,9.3784,11.293,11.62,11.166,12.469,12.417,12.469,12.997,14.068,14.829,14.187,13.437,13.836,12.756,12.593,11.742,12.004,12.228,11.373,13.195,13.076,12.417,12.756,13.685,14.323,14.959,15.444,15.602,13.351,12.386,11.155,14.547,14.68,14.811,14.785,13.263,11.293,10.873,7.9448,7.6967,6.1456,7.6292,9.2114,10.096,10.134,11.155,11.906,11.83,12.291,12.386,13.437,12.582,13.966,14.068,15.241,14.785,16.777,16.544,14.959,12.634
16.338,17.755,19.74,18.651,19.388,19.194,18.716,17.564,16.522,15.425,15.077,15.268,14.753,15.308,14.729,15.26,15.682,15.308,15.643,15.728,16.427,15.919,17.202,17.377,17.391,16.826,16.522,13.849,11.837,9.2344,10.99,12.531,13.797,13.559,13.771,13.902,13.496,14.588,15.141,15.827,15.425,14.973,15.005,13.841,13.415,12.751,12.636,12.531,12.817,12.985,14.074,13.709,15.141,15.85,16.047,16.338,17.202,16.689,15.394,13.013,13.28,14.083,16.948,16.249,16.427,13.709,13.37,11.888,9.8299,8.4845,7.4863,8.7508,9.9399,11.464,11.6,12.376,12.531,11.806,12.588,14.074,14.522,14.729,15.542,16.047,17.167,18.469,18.915,18.025,16.368,14.948
14.784,16.635,17.127,17.39,17.427,16.689,16.111,16.087,15.122,14.491,13.451,12.899,12.969,13.841,13.595,14.156,13.489,13.86,14.092,14.165,14.491,14.696,15.088,15.293,15.327,14.59,14.411,12.737,10.503,9.0282,9.518,11.22,11.818,11.883,12.583,12.778,12.889,13.217,13.86,14.696,14.092,13.718,13.99,11.938,11.762,12.11,11.629,11.312,11.551,12.747,13.049,12.396,13.217,12.889,14.356,14.705,15.2,14.81,13.906,12.238,12.396,13.373,13.69,14.092,14.837,13.566,11.818,9.477,7.9094,8.231,6.6429,8.1518,8.3562,10.151,10.241,10.904,10.203,11.551,11.762,12.249,12.747,13.373,13.906,14.482,14.915,16.216,17.089,16.462,14.88,12.583
16.385,18.291,19.679,19.443,18.476,17.483,18.659,17.089,16.385,15.926,15.216,15.438,14.705,14.328,14.028,14.218,15.352,15.688,15.781,15.781,16.452,16.961,17.336,17.089,17.018,16.385,16.452,13.889,11.922,9.0486,11.022,12.479,13.942,14.303,13.633,13.837,14.655,14.505,14.497,14.828,14.771,15.47,14.655,14.098,12.797,12.47,12.44,12.323,14.011,13.272,12.816,13.535,14.371,15.688,15.312,16.73,17.28,16.679,15.75,12.938,13.704,14.967,16.533,17.11,15.08,14.328,12.673,10.398,8.927,7.1088,8.6224,9.417,10.162,11.022,11.433,11.497,12.825,12.625,13.454,13.669,13.915,15.12,15.048,16.533,15.873,17.469,19.179,18.077,16.874,13.669
16.426,18.607,19.22,19.188,17.816,18.169,18.309,17.153,16.336,15.727,14.33,14.666,15.476,13.923,15.061,14.857,15.389,14.832,15.437,16.004,16.514,15.445,16.902,16.829,17.526,16.778,15.966,13.738,11.745,9.8825,10.644,12.51,13.667,13.667,13.844,13.667,14.253,14.541,14.824,15.389,14.741,15.35,15.389,14.364,13.185,12.885,11.9,12.598,13.976,12.819,13.703,13.765,14.406,15.82,14.939,15.82,16.887,16.186,15.812,13.055,13.296,14.865,15.881,15.437,15.626,14.227,12.819,10.667,8.8392,8.4001,7.906,7.7343,10.848,10.644,10.575,12.933,12.598,12.442,12.885,14.063,15.254,13.765,15.326,15.053,16.887,17.188,18.095,17.323,16.887,14.338
15.174,16.339,17.33,16.965,16.965,16.718,16.139,15.655,14.614,14.217,12.8,13.56,13.56,13.24,12.8,14.116,13.279,13.789,14.372,14.116,14.29,14.835,15.952,15.854,15.174,14.73,14.453,12.911,10.826,8.913,9.8169,11.332,12.045,12.911,11.871,12.553,13.25,12.789,13.742,13.694,13.742,13.308,13.121,11.903,11.041,11.239,10.826,11.239,12.459,11.638,11.903,12.759,13.012,14.372,13.93,13.93,15.522,14.73,13.396,12.131,11.548,12.8,14.299,14.623,14.614,12.85,11.239,10.207,8.308,8.0694,6.6542,7.9883,8.7359,9.4931,9.6833,11.041,11.838,11.469,11.514,12.605,13.012,13.589,14.516,15.01,14.372,15.522,16.834,15.497,14.8,13.512
16.557,18.172,19.568,19.26,18.557,18.59,18.132,16.892,16.601,16.086,14.591,14.824,14.046,14.815,14.381,15.46,14.856,15.499,16.357,16.289,16.856,16.289,16.177,16.711,16.878,16.438,15.811,13.56,11.944,9.7401,11.098,12.197,13.075,13.288,12.878,13.288,14.355,14.815,15.02,15.253,15.333,15.245,14.398,14.219,13.343,13.075,13.251,13.038,13.177,12.963,13.334,13.288,13.968,14.658,15.333,16.438,16.82,16.199,15.149,14.321,12.821,15.117,16.416,16.564,15.02,13.836,12.464,11.043,9.4864,7.5544,7.522,8.0996,9.8892,10.831,11.283,13.907,12.811,12.346,13.038,13.37,14.321,15.341,15.052,16.297,16.078,17.785,17.285,17.703,16.906,14.398
16.411,19.279,18.864,19.355,19.171,18.591,18.206,17.834,17.109,15.829,15.336,14.214,15.328,14.925,14.728,15.69,15.455,15.209,16.588,16.322,16.073,16.901,16.887,16.966,16.814,16.793,15.502,14.214,11.735,9.6995,10.414,12.874,12.836,13.118,13.034,13.293,14.376,14.12,15.431,15.36,15.336,15.209,14.376,13.937,13.034,13.071,12.836,12.46,12.845,13.034,14.214,13.753,13.972,15.431,15.713,16.322,17.194,16.559,15.039,13.366,11.704,14.942,16.172,15.952,15.144,13.832,12.213,9.9353,9.2756,7.9144,7.7275,7.2892,9.3931,11.171,11.039,11.62,12.46,11.89,12.921,13.556,14.137,15.039,15.463,15.494,17.138,17.531,17.8,18.112,16.814,13.583
16.353,18.515,18.977,19.213,19.079,18.567,18.906,17.457,16.714,15.96,15.69,14.86,14.426,15.312,13.945,15.463,15.698,16.18,16.663,16.597,16.859,15.814,16.367,16.508,17.373,16.604,15.906,13.839,11.947,9.9282,10.478,12.378,12.622,12.437,13.662,13.91,13.839,14.256,15.502,15.783,15.248,14.401,14.527,13.724,12.593,13.254,12.843,12.22,12.651,13.346,14.127,13.777,13.918,14.86,15.96,15.783,16.604,16.42,14.818,13.078,12.2,14.827,15.023,15.502,14.827,14.127,11.896,10.501,8.4116,7.1238,7.81,8.4116,9.4884,10.788,11.741,11.658,11.865,13.291,14.358,13.346,15.112,14.661,14.998,15.463,16.772,18.088,18.336,18.495,15.96,14.661
15.908,18.358,18.83,18.674,19.068,18.908,18.562,16.562,17.034,16.294,15.024,15,14.402,14.803,14.951,15.754,15.877,15.815,15.441,15.433,16.421,16.451,16.796,17.205,16.774,16.421,16.129,13.663,11.876,10.184,9.8798,12.389,13.042,12.815,13.565,13.841,13.663,14.249,14.537,15.761,15.113,14.529,14.737,13.725,12.652,12.882,12.231,12.995,12.06,13.911,13.92,13.591,14.402,14.803,15.504,16.091,16.598,15.815,14.587,12.36,12.623,14.662,15.385,16.803,15.512,14.36,11.897,11.145,8.4124,7.9193,6.719,9.0685,9.7054,11.2,11.405,11.948,12.825,13.051,12.221,13.051,14.402,15.048,15.961,17.254,16.897,17.9,18.304,18.117,16.716,15.25
14.451,16.694,16.973,17.345,17.428,16.858,16.122,15.73,15.026,13.739,13.276,13.078,13.018,13.246,12.642,13.824,13.403,13.937,14.451,14.242,15.078,14.532,15.301,15.663,15.155,15.394,14.514,12.611,10.526,9.0479,9.0335,11.337,11.655,11.666,12.559,12.339,12.559,13.256,13.315,14.379,13.796,12.806,13.018,11.788,11.643,11.576,11.755,11.337,11.788,11.152,12.18,12.35,12.998,14.306,13.796,14.843,15.563,14.242,13.748,11.843,11.655,13.048,14.948,13.246,13.276,12.137,10.625,8.9173,7.5389,6.6574,7.1666,7.5389,8.9173,9.5388,9.9141,10.915,10.963,11.303,12.765,13.49,13.519,13.48,13.824,14.46,15.327,16.347,17.118,16.147,15.563,13.567
14.536,16.288,17.229,16.978,17.611,16.038,16.352,15.866,15.185,14.383,13.021,13.875,13.6,12.437,12.809,14.2,13.799,13.367,13.799,13.743,14.847,14.847,15.458,15.441,14.536,14.873,14.518,12.635,10.665,8.5616,9.811,11.477,12.021,11.923,11.791,12.3,12.268,12.645,13.799,13.367,13.79,14.089,12.258,13.021,11.88,12.021,11.647,11.758,12.279,12.3,12.183,12.14,12.563,13.571,13.94,14.625,15.567,14.446,13.484,11.847,11.791,13.367,14.228,13.875,13.724,11.791,10.774,8.7275,7.366,6.1289,6.8713,8.7275,9.5414,9.1364,9.9168,11.967,10.834,10.93,11.923,11.477,13.131,13.25,14.873,15.331,15.03,15.956,16.924,16.447,15.634,13.279
15.944,18.373,18.794,18.813,18.558,17.908,17.86,17.311,16.434,15.852,14.832,15.35,14.157,14.166,13.984,14.674,15.828,15.477,15.712,15.634,17.048,16.195,17.297,17.388,17.473,16.583,16.013,13.284,12.039,9.4454,9.9985,11.886,12.711,12.826,13.136,13.931,14.062,14.14,14.963,15.398,14.84,15.069,14.549,13.494,13.674,12.854,13.164,12.507,12.835,13.852,14.346,14.001,14.062,14.414,15.485,16.142,17.162,16.096,14.549,13.052,12.517,15.166,15.735,15.524,14.699,14.166,12.36,9.3805,7.5466,6.4461,7.9719,8.6484,9.9985,10.488,10.65,12.039,13.266,12.605,13.052,13.922,15.382,14.414,16.043,16.195,17.304,18.891,18.179,18.232,17.36,14.641
16.656,18.152,19.162,19.106,18.776,17.832,17.697,17.375,16.196,15.305,14.283,14.81,14.139,14.028,14.24,15.186,15.257,14.705,15.95,16.285,15.592,15.707,16.685,17.174,16.069,16.577,15.569,13.55,11.929,10.099,10.099,12.286,13.044,13.236,13.55,13.263,13.514,14.207,14.207,14.705,14.565,14.705,14.899,13.934,13.664,12.247,12.257,12.169,12.887,13.044,13.191,12.933,14.028,14.875,14.899,15.375,16.634,15.95,14.899,12.933,13.371,14.77,16.871,16.46,14.24,13.191,12.119,8.9931,7.6051,7.6208,7.9748,9.2949,8.9931,10.099,10.334,12.595,13.044,13.452,14.466,13.479,14.037,14.283,16.114,16.468,16.218,17.23,19.411,17.005,17.041,14.737
16.32,17.368,19.062,18.629,19.269,18.395,18.648,17.703,16.239,15.636,15.216,14.571,14.546,13.8,13.809,14.929,15.659,15.804,15.474,16,16.179,15.263,16.202,16.983,17.18,16.313,15.834,14.033,11.782,9.6282,10.338,12.751,12.938,13.077,13.049,12.975,13.554,14.212,14.246,14.832,14.816,15.216,14.033,13.376,12.779,12.281,12.291,12.123,12.864,12.291,13.049,13.8,13.947,14.471,15.216,15.636,16.583,15.963,14.313,12.938,12.552,14.929,15.388,16.379,14.993,12.494,12.561,10.091,7.902,6.8082,7.7486,9.3626,10.103,10.396,11.535,12.252,13.376,13.519,13.731,13.457,14.743,14.288,14.743,16.29,16,17.319,18.073,18.073,16.92,14.62
16.266,18.601,19.482,19.482,18.046,18.595,19.059,17.677,16.355,15.667,14.533,15.667,15.366,14.598,13.918,15.366,14.267,15.917,15.667,14.883,16.148,15.917,16.638,16.738,16.616,16.449,15.879,14.225,12.036,9.8963,10.088,11.673,13.212,13.71,13.057,13.356,13.918,13.995,14.267,14.979,14.753,14.979,14.225,13.499,12.723,12.581,12.919,12.243,13.499,12.956,13.176,13.464,13.57,14.907,14.721,15.636,16.558,15.667,14.392,12.807,12.732,15.114,16.288,16.215,15.114,12.919,12.273,9.6389,8.1,6.8682,7.2746,10.218,10.541,10.507,11.35,13.167,12.273,12.628,13.437,12.76,14.721,14.45,15.636,16.873,16.266,17.238,18.112,17.643,15.781,14.267
15.33,16.885,17.161,17.469,17.589,17.168,17.13,15.508,14.19,14.527,13.021,13.79,13.599,13.091,13.799,13.799,13.435,13.599,14.382,14.89,14.846,14.535,15.33,14.873,15.305,14.89,14.126,13.021,11.154,9.3896,8.8165,10.737,11.658,11.923,11.477,11.646,12.562,12.562,13.406,13.318,13.435,13.799,12.257,12.363,11.912,11.248,11.579,11.646,12.614,11.912,11.791,12.645,12.521,13.752,13.893,14.391,14.74,14.126,13.367,11.477,12.183,13.799,15.305,14.634,14.527,12.645,11.791,9.3896,7.2227,6.3173,6.1499,8.8165,9.6903,8.7868,10.529,10.774,11.305,11.001,11.879,11.846,12.686,13.79,13.799,13.94,15.322,15.03,16.255,16.037,15.364,12.86
16.001,18.641,18.962,18.693,18.757,19.183,17.492,17.052,17.137,16.039,15.029,13.894,14.547,15.378,15.299,15.029,16.039,15.165,15.612,16.688,16.218,16.114,15.612,17.368,16.68,16.903,16.218,13.587,11.81,10.079,10.328,11.892,12.043,12.978,12.753,13.08,13.272,13.658,14.655,15.417,14.997,14.811,14.246,13.972,12.857,13.218,12.63,12.281,12.894,12.437,13.649,13.622,13.489,14.94,14.811,16.114,16.329,15.299,14.811,12.553,12.772,15.252,15.978,15.993,15.378,13.052,12.31,10.127,9.0579,6.8421,7.3849,8.0568,8.8558,10.984,11.039,11.039,12.152,12.398,12.291,12.81,13.417,13.833,13.903,15.236,15.993,16.709,18.182,16.091,15.417,14.28
15.71,18.728,18.918,18.701,18.885,18.728,18.084,18.193,16.891,16.537,15.134,14.978,14.904,15.425,14.416,15.433,15.409,15.425,16.159,16.091,16.663,16.22,16.663,17.246,16.394,16.862,16.514,13.919,12.27,10.194,9.936,11.64,13.003,13.04,13.423,13.919,14.304,14.467,14.821,15.529,14.67,14.235,14.978,13.423,13.514,12.46,12.888,12.821,12.926,13.777,13.919,13.423,14.06,14.226,15.304,15.6,16.462,15.207,14.544,12.539,12.568,15.24,15.905,15.433,15.142,12.917,11.263,9.7606,7.8551,7.7603,8.0107,7.518,9.1336,11.164,10.242,12.734,11.437,11.934,12.27,13.116,14.131,13.368,14.712,14.484,14.67,16.759,17.642,16.514,15.409,13.56
16.672,18.132,18.132,18.335,18.791,18.848,18.25,17.269,16.843,16,14.783,14.266,14.199,15.047,15.173,15.337,15.337,15.699,15.213,15.15,16.237,15.63,16.237,16.636,16.707,16.528,15.767,13.815,11.974,10.361,9.6954,12.299,12.014,12.7,13.287,13.106,13.607,13.789,15.079,15.767,14.912,13.987,13.97,13.711,12.453,13.106,11.61,11.824,12.25,12.895,13.51,12.905,13.789,13.755,14.424,15.15,15.446,15.047,14.199,12.064,13.006,14.912,15.173,15.087,14.912,12.784,11.651,9.7811,8.4035,7.6454,6.8382,8.6965,8.6553,11.16,10.712,11.329,11.824,12.299,12.328,11.743,12.895,13.439,13.607,15.33,15.782,16.707,16.807,17.158,15.291,13.711
15.903,18.192,18.648,19.169,18.297,17.839,17.993,17.492,16.075,15.318,14.413,14.993,15.137,13.948,14.22,14.937,14.775,14.937,15.751,15.69,16.291,15.497,15.955,16.662,16.023,16.437,16.379,13.835,11.802,9.4266,10.419,12.407,13.195,13.195,12.826,12.826,13.757,13.625,14.288,13.93,15.224,14.905,14.246,13.186,12.494,12.494,11.964,12.291,13.168,12.291,12.173,12.407,13.331,14.513,14.413,14.775,15.628,15.349,14.271,12.6,12.104,14.288,16.437,15.819,14.016,12.34,11.282,9.4266,7.7486,6.3897,6.8082,7.9021,9.0364,9.6656,11.056,11.175,10.881,11.483,11.441,13.049,13.555,13.731,14.033,14.702,15.318,16.291,17.236,16.291,16.291,12.975
15.786,17.901,18.445,18.339,18.623,18.125,18.339,17.185,17.035,16.355,15.155,13.982,14.462,15.058,15.323,15.155,15.932,15.219,15.347,15.513,16.898,16.422,16.13,16.489,16.607,15.963,15.817,13.973,11.743,10.137,10.003,12.202,12.111,12.271,12.883,12.653,13.08,13.566,14.386,14.361,15.623,14.597,13.921,14.147,13.566,13.439,12.202,12.624,12.93,12.576,12.93,12.883,13.302,14.147,14.403,14.804,15.339,15.434,14.403,12.061,12.498,14.688,15.001,15.599,15.058,13.421,11.898,9.8805,8.7402,7.0734,6.9866,7.0214,9.5923,10.28,10.573,11.857,11.959,11.363,12.232,12.508,13.726,13.912,14.588,14.386,15.693,15.7,17.149,16.422,15.505,13.421
15.739,17.595,18.611,19.458,18.98,18.714,18.091,17.629,16.646,15.556,15.159,14.581,15.222,13.979,13.833,14.953,15.456,15.433,15.594,16.313,15.86,16.01,16.43,16.882,16.386,16.335,15.277,14.25,12.101,10.206,10.076,12.071,12.14,11.74,12.518,12.374,13.206,12.792,13.893,14.736,14.897,14.25,13.893,12.708,13.115,12.022,12.091,12.219,12.792,12.461,12.717,12.792,13.34,13.979,14.736,15.207,15.762,15.301,14.507,12.248,12.679,15.183,15.533,16.136,14.25,13.58,11.902,8.5358,7.4766,6.9121,7.5876,8.3519,10.076,9.8966,10.028,12.219,11.771,12.708,12.792,12.792,12.518,13.278,14.663,14.792,15.556,16.682,17.1,16.853,16.196,14.098
15.591,18.268,19.448,18.973,18.896,18.342,18.182,17.249,16.741,15.877,15.473,14.97,15.188,14.374,14.118,15.473,15.591,15.661,15.567,15.591,15.9,16.864,16.389,16.864,16.741,16.536,15.228,13.813,11.76,9.9096,9.8234,11.853,12.246,12.335,12.55,12.828,13.266,13.394,14.101,14.118,14.774,14.832,13.466,13.892,13.348,12.355,12.365,13.155,12.628,12.819,12.941,13.053,13.229,14.374,15.019,15.292,15.661,15.481,14.332,12.676,12.628,14.922,16.389,15.784,14.332,13.275,11.024,8.3959,7.4118,6.867,7.9498,8.3959,8.8881,10.54,10.947,12.326,12.365,12.57,11.833,12.326,12.8,14.374,14.032,15.877,16.217,15.9,17.431,16.748,16.529,13.601
16.302,18.733,17.908,19.287,19.104,19.136,17.833,17.635,17.449,16.537,15.187,15.155,14.873,16.115,14.602,15.409,15.964,15.409,15.865,15.88,16.792,16.227,16.376,16.792,16.002,16.42,16.537,13.607,11.97,10.436,10.034,11.848,12.17,12.61,12.328,12.648,12.543,13.536,14.301,14.627,15.187,14.8,14.088,13.642,13.365,12.913,12.061,12.763,12.791,12.61,12.763,13.246,13.784,14.343,14.469,15.275,16.085,15.282,14.275,12.571,12.8,15.72,15.322,15.88,14.001,12.696,11.326,9.3989,7.6373,7.4933,6.8345,6.905,8.464,11.899,10.597,10.643,12.338,11.229,12.061,12.696,13.915,13.678,13.993,16.647,14.8,16.062,18.493,17.247,16.294,14.832
15.731,18.775,18.233,18.678,19.562,18.967,17.805,18.027,17.365,16.267,15.861,13.661,15.24,15.982,15.382,15.429,15.945,15.792,15.998,16.215,17.028,15.754,17.113,16.245,16.677,16.282,15.608,14.51,12.294,10.118,10.118,11.216,12.44,12.527,12.323,12.898,13.009,13.652,14.92,14.518,14.968,14.782,13.23,13.492,12.747,12.775,12.156,12.205,12.813,12.556,13.056,13.23,13.412,14.551,15.429,15.515,16.274,15.169,13.976,12.595,12.756,14.944,15.421,15.731,14.659,13.758,11.312,10.319,9.0602,6.8262,7.5164,6.9835,9.4898,10.987,10.423,11.397,12.527,11.955,12.556,12.431,13.688,13.185,15.515,14.749,16.095,16.517,18.067,17.538,16.363,13.898
16.286,18.797,19.242,19.461,18.989,18.42,17.954,17.133,16.906,16.062,14.676,14.766,15.091,15.4,15.321,15.282,15.657,14.791,16.062,16.301,16.382,15.811,16.712,17.218,16.827,15.88,15.274,14.266,12.772,10.142,9.9489,11.693,12.416,12.338,12.913,12.828,13.237,13.292,14.626,14.766,14.626,14.401,13.984,13.508,12.542,13.292,12.875,12.299,13.025,12.828,13.071,12.79,13.436,14.326,14.3,15.258,16.493,15.369,13.914,12.696,12.988,15.282,16.084,15.964,13.783,12.15,11.099,9.5518,7.9323,6.6184,6.6001,7.5253,8.7588,10.923,11.474,11.357,11.898,11.055,12.15,13.2,13.535,13.246,14.799,15.865,16.182,17.112,17.33,17.771,16.992,14.477
16.439,18.365,18.483,18.923,19.459,18.827,18.139,17.467,16.961,15.624,15.185,14.566,15.057,15.256,15.717,15.863,15.632,15.748,15.748,16.38,17.279,16.014,16.904,17.131,17.328,15.319,15.748,13.533,11.907,9.9597,9.8988,11.577,12.178,12.827,12.54,12.827,12.911,13.912,14.188,14.466,14.74,14.533,14.324,14.6,12.77,13.244,12.326,12.336,12.911,12.54,12.995,12.789,13.72,13.781,14.887,15.748,16.112,15.437,14.6,12.569,13.097,15.531,15.554,15.367,13.773,12.54,10.515,9.0697,7.3945,6.1632,7.3781,7.3945,8.8674,9.8006,10.376,12.218,12.827,11.324,12.297,11.978,13.921,14.324,15.554,16.417,15.748,16.112,18.039,17.053,16.232,14.094
15.56,18.737,18.756,18.146,19.335,18.737,17.584,17.837,16.817,16.504,14.803,15.198,14.405,14.613,15.56,15.443,15.723,15.899,15.899,16.357,15.868,15.884,16.504,16.996,16.967,16.386,15.285,14.304,11.737,10.144,9.4521,11.901,12.153,12.545,12.545,13.102,13.707,13.645,14.63,14.745,14.803,14.745,13.203,13.856,12.916,12.651,12.103,11.891,12.916,12.419,12.793,12.878,13.813,14.371,14.304,14.965,15.777,15.443,14.099,12.153,13.681,14.99,15.262,14.965,14.346,12.831,10.836,9.8902,7.7801,6.8359,7.4462,8.3794,9.1924,10.345,12.222,11.36,12.991,12.311,12.878,12.803,13.385,15.054,15.285,15.537,16.445,16.795,17.618,17.187,16.268,14.304
14.568,16.592,16.801,17.024,17.386,16.932,16.84,15.864,15.357,14.416,13.37,13.912,13.457,12.775,12.529,13.668,13.37,13.987,13.903,14.052,14.262,14.425,15.357,15.592,15.315,14.877,14.208,12.404,11.218,9.1828,9.1828,10.709,11.727,11.492,11.627,12.108,12.022,12.267,12.611,12.896,12.734,13.096,13.244,11.638,10.745,11.39,10.793,10.389,11.548,11.252,12.32,11.924,12.404,12.32,13.399,13.856,14.088,13.715,13.283,11.183,11.935,14.015,13.838,14.088,13.224,11.39,9.026,8.9103,7.1493,7.0764,6.2176,8.1658,9.0116,8.5386,9.2951,10.111,10.709,10.829,10.636,10.937,12.404,12.886,13.856,14.344,14.692,15.196,16.403,15.986,14.262,13.016
14.282,16.667,16.892,16.976,16.698,16.884,16.814,16.416,15.156,14.862,13.998,12.662,13.773,14.099,14.364,14.025,14.364,14.099,13.726,14.499,14.993,14.499,14.704,14.355,14.606,14.597,14.418,11.624,10.259,8.9172,9.0186,10.814,10.717,10.717,11.501,11.456,11.933,12.319,12.59,13.066,13.224,13.234,12.866,11.824,11.636,11.933,11.456,11.319,11.261,11.901,12.277,11.319,12.611,12.539,13.234,14.164,13.914,13.716,12.744,10.459,11.944,13.458,14.282,14.164,12.775,11.319,8.9172,8.7999,6.8392,6.2225,6.2015,6.2225,8.2355,9.1899,10.459,11.215,10.814,10.717,11.18,10.898,12.33,12.744,13.026,13.726,14.862,15.001,15.86,15.208,14.219,12.896
14.782,16.404,17.424,16.818,17.387,17.124,17.41,15.947,15.197,14.417,14.209,13.449,13.245,13.669,12.967,13.754,14.426,13.792,14.808,14.852,15.146,14.408,14.694,15.468,15.146,14.878,14.991,13.245,11.219,9.0268,8.7938,10.452,11.126,11.448,10.937,11.99,11.727,12.394,12.436,12.488,12.735,12.897,12.735,11.311,11.99,11.02,11.311,10.806,11.219,11.616,11.816,11.727,12.488,12.436,13.904,13.707,13.904,13.669,12.857,11.391,11.727,12.987,14.408,12.602,13.225,12.268,10.201,7.5729,7.1317,6.3829,6.2181,6.6223,9.0124,9.2258,8.8964,10.315,11.02,10.637,11.02,11.448,11.639,12.405,12.321,14.09,15.282,14.273,16.253,15.734,14.773,12.436
16.354,18.043,19.162,19.105,19.143,18.487,18.545,17.184,17.275,15.72,14.963,15.275,16.242,15.283,14.743,16.085,15.72,14.963,16.183,15.697,16.985,16.647,16.42,17.888,16.964,16.494,17.134,14.402,12.61,9.8885,9.8885,11.899,12.329,12.061,12.914,13.428,13.509,13.722,13.924,14.8,13.643,14.343,14.627,13.428,13.607,12.417,11.889,11.828,12.417,12.801,13.932,12.876,13.924,14.199,14.767,14.8,15.751,15.283,13.669,11.326,13.383,14.963,16.376,15.635,13.32,13.572,10.835,9.0715,6.9575,6.8523,6.9922,8.0087,9.7032,9.8024,9.8885,12.876,10.868,11.485,12.791,12.601,13.026,13.669,14.165,15.401,15.881,16.828,18.695,16.376,16.295,13.383
16.229,17.309,18.128,18.714,19.319,18.918,18.462,18.181,16.631,16.222,15.207,15.795,15.191,15.488,14.896,15.191,15.588,15.191,15.931,16.162,15.946,15.703,16.753,16.909,17.107,16.464,15.68,14.463,11.423,10.741,9.5096,11.434,12.856,11.307,13.187,12.592,13.187,13.661,13.449,14.136,14.127,14.338,13.861,13.449,11.917,12.487,11.765,12.126,12.283,13.041,13.069,12.772,13.475,14.463,14.734,14.807,15.191,14.807,14.237,12.096,13.233,15.191,15.619,15.34,15.565,12.818,11.275,8.6649,7.3628,7.2313,7.0124,8.5534,9.0309,9.8442,10.516,11.168,11.846,11.19,11.392,12.047,12.487,12.734,14.471,13.792,15.214,15.254,15.991,16.281,15.379,13.377
15.798,18.178,18.648,18.873,19.277,18.648,17.992,17.565,16.859,16.07,15.365,14.945,15.652,15.113,15.24,15.706,15.145,15.397,15.851,16.455,16.308,16.248,17.386,17.114,16.491,16.182,16.396,13.954,11.661,10.893,9.7747,11.326,12.186,12.264,12.507,12.764,13.182,13.771,13.569,14.048,14.031,14.048,14.701,13.035,13.255,12.186,12.264,11.661,12.116,12.304,13.569,13.246,13.345,13.954,14.977,15.009,15.326,14.791,13.39,11.774,12.66,15.216,15.049,14.635,14.261,13.209,10.114,9.2562,7.375,6.6726,6.5818,7.375,8.4402,8.9522,9.6384,11.578,10.006,11.453,11.294,12.877,12.42,12.66,14.048,13.884,15.009,15.706,16.687,15.919,14.701,13.209
14.725,16.623,17.321,16.777,16.96,17.232,16.623,16.53,15.207,14.925,13.851,14.036,13.512,13.436,13.233,13.664,14.638,13.664,14.362,14.155,14.985,14.646,15.342,15.862,14.371,14.925,14.778,13.282,11.233,9.3573,8.6717,10.412,10.955,11.13,11.594,11.88,11.404,12.534,12.482,13.007,12.938,13.007,13.398,12.062,11.683,11.176,10.848,10.275,11.233,11.404,12.03,11.716,11.683,11.847,12.105,13.32,13.962,13.096,12.274,10.149,11.716,13.233,14.036,12.848,12.938,11.977,9.7614,7.9269,6.7705,5.9398,5.7414,6.1736,8.0238,8.6865,8.7603,9.5749,10.35,9.5749,10.35,10.86,11.21,11.847,12.778,12.687,13.047,14.326,14.795,15.224,13.617,12.19
15.617,18.481,18.709,18.507,18.914,18.721,18.721,18.297,16.343,16.432,14.823,14.601,15.438,14.758,15.146,15.312,15.297,15.763,16.745,15.924,16.365,16.105,16.365,17.548,16.432,16.232,16.105,14.079,11.891,10.136,10.088,11.478,12.783,12.564,12.602,12.321,13.238,13.696,14.087,14.079,14.181,14.56,13.923,12.792,11.686,12.409,12.448,12.173,12.379,11.655,12.33,12.438,12.98,13.419,13.975,14.823,15.547,14.79,13.119,11.686,12.564,14.518,15.855,15.391,14.518,12.933,10.916,8.712,6.6871,6.6145,6.4103,7.5047,8.7949,8.5863,10.231,10.613,10.783,10.59,12.602,11.467,12.33,12.688,12.821,14.618,14.292,15.438,16.483,16.172,14.618,12.764
14.801,16.153,16.926,16.765,17.753,16.145,16.273,15.366,14.957,14.661,13.342,13.186,13.419,14.159,13.018,14.268,14.058,13.761,14.058,14.313,15.163,15.282,15.492,15.765,15.086,14.466,14.957,13.303,10.949,8.7447,9.149,10.292,10.913,11.365,11.147,11.701,11.523,11.789,12.625,12.798,13.117,12.367,12.828,11.963,11.286,11.909,10.686,10.429,10.866,11.159,11.734,11.365,11.147,12.377,12.748,13.419,13.686,13.303,12.082,10.806,10.866,12.959,14.241,13.638,13.457,11.59,10.216,8.3363,6.6076,5.4978,5.9275,7.1881,7.5561,9.149,8.4135,9.8164,10.478,9.6439,10.012,10.229,10.972,11.855,11.963,13.534,13.505,13.505,15.163,14.775,13.215,12.461
15.688,18.685,18.14,18.993,18.535,18.483,18.509,17.817,16.638,16.345,14.336,13.985,15.314,15.251,15.549,15.011,15.44,15.361,16.234,16.375,16.256,16.747,17.322,17.817,17.217,16.054,16.485,13.994,12.536,9.9562,10.419,11.213,12.536,11.811,12.517,12.332,12.293,13.502,13.916,14.461,13.635,13.635,13.847,12.41,12.054,12.439,11.657,11.405,11.479,12.536,12.991,12.603,12.907,13.776,14.336,15.147,14.792,14.619,13.376,11.437,12.322,15.243,15.619,14.759,13.803,12.293,9.8831,8.0044,6.9014,6.6879,5.9209,7.5216,9.0399,10.137,11.352,10.784,10.995,10.523,11.688,11.974,12.756,13.24,14.063,13.847,15.44,15.627,16.933,16.367,14.759,12.144
16.25,18.644,18.259,18.881,18.475,18.849,18.67,17.697,16.22,15.974,14.792,15.799,15.708,15.241,14.637,15.7,14.954,15.708,16.339,16.689,16.667,15.708,17.031,17.284,16.493,16.493,15.822,14.262,12.305,10.5,10.115,11.188,11.816,12.275,12.566,12.509,13.256,12.794,13.57,14.228,14.262,14.727,13.877,13.256,12.878,11.867,11.867,11.454,12.275,11.978,13.092,12.962,13.499,14.262,13.851,14.488,15.492,14.922,13.816,12.147,12.953,15.217,15.146,15.114,14.363,12.537,10.715,9.218,7.1436,6.9385,6.3781,7.9868,9.8125,10.488,10.103,11.025,11.295,10.715,12.728,11.857,11.662,11.948,13.963,14.049,14.262,15.233,16.71,16.309,15.515,12.614
14.642,15.94,17.825,17.621,16.782,17.599,17.018,15.744,15.464,14.616,13.621,12.842,13.668,14.141,14.213,14.376,14.222,14.376,14.86,14.826,15.033,15.237,14.93,15.744,15.067,15.237,14.545,12.972,10.768,8.6444,8.8652,10.266,10.465,11.719,10.465,10.899,10.934,11.807,12.444,12.537,12.444,12.537,12.444,12.393,11.686,10.958,11.179,11.214,11.486,10.66,10.768,11.179,11.179,12.731,12.609,13.237,14.545,13.668,12.193,10.708,10.981,12.942,14.536,13.324,12.204,11.237,9.751,8.6444,5.7877,4.8157,6.1754,6.5007,7.6817,8.9807,9.1512,10.899,10.599,9.3186,10.353,10.672,10.599,11.145,12.444,13.809,13.743,14.518,15.093,14.536,13.402,11.675
14.892,16.102,16.933,17.22,17.319,16.522,17.241,15.872,15.088,14.432,13.375,13.107,13.728,13.62,13.861,14.356,13.87,14.019,14.884,14.851,15.418,14.718,15.473,16.102,15.91,14.618,14.618,12.88,11.299,9.4055,8.8553,10.629,10.407,10.857,10.443,10.902,11.429,11.922,11.881,12.256,12.386,13.32,11.891,12.376,11.069,10.991,10.857,10.902,11.288,10.686,11.069,11.124,11.429,11.973,12.246,13.283,14.184,12.909,12.296,10.582,11.124,12.601,13.94,13.512,12.601,10.205,9.0875,7.3591,6.7331,4.975,5.773,6.8771,7.9821,8.7579,9.7509,9.3007,9.3925,10.407,11.124,10.205,10.991,11.557,11.599,13.107,13.593,13.329,15.37,14.356,13.94,11.557
14.804,16.477,17.509,17.294,17.369,17.242,17.069,15.937,14.934,14.541,13.813,14.109,13.492,14.145,14.008,14.227,13.663,13.719,15.097,14.804,14.83,14.943,16.201,16.057,15.766,15.097,15.037,12.208,11.512,8.7656,8.5119,10.079,11.354,11.136,11.136,11.09,11.148,11.579,12.541,12.562,12.396,12.282,12.541,11.354,10.468,10.867,10.855,10.419,10.663,10.796,11.217,11.183,11.854,13.006,12.282,13.29,14.443,13.672,13.006,10.76,11.456,12.112,13.943,13.29,13.015,10.712,8.6918,7.2169,6.1145,5.7896,4.6815,7.1811,7.6167,8.6918,8.9979,8.9979,9.0834,9.6345,10.675,10.76,10.675,11.601,13.406,13.183,14.934,14.734,15.502,13.86,13.748,11.579
13.73,16.363,17.673,16.296,15.643,16.236,15.1,15.889,15.291,13.896,14.334,13.686,13.299,13.615,13.435,13.615,14.971,14.775,14.635,14.309,15.698,14.577,14.881,14.685,14.767,15.291,13.516,12.995,10.929,9.5066,9.0496,10.243,10.349,11.491,11.332,10.796,11.491,11.332,12.067,12.55,12.157,12.453,13.005,11.977,11.007,11.246,10.278,10.148,10.829,9.967,11.062,11.246,11.481,12.067,11.916,12.883,13.677,13.079,11.7,10.751,10.43,12.55,13.39,11.834,12.306,11.332,9.4041,8.368,5.7404,4.6437,3.7488,5.0679,9.0496,8.7224,9.4555,10.04,9.4555,9.6709,9.967,10.796,10.929,11.617,12.836,13.245,14.275,12.995,15.542,14.334,12.607,11.364
14.434,16.212,17.144,16.174,15.102,16.029,14.4,16.912,14.502,13.939,13.361,12.424,14.763,12.453,14.219,14.896,12.91,12.532,14.132,14.434,14.228,13.37,16.265,16.985,14.813,14.219,15.232,12.02,10.237,8.4559,8.7849,10.237,10.042,9.6412,11.421,11.719,11.464,12.02,11.687,11.719,12.503,13.416,12.453,12.532,11.323,10.661,10.845,10.89,11.103,10.128,11.581,11.803,11.635,11.103,13.222,13.194,13.832,12.718,12.082,10.237,10.742,12.814,13.85,13.25,11.958,11.517,8.8825,6.2809,5.2784,5.9998,7.5632,8.7989,8.4559,10.661,9.4214,8.4267,12.01,12.718,10.475,9.129,12.01,11.592,11.958,13.416,11.431,15.012,13.797,16.394,13.324,11.958
14.508,16.429,16.919,16.919,16.489,16.541,16.429,15.498,15.134,13.835,13.472,13.763,13.933,12.687,12.687,13.862,14.249,14.162,14.249,14.327,15.362,15.159,15.736,16.048,15.498,15.625,14.795,12.687,11.049,9.0122,9.2962,10.39,11.26,11.127,10.925,10.868,11.456,11.712,12.036,12.794,12.29,12.919,12.716,12.199,11.182,10.259,10.684,10.719,11.015,11.182,11.617,11.744,11.456,12.32,12.107,12.559,14.327,12.44,12.32,9.7765,11.828,12.948,13.137,13.537,11.617,11.127,8.9708,6.2944,6.1551,4.9261,5.1952,6.9309,8.0238,8.8177,8.474,9.9647,10.21,9.9647,10.556,9.9523,10.959,10.638,12.44,13.024,12.745,13.763,14.327,14.232,13.664,11.659
15.117,16.496,17.189,18.053,17.343,17.1,16.241,15.901,15.814,14.82,13.41,13.438,13.513,14.029,13.103,14.605,15.117,14.262,14.613,15.317,15.62,15.317,15.62,15.814,15.636,14.333,15.024,13.248,11.627,9.1899,8.9664,10.516,10.871,11.091,11.091,11.045,11.125,12.509,12.6,12.469,12.63,13.181,12.128,12.59,11.495,11.261,10.707,10.588,11.418,10.272,11.056,11.484,11.939,12.908,12.387,13.56,13.607,13.132,12.387,11.091,11.886,13.065,13.746,12.63,12.509,10.588,9.286,7.5709,6.0642,5.424,5.8946,7.8666,7.5709,7.8666,8.6056,10.197,10.197,9.4619,10.197,10.588,11.317,10.999,11.746,13.219,13.094,13.993,15.184,14.526,13.993,11.495
13.82,15.792,17.207,16.581,17.122,16.799,16.799,15.699,14.313,13.969,12.862,13.022,13.758,13.463,13.272,13.327,14.304,14.313,15.002,14.83,15.034,14.304,15.699,15.323,15.488,14.202,15.195,12.212,10.919,9.0951,8.4286,10.169,10.818,10.463,10.952,11.029,11.641,11.93,11.879,12.824,12.212,12.834,12.212,11.848,11.248,11.084,10.463,10.121,10.37,10.671,11.248,11.693,11.269,12.182,12.575,13.022,13.281,12.91,12.001,10.487,10.829,12.862,13.022,12.331,11.848,11.766,9.2147,7.5291,5.7733,5.5805,5.3125,6.0006,8.3997,8.4431,7.9534,9.3587,9.7284,9.8279,9.9264,10.157,10.773,10.591,12.202,12.361,12.947,12.643,14.797,13.327,13.022,11.029
14.819,16.463,17.312,17.386,17.505,16.828,16.242,15.691,15.113,14.819,13.639,13.686,13.827,13.762,12.748,13.686,13.985,14.555,14.949,14.819,15.291,14.819,16.273,16.368,16.154,14.67,15.096,13.068,12.082,9.4957,8.7006,10.229,11.423,11.366,10.878,10.723,11.286,11.366,11.855,12.707,12.502,13.029,12.284,12.05,11.194,11.423,11.252,10.949,11.423,10.367,11.524,11.194,11.591,12.461,12.409,13.874,14.022,13.371,12.502,10.217,11.468,13.957,13.342,13.686,11.468,10.429,9.1634,7.5564,6.2873,5.3068,5.7507,7.4009,7.9561,8.5206,8.1486,9.764,9.1493,10.064,10.28,9.764,10.866,10.914,12.082,13.686,13.068,13.419,14.241,14.123,14.123,11.602
13.828,15.893,16.136,16.881,16.494,17.28,15.739,16.294,15.418,15.01,13.552,12.954,13.425,14.649,13.65,13.907,14.674,14.132,15.236,14.515,15.244,15.204,15.067,15.458,15.685,14.814,13.959,12.736,10.824,9.7962,8.273,9.8705,10.469,10.562,11.254,11.362,10.902,11.189,12.338,12.954,12.427,12.338,12.209,11.265,10.493,11.394,10.677,10.174,9.9932,11.091,11.394,11.167,11.447,11.772,12.689,12.87,12.917,13.279,11.731,10.126,9.981,12.64,12.583,12.008,12.049,11.254,8.6191,7.5495,5.9428,5.1526,6.1046,6.6397,6.9795,9.5826,8.4045,9.4288,10.174,10.376,9.7962,9.4288,10.174,10.925,10.835,12.65,12.803,13.766,13.65,13.067,12.189,11.394
14.605,16.599,17.368,16.652,17.273,16.832,16.652,16.038,15.037,14.562,13.178,14.327,14.458,13.025,13.479,14.035,14.527,14.035,14.527,14.536,15.944,15.037,16.31,16.225,15.037,15.236,15.103,13.063,11.652,9.4518,9.1414,9.6748,11.533,11.021,10.987,11.066,11.695,11.522,11.695,12.023,12.752,12.524,13.111,11.533,10.791,10.837,10.627,10.279,11.032,10.721,11.201,10.837,11.727,12.322,12.524,12.996,14.107,13.149,12.84,10.327,11.089,13.178,14.354,13.235,12.064,11.123,9.3584,6.8136,5.6007,5.842,4.7259,6.5889,8.1548,7.5807,8.7486,9.2369,9.4119,9.2097,8.7486,8.9612,11.089,11.201,11.423,11.201,12.372,13.488,14.527,13.263,13.31,11.423
14.545,16.813,16.276,16.966,18.026,16.628,17.124,15.497,14.938,15.144,14.223,13.659,13.668,12.942,12.922,14.8,14.429,14.536,14.8,14.141,15.932,15.271,15.744,16.402,15.237,14.86,14.376,13.545,11.237,9.2632,8.9808,10.354,11.407,10.672,10.756,11.351,11.407,11.719,12.278,12.351,12.691,12.225,12.568,11.214,10.465,11.179,10.672,10.152,10.958,10.756,11.98,10.852,11.133,12.225,11.98,13.237,13.64,12.782,12.267,10.66,11.271,12.731,12.183,12.721,12.731,10.354,8.7335,7.5464,5.4673,5.3961,5.4673,6.2789,7.6143,7.1067,8.8653,8.6296,8.6743,9.1513,8.6891,9.3325,10.203,10.152,10.465,12.109,12.852,12.691,13.706,13.939,12.731,10.563
14.764,16.38,17.187,17.276,16.661,16.142,16.206,16.884,15.688,14.167,13.947,13.245,14.011,13.206,13.206,13.629,14.455,13.863,14.938,14.808,15.77,15.22,15.908,15.941,15.688,15.313,14.834,13.019,11.22,9.5428,8.7679,10.421,10.471,10.471,11.357,11.243,11.139,11.604,12.073,12.949,12.368,12.949,12.849,11.593,11.857,10.284,10.762,10.941,10.459,10.774,11.901,11.186,11.186,11.726,12.616,12.708,13.409,13.186,12.073,9.9789,11.277,12.116,12.819,12.738,12.073,10.284,8.7679,6.6224,5.4704,4.6827,5.0791,5.9232,7.5507,7.7363,7.6356,8.9859,8.6345,8.3304,9.6637,9.0431,9.9789,10.284,11.582,11.414,12.859,12.949,13.798,13.863,12.616,10.762
14.579,16.184,17.035,16.663,16.305,16.207,15.839,15.753,15.206,14.713,12.481,13.674,13.466,13.53,13.087,13.888,14.038,14.02,15.27,14.788,15.518,15.051,15.302,15.526,15.816,15.002,14.738,12.869,10.504,9.1401,8.6711,10.421,10.597,10.539,11.006,10.608,11.183,11.314,11.782,12.54,12.422,12.744,11.699,11.938,11.084,10.207,10.515,10.515,10.515,10.421,10.643,10.701,10.916,11.401,11.938,11.989,12.974,12.55,11.782,10.457,11.084,12.792,13.04,13.347,11.561,10.916,8.4122,6.0304,5.9895,4.9569,4.5701,6.5198,7.8376,7.4519,7.5502,8.8672,9.1132,9.0997,9.7388,9.4702,9.9262,10.539,12.061,10.916,13.124,12.638,13.393,13.096,12.192,10.457
14.802,16.579,16.927,16.703,16.835,16.207,15.818,15.52,15.411,14.047,12.74,13.042,13.482,13.141,13.443,13.786,14.047,14.258,15.487,14.294,15.843,15.276,16.207,16.835,15.276,15.14,14.697,13.327,11.272,9.7815,8.6565,10.197,10.897,10.886,10.485,10.633,11.179,11.488,12.018,12.39,12.431,13.327,12.648,11.756,10.498,10.705,10.633,10.184,10.197,10.596,10.886,10.311,10.969,11.634,11.844,12.576,13.092,12.607,11.888,10.107,11.179,13.278,12.576,13.327,11.985,10.248,8.2107,6.441,5.8058,4.3804,4.3507,5.6244,7.6381,8.2893,8.9075,9.1799,8.6565,8.8929,9.8344,9.109,9.887,10.043,11.386,11.443,11.488,12.771,13.453,13.749,12.982,11.306
14.48,16.196,16.665,17.018,17.077,16.42,16.235,16.046,15.387,14.62,13.086,12.693,13.201,14.198,13.91,14.305,15.096,13.837,14.402,14.62,15.493,15.623,16.474,16.046,16.382,15.784,14.928,13.086,11.578,9.1084,8.7976,10.184,10.501,10.059,10.751,10.356,11.133,11.302,12.37,12.237,12.278,12.613,11.741,11.611,11.246,10.763,10.109,10.88,10.833,10.857,11.076,10.561,10.763,11.954,12.37,12.723,13.542,12.663,12.492,10.368,10.609,12.164,13.115,12.852,12.37,10.857,8.6527,6.3616,5.1289,5.3462,5.0293,5.1289,7.1125,8.6087,8.9119,9.4892,9.1084,8.5646,9.0667,9.2735,10.368,10.798,11.698,12.091,12.613,13.736,13.542,13.532,12.822,11.03
14.106,15.878,16.486,16.964,16.964,16.892,15.816,15.383,15.084,13.922,13.206,13.131,13.308,13.354,13.427,14.098,13.922,13.896,14.595,14.306,15.173,15.141,15.66,16.269,15.878,15.494,14.28,12.557,10.614,9.0503,8.6615,9.6297,10.427,9.9191,10.116,10.729,11.012,10.922,11.996,12.279,12.399,11.578,11.944,11.012,10.042,10.956,10.224,9.9686,10.042,10.978,11.09,10.427,11.189,11.309,11.996,12.517,13.646,12.876,12.279,10.042,11.145,12.98,13.491,12.644,11.621,10.706,8.2543,6.6169,5.3646,4.9843,4.9843,7.0488,7.4558,8.4458,8.6615,8.4749,9.5399,8.7883,9.1045,9.6297,9.527,9.9315,11.944,11.903,13.018,13.473,13.975,13.618,11.996,10.729
14.578,16.302,16.85,17.184,17.184,16.768,16.302,16.456,15.337,14.647,13.822,13.377,13.062,13.968,13.666,13.712,14.227,14.569,14.987,15.37,15.767,15.254,15.727,16.364,15.517,15.775,15.279,13.405,11.478,10.16,8.6724,9.5979,10.657,11.155,10.357,10.751,10.562,11.39,11.653,12.151,12.408,11.941,12.151,11.155,11.467,11.018,10.357,9.9466,10.657,10.868,11.018,10.845,11.018,11.598,12.479,13.148,13.518,13.1,11.717,10.562,11.334,13.263,13.263,12.808,12.099,9.6634,8.888,6.5502,5.728,4.7394,5.5489,5.8587,7.4175,9.1675,8.1006,8.7736,8.9868,9.8701,9.8701,8.9446,9.5452,9.9719,11.653,11.984,12.223,13.573,14.076,13.377,12.877,12.161
15.045,16.191,16.869,17.312,17.536,16.392,16.832,15.507,15.244,13.985,13.471,13.657,13.958,14.093,13.053,14.834,14.289,14.825,15.588,14.902,15.955,15.327,16.346,16.191,15.876,15.103,15.302,13.396,11.753,9.748,8.6667,9.6962,10.861,10.591,10.674,10.091,11.056,11.147,11.282,11.934,12.349,12.07,11.47,11.011,10.591,10.861,10.483,9.6962,10.591,11.091,11.382,10.555,11.147,11.327,12.581,12.908,13.886,12.591,12.143,10.555,10.733,12.308,13.565,13.053,12.308,11.011,9.5389,7.4635,5.7242,5.1199,5.3369,6.6034,7.647,7.8583,7.5974,9.5916,9.0508,9.6441,10.24,9.2164,10.003,10.104,11.677,11.753,12.869,13.092,14.697,13.657,13.053,11.558
14.799,16.338,17.328,16.599,16.964,17.155,16.623,15.754,15.352,14.407,13.395,13.041,13.617,13.588,14.115,14.179,15.113,14.72,15.113,15.428,16.024,15.621,15.853,16.662,16.113,16.016,15.009,12.849,11.659,9.4098,8.6754,10.206,10.333,10.333,11.146,10.765,11.296,10.957,12.269,12.552,12.269,12.343,12.269,11.411,10.471,10.729,10.471,10.321,10.333,11.016,11.648,10.993,10.813,11.411,12.427,12.91,13.882,12.799,12.098,10.219,10.765,12.849,13.249,13.011,11.782,10.026,8.4934,6.6537,5.7055,4.8143,4.6211,5.2541,6.9411,8.9123,8.6604,8.7352,10.13,9.3124,9.086,8.7352,10.52,10.257,11.57,12.417,12.88,14.407,14.234,14.078,13.56,11.748
14.184,16.415,16.556,16.344,16.789,16.564,15.96,15.665,15.264,13.964,13.348,13.74,13.025,13.692,14.383,14.455,14.782,14.383,15.29,14.782,15.895,15.665,15.895,15.887,15.772,15.665,14.473,13.464,11.153,8.881,8.6449,10.03,9.8212,10.618,10.727,10.483,10.954,11.371,12.383,12.055,12.58,12.56,11.291,11.872,11.257,10.618,11.428,9.6753,10.811,10.372,10.234,10.954,11.257,11.707,12.373,12.835,13.991,12.865,11.529,10.954,10.691,12.289,13.025,11.872,11.618,10.727,8.3868,5.9303,5.3091,4.0682,5.2356,6.2073,7.1375,7.9434,8.6896,9.7816,9.1675,8.881,8.8955,9.2797,10.483,10.691,11.153,12.215,11.872,13.309,14.129,14.571,13.73,11.001
15.275,18.299,18.483,18.743,18.788,18.999,17.729,16.345,16.492,15.627,13.916,15.148,15.052,15.275,14.735,16.077,16.077,15.432,16.934,15.888,17.175,17.426,17.385,18.359,17.763,17.551,16.077,15.052,11.964,10.137,9.3296,10.829,11.893,11.657,11.437,11.974,12.332,12.784,13.065,13.882,13.697,13.882,12.982,12.982,13.285,12.293,11.479,11.657,12.439,11.688,11.224,11.688,12.41,12.869,13.093,14.08,15.888,14.183,13.313,11.32,11.688,14.293,14.293,13.276,12.41,11.234,8.8645,7.0916,5.7553,4.9171,4.8428,7.3098,8.2426,9.2384,8.9053,10.784,10.326,9.04,9.8465,9.8342,11.479,12.004,12.935,14.293,14.26,15.432,14.979,15.926,13.977,12.332
14.411,16.091,16.784,16.692,16.823,16.915,15.774,15.476,14.257,14.148,13.578,13.201,13.898,13.578,13.434,14.193,14.339,13.898,14.366,15.249,15.451,15.476,15.938,16.614,15.97,14.818,14.411,13.473,11.435,9.2157,8.7547,9.6682,10.304,10.304,10.926,11.114,11.008,11.879,11.923,12.213,12.599,12.732,11.298,11.879,10.291,10.794,10.19,10.036,9.8276,10.49,10.89,10.734,11.206,11.241,12.138,13.386,13.357,12.813,12.308,10.19,10.304,12.813,13.043,13.033,12.223,10.734,8.2208,5.5041,4.6914,4.8274,5.0885,6.1274,8.0457,8.2208,9.2157,9.7216,9.1594,7.9486,9.2157,9.8802,10.985,10.926,11.748,12.297,13.043,12.752,13.269,13.842,13.434,10.49
14.677,15.998,17.034,16.62,16.915,16.734,16.234,15.919,14.415,14.176,13.3,13.432,13.601,14.176,13.508,14.023,13.749,13.85,15.335,14.677,15.335,15.442,16.436,17.094,16.117,15.177,15.549,13.127,11.622,9.3639,9.117,10.329,11.143,11.313,11.052,10.867,11.052,10.995,11.49,11.622,12.165,12.625,12.625,11.709,10.583,10.703,10.267,10.366,10.378,9.7223,10.366,10.867,10.773,12.176,12.186,12.745,13.508,13.3,12.124,10.131,10.867,11.589,12.615,12.625,11.741,10.366,7.8149,6.3076,4.958,4.0272,4.3304,6.847,7.3297,8.7916,8.5579,9.2823,8.5579,8.543,10.068,9.6701,10.267,10.773,11.752,12.186,12.625,12.893,14.176,12.834,13.545,11.357
14.068,15.914,16.546,16.82,16.351,16.229,16.191,15.345,14.779,13.676,13.811,13.076,13.356,14.492,13.048,13.927,13.998,14.449,14.912,14.779,15.481,15.151,16.184,15.914,15.441,15.529,15.433,13.048,11.269,9.4313,8.494,9.766,10.247,10.947,10.545,10.439,10.247,11.115,11.594,11.636,12.012,12.012,12.427,11.857,10.533,11.562,9.5614,10.053,10.199,9.9539,10.065,10.707,10.533,11.857,11.115,12.546,13.522,12.277,11.857,9.8038,10.73,11.7,13.123,11.562,11.476,9.8416,7.9687,5.9856,5.5575,4.5828,5.1177,5.8181,7.117,8.9611,8.681,8.273,9.4313,8.8919,9.1251,9.1656,10.247,9.4966,10.902,12.427,11.95,12.516,13.649,13.123,12.467,10.673
14.746,16.275,17.332,16.653,17.23,16.127,16.5,15.777,15.32,14.185,13.996,14.424,13.61,13.637,13.298,14.22,14.686,14.424,15.452,15.32,16.095,15.55,16.275,16.407,16.63,15.623,15.12,14.194,11.629,10.137,8.5779,9.676,10.673,11.32,10.626,10.384,11.263,11.15,11.716,12.441,12.633,12.911,12.173,11.941,11.093,10.482,9.8964,10.59,10.59,10.036,10.626,10.768,10.685,11.596,11.759,12.131,13.135,12.633,11.759,10.199,10.685,12.441,12.872,13.183,11.32,9.9348,7.3342,6.3115,4.961,4.0611,5.186,7.4882,7.8197,7.2121,8.0751,9.2606,8.5631,8.5779,8.5779,8.6662,9.7803,9.504,10.874,11.888,11.629,12.822,13.251,13.384,12.194,10.673
14.418,15.835,17.055,17.64,17.003,16.349,16.032,16.403,14.829,14.234,13.52,12.438,14.101,14.137,13.455,14.057,14.625,14.453,15.031,15.531,16,15.006,16.646,17.245,16.372,16.032,15.022,13.603,11.441,9.5274,8.3341,10.139,10.456,10.563,10.81,11.253,11.085,11.253,11.871,12.388,12.519,12.06,12.06,12.06,10.81,11.028,10.015,10.139,10.456,10.323,10.563,10.065,10.982,11.69,12.225,12.767,13.144,13.029,12.225,10.065,10.42,11.871,13.53,12.796,11.253,9.8382,8.3341,6.7183,4.7505,4.6167,4.4788,5.228,7.5112,8.1516,8.3941,8.3341,8.8733,9.3145,8.6443,8.8592,8.7452,9.4481,11.441,11.903,11.722,12.112,13.258,13.144,11.253,10.623
15.284,16.302,17.558,17.587,17.071,16.246,16.421,15.275,14.483,13.851,13.587,12.524,13.663,14.492,13.757,14.402,13.851,14.483,15.727,15.318,15.981,15.079,16.246,16.872,15.858,15.411,15.719,13.851,11.248,9.0657,8.5355,10.004,10.897,10.705,10.825,10.705,10.801,11.722,11.887,12.263,11.931,12.891,12.326,11.887,10.741,11.214,10.184,10.184,11.121,10.933,10.789,10.789,11.015,11.386,12.017,12.891,13.663,13.012,12.231,10.247,10.992,12.483,13.757,12.524,11.81,9.0084,8.7158,6.5207,4.1052,4.5543,4.6944,5.0918,7.0738,7.789,7.2904,8.3512,8.5355,8.4745,8.7158,8.6411,9.7279,9.3612,10.705,11.544,11.711,12.431,13.529,12.982,11.521,9.8865
14.76,16.453,17.061,16.741,17.024,16.33,16.43,15.386,15.279,14.16,13.699,13.972,13.251,13.384,13.166,14.187,14.963,14.623,14.913,15.055,15.605,15.122,16.763,17.156,15.94,15.451,15.122,13.242,11.752,9.5166,8.7595,9.6349,10.081,11.215,11.46,11.103,11,11.741,11.89,12.539,12.569,12.895,12.388,11.922,11.316,10.437,10.581,9.9559,10.581,10.34,11.046,10.734,10.722,11.271,11.709,12.788,13.127,12.569,11.547,10.094,10.545,12.459,13.166,12.579,10.437,9.8798,7.9305,6.8221,4.7583,4.6242,4.9653,6.5971,6.7293,7.1814,7.303,8.3478,8.7595,8.3478,9.2213,8.0876,9.2485,8.9724,10.954,12.121,11.271,11.922,12.788,12.539,11.634,10.094
14.244,15.985,16.863,16.103,16.598,16.75,16.598,16.103,15.164,14.244,13.087,13.534,13.317,13.496,13.164,14.119,14.226,14.586,15.649,15.625,15.396,16.166,16.008,16.095,15.794,16.103,14.954,13.59,11.47,9.6093,8.3712,9.5697,10.881,10.369,11.247,11.303,11.043,11.348,12.279,12.238,12.279,12.823,11.403,11.612,10.574,10.357,10.369,10.369,10.562,10.369,10.369,11.043,10.369,11.303,11.481,12.248,12.724,12.574,11.612,9.766,10.122,12.071,11.774,11.785,11.168,9.6749,7.8083,6.5387,5.1293,4.6372,4.3267,6.2214,6.7668,7.6114,7.6611,8.3257,8.5948,8.7841,8.4314,8.7985,8.5653,9.6093,10.172,11.077,11.742,13.116,13.077,12.734,11.731,9.5697
13.69,16.114,16.453,16.806,16.857,16.341,16.483,14.98,14.848,13.999,13.373,13.373,13.654,13.373,13.327,13.947,14.716,14.616,15.183,14.832,15.815,15.534,15.494,16.326,15.846,15.471,15.279,13.067,10.99,9.5077,8.1929,9.6102,9.9484,10.441,11.287,10.627,10.81,11.067,11.586,12.403,12.521,12.413,11.899,10.627,11.48,10.592,10.095,9.9607,9.7494,10.488,10.192,10.204,10.592,10.01,11.287,11.65,12.174,12.224,10.9,9.6102,10.022,12.083,12.725,11.765,11.221,9.2464,7.7472,5.7932,4.5632,4.0815,4.427,5.3537,7.0866,8.4141,7.9346,7.8258,8.9639,8.4287,9.032,7.4242,8.6439,9.3387,10.095,10.707,12.413,12.254,13.464,12.619,11.287,10.441
13.997,16.235,17.124,16.235,16.886,17.146,16.644,15.679,15.136,14.399,13.433,12.835,13.75,13.851,13.602,14.416,14.248,14.177,15.311,14.968,15.8,14.875,16.923,16.56,16.063,15.639,15.509,13.555,11.677,9.7229,8.8065,9.6181,10.774,10.268,10.891,10.379,11.178,11.178,11.414,12.082,12.103,12.596,12.187,11.257,11.178,10.476,9.5652,9.9928,9.7749,10.379,10.584,10.379,10.069,10.62,11.391,12.093,13.291,11.785,11.48,9.8909,9.9165,11.753,13.128,11.491,11.579,9.9674,8.1953,6.4471,5.0594,4.9582,3.9319,5.5606,7.1551,7.701,7.4841,7.8639,8.1953,8.5731,8.5731,8.1953,8.6174,9.0758,10.868,10.62,11.358,12.124,13.176,13.06,11.742,9.9165
14.205,15.488,16.463,16.243,16.642,15.89,15.67,15.405,14.607,14.323,13.191,13.801,13.66,13.432,13.931,14.032,14.359,14.528,15.22,14.93,15.76,16.019,15.85,15.76,15.76,15.923,14.93,13.995,11.8,9.8507,8.2588,10.045,10.593,10.273,10.702,10.459,10.447,11.08,11.58,12.197,12.271,12.935,12.53,12.059,11.713,10.459,10.654,10.459,10.197,9.8507,11.23,10.666,10.459,11.127,11.591,11.833,12.344,11.844,11.23,10.045,10.109,11.844,13.161,12.683,10.702,9.5724,7.7607,6.1928,4.813,4.813,5.0224,6.1302,7.0481,7.0664,7.6269,8.7285,8.3672,8.4437,8.2588,8.3209,9.1882,9.6926,9.6527,10.857,12.197,11.8,12.53,12.683,11.713,9.9676
14.472,16.799,16.776,15.966,16.434,17.067,16.186,16.061,15.516,14.654,13.193,13.673,13.107,13.155,13.27,14.305,14.842,14.507,15.484,14.791,16.029,15.59,15.703,16.155,15.894,16.061,14.507,13.524,11.604,10.313,8.3654,9.9006,9.6027,9.9769,11.058,10.662,10.662,11.16,11.83,12.414,12.24,12.147,13.068,11.604,12.167,10.85,10.792,10.115,9.8751,11.069,10.555,10.362,10.745,10.567,11.604,12.363,12.815,12.815,11.734,10.053,10.053,12.815,12.606,11.239,9.9134,10.603,8.1822,6.2172,4.9503,4.3238,5.1258,5.8831,6.1354,7.3184,7.5394,8.5594,8.6475,8.6767,8.5447,8.4256,9.5367,9.7593,9.7593,11.069,11.34,12.596,12.815,12.606,12.157,11.058
14.652,16.277,17.072,17.205,16.592,16.362,16.796,16.207,15.285,13.717,13.037,13.726,14.391,14.609,13.827,13.671,14.781,14.652,15.652,14.652,15.612,15.74,15.971,16.238,15.522,15.971,15.318,13.606,11.237,10.064,8.7767,9.4421,10.114,10.25,10.348,10.494,10.494,11.033,11.732,12.082,12.103,12.564,11.764,11.294,11.46,10.743,10.36,10.601,10.601,10.176,10.176,10.494,10.051,11.068,11.775,12.072,13.153,12.072,11.294,10.101,10.601,12.881,12.103,11.602,11.237,9.2394,7.8662,7.1072,4.975,3.8273,4.1442,4.9496,6.7425,8.4243,7.471,7.6876,8.6463,8.5877,9.2394,7.9461,8.6023,9.4822,10.36,11.57,11.946,12.842,13.717,12.793,12.082,9.9754
14.134,15.68,17.249,17.065,17.802,16.984,16.163,16.038,15.041,14.59,14,13.561,14.054,13.505,13.468,13.882,14.478,14.633,15.632,15.568,15.975,15.592,16.387,16.571,16.006,15.761,15.29,13.515,11.544,9.8994,8.0932,9.6546,10.151,10.347,10.54,10.299,10.647,10.858,11.446,12.129,12.865,12.396,11.899,11.93,11.019,10.835,10.347,10.588,10.73,9.9628,10.237,10.335,10.347,11.11,11.707,12.223,13.251,12.14,11.555,10.552,10.163,11.457,12.057,11.457,11.468,9.2549,8.2321,6.1061,5.1676,4.3177,4.6275,5.2402,7.1336,7.1864,8.3536,7.936,8.3536,8.1087,8.4137,9.4702,10.237,10.299,11.042,11.008,12.088,11.846,13.031,13.031,12.427,10.962
14.66,15.661,17.599,17.185,16.858,17.302,17.214,15.789,14.66,14.293,13.807,12.691,14.311,14.399,13.511,14.115,13.871,14.591,15.293,14.591,15.645,15.596,16.004,16.286,15.531,15.741,15.219,12.879,12.152,9.3533,8.293,9.9048,9.6592,11.074,10.761,10.667,10.69,11.074,11.4,11.576,11.739,12.581,12.82,11.609,10.655,11.04,9.8792,9.6592,10.069,9.9557,10.107,10.057,10.982,11.696,11.609,12.419,13.161,13.199,11.771,9.9811,9.5672,11.771,12.11,12.245,10.855,8.8961,8.0611,5.689,4.054,3.1802,4.9778,5.0284,6.5562,8.6072,7.1996,8.7817,7.3214,7.6755,8.9103,8.2472,9.1759,9.9557,10.572,11.466,11.835,13.074,13.807,12.079,13.074,10.169
15.748,18.377,19.214,18.997,19.176,19.061,18.11,17.955,16.658,16.355,14.397,14.855,15.116,14.822,15.148,15.925,15.332,16.303,16.855,16.775,17.777,17.113,18.771,18.536,17.784,17.681,16.555,14.624,12.57,10.66,9.2778,10.475,11.195,12.015,12.345,11.944,11.892,12.849,13.037,13.658,13.296,13.906,13.756,12.59,11.4,12.196,11.4,10.464,11.368,11.368,11.261,11.623,11.933,12.385,12.962,13.915,14.59,13.774,12.924,11.097,11.56,12.924,13.433,13.694,12.434,10.475,7.4071,6.3238,4.5527,5.0359,4.6586,6.4195,7.19,8.4958,9.4986,8.6381,8.1441,9.7269,9.0786,8.7503,10.18,10.382,12.924,13.415,13.622,13.967,14.244,14.582,13.827,12.619
15.959,18.137,18.452,18.653,18.634,17.984,18.197,17.213,16.478,15.967,14.714,15.478,14.706,14.738,14.909,14.933,15.204,16.441,16.753,15.571,17.372,16.674,18.137,17.386,17.572,16.731,17.157,14.747,12.343,10.751,9.3265,10.604,11.016,11.785,11.285,11.444,11.856,12.255,12.497,13.025,14.037,13.487,13.153,12.941,12.745,11.805,11.538,10.525,11.652,11.475,11.189,11.444,11.805,12.745,12.497,12.783,14.139,14.114,12.978,11.475,11.856,13.734,13.62,12.754,11.967,10.341,7.9193,5.923,4.6244,5.4805,5.1177,7.0696,7.6098,7.7506,9.3651,8.7276,8.9451,9.5178,9.0387,8.5608,10.106,10.306,12.294,13.153,12.401,13.934,15.267,14.933,13.335,12.294
15.529,18.084,18.824,18.224,18.779,18.747,18.435,17.712,16.349,15.861,14.339,13.7,14.465,14.598,15.047,14.982,15.436,15.876,16.787,16.902,16.751,17.242,17.073,17.712,17.513,16.823,15.891,14.339,12.797,10.127,9.3575,10.525,11.355,11.885,11.052,11.439,11.824,12.413,13.424,13.567,13.279,13.603,13.123,12.994,12.52,12.295,11.215,11.513,11.355,10.831,11.312,11.15,11.69,12.097,12.539,13.7,13.532,13.505,12.797,11.226,10.997,12.984,12.787,11.482,11.482,10.031,8.1855,6.4125,4.8688,4.6398,4.5343,5.9427,8.141,8.4042,9.042,9.5494,9.042,8.5892,8.7979,9.6877,9.6627,11.607,10.92,12.539,13.361,13.096,14.465,14.322,13.603,11.482
14.944,16.203,17.042,16.589,16.589,16.542,16.775,15.378,14.944,14.053,13.424,12.373,13.337,14.117,13.366,13.952,14.172,13.681,15.428,14.55,15.285,15.251,15.914,16.643,15.453,15.825,15.158,12.854,11.143,9.9825,8.6376,9.7734,10.718,10.425,10.682,10.802,10.682,11.143,11.697,12.3,11.785,11.905,11.862,10.573,10.992,10.682,10.085,9.7734,9.8654,10.766,10.945,10.225,10.363,10.573,11.785,11.991,12.373,12.215,11.519,9.1598,10.085,11.609,12.194,10.718,10.288,9.7071,7.2214,5.6121,5.2312,3.9683,4.6844,5.9253,6.6052,8.4105,8.6525,8.1454,8.6525,8.1928,8.9891,8.6972,8.6226,9.7071,10.288,11.097,11.586,12.205,13.249,12.954,11.686,10.573
14.17,16.607,16.165,16.435,17.212,16.793,16.561,16.309,15.57,14.324,14.069,12.727,12.948,13.743,13.696,13.893,15.029,14.645,15.029,15.302,15.964,15.932,15.801,16.348,16.221,15.302,15.445,13.668,11.109,9.3791,8.0425,10.019,10.224,10.437,10.375,10.73,10.486,11.431,12.091,12.838,12.716,12.303,12.229,11.374,11.743,10.173,10.874,10.032,10.778,10.957,10.694,10.486,10.474,10.621,11.864,12.091,12.47,11.875,10.486,10.071,10.814,12.292,11.71,11.621,10.886,9.2121,7.2294,5.6869,4.3161,3.094,4.6061,5.0866,7.1393,8.2018,7.7809,8.6621,8.6621,8.6621,8.7068,8.3426,9.0134,9.4615,10.224,10.814,11.294,11.61,12.511,12.25,11.831,10.287
14.713,16.746,16.471,17.194,16.814,17.113,17.135,16.401,15.625,14.644,13.75,12.714,13.223,13.564,13.897,14.141,15.029,14.825,14.816,15.412,15.93,15.906,16.073,16.246,16.448,15.649,14.876,13.414,11.597,9.9357,8.3387,9.69,10.336,10.275,10.627,11.002,10.483,11.185,12.195,12.132,12.824,12.101,12.132,12.132,11.002,11.321,10.686,10.686,10.627,10.2,10.385,10.385,10.816,10.875,11.06,11.857,12.442,12.017,11.587,9.9357,10.675,11.185,11.499,12.184,11.185,8.9124,7.6233,5.3551,4.5618,4.3041,4.6444,5.5414,6.1492,6.721,7.3349,7.6896,8.3082,7.9652,7.8205,7.869,8.5787,8.5787,10.125,10.385,11.128,11.421,12.462,11.974,11.094,9.69
14.431,16.118,16.79,16.454,17.637,16.535,16.387,15.472,14.507,14.219,13.154,13.024,13.563,14.33,13.635,13.812,14.657,14.33,14.33,14.863,15.09,14.993,15.997,15.752,15.306,15.401,14.92,13.732,11.551,9.2094,7.9488,9.8593,10.812,10.163,10.856,10.856,10.856,10.89,12.245,12.364,12.549,12.324,12.205,11.349,11.54,10.812,10.446,10.151,10.642,10.163,10.364,10.115,10.364,10.812,11.349,12.245,12.195,11.718,11.176,9.8223,10.055,11.634,11.498,11.381,11.466,9.4696,7.9028,5.9361,3.5888,4.0651,4.2406,4.0651,6.7051,7.9488,7.6529,7.5086,7.9641,7.7161,7.0582,7.5086,8.2636,8.6234,9.2094,9.5207,10.823,10.89,12.245,12.175,11.349,8.8871
14.662,17.036,16.947,17.036,17.385,17.146,16.535,15.814,15.429,15.058,13.852,13.532,13.624,13.002,13.108,13.852,14.533,14.891,15.058,15.646,16.151,15.331,16.221,17.058,16.034,16.535,15.257,13.364,11.735,9.7244,8.5289,9.316,9.979,10.788,10.079,10.458,10.788,10.984,12.196,12.551,12.876,12.925,12.278,11.82,11.905,11.255,10.996,10.624,10.718,10.029,10.718,9.8398,10.325,11.199,11.086,12.103,12.551,11.617,11.692,9.8398,10.215,12.44,12.103,12.03,10.718,9.0289,7.1708,5.8621,4.0378,3.8142,3.8142,5.6663,6.5874,6.4138,6.0516,7.4454,7.8393,7.2922,8.3355,8.0757,8.4994,8.0133,9.2349,10.529,10.276,11.617,12.993,11.432,11.064,9.0289
14.177,16.491,16.765,16.735,18.046,16.674,15.999,15.808,15.178,14.806,13.243,13.128,13.555,13.291,13.602,13.63,14.703,14.634,15.019,14.634,15.41,15.808,15.92,16.251,15.443,15.509,15.178,13.089,11.796,9.7229,8.5731,9.9292,10.62,10.679,10.703,11.087,11.391,11.076,12.464,12.586,12.103,12.596,12.103,12.124,11.257,11.257,10.668,10.131,10.379,10.379,10.572,10.33,10.081,10.703,11.121,11.391,12.342,11.502,11.48,9.9165,9.6181,11.742,11.414,11.178,11.144,8.5435,6.6216,5.0343,4.0588,3.5598,3.9319,5.0594,6.773,6.368,6.7166,8.1332,7.6846,7.4331,7.668,6.9939,7.3301,9.2418,9.4049,9.6837,10.584,10.379,11.753,11.144,10.679,9.4586
14.246,16.468,16.57,16.523,16.647,17.285,16.9,16.272,15.089,14.291,12.534,13.321,12.534,12.809,12.939,14.363,14.155,14.073,14.796,14.796,14.986,15.41,16.121,16.216,16.398,15.493,15.225,12.687,11.348,9.44,8.3698,10.074,10.351,10.706,10.597,10.896,10.849,11.573,11.716,12.565,12.698,12.606,11.848,11.683,10.276,11.211,10.766,9.7619,10.009,9.9965,9.4808,10.276,9.6957,10.766,10.706,11.506,12.18,11.683,10.932,9.7487,10.213,11.176,11.716,10.462,10.79,8.1831,6.9027,5.075,3.9637,3.4044,3.087,4.9983,5.9401,6.9027,7.5445,8.1199,7.5445,7.6124,7.1771,7.8785,7.9436,9.149,9.6291,9.9965,10.932,11.234,12.285,10.706,10.754,9.3578
14.025,16.001,16.954,17.191,17.098,16.403,16.647,15.36,15.062,14.259,13.159,13.288,13.214,13.472,13.813,14.438,13.599,14.016,15.376,14.438,15.637,14.857,16.04,16.124,15.878,15.543,14.865,12.876,11.551,9.4224,8.4335,9.4614,10.209,10.197,10.587,10.714,10.587,11.129,11.656,11.551,12.141,12.499,11.173,11.401,11.129,10.94,10.529,9.917,9.8301,9.7298,9.7675,9.3964,10.209,10.412,10.494,11.315,12.231,11.886,10.714,9.4094,9.0913,11.433,12.06,11.206,10.209,7.8303,6.88,4.977,3.7716,3.5018,3.3221,5.3338,6.6442,6.1257,7.5594,7.9392,7.4285,7.9392,8.0618,7.445,8.4335,8.4335,9.9046,9.917,10.906,10.691,12.06,11.228,10.816,9.1047
14.011,16.576,16.752,17.119,17.2,17.052,16.197,16.134,15.695,14.983,13.189,12.907,12.598,13.709,14.271,13.755,15.426,15.034,15.565,15.459,15.63,15.557,15.557,15.816,16.007,15.327,15.327,14.056,11.634,9.2921,8.2035,9.6934,10.389,9.6934,10.522,10.595,10.141,11.006,12.021,12.759,13.304,12.261,11.764,11.591,11.155,11.189,10.773,10.34,10.191,9.6934,9.9264,9.9008,9.3737,9.588,10.69,11.087,11.764,11.861,11.006,9.7846,9.251,11.098,11.634,10.486,10.129,8.8008,6.5512,5.4509,4.0315,3.6687,4.0629,5.1391,6.3143,6.761,7.5758,7.6922,7.8232,8.2035,8.063,7.559,7.9679,8.5669,8.9298,9.6934,9.9008,11.325,12.105,12.021,10.141,9.251
14.909,16.46,16.491,16.803,16.118,17.183,17.22,15.896,15.369,14.416,13.555,14.257,13.676,13.555,13.546,14.177,14.806,14.177,14.677,15.549,15.999,16.212,15.639,16.391,16.141,15.103,14.806,13.851,11.178,9.9164,8.0706,10.378,9.5519,10.366,10.194,10.366,10.081,10.679,11.178,12.176,12.434,12.434,12.434,11.623,12.166,11.257,10.62,9.9928,10.031,10.844,10.194,9.5784,10.476,10.031,10.844,11.709,12.434,12.103,10.774,9.6837,9.7749,11.414,10.844,11.358,9.2555,8.0706,6.773,5.0594,3.834,2.9355,4.7494,6.5639,6.8474,7.5682,7.208,8.2569,7.6183,7.484,7.066,7.4331,7.668,9.4049,8.9633,10.62,9.9928,11.121,11.742,11.966,10.268,10.194
13.908,16.587,16.964,16.716,16.866,17.318,16.441,16.232,15.203,15.294,14.089,13.908,13.045,13.418,13.228,14.089,15.385,15.094,15.128,15.069,14.951,15.597,15.973,16.287,16.005,15.613,15.75,13.512,12.245,9.7638,8.1084,9.0654,10.367,10.12,10.667,10.367,10.667,10.762,12.11,12.82,12.069,12.82,12.612,11.074,11.772,10.608,10.019,10.572,10.182,10.367,10.572,10.019,10.355,10.5,11.244,11.489,12.328,11.739,10.655,9.6596,9.245,11.609,11.029,10.691,8.9107,7.4756,5.8643,4.5257,2.9322,3.5558,5.1282,6.7466,6.22,7.4756,7.1999,8.124,8.9107,8.1084,7.6923,6.986,7.8065,8.7965,9.1763,10.057,10.572,11.3,12.82,12.11,11.696,9.2723
14.95,16.484,17.302,17.732,17.796,17.105,16.801,16.138,15.728,14.121,13.494,14.245,14.041,13.484,13.494,14.112,14.567,14.739,15.728,15.438,15.479,15.847,16.161,17.504,16.324,16.044,15.167,13.688,11.827,9.2133,8.1579,9.6396,10.536,10.319,10.331,9.884,10.464,10.76,10.619,12.111,11.912,12.111,12.845,11.262,12.069,11.036,9.7303,9.9851,9.8713,10.76,10.464,9.7303,10.073,10.631,11.036,11.362,12.777,12.111,10.841,8.9646,10.085,10.536,11.45,11.362,9.6396,8.2953,6.7235,4.2817,4.538,2.9221,4.6203,7.0159,7.4499,7.6659,8.0806,8.4006,8.3406,7.7797,8.0806,8.2953,8.5193,9.2133,9.5084,11.262,10.536,12.193,12.448,12.203,11.306,9.6786
14.631,17.143,18.053,17.173,17.209,17.883,17.539,15.824,15.26,14.543,13.454,13.576,13.576,13.762,13.946,14.657,15.243,14.838,15.243,14.838,15.824,15.638,16.291,15.824,15.832,16.142,14.991,13.697,12.027,9.5931,8.2078,9.6854,10.209,10.394,10.492,10.696,10.79,10.696,11.771,11.64,12.483,12.605,11.771,12.143,11.07,10.861,10.826,10.394,10.684,9.9444,10.394,9.9444,10.197,10.908,10.197,11.509,12.402,11.64,11.331,9.5931,9.9316,11.409,11.727,10.6,10.382,7.6798,7.2191,4.6485,4.1578,3.0669,4.5097,5.7488,6.7646,6.8579,8.2078,7.892,8.346,8.1456,7.892,7.4445,9.0896,8.8055,10.147,9.297,10.908,11.64,12.635,12.309,11.274,9.6328
14.78,17.106,18.282,17.664,17.884,17.084,16.695,16.103,14.916,14.063,13.183,13.791,14.214,13.991,13.058,14.206,14.072,14.223,15.142,15.374,15.771,16.08,16.103,16.336,16.142,15.763,15.275,13.709,11.563,10.057,8.5824,9.7518,10.095,10.451,10.487,10.342,10.354,11.152,11.649,12.475,12.646,12.158,12.096,11.015,10.819,11.118,10.595,9.6609,9.9693,10.057,10.354,9.7518,10.107,9.7,10.819,11.287,12.405,12.064,11.287,9.5954,9.9058,11.98,11.725,10.819,9.9693,8.0516,5.7265,5.1219,2.8411,2.9286,3.5514,6.1307,6.7008,8.3136,7.2435,6.8313,7.2435,7.4664,7.5337,8.5382,8.2374,9.0404,10.354,9.5559,10.305,11.821,12.874,12.405,10.737,9.5954
14.723,16.609,16.646,16.836,16.814,17.039,17.096,16.068,14.292,14.631,13.516,13.516,12.96,12.419,13.333,13.767,13.9,14.36,14.437,14.698,15.737,15.117,15.358,16.167,15.509,15.254,15.35,13.185,11.313,9.829,8.2414,9.4603,9.9035,10.1,10.027,10.014,10.528,10.905,11.987,12.25,12.409,12.692,12.527,11.549,11.56,10.871,10.86,9.7287,9.829,9.9529,10.446,10.027,9.2507,10.712,10.446,11.226,11.977,11.812,11.313,9.512,9.8663,11.486,10.304,10.666,9.9529,7.7349,7.0028,3.9922,2.6666,3.6049,4.4566,5.7747,6.4563,6.3026,7.5423,8.3007,7.0898,7.5747,7.4276,6.9501,8.5193,8.5481,8.6479,10.493,9.9652,11.56,12.683,11.56,10.86,8.9269
15.077,15.938,17.436,17.499,17.742,15.977,16.393,15.977,14.276,14.086,12.868,12.413,13.207,13.372,12.991,13.518,13.787,14.43,14.832,14.556,15.722,15.028,16.393,15.992,15.502,15.247,15.375,13.509,11.733,10.191,8.6578,9.299,11.067,10.499,10.405,10.155,10.394,11.221,10.933,11.681,12.618,12.373,12.618,11.971,10.989,10.889,10.522,10.095,10.441,9.5588,9.8615,9.3384,9.9481,11.221,10.9,11.554,12.618,11.512,11.122,10.191,10.155,10.684,11.426,9.8987,9.5588,7.5711,5.6431,3.6032,2.5237,3.569,3.8656,5.1673,7.0344,7.4897,7.1381,7.4897,7.424,7.4897,7.5549,6.8937,8.4575,9.299,9.2462,9.5588,10.627,10.684,11.899,11.649,10.956,9.8615
15.793,18.739,18.943,19.327,19.152,18.643,18.383,16.911,16.911,16.012,14.281,13.88,15.004,15.701,13.679,15.816,14.891,15.816,16.177,17.158,17.505,16.875,17.277,17.689,17.825,16.889,16.325,14.256,12.3,10.889,9.4335,10.889,11.29,11.943,11.791,11.626,11.943,12.503,13.341,13.395,12.873,13.819,13.81,12.957,12.503,12.76,11.811,11.29,11.119,12.349,11.574,11.183,11.194,11.021,12.063,12.609,13.889,12.836,11.657,10.484,10.889,12.407,11.973,11.439,10.299,7.6763,5.7403,4.2188,2.5007,3.5703,4.5215,5.4169,7.6607,9.3695,7.6607,8.8819,8.7317,7.8621,8.3228,9.3309,9.4207,9.8574,9.043,11.29,12.261,12.132,13.205,13.178,11.657,10.205
14.81,17.15,17.588,17.121,17.121,17.588,16.678,15.512,16.066,14.533,12.838,13.092,13.437,13.605,13.855,14.42,14.499,14.027,14.87,15.772,15.373,16.003,15.804,16.255,16.27,15.643,15.182,13.218,11.938,9.7773,8.3353,10.369,10.071,10.706,11.26,10.777,11.09,11.416,11.625,12.19,12.345,11.593,12.457,11.712,10.332,11.09,10.332,9.8933,10.134,10.381,9.8933,10.196,9.6204,10.332,11.09,12.127,12.127,12.179,10.587,9.3667,9.9953,11.788,11.09,10.622,8.5604,7.5701,5.7414,3.5607,3.5607,2.5178,3.9329,5.6299,6.1467,8.1196,7.6864,8.1973,8.6635,7.7029,7.2624,8.1352,7.6699,8.8086,8.923,9.244,10.134,10.87,11.483,11.09,10.515,9.189
14.68,16.616,17.565,17.565,17.186,16.738,16.646,16.516,15.314,14.706,13.245,13.178,13.595,14.242,13.963,14.33,14.637,14.179,15.552,15.922,15.339,16.002,16.562,16.238,16.238,16.057,14.809,13.926,11.798,9.6196,8.3346,10.183,9.9945,10.38,10.133,10.669,10.586,10.669,11.493,11.968,12.385,12.261,11.493,12.261,11.089,11.123,10.477,10.183,10.368,10.38,9.9181,9.6853,9.8925,10.893,10.764,11.315,11.968,11.755,10.705,9.6853,9.58,11.146,11.482,10.669,10.083,7.9612,5.6294,4.3314,2.5176,3.0211,3.6309,4.7767,6.4481,8.0719,8.1345,7.9612,7.9612,7.9612,7.8812,7.9612,7.2092,8.4404,9.2433,8.7935,10.38,10.586,11.315,11.054,10.12,8.9648
14.985,16.691,16.971,16.971,17.269,17.372,16.437,15.965,15.446,15.154,13.89,13.252,13.029,13.715,13.78,14.368,14.536,14.226,14.702,15.263,15.941,15.146,16.351,16.668,16.445,15.487,15.263,14.145,11.524,10.11,8.3568,9.7111,10.359,10.21,10.804,10.21,10.733,11.107,11.786,11.786,12.221,12.377,12.418,12.138,12.127,10.359,11.153,10.223,10.223,10.542,10.097,10.147,9.6452,11.153,10.922,11.21,12.159,11.655,10.614,9.6055,9.2127,10.408,10.804,10.059,9.2127,7.8861,5.6445,3.943,2.2578,3.5699,4.6545,4.9978,6.0793,7.5728,7.1397,7.7063,7.1397,6.5825,6.386,7.5052,7.4541,7.1397,9.3909,9.8025,9.2679,10.223,11.026,10.408,9.579,8.2184
14.721,16.486,18.296,18.023,17.374,17.286,17.506,15.555,14.91,14.002,12.491,13.331,14.721,14.029,13.254,14.147,13.642,14.704,14.919,14.919,16.166,15.265,16.284,16.876,15.943,15.596,15.661,13.865,12.16,9.7518,9.0887,9.6467,11.028,11.085,10.061,9.9588,10.652,10.711,11.211,11.777,12.002,11.82,12.744,11.154,10.409,11.525,9.7125,9.6467,10.299,10.397,9.9588,10.149,10.023,10.543,11.291,11.82,12.654,11.885,11.12,9.283,9.5804,11.074,12.002,10.409,8.6871,7.087,5.0493,3.5345,2.0819,2.0819,3.2331,5.0493,6.5641,7.2295,6.7366,7.1764,7.087,6.7931,6.6413,7.0147,8.1574,7.3519,8.4037,9.1447,8.99,9.804,11.525,11.085,9.6069,8.8182
14.296,16.316,16.749,17.392,16.626,16.802,16.825,16.371,16.119,14.658,13.944,13.142,13.6,14.189,13.907,14.27,14.243,14.385,14.736,14.588,15.571,15.799,15.726,15.872,15.823,16.991,15.172,13.344,11.843,9.5903,8.2901,9.7226,9.2927,10.518,10.615,10.746,10.627,11.131,11.223,12.34,12.391,12.916,12.152,12.667,11.669,12.173,11.166,10.371,10.663,10.033,10.309,9.402,10.222,10.235,10.805,10.746,12.298,11.832,10.817,9.2927,9.2927,10.159,11.039,11.131,8.8274,7.1482,5.373,3.6798,2.5773,2.5273,3.6798,4.9781,5.7631,7.5818,6.7814,7.4629,7.5986,6.473,7.0944,6.473,7.0944,7.5818,8.103,8.6076,9.4427,10.71,10.371,10.42,10.222,8.4124
14.589,16.387,16.874,16.364,17.369,16.911,17.208,15.325,15.603,15.076,14.167,13.291,13.234,14.3,13.841,14.202,14.667,14.667,14.667,15.134,15.988,15.325,16.548,16.224,16.224,15.652,15.008,14.032,11.744,10.174,8.5671,10.112,10.359,10.577,10.755,10.766,10.86,11.045,11.614,12.168,12.095,12.374,12.895,11.033,11.406,12.084,10.672,9.768,10.612,10.505,10.802,9.716,10.024,9.9222,10.371,10.883,11.958,11.249,10.696,9.2763,9.716,11.068,10.371,10.322,8.4331,7.007,5.4183,3.6625,2.0742,2.5652,4.2687,5.0559,5.6917,7.1146,7.4278,7.3249,7.2555,6.6169,6.989,6.3635,7.4788,7.6626,8.5966,9.5452,9.3578,9.5717,10.062,11.249,9.5717,8.957
14.864,16.379,17.463,17.956,17.171,17.023,17.104,15.908,15.538,14.309,13.281,14.086,13.987,13.546,12.667,14.247,13.62,14.693,15.885,15.358,16.386,15.538,16.548,16.2,16.594,15.399,15.167,13.546,11.926,9.0692,8.433,10.186,10.468,11.17,11.079,10.612,10.468,10.86,11.701,11.494,11.614,12.855,12.445,11.472,11.35,10.66,10.359,10.261,10.322,10.112,9.7678,9.7159,9.8837,11.079,10.612,10.766,12.333,12.157,10.801,9.0692,10.074,10.801,11.581,10.112,8.5522,7.4277,5.2522,3.6277,1.5908,2.8458,3.06,6.3034,6.7118,5.8667,6.7681,7.2028,6.4424,7.1145,7.1145,7.0609,7.4277,7.6955,8.5522,8.7857,9.6767,9.2761,10.322,10.261,9.3981,7.8097
14.865,16.205,17.192,16.99,17.251,16.44,16.686,15.725,15.741,14.657,13.151,13.656,13.878,13.878,13.656,14.188,14.313,14.666,15.372,15.7,15.725,16.181,16.831,16.299,16.126,16.331,15.372,13.599,11.358,10.032,8.5921,10.121,10.517,10.553,10.171,10.626,10.171,11.038,11.536,11.896,12.056,11.896,11.222,12.297,11.536,11.038,10.887,9.9556,10.419,9.7087,10.159,10.007,9.656,10.108,9.9299,11.358,11.668,11.928,10.887,9.4013,9.7219,11.038,10.517,9.9556,9.6162,7.0215,5.7626,3.2362,2.0839,2.5771,3.8491,5.4435,6.3329,7.2365,7.1477,7.9913,7.359,7.0215,6.8744,7.9913,7.1477,8.2276,8.6513,8.2895,10.221,10.407,9.9684,10.108,9.4959,8.2276
13.989,17.432,17.403,17.257,17.832,17.54,16.715,16.449,16.579,15.14,14.203,13.642,13.267,13.056,13.568,14.666,15.273,14.829,14.93,15.297,16.624,15.728,16.194,16.21,16.418,16.395,15.273,13.143,11.116,9.5937,8.4177,9.5278,10.449,10.593,9.9676,10.593,10.168,10.485,11.473,11.904,11.819,12.554,12.062,12.094,11.116,10.84,11.15,10.557,10.352,10.005,9.6983,10.34,10.156,10.303,10.593,11.766,12.052,11.766,10.485,9.5937,9.0945,11.451,10.863,10.043,9.3407,6.8301,4.7639,4.6297,2.9281,3.2154,4.4914,5.6143,6.292,5.8776,7.8118,7.5491,7.4651,6.5474,6.4308,7.1016,8.3122,7.1898,7.7956,8.5367,9.3811,9.8914,11.025,10.557,9.4347,8.0502
14.176,17.583,17.219,17.626,17.321,16.604,16.922,16.397,15.548,15.144,13.554,13.242,13.175,14.607,14.023,14.424,14.176,14.941,15.507,15.507,15.807,15.637,16.389,16.673,16.733,15.629,14.967,13.823,11.784,9.282,8.0699,10.193,9.4578,10.267,10.378,10.18,10.193,10.378,11.256,11.965,11.965,11.784,11.784,11.934,10.619,11.479,10.267,10.131,10.667,10.03,10.619,9.6829,9.6172,10.118,10.702,11.086,11.795,11.965,10.511,9.774,9.2547,11.04,11.256,9.075,8.6606,6.5441,5.2555,3.1837,2.8476,2.8476,3.5595,4.641,6.124,7.119,7.6674,7.6674,7.3294,7.2074,7.3294,6.8468,7.6839,7.4834,7.9593,8.3021,9.4578,9.4578,10.118,10.702,9.4578,8.5576
13.965,16.147,16.68,17.122,17.241,16.741,17.189,16.342,15.514,15.225,14.535,14.002,14.244,13.607,13.219,14.191,14.535,14.43,14.535,14.948,16.005,15.514,16.649,16.771,16.311,16.272,15.108,13.681,11.148,9.4081,8.1359,9.7782,9.6739,9.8942,10.848,10.588,10.382,10.382,11.317,12.908,11.789,12.17,12.264,11.261,11.8,10.588,10.333,10.085,9.9962,10.624,10.778,9.1899,9.9326,9.8942,10.895,11.261,12.107,11.362,10.382,9.286,9.5684,10.382,10.479,10.382,8.576,7.2631,5.2578,3.8353,2.5679,2.2522,3.9333,5.424,6.0642,6.5468,6.7565,7.2105,7.4866,7.0504,6.4098,7.0684,7.2631,7.6209,8.2597,9.5684,9.6213,10.671,10.999,10.683,9.2449,8.1203
13.608,16.682,17.043,16.651,17.154,17.885,16.833,16.893,16.344,15.318,14.641,12.602,13.297,13.683,13.83,14.003,15.244,14.975,15.118,15.67,15.646,15.318,15.622,15.351,16.243,16.682,14.641,13.683,11.183,9.6225,8.0744,9.7794,10.198,10.035,10.198,10.273,10.136,10.198,11.507,11.94,12.265,12.44,11.485,12.296,11.485,11.496,10.849,10.517,10.779,10.186,9.6225,9.6225,9.7794,10.035,10.371,11.485,11.595,11.595,10.896,9.5829,8.3372,10.383,10.198,9.6225,8.5475,7.3335,4.9605,3.0637,2.1369,3.225,4.9605,4.5609,6.7574,6.567,7.264,7.2114,7.264,6.6247,6.8506,7.0513,7.4875,7.0693,8.2607,9.066,9.6225,11.183,10.589,10.779,9.191,8.5771
14.871,16.051,17.965,17.201,17.179,17.231,17.098,16.114,15.099,14.631,13.921,14.102,14.236,13.627,13.373,14.631,15.141,14.674,14.964,15.083,15.796,15.439,16.67,16.387,16.051,16.231,15.796,13.288,11.254,9.2532,8.1156,9.9268,10.581,10.771,10.376,10.129,9.8885,10.807,10.992,11.739,11.477,12.38,12.1,11.488,11.118,10.771,10.677,10.191,10.509,9.6814,10.191,9.9141,10.129,9.8885,10.807,11.31,12.451,11.75,10.865,9.6157,8.5711,10.191,11.118,9.0035,7.878,6.62,5.4441,1.5916,1.8147,2.5664,3.6294,4.957,6.3664,6.5624,6.5624,7.3283,7.2063,7.2063,7.0103,7.0103,7.4313,7.878,8.7899,9.4563,9.2806,10.701,11.964,10.376,8.9612,9.0735
14.841,16.654,17.294,17.483,17.177,17.584,16.707,16.895,16.091,15.061,14.189,13.192,13.106,14.216,14.162,14.189,15.061,14.61,14.943,15.344,15.973,16.73,16.091,15.774,16.707,15.742,14.61,12.725,11.294,9.0606,8.1197,9.7586,9.9509,10.602,10.458,10.662,10.361,11.068,10.685,11.658,12.685,11.947,11.722,11.603,11.057,11.733,10.566,10.177,10.65,9.9,10.115,9.7586,10.685,10.102,11.068,11.571,12.083,11.83,11.125,9.6676,9.5625,10.566,10.312,9.6676,7.6553,6.4363,5.0259,2.2477,1.8121,2.513,4.1445,4.7415,5.5513,7.2485,7.0003,6.836,7.6882,7.0003,6.836,7.6882,7.5389,8.6761,8.647,9.1715,9.4829,10.177,10.85,11.395,10.177,8.5589
13.759,16.56,17.206,17.339,17.221,17.228,16.365,16.088,16.215,15.734,14.263,12.943,12.913,13.935,13.972,14.191,14.688,14.723,14.688,14.697,15.758,15.701,15.437,16.404,16.537,15.404,15.228,12.783,10.875,9.5564,7.5973,9.9895,9.2978,10.243,10.744,10.18,10.392,11.154,11.108,11.66,12.581,11.693,11.824,11.693,11.382,11.325,10.576,10.539,10.243,10.13,9.6366,9.6764,10.18,10.13,10.744,11.108,12.198,12.007,10.684,9.7425,9.0603,11.154,10.648,9.6764,7.9278,6.1199,4.0834,2.2651,1.8262,2.5324,3.6873,4.6696,5.5943,7.5295,6.7574,7.1628,7.6142,6.4465,6.0989,6.0989,7.6142,7.9116,8.1196,9.6764,10.744,10.193,11.382,10.243,10.092,9.1308
14.639,16.413,16.367,17.312,18.02,17.334,17.334,16.094,15.089,14.946,13.831,13.489,13.224,13.867,13.73,14.307,14.613,15.123,14.785,14.656,16.094,15.656,16.031,16.71,16.312,15.592,15.123,13.157,11.736,10.314,8.1213,10.054,10.557,10.875,10.664,10.179,10.569,10.664,11.105,11.864,12.324,12.416,11.463,12.365,10.687,11.105,10.363,10.497,10.828,9.9147,10.166,9.604,10.104,10.758,10.363,11.573,12.658,12.487,10.979,9.9528,9.604,10.363,9.604,9.3506,8.1213,6.3586,4.7424,2.7071,1.5897,2.5632,4.295,4.6346,6.5543,6.3586,7.6071,6.9836,8.1213,7.4222,7.1092,7.1446,8.0588,8.1833,8.6047,9.2419,10.104,10.117,10.828,10.664,10.46,9.0485
15.601,18.389,18.389,18.543,19.203,18.677,18.556,17.878,17.021,16.654,15.479,14.948,14.732,15.177,14.39,16.337,16.14,15.873,16.14,17.021,17.657,16.803,16.895,18.194,17.918,17.304,15.932,14.916,12.424,11.112,9.2714,10.732,11.334,11.47,12.182,11.736,11.366,11.946,12.299,13.003,13.381,13.381,12.874,12.791,12.337,12.481,11.736,11.376,10.721,11.218,11.25,10.896,10.787,11.133,11.776,12.221,12.902,12.754,12.055,10.337,10.542,11.366,10.519,10.046,8.2984,6.1058,4.6229,2.6242,1.0896,3.0819,5.2483,5.9482,6.4094,7.9326,8.0662,8.284,8.1686,7.8574,7.4542,8.3838,8.6349,8.284,8.9853,9.867,11.25,11.418,11.715,12.424,10.28,10.28
14.345,16.42,16.765,16.953,17.147,16.916,17.214,16.146,15.828,15.471,13.775,14.211,13.267,13.551,13.579,14.202,14.211,15.045,14.833,15.205,15.691,15.642,15.691,15.642,15.836,16.635,15.363,13.015,11.643,9.9469,8.9367,10.011,10.199,10.385,10.781,10.385,10.137,11.061,11.6,11.817,11.774,11.903,11.643,11.523,10.722,11.198,11.61,10.531,10.397,10.212,10.603,9.9852,9.6351,10.212,11.015,11.072,11.774,11.817,10.698,9.6878,8.5587,10.397,9.5955,8.5735,7.6982,6.5756,5.0433,2.5216,1.513,3.026,3.9389,5.6385,6.0729,6.8596,6.7286,7.4463,6.7662,6.7662,6.7286,6.8596,7.5649,8.2716,7.0786,8.9224,9.6351,10.793,10.531,10.286,9.6878,8.2098
14.711,16.036,16.804,17.725,17.918,17.245,16.705,15.836,15.003,14.909,13.322,13.407,13.856,13.708,13.587,14.563,14.281,14.694,14.9,14.84,15.796,15.804,16.713,16.842,15.715,15.715,15.347,13.436,11.649,9.7974,8.6372,9.706,10.644,10.644,10.704,10.092,10.016,10.644,11.506,11.78,11.617,12.277,12.204,11.384,10.704,11.112,10.644,9.9904,10.644,10.644,10.536,9.706,10.402,10.402,10.608,11.067,12.615,11.44,10.787,9.6402,9.0264,9.6402,10.834,10.142,7.4502,6.7698,5.0711,2.1408,1.1283,1.5957,3.0693,4.7603,6.2414,6.8632,6.8632,7.2773,7.2246,7.5689,5.6415,5.8845,6.8632,7.4502,8.4585,7.9783,9.1385,9.2768,10.292,9.9136,9.6929,7.7187
14.417,17.324,17.236,16.622,17.222,17.339,17.222,16.438,16.4,15.221,14.178,13.926,13.742,13.825,13.998,14.106,14.969,14.679,15.51,15.632,16.213,14.969,16.668,16.561,16.676,15.81,15.313,14.043,11.624,9.7758,8.3341,9.6846,10.68,10.331,10.585,11.042,10.182,10.621,11.145,11.503,11.258,12.455,12.291,12.25,11.711,10.845,10.996,10.775,11.088,10.477,10.513,10.585,9.6846,10.763,10.379,11.678,12.01,11.968,10.996,9.4058,9.3652,10.269,10.182,9.2837,8.3341,6.2277,4.3311,2.7113,2.0759,1.5921,3.5601,4.9842,4.7764,5.8931,6.5452,6.4082,6.0417,6.4082,6.0627,6.1457,7.0126,6.7549,8.3341,7.8807,9.2563,9.7758,9.0766,10.195,8.6622,7.4338
14.62,16.76,17.899,17.057,17.05,17.407,17.255,16.172,16.055,14.68,14.342,14.121,13.456,13.969,14.05,14.577,15.077,14.96,15.618,15.35,15.834,15.448,15.674,17.035,16.616,15.738,15.251,13.623,11.962,10.042,8.3006,10.154,10.042,10.732,10.228,10.848,10.72,11.134,11.134,12.416,12.077,12.077,12.547,12.056,12.577,10.626,10.578,9.7366,10.338,11.044,11.369,10.543,10.154,10.471,10.767,11.92,12.139,11.078,10.543,9.5409,9.2465,9.8521,10.543,9.6458,8.2246,6.519,4.6232,2.557,1.808,1.5858,3.2109,4.5409,5.3306,6.1005,6.2833,7.0204,6.7465,6.0384,6.3825,6.0384,6.4218,6.6903,7.2322,8.0858,9.2465,9.0818,9.6848,9.7366,8.1632,7.0917
14.596,16.417,16.872,17.639,17.072,16.879,16.356,16.021,16.138,15.064,14.282,13.659,13.788,14.483,14.068,14.776,14.904,15.468,15.329,15.468,15.95,15.759,15.759,17.138,16.691,16.076,15.958,13.142,11.56,10.042,8.5508,9.7494,10.105,10.734,10.652,10.592,10.303,10.556,11.384,12.061,11.765,12.093,12.553,12.145,11.024,12.072,10.863,10.485,10.105,10.64,10.781,9.6976,10.64,9.6585,10.816,11.012,11.56,11.058,10.339,9.0938,9.434,10.303,9.0521,9.5535,8.3116,5.7251,4.1406,1.5878,2.0703,1.5878,4.0482,4.6293,5.6139,6.3514,6.5276,6.8296,6.6991,6.9937,6.5276,6.8296,6.2109,6.7366,7.6481,8.4171,8.3569,9.5535,10.339,8.94,8.1739,8.1739
14.92,16.403,16.891,17.373,16.929,16.748,16.778,15.627,16.036,14.646,13.613,13.835,13.999,14.035,13.603,14.611,14.62,15.031,15.249,15.521,15.908,16.224,16.248,16.45,16.13,15.521,15.812,13.444,11.805,9.6913,8.3093,9.6256,10.688,10.139,10.853,10.592,11.004,11.061,10.876,12.196,11.13,11.805,12.102,11.4,10.853,11.632,10.374,10.387,10.782,11.096,11.05,10.189,9.937,9.5594,10.592,10.676,11.322,11.599,10.628,9.1247,8.9136,10.387,9.5859,8.7989,7.5574,5.6329,4.062,2.2532,1.5115,2.0153,2.8501,5.0634,5.3557,6.6268,5.7445,6.0669,6.7783,6.0459,6.4127,6.1293,6.15,7.2137,7.87,7.7071,7.5574,8.5798,9.6913,9.6913,8.5798,7.1607
14.842,16.147,17.616,17.332,17.133,16.765,17.486,15.949,15.789,14.521,13.986,13.094,14.013,14.068,13.849,14.345,14.425,14.842,15.131,15.206,15.756,15.635,16.052,16.335,16.467,16.021,15.643,13.325,11.611,10.397,8.4545,9.9856,10.397,10.687,10.212,10.2,10.212,10.287,10.911,11.278,12.031,12.477,12.209,11.278,10.887,11.334,10.397,10.087,10.137,10.011,10.137,9.9856,10.1,10.397,10.591,11.061,11.774,11.334,10.495,9.0221,8.9797,9.4759,9.6356,8.8081,6.7853,4.9673,3.841,2.5218,0.71326,1.5949,3.3833,4.159,5.6388,6.0732,6.8599,6.5759,6.6337,6.4193,6.0522,6.4588,6.1357,6.4193,7.5821,7.8459,7.7151,9.2724,10.087,8.7064,8.7064,8.148
14.614,16.015,17.859,17.637,16.637,17.118,16.157,15.695,15.654,14.614,13.615,14.01,14.333,13.313,13.559,14.119,13.901,14.648,15.359,15.751,15.823,15.823,16.637,16.66,16.751,16.819,16.476,13.141,12.188,9.3735,8.2032,10.191,10.389,10.376,10.278,9.9389,10.204,10.389,10.389,11.491,12.02,12.261,12.302,11.132,11.502,9.7323,10.678,10.078,10.129,10.003,10.594,10.389,10.389,10.141,10.522,11.063,11.861,11.807,10.278,8.9721,9.2918,9.9005,10.486,8.815,7.0549,5.7456,3.6338,1.5118,0.71265,2.0777,3.5633,4.9886,6.2332,6.1511,5.566,6.7796,6.068,6.068,5.5431,6.8541,6.628,6.5703,7.823,7.5588,8.5815,9.2645,10.389,8.611,8.5815,7.6257
13.773,16.552,17.164,16.925,17.141,17.919,16.374,16.155,15.347,15.479,13.773,14.075,14.138,14.711,13.773,14.694,14.02,14.21,15.405,14.943,16.1,15.438,16.864,16.659,16.552,16.598,15.545,13.956,11.994,9.693,8.1364,9.6403,10.054,10.054,9.7975,9.7061,10.217,10.536,10.644,11.021,11.769,11.78,11.339,11.384,10.787,11.113,10.704,10.403,10.105,10.016,10.205,10.092,10.292,9.7975,10.787,10.799,11.606,11.339,10.39,9.0968,7.8821,10.39,9.7061,7.9784,7.9784,6.3827,4.3113,2.2566,1.4272,2.523,3.231,4.7604,5.2681,6.7887,6.0971,6.0971,6.2415,5.8846,6.2415,4.7604,6.1387,6.5791,6.7322,7.8821,8.593,9.0265,9.4805,9.6006,9.2769,7.2247
14.25,16.45,17.049,17.663,17.16,17.395,16.929,16.318,15.115,14.749,13.538,13.613,13.416,14.188,13.641,14.611,14.611,14.98,15.19,15.521,15.909,15.521,16.899,17.336,16.657,15.74,15.299,14.188,12.113,10.039,8.124,9.9371,10.375,9.7826,10.387,9.6914,10.375,10.202,10.592,11.061,11.489,11.5,12.352,11.489,10.52,11.322,10.592,10.276,10.387,10.58,10.387,9.6914,10.375,10.039,10.853,10.853,11.944,11.187,10.387,8.6975,8.799,9.6783,10.039,8.3094,7.1608,6.373,4.062,2.0773,0.71252,2.0153,3.935,4.5624,6.0878,5.8972,6.0669,6.0669,7.1252,6.5692,6.0669,6.5692,6.5692,6.7219,7.439,8.9279,8.6682,8.5651,9.7826,9.9243,9.0829,7.2664
15.163,16.65,17.203,17.129,17.436,17.188,16.25,15.744,15.13,14.86,14.313,14.171,13.736,13.837,13.983,14.118,15.004,15.163,16.42,16.164,16.101,16.125,16.007,16.665,16.046,15.983,15.72,13.91,12.613,10.058,9.0666,9.6739,9.2324,10.171,10.319,9.5688,10.669,10.071,10.319,12.112,11.869,12.112,12.112,11.611,11.302,10.609,10.751,10.465,10.669,10.368,10.573,9.9574,10.171,10.763,10.609,11.741,11.611,11.479,10.356,8.7976,9.2324,10.319,10.021,8.5497,7.2533,5.865,3.5562,2.1337,0.71124,3.0592,3.3737,4.9787,6.056,6.056,6.3016,6.4012,6.6149,6.4012,7.0589,6.4406,6.5573,6.4406,7.0589,8.187,8.1094,8.5497,9.3549,9.0526,9.2461,7.6932
14.669,16.714,17.496,17.224,17.143,17.276,16.805,16.722,15.765,14.643,13.921,13.709,15.148,14.247,13.635,14.345,14.669,14.556,15.439,15.348,15.958,16.476,16.125,16.476,16.645,16.476,15.676,13.541,12.464,9.5215,8.09,9.5215,10.403,10.403,9.7983,9.7983,10.156,10.403,11.171,11.34,11.781,12.216,11.781,11.781,11.651,11.171,10.501,10.705,10.354,10.645,10.218,10.218,9.7462,10.835,10.537,11.34,11.813,12.132,10.403,9.2777,8.1371,9.5215,9.3051,8.8132,7.1367,5.7538,3.639,2.0807,1.1284,2.0186,3.5683,5.0464,6.1599,6.5797,6.0976,6.5797,6.423,5.642,6.0767,6.0976,6.5603,7.2253,7.0288,8.1527,8.8132,9.9146,9.6411,9.4274,9.7983,7.502
14.64,17.101,16.885,16.832,17.153,18.032,16.612,15.998,15.292,15.117,14.536,14.111,13.682,14.709,14.03,14.881,14.974,15.806,16.466,15.621,16.273,15.766,16.257,16.627,16.809,16.397,15.292,13.334,12.129,10.185,8.5765,9.7787,9.9204,10.37,10.272,9.7787,10.272,10.624,11.485,11.939,12.108,11.939,11.627,11.262,11.091,11.583,11.396,10.624,10.48,11.362,10.624,10.035,10.672,9.9204,11.318,11.507,11.747,11.583,10.895,9.0793,8.1208,10.035,8.5765,8.1208,6.5665,5.8733,2.9366,1.5926,0.50363,2.849,3.6665,5.4243,5.6308,6.1269,6.3705,6.0854,6.5472,6.8501,7.0148,5.6308,7.0148,7.0148,7.8831,7.9631,9.0092,9.6218,9.7787,10.198,9.0793,7.5545
14.178,16.438,16.461,16.736,16.917,16.804,16.917,16.306,15.51,15.51,13.751,13.061,13.825,14.635,13.852,14.214,15.087,15.02,16.338,15.312,15.68,15.64,15.68,16.736,16.622,16.252,15.616,13.998,11.678,10.477,8.1182,9.6188,10.032,10.585,10.379,10.379,10.269,10.379,11.623,11.754,12.177,12.895,11.85,12.617,11.754,11.088,10.704,10.763,10.81,9.9172,10.269,10.069,10.069,9.9936,10.269,11.179,11.623,11.754,10.513,9.6188,8.9073,8.7927,9.0764,8.559,6.8479,4.5312,4.6418,2.5672,1.0069,2.5672,3.8343,4.331,6.3085,6.2276,5.7404,6.3085,6.3684,5.8714,6.7171,5.8714,6.0626,7.1201,7.0665,8.1959,8.0555,9.3651,9.4056,9.1875,9.3651,8.1182
13.813,16.91,17.671,17.52,17.345,16.253,17.375,16.253,15.529,14.666,13.545,14.405,13.913,13.813,13.423,14.237,15.007,14.623,15.618,15.537,15.431,15.979,17.57,16.608,17.103,16.501,15.431,14.031,11.786,9.883,8.6545,9.7152,10.754,10.671,10.073,9.9849,10.073,10.695,11.581,11.471,12.167,12.495,11.668,11.872,11.169,11.743,10.765,10.111,10.671,10.111,10.186,9.883,9.676,10.836,10.576,10.504,11.581,11.067,10.882,9.5708,8.1267,9.1795,9.2481,7.5455,7.3243,5.1299,3.3744,1.1248,2.0121,2.8456,3.557,5.4178,6.303,5.5562,6.5394,6.2222,6.7489,5.8878,6.303,6.2222,5.4178,7.2023,8.3267,7.8091,8.9562,9.5708,10.061,9.2344,8.6837,7.5455
14.238,15.858,16.705,17.209,17.445,16.551,17.045,16.121,14.869,14.451,13.642,13.939,14.093,13.8,13.224,14.229,14.157,14.583,15.606,15.2,16.326,16.058,16.62,16.947,16.985,16.666,15.785,14.229,11.533,10.623,9.0386,9.7191,11.219,10.742,10.623,10.367,10.801,10.659,11.355,11.828,12.221,12.632,11.925,11.665,10.849,11.298,10.907,10.813,10.623,10.416,10.55,9.9527,10.931,10.907,10.416,10.718,11.632,11.665,10.907,8.8242,8.1629,9.1089,8.3637,7.989,6.6458,4.5193,3.1956,1.1298,0.71456,2.5264,3.0734,5.4653,6.3912,6.0843,5.761,5.8924,6.0843,6.331,6.7412,5.9141,6.5685,7.0376,7.4602,8.2252,8.1473,9.2893,9.3167,9.3167,8.8242,8.6045
14.263,15.903,16.742,16.444,17.154,17.227,16.81,16.069,15.318,14.71,13.182,13.533,14.138,14.405,14.431,14.048,14.527,14.744,15.515,15.743,16.521,15.743,16.833,16.498,16.674,15.998,15.243,13.411,12.388,10.48,8.1988,10.186,10.383,10.198,10.272,10.48,10.516,10.371,11.628,11.507,12.439,12.439,12.388,12.109,11.887,11.628,10.896,11,11.046,10.589,10.272,10.896,10.186,10.779,10.589,11.092,12.254,11.262,10.779,9.4627,8.0584,9.0797,8.3824,7.4363,6.5668,4.3326,2.7122,2.0766,1.5927,2.9368,4.0292,4.6434,5.7425,5.631,6.5668,6.4499,6.2298,6.1478,6.7195,6.4499,7.1227,6.4104,7.5547,7.5547,8.3064,8.3369,9.0797,8.6211,8.3064,7.3332
14.512,16.715,16.745,17.627,16.895,17.36,16.192,17.214,15.709,14.59,13.98,12.927,13.539,14.168,14.222,14.925,15.268,14.66,14.616,15.612,16.601,15.293,16.895,16.215,16.737,16.378,16.54,13.678,12.611,10.463,8.7814,10.181,10.181,10.107,9.9807,10.666,10.354,10.831,11.771,11.477,12.73,12.49,11.565,12.172,11.728,11.835,11.4,11.073,10.761,10.019,10.655,10.878,10.107,11.028,10.571,11.073,11.576,11.4,10.499,9.6064,8.3232,9.9807,8.1233,8.1853,6.7648,5.2496,3.5555,2.5639,1.1243,2.2487,4.2961,4.7702,5.733,6.0338,6.5367,6.5367,6.556,5.8854,5.2496,5.8638,6.6136,5.8638,7.0574,6.7648,8.0608,7.6752,9.7111,8.7814,8.5627,7.111
13.93,16.742,16.382,16.188,17.367,17.396,16.893,16.274,16.274,14.975,14.192,13.93,13.608,14.111,14.219,15.548,15.621,15.767,15.45,15.998,15.638,16.498,16.258,16.006,17.132,16.498,14.958,14.048,11.855,10.872,8.1989,9.9208,9.9972,10.073,10.684,10.123,9.9972,11.183,11.887,12.254,12.712,11.855,12.182,12.109,11.628,11.396,11.092,10.779,10.872,10.814,11.046,10.198,9.9336,9.688,10.48,10.767,11.94,11.496,10.086,9.0096,8.1212,9.2869,9.0096,7.5716,6.5475,4.9604,3.5614,1.1262,1.0073,2.7123,3.5614,5.1363,5.2583,6.3107,5.7425,5.7425,6.7572,6.5475,5.1854,6.2298,6.0857,5.631,6.0857,6.5475,7.8834,7.8834,7.5548,7.9634,7.9634,7.4363
14.606,16.702,18.158,17.7,17.65,17.069,17.65,16.023,14.709,15.082,13.824,14.467,14.37,14.069,12.879,14.837,14.388,15.073,15.584,15.314,16.702,15.38,16.459,17.002,16.702,16.359,16.204,13.933,12.84,10.346,8.5564,9.7558,10.823,11.235,10.174,9.8971,10.346,10.846,10.753,11.556,11.73,12.153,12.41,11.6,10.563,11.391,10.741,10.563,11.02,10.599,11.02,10.099,10.599,10.647,10.823,11.235,12.142,11.122,10.682,8.7749,8.2866,9.058,8.2408,8.317,6.6087,5.7288,3.1778,1.1235,0.71057,2.247,3.3705,4.0509,5.6176,5.4116,5.3411,5.7288,5.4348,5.2457,5.7288,4.522,5.7288,5.124,5.4348,6.3555,7.2464,7.6034,7.8163,8.4226,8.1793,6.5318
14.861,16.681,17.303,16.98,17.678,17.245,16.861,16.183,15.295,15.352,13.943,14.131,13.807,14.378,13.697,14.759,14.37,15.063,15.869,15.948,16.681,16.159,16.506,17.303,17.039,16.711,16.253,14.448,12.853,10.345,8.892,9.9606,10.727,10.333,11.108,10.333,10.345,10.856,11.221,12.085,12.085,12.064,13.134,11.377,10.774,11.321,10.856,10.086,10.296,10.645,11.017,10.478,10.345,10.099,10.478,11.454,11.928,11.321,10.645,8.892,8.1688,8.4118,9.587,7.8545,6.8253,5.0431,2.509,1.1221,0.50181,2.2441,3.1737,4.0145,4.734,6.1047,5.4046,5.239,5.1664,4.7606,5.1664,5.1664,6.0634,5.6104,4.9422,6.3474,7.1848,8.1688,8.5455,8.1069,8.0446,6.2876
14.49,16.689,16.689,17.047,17.099,17.099,17.172,16.345,16.445,15.588,14.066,14.138,13.886,13.639,13.471,14.637,15.269,14.927,15.716,15.876,15.947,16.073,16.468,17.099,17.427,16.689,16.353,13.849,11.752,9.9652,8.2799,9.9652,10.35,10.166,10.779,10.838,10.338,10.965,11.71,11.752,11.902,12.551,13.024,11.933,12.091,11.849,11.591,10.301,10.053,11.056,10.591,10.744,10.838,10.166,10.35,11.448,11.045,11.558,10.555,8.7821,8.1726,9.2572,7.5306,8.3103,6.0454,4.7628,2.7036,1.5876,0.70999,1.5061,3.2146,5.613,5.4304,5.1688,4.7362,6.1076,5.8762,4.7362,5.4071,4.7362,5.4071,5.613,5.5452,7.1353,7.0999,7.938,8.4157,8.0483,7.1881,6.1076
14.217,16.412,17.193,17.09,16.8,17.449,16.8,15.871,15.895,15.113,13.866,13.079,14.376,14.508,14.217,14.945,15.08,14.577,15.113,16.093,16.365,16.038,16.365,16.488,16.595,16.093,15.895,14.784,11.735,10.015,8.6041,10.35,10.604,11.161,10.314,10.604,10.604,10.651,11.916,11.948,12.085,12.597,12.085,12.271,11.462,11.473,11.296,10.978,11.036,11.161,10.314,10.604,9.6557,10.015,10.35,10.651,11.572,11.605,10.46,9.1726,8.3659,8.3659,8.9071,7.8033,5.7312,5.1261,2.7069,1.8123,0.50266,2.931,3.6247,4.0525,5.3433,5.2479,5.7312,5.552,4.976,5.0266,4.324,5.1261,5.437,6.2983,5.8619,6.2175,7.9477,7.5566,8.7929,8.5894,7.0372,6.5538
14.632,16.679,16.755,17.122,16.883,16.763,16.619,16.021,15.134,14.632,14.103,14.308,14.13,13.922,13.299,13.922,15.109,14.528,15.798,16.396,16.488,16.248,16.664,17.335,16.98,16.373,15.997,14.493,11.751,10.267,8.7908,10.117,10.772,10.51,10.583,10.377,10.377,10.51,11.255,12.258,11.489,12.258,12.624,11.621,12.123,11.12,11.085,10.18,10.192,10.51,10.808,9.7215,10.192,9.6823,10.51,11.255,11.489,11.621,9.7735,8.6161,8.6894,9.363,8.5719,8.3016,6.6207,4.3301,2.9351,1.5101,0.71186,2.0754,3.0618,5.3508,6.0613,5.2552,4.5302,5.7392,5.7392,5.1824,4.7753,5.4214,5.1333,5.1824,5.7392,7.011,6.7533,7.1186,7.8627,7.8788,7.047,6.8464
13.81,16.374,17.018,17.018,17.166,17.363,17.018,16.289,15.623,14.515,14.41,15.071,13.42,13.91,13.837,15.129,15.525,14.645,15.784,15.493,16.195,16.219,16.898,16.786,17.166,16.906,16.101,13.874,12.93,9.9573,8.6086,9.6082,10.984,10.798,10.183,10.121,10.857,10.465,11.665,11.03,11.611,11.784,11.741,12.278,11.302,11.076,10.669,10.669,11.302,10.368,10.183,10.356,10.109,10.692,10.071,10.669,11.578,11.73,10.368,9.3548,8.1869,8.9117,8.6086,8.3702,6.7474,5.0543,2.9325,1.8133,0.71123,1.8133,2.5146,5.2506,4.4982,5.8865,5.7342,5.1779,5.4166,4.4982,5.4166,5.1779,4.6367,5.0292,5.5549,6.7661,6.5379,7.6767,7.8719,7.5438,8.1093,6.7098
13.728,17.156,16.896,17.31,17.192,17.119,17.119,16.364,15.087,15.287,13.068,13.974,14.216,14.225,14.083,14.714,15.079,15.212,15.386,16.155,16.092,15.711,17.008,17.192,16.64,16.31,16.084,14.654,12.414,10.792,8.5447,9.5631,10.362,10.827,9.9006,10.567,10.362,10.65,11.473,11.34,11.723,12.084,11.99,12.434,11.99,11.16,10.603,10.495,10.792,10.115,10.495,10.35,10.165,10.757,10.165,11.571,12.084,11.126,10.662,9.3898,7.6887,9.7592,8.2437,8.778,6.7059,5.0263,3.1789,1.0053,0.71082,2.9308,2.2478,5.0263,4.634,5.6195,6.0315,6.0524,5.5517,5.1749,4.634,5.0263,5.1258,4.7418,6.0524,5.4367,6.8365,7.9472,7.8513,8.2895,7.1965,6.7434
14.409,16.602,16.442,17.434,17.665,17.164,16.587,16.194,15.742,15.269,14.17,13.679,13.735,14.661,14.116,14.951,15.22,14.79,15.002,15.782,16.859,16.194,16.194,17.075,16.746,16.867,16.068,14.241,11.61,9.9816,8.3694,10.07,10.12,10.608,10.17,10.691,10.17,10.762,11.61,12.111,12.069,12.111,12.111,12.111,11.467,11.478,11.345,10.355,10.367,11.04,10.656,10.572,10.182,10.12,11.131,11.165,11.61,11.577,10.355,8.7966,8.1861,8.7966,9.2451,7.951,6.6142,4.6362,2.9322,1.0057,1.1244,2.1335,3.0588,4.0542,4.6362,6.0553,5.8644,5.6222,5.0287,4.6362,3.8297,4.6362,5.6222,5.1283,5.6222,6.0762,6.7091,7.855,8.1241,7.5598,7.2,5.7336
13.794,16.608,17.351,17.322,17.11,17.439,17.088,16.356,16.699,15.378,14.075,13.858,13.712,13.794,13.958,14.877,15.336,14.289,15.476,15.702,16.083,15.702,16.999,17.183,16.887,16.887,16.608,13.794,12.151,9.9081,8.361,10.047,9.8954,10.356,10.356,10.453,10.49,10.562,10.821,11.941,11.685,12.233,12.808,12.078,12.161,11.154,10.868,10.49,10.786,10.821,11.12,10.344,10.739,10.356,10.657,11.154,12.078,11.598,10.68,9.0565,7.6021,8.9865,8.8877,7.3145,6.0283,4.4933,2.2466,0.71045,0.71045,2.7053,3.8259,4.3215,5.5488,5.0236,5.5488,5.3402,5.6166,4.7393,4.5491,4.6315,5.0487,5.3402,6.55,6.8329,7.3145,7.6517,8.361,7.6847,7.3145,6.3544
14.58,16.376,16.96,17.123,17.56,16.9,16.862,15.977,15.199,14.718,13.676,14.157,14.086,14.51,13.722,14.657,14.51,15.091,15.898,15.738,16.244,15.898,17.336,17.357,16.353,17.071,15.609,13.869,12.718,10.688,8.5318,9.392,10.853,10.315,10.57,10.055,10.665,10.759,10.747,11.865,11.737,12.16,12.817,11.918,11.163,11.072,11.106,10.461,10.665,10.352,10.853,9.9156,10.498,10.794,10.853,11.163,12.579,11.574,10.876,8.9933,8.5614,9.2701,7.9491,7.4738,5.6208,4.5525,2.8439,1.0055,1.8127,2.133,4.1457,4.1457,5.0274,6.1161,4.9514,5.0525,5.0274,4.7694,5.0274,5.127,5.0274,4.6351,6.2993,7.4229,6.6125,7.8208,7.9491,8.0439,7.6575,7.0563
14.618,16.602,17.164,17.593,17.369,16.541,17.34,15.981,16.044,15.128,13.725,13.54,14.312,13.972,14.303,14.505,14.4,15.094,15.75,15.294,16.38,16.472,16.716,17.164,16.663,16.036,15.75,14.026,11.378,9.8796,8.5486,10.182,10.07,10.057,10.855,10.879,10.17,11.074,11.109,12.09,11.566,12.45,12.612,11.782,11.04,11.953,11.3,10.667,10.691,10.572,10.367,10.256,9.9179,10.182,10.572,11.131,12.276,12.069,11.04,9.0654,8.1239,8.5634,8.5929,7.4755,5.7335,3.0588,2.5143,1.1244,1.5902,3.1804,4.0542,4.744,5.416,5.1282,5.8858,5.4393,4.7705,4.9526,4.4977,5.1773,5.7335,5.6221,5.8858,6.986,6.7466,7.5596,8.2475,8.3238,7.5429,6.1382
14.175,15.798,17.451,17.121,17.32,17.203,16.664,16.434,16.115,15.798,14.04,14.423,13.693,13.087,13.6,14.675,14.632,14.735,14.804,15.894,15.917,16.603,15.989,16.92,16.388,16.373,15.765,13.693,11.794,10.76,8.5718,10.474,10.13,10.678,10.678,10.678,10.328,10.582,11.751,12.091,12.122,12.122,12.584,11.621,12.174,10.993,11.051,10.51,10.365,10.666,10.377,10.13,10.029,10.365,11.142,11.311,12.007,11.588,10.807,9.0743,7.8626,7.8787,8.1163,7.3289,5.3507,4.5021,2.5666,0.71185,1.5917,3.1835,4.2711,5.4213,5.7391,5.0335,5.2552,5.3507,5.0335,5.3507,4.0268,5.6948,5.0586,6.0612,6.0402,6.5629,6.5436,7.6171,8.2556,7.8787,7.6171,6.8463
14.299,16.063,17.196,17.21,17.71,16.854,16.65,16.063,15.977,15.123,13.721,14.396,14.613,13.583,13.357,14.166,15.265,14.404,15.608,15.897,15.487,16.467,16.959,16.65,16.899,16.095,16.711,14.219,11.606,9.761,8.1836,9.9023,10.461,11.071,10.364,10.067,11.025,10.605,11.464,11.736,11.297,12.925,12.688,11.768,12.658,11.025,11.105,11.071,10.747,9.9151,10.179,10.017,10.605,10.664,10.364,11.342,11.918,11.693,10.664,9.2423,7.9486,8.9506,8.427,7.1095,5.6876,4.7426,2.0727,0.71095,0.71095,2.7072,3.6251,5.6205,6.1364,4.7692,5.7318,5.1267,5.0272,4.7692,5.4377,5.1267,5.7318,5.6205,6.7633,6.8377,6.7446,7.8687,8.5609,8.1836,7.2503,6.7446
15.194,16.63,17.514,18.103,17.45,17.571,17.321,16.607,15.932,15.56,14.591,14.625,14.139,14.548,14.13,14.522,16.057,15.608,16.057,15.995,16.675,16.494,17.248,16.986,16.539,16.675,15.56,14.104,12.579,9.8407,9.1712,10.539,11.002,11.002,10.299,10.727,10.432,10.808,11.271,11.917,12.155,12.609,12.844,12.339,12.083,11.652,11.271,11.171,11.695,10.957,10.116,10.586,10.539,11.171,10.808,10.785,11.875,12.094,10.539,9.9918,8.2696,9.0064,8.0711,7.4938,5.5856,4.4963,2.0599,0.99918,1.1171,1.5798,3.0389,4.0278,4.2976,4.524,4.4684,4.524,4.9457,4.524,4.2976,3.6371,4.2976,4.0278,4.606,5.0948,5.5856,7.2052,6.9942,6.4946,7.0652,5.0948
13.841,16.856,18.492,15.824,14.786,17.885,19.073,17.499,17.669,15.571,13.551,15.729,13.413,14.037,16.065,18.33,16.507,16.908,14.446,16.264,16.507,16.042,18.044,15.563,18.903,17.206,16.042,15.019,12.769,10.074,9.1584,9.6723,10.754,11.672,11.005,11.587,9.6723,10.937,12.807,11.672,12.543,12.99,13.487,12.161,12.769,11.587,11.661,10.73,11.381,11.027,11.294,10.402,9.5172,10.013,10.971,10.959,11.468,11.501,10.16,9.1584,7.5876,7.986,8.6998,5.2954,5.3652,5.0064,1.4945,3.1897,1.9926,2.2278,3.1897,4.2269,6.7019,2.2278,4.1079,4.0162,4.0162,1.4945,5.6798,3.5225,4.2853,4.5109,4.2269,5.9985,4.2853,4.5927,6.0603,6.0192,6.0807,4.9062
14.878,16.875,17.218,17.283,18.126,18.398,17.54,16.956,16.404,15.841,15.002,14.385,14.471,14.105,14.497,14.667,15.395,15.62,14.726,16.336,16.6,16.45,16.956,16.875,16.404,16.183,15.468,14.726,11.896,10.269,8.8791,9.9365,10.765,10.603,10.473,11.284,10.52,11.372,12.134,11.896,12.337,12.744,11.99,12.497,12.072,11.979,12.01,11.017,11.481,10.765,10.485,9.8232,10.413,10.949,10.172,11.632,11.854,11.372,11.284,9.4622,8.1182,8.7094,7.6123,7.1923,5.5756,4.1124,3.1932,2.1158,1.1151,2.0562,3.5263,3.5263,4.0206,4.7047,5.0119,4.29,4.2609,4.0206,3.1541,4.0206,3.5263,4.7047,4.5978,5.3943,6.0258,6.4831,6.3474,7.7419,6.5594,5.5756
14.962,16.484,17.539,17.467,17.216,17.897,16.983,16.263,16.078,15.485,14.375,13.872,14.297,13.881,13.582,15.02,15.209,14.844,15.63,16.117,16.101,16.117,16.975,17.531,17.245,16.619,15.977,14.819,12.729,9.8472,8.7194,10.532,10.995,11.319,10.532,10.685,11.029,11.319,11.483,12.024,12.076,12.885,12.641,12.331,11.783,12.076,11.656,11.494,11.319,10.293,11.164,10.579,10.425,11.645,10.673,11.22,12.797,11.385,10.293,9.473,7.8148,8.5462,8.8471,7.7669,5.8438,3.5304,2.6887,1.1164,1.1164,1.8002,3.037,3.8994,4.6031,4.4656,4.1171,4.7101,4.4656,3.6348,3.6003,3.6003,3.3492,3.8994,5.0916,4.7101,5.0916,5.8438,6.3938,6.6611,6.9541,5.1403
14.835,16.961,17.702,18.1,17.49,17.013,17.013,16.634,15.493,15.192,14.52,14.137,13.933,13.45,14.128,14.128,14.902,15.282,15.937,15.509,16.754,16.27,16.754,17.086,17.596,16.015,16.309,14.066,12.646,10.584,8.8371,10.188,10.76,10.725,11.169,10.394,11.057,11.169,11.412,12.488,12.607,12.735,13.187,11.999,12.286,11.873,11.225,11.091,11.091,11.302,11.034,9.9901,10.584,10.298,10.76,11.412,12.164,11.915,10.501,9.4246,7.4926,8.3732,8.5063,7.3751,5.5846,3.8041,2.8256,1.1169,1.5796,2.6899,2.9126,5.215,4.6052,4.7123,4.2678,4.2678,4.5232,4.7123,4.0271,3.3508,3.6364,4.119,4.0271,4.2678,5.215,5.6952,7.0109,6.4936,7.0641,6.0355
14.29,16.369,17.917,17.7,17.58,17.473,17.7,16.738,15.852,15.012,14.299,14.203,14.124,14.403,13.874,14.609,15.59,15.542,15.883,15.977,16.369,16.163,17.301,17.523,16.589,16.619,16.347,14.532,12.355,10.586,9.1746,9.9806,10.586,10.945,11.607,10.773,10.956,11.746,11.489,11.862,12.476,12.565,12.781,12.486,11.862,11.607,11.682,11.214,10.574,10.715,10.574,10.288,10.42,11.159,10.773,11.214,12.183,11.478,11.391,9.4947,7.8111,8.1236,8.0466,6.3907,5.3048,4.1151,2.4952,1.9961,1.1159,2.9098,2.9098,2.9942,4.2928,4.9149,4.4635,4.4635,5.0152,4.6008,4.0233,3.1954,4.2637,4.2928,4.5189,5.1378,4.9149,5.5793,6.7876,6.5066,6.6579,5.6459
13.957,16.291,16.337,16.776,17.101,17.506,16.505,16.114,16.207,16.114,14.725,14.852,13.612,14.329,14.171,15.02,15.568,15.045,15.957,16.044,16.337,16.543,16.634,16.581,16.52,17.101,15.8,13.84,11.894,11.02,8.388,10.448,10.267,10.206,10.304,11.076,10.825,11.289,11.936,12.757,12.816,12.599,12.629,12.051,13.22,11.714,12.092,11.639,11.245,11.421,11.289,10.008,10.058,9.9324,10.508,10.974,11.606,11.862,10.008,9.1858,7.3881,8.4918,7.6216,6.5815,5.8569,3.9081,1.5824,1.8042,1.5824,3.0437,3.9081,4.7471,4.7471,4.6133,4.4756,4.3045,4.0342,3.5383,4.0342,3.9081,3.8108,4.3045,4.5312,4.2459,5.0038,6.5242,6.7134,6.5242,6.3294,5.8569
14.173,15.735,17.126,17.759,16.68,17.794,17.242,15.822,15.846,15.075,14.349,13.446,14.349,14.244,13.492,14.899,14.566,14.949,15.566,16.16,16.687,16.544,17.366,17.653,16.837,16.657,16.657,13.631,12.617,10.022,8.5774,10.33,10.463,10.794,10.99,10.618,11.092,10.84,11.205,12.047,12.037,12.068,13.267,12.233,11.427,12.037,11.698,10.072,10.571,10.794,11.092,9.8832,10.072,9.9212,10.571,11.361,11.525,11.826,10.794,9.5735,6.8157,7.2961,7.583,6.9615,5.011,4.0088,2.0661,1.1205,1.8067,2.6985,4.2814,3.5433,5.2316,4.9352,4.5376,4.6199,4.04,4.04,3.8163,3.9137,4.04,3.9137,4.5376,5.3267,5.5121,6.1167,7.2961,7.0866,6.5335,6.034
14.634,16.07,17.286,17.561,17.747,17.424,17.074,16.686,16.07,14.907,14.055,14.215,14.277,13.516,12.954,14.634,14.975,15.092,16.008,16.07,16.716,16.094,17.424,17.424,16.625,16.164,16.133,13.956,11.468,10.039,9.3369,10.052,10.777,11.009,10.481,10.589,10.636,10.553,11.28,11.75,11.9,12.866,12.141,11.931,11.761,11.718,11.556,11.446,11.224,10.348,9.5239,10.164,9.5898,10.348,10.052,10.742,11.446,11.468,11.145,9.8873,7.7924,6.9734,7.5293,6.6969,5.0195,2.7031,2.5098,0.70987,2.0696,3.3672,3.9204,4.4896,4.6278,3.9204,4.2887,4.6278,4.0469,3.5493,3.0117,2.8395,4.0469,4.318,4.5454,5.3358,5.612,5.612,6.4281,6.5447,5.7232,5.7232
14.445,16.062,16.624,17.123,17.928,17.277,16.677,15.944,15.865,15.316,13.776,14.207,14.686,14.199,13.647,15.059,15.625,15.125,15.865,16.194,16.38,16.341,17.277,17.145,17.057,17.241,15.967,14.269,12.217,10.232,8.8898,10.666,11.048,11.139,10.642,10.439,10.547,11.003,11.636,12.134,12.692,12.124,12.124,11.582,11.048,11.44,11.218,11.669,10.83,10.294,10.583,9.637,9.9959,10.342,10.33,10.957,11.669,11.451,10.642,9.6891,7.183,7.5252,6.0618,6.4246,5.4033,2.5581,2.2436,1.1218,1.5865,3.0516,2.9253,3.9183,5.0168,5.0168,4.6253,4.4872,4.5429,4.2569,3.1729,3.6177,2.9253,3.8207,4.4872,4.6253,5.1651,6.286,5.5412,6.4246,6.286,5.1651
14.867,15.918,17.096,17.444,17.495,17.249,17.588,15.918,15.462,15.009,14.586,14.351,14.167,13.817,13.953,15.258,15.535,14.892,15.68,14.892,16.129,16.168,16.8,17.495,17.132,16.74,16.153,14.343,12.228,10.326,8.7616,10.53,11.065,11.355,10.625,10.326,10.518,10.625,11.065,11.821,12.114,13.223,12.77,12.371,11.948,12.114,11.355,11.019,11.736,10.216,10.566,10.458,9.866,10.754,9.9797,11.2,12.104,11.693,10.649,9.7251,7.6618,7.6618,7.8398,6.1139,5.2292,3.6464,2.5043,1.5839,1.12,3.0467,4.5356,4.25,5.0087,4.3086,4.5356,4.6178,4.4799,3.6464,3.1678,2.6973,3.1678,4.3086,3.6464,5.1568,5.2292,5.7108,6.4143,6.5113,6.0104,6.4143
14.041,16.806,17.094,17.247,17.072,17.189,17.341,16.384,16.649,15.982,14.401,14.427,14.54,13.44,13.87,14.812,15.538,15.039,15.92,16.536,16.407,16.777,17.62,17.269,17.109,17.035,16.407,14.401,12.374,9.966,8.503,10.704,10.599,10.128,10.739,10.774,10.444,10.821,11.602,12.384,12.594,12.624,12.86,11.634,12.384,11.548,11.805,11.072,11.24,10.981,10.61,10.263,9.6211,10.299,10.774,11.428,11.709,11.515,10.504,9.1821,7.0736,7.2827,7.5027,6.7106,5.1497,3.0425,2.2369,1.1184,1.8034,3.0011,3.6414,4.6114,5.5247,3.6068,4.0326,3.9065,4.1246,3.9065,3.0011,3.6068,3.1634,3.6414,4.7451,4.9262,4.7451,6.1055,6.023,6.3268,6.4054,5.222
14.973,16.183,17.09,16.751,17.721,17.229,17.229,16.113,15.879,15.432,13.747,13.747,14.316,14.421,14.412,14.906,15.196,15.965,15.879,15.879,16.609,16.336,17.721,17.855,17.054,16.518,16.389,14.105,12.249,10.587,8.9379,10.043,10.958,10.681,10.809,10.433,10.54,11.172,10.693,12.002,12.012,12.491,13.5,13.077,12.36,11.654,11.589,11.003,11.503,10.693,10.599,10.117,10.117,10.763,10.728,11.696,12.167,11.094,11.535,9.7013,7.7565,8.1336,7.6267,6.0165,4.9209,2.8264,1.8015,1.58,2.0601,2.6907,3.603,4.0282,4.9964,4.0282,5.3113,4.4689,4.7136,4.0282,3.3517,3.16,3.603,4.1201,4.9964,5.5862,5.2164,5.4044,6.995,6.9592,5.6528,5.2164
14.04,17.224,17.034,17.569,17.005,17.676,17.562,17.246,16.284,15.816,14.921,13.467,13.467,13.87,14.87,15.537,15.625,16.036,15.625,16.129,16.406,16.872,16.565,16.813,17.246,17.034,15.633,14.87,12.383,10.311,8.5612,10.515,10.407,10.503,10.704,10.692,10.407,11.105,11.514,12.097,12.81,12.593,12.907,12.593,12.534,12.373,11.665,11.547,10.551,11.071,10.969,10.311,9.6595,9.8645,10.923,10.969,11.665,12.045,10.82,9.516,7.4352,7.8286,6.6728,6.1865,4.9259,3.9063,1.5816,1.1184,2.0622,2.0006,4.6111,3.5366,4.2733,5.1493,5.3868,4.3024,4.529,3.9063,3.0423,3.9063,3.5366,4.2439,4.1243,5.4099,4.9259,6.3264,6.7288,7.161,6.5211,6.0226
14.72,16.825,17.135,17.345,17.696,17.083,17.865,17.083,16.024,15.28,14.236,13.523,13.523,14.315,14.341,15.148,14.72,15.049,16.295,16.016,16.638,16.517,16.638,17.525,17.222,17.12,16.464,14.618,12.178,10.318,8.7554,10.073,10.7,10.641,11.011,10.977,10.523,11.113,11.781,11.939,12.188,12.984,11.897,12.553,12.033,12.178,11.523,11.781,11.192,10.523,10.805,10.01,10.523,10.641,10.558,11.347,12.023,11.523,11.192,9.31,7.025,8.8691,7.64,5.5959,4.5323,3.3575,2.0637,1.4157,1.8046,2.5026,3.2048,4.2764,4.0041,5.3205,5.2255,4.3056,3.5036,3.2048,3.5391,3.9091,4.2764,3.5391,3.6438,5.0051,5.5056,6.7337,6.5066,7.0783,6.2714,6.089
14.839,15.714,17.427,16.953,17.688,17.258,17.42,16.795,16.287,14.899,15.052,14.28,14.208,14.736,14.208,14.899,15.803,15.795,16.287,16.473,17.132,16.658,16.923,18.227,17.221,17.155,16.711,14.136,12.203,10.204,9.0959,10.703,11.066,10.644,11.282,10.798,10.204,11.203,11.779,12.035,12.864,13.021,12.203,12.614,12.461,11.993,12.035,11.876,11.616,10.644,10.015,10.091,10.015,10.141,10.798,11.146,11.822,12.287,11.02,9.5732,7.2241,7.5683,7.171,6.3821,4.5689,3.6732,1.8192,1.1282,2.0803,2.5228,3.3846,4.3403,4.5689,4.9692,4.5689,4.7599,4.3109,3.8425,3.8425,3.6384,3.8425,3.8425,4.3109,5.1454,5.3634,6.0756,7.3464,6.788,6.0965,5.9056
14.498,16.548,16.366,17.105,17.315,17.516,17.344,16.556,15.294,14.997,14.149,14.132,14.567,13.453,13.49,14.202,14.703,15.105,15.879,15.641,17.228,16.366,17.38,17.228,17.742,16.958,16.758,13.855,12.491,10.504,9.0073,10.288,11.404,11.172,11.393,10.54,10.809,11.272,11.621,12.074,12.167,12.962,13.332,12.61,12.971,11.845,11.228,11.535,11.228,11.535,11.305,10.005,10.117,10.433,10.958,11.696,12.34,12.085,11.003,9.6107,6.7219,8.2704,6.4953,6.4953,4.2395,3.0392,1.58,0.99927,2.4982,3.533,3.4974,4.4689,4.9208,4.1201,4.5244,4.7135,3.8051,3.3517,2.6906,3.1992,3.8051,3.16,4.6064,4.74,5.8267,6.0164,7.4945,5.8481,6.4953,5.1441
14.599,16.151,17.061,17.729,17.715,17.265,17.459,16.135,15.26,14.076,14.085,13.924,13.924,13.889,14.032,14.599,13.644,14.996,16.12,15.696,16.616,16.646,17.003,18.113,17.258,16.548,17.2,14.53,12.536,10.604,9.7055,10.509,11.099,11.669,11.177,11.233,11.099,11.399,11.594,12.376,12.506,12.744,13.505,12.376,11.701,12.536,11.882,10.767,11.626,11.399,10.814,10.686,10.256,10.01,10.963,11.008,12.203,11.233,10.604,9.6539,7.4979,7.431,7.4979,6.5174,5.0976,3.0405,1.1177,1.8023,1.8023,2.5488,4.4709,3.904,3.639,4.923,4.7421,3.8068,3.3532,3.0405,2.9147,2.9992,3.6045,3.639,3.2007,4.5264,5.3136,5.2187,6.5746,6.7249,6.0398,5.6993
14.572,17.081,16.964,17.885,17.319,17.766,17.226,16.067,15.667,15.232,14.2,14.365,13.979,14.05,14.296,14.2,15.009,15.848,16.106,16.19,17.146,16.366,17.576,17.717,17.066,16.313,17.03,14.976,12.503,10.489,9.1998,10.525,10.954,10.942,11.519,11.156,10.942,11.377,10.794,12.068,12.353,12.473,12.701,12.632,11.995,11.775,12.016,11.648,11.573,10.794,11.044,10.103,10.794,10.584,10.988,11.078,12.18,11.859,10.897,9.6875,7.2645,8.3039,7.1957,6.1714,4.1143,4.292,1.7989,1.5778,2.0571,3.1947,3.5978,4.9893,4.9893,4.1143,3.528,4.1143,3.3469,3.7997,2.9092,2.5441,2.9092,3.4925,3.8968,4.0225,4.9893,4.5999,6.7862,6.3894,6.9314,5.1368
14.255,16.478,17.034,16.865,17.012,18.005,17.063,16.747,16.227,15.354,14.097,14.115,13.956,14.819,14.488,14.036,14.718,15.475,15.832,15.957,17.186,17.186,18.502,17.409,17.53,18.005,17.208,14.351,12.38,10.561,8.8741,10.018,10.931,11.377,11.145,10.667,10.655,11.201,11.366,12.259,13.083,12.93,12.775,12.707,12.34,12.004,11.983,11.474,10.977,10.655,10.943,9.9309,10.479,10.479,11.201,10.736,12.737,12.004,10.782,9.4831,7.1363,7.1883,6.3829,5.3681,4.5134,2.4921,2.055,1.5761,1.4953,2.6841,3.5244,4.2585,3.5244,3.5942,3.6285,3.1914,3.0318,3.5942,3.3435,3.1914,3.0318,3.1914,3.5244,4.0184,4.2585,6.0018,5.6829,5.6829,5.981,4.5952
14.562,16.149,16.716,16.981,18.197,17.192,17.221,16.401,15.648,15.36,14.799,13.907,14.111,14.04,14.102,14.958,15.254,16.179,15.963,16.76,16.401,17.04,17.628,18.122,16.923,16.93,16.574,14.494,12.78,10.786,9.1936,10.577,10.74,11.071,10.98,11.304,11.014,11.64,11.565,12.07,12.223,13.002,13.304,12.741,12.623,12.07,11.511,11.304,11.565,11.071,11.64,10.98,10.169,10.67,10.169,11.304,12.554,11.82,10.67,9.6294,6.558,6.9267,6.346,5.5744,5.8359,3.5256,2.0557,1.9944,2.2298,3.0328,3.6298,3.5256,3.7972,3.0328,3.5954,3.0328,3.1925,2.685,1.1149,2.2298,1.7977,2.5423,3.1925,3.5954,3.5256,4.5968,5.1333,5.4845,5.6848,5.5744
14.925,16.576,18.161,17.445,17.618,17.589,17.553,15.772,16.369,15.342,13.799,14.285,14.574,15.284,14.391,15.74,15.732,15.603,17.086,16.576,17.329,17.19,17.98,18.015,17.958,16.886,16.652,14.848,12.564,11.022,8.8909,10.493,11.46,11.158,10.601,11.022,11.102,11.158,12.227,12.412,12.812,12.842,12.564,13.277,12.442,12.604,12.442,11.569,11.46,10.743,10.872,10.493,10.114,10.565,10.976,11.689,11.689,11.656,11.067,9.6666,7.0356,6.9996,7.107,5.6186,4.5507,2.5625,2.2474,2.5127,1.5892,2.7063,3.2179,3.3712,4.0516,4.0516,3.0569,3.6239,2.2474,2.2474,3.3712,1.8119,2.072,2.9303,3.0153,3.8273,3.8273,4.4949,4.6332,4.9495,5.0505,5.0254
12.583,15.027,15.325,15.777,15.471,15.299,15.159,14.551,14.524,13.211,12.927,13.039,12.927,12.73,12.37,13.49,13.955,14.256,14.514,14.33,15.168,15.471,15.651,15.986,15.159,15.471,14.983,13.009,11.444,8.7773,8.0512,9.4056,10.153,10.725,9.2919,9.4759,9.793,9.4759,9.8066,10.576,10.836,11.753,11.525,11.444,11.018,10.437,10.513,10.166,10.126,9.9144,9.6289,9.2202,9.4759,9.4759,9.0015,9.4619,10.934,10.626,10.153,8.4536,5.8767,6.7203,5.8767,4.8897,3.6446,2.6282,1.1525,1.5463,1.5463,2.1251,3.9253,3.6446,3.6446,3.1352,3.2598,2.6282,2.5771,2.5771,2.1868,1.6299,2.1868,1.5463,2.1868,3.1352,2.7756,4.4338,4.2503,4.6674,4.6101,3.7523
14.378,16.56,17.613,17.69,17.178,17.669,16.56,16.709,15.753,15.379,13.815,14.507,13.679,13.679,13.597,14.812,14.928,15.176,16.288,16.746,16.857,18.058,18.058,17.802,17.69,16.967,16.857,15.379,12.494,10.473,8.9808,10.402,10.926,11.005,11.36,10.754,11.36,11.501,11.997,11.966,12.681,12.991,12.759,12.991,12.324,12.304,11.725,11.469,11.501,10.926,11.061,10.661,10.27,10.473,10.27,10.926,11.36,11.294,10.65,9.8883,7.1847,6.7758,6.6464,5.0065,3.7939,2.8181,2.1135,2.1135,2.4908,2.9048,4.2563,3.5226,3.1898,3.1507,2.8181,3.5226,2.6827,2.2279,2.6827,2.2279,1.7962,2.4908,2.9048,3.1507,3.7939,4.4557,5.0065,5.5697,5.2956,4.0163
14.629,16.499,16.552,17.555,16.702,17.576,16.991,16.612,15.803,15.199,13.278,13.456,14.081,13.921,14.205,14.57,15.199,15.492,16.27,16.499,16.976,16.612,17.605,17.858,17.858,17.725,16.27,14.388,12.373,10.302,9.0091,10.399,10.506,11.174,11.308,11.096,10.96,11.505,11.666,12.503,12.373,12.533,13.117,12.533,12.292,12.493,11.656,11.062,11.623,11.418,10.506,10.302,10.119,10.29,11.062,10.302,12.087,11.591,10.811,9.5081,6.9425,7.5623,7.0141,6.3212,4.029,2.4987,1.8018,1.5803,2.2349,2.4987,4.1209,4.1209,3.6036,3.1999,3.8059,3.5336,3.0398,2.1202,1.9989,1.8018,1.9989,2.4987,3.0398,3.6036,3.3523,4.6073,4.6073,5.4054,5.0223,5.3122
14.504,16.608,16.964,18.073,17.32,17.492,17.655,16.036,16.367,15.002,13.764,13.509,13.286,14.401,14.547,14.885,15.5,15.524,16.496,16.994,17.081,17.32,17.492,17.641,18.135,16.964,16.067,14.547,12.181,10.584,9.4932,10.525,10.713,11.648,11.378,10.49,11.079,11.257,11.637,11.996,12.323,12.514,12.323,12.75,12.068,12.474,11.744,11.157,11.86,10.748,10.274,10.091,9.9039,10.49,10.238,10.988,12.016,11.744,10.573,9.105,7.196,6.6569,6.5055,5.8187,3.8969,2.6869,1.5778,1.5778,1.799,2.6869,3.5281,2.9094,3.035,3.5281,3.1556,3.5281,2.9094,2.9937,2.1169,2.0572,1.4112,1.799,2.2314,2.4948,3.5281,4.5182,4.4628,5.6889,4.9141,4.2921
13.927,16.597,16.747,17.217,18.002,17.44,16.895,16.747,16.469,15.381,14.016,14.193,12.837,14.298,14.14,15.185,15.93,16.424,15.954,16.53,16.954,17.042,17.332,17.589,17.332,16.747,15.86,14.557,13.182,10.778,8.6191,10.245,10.592,11.22,11.265,10.801,10.497,10.95,12.076,11.645,12.798,12.332,12.332,12.24,12.332,12.066,11.868,11.22,11.03,10.685,11.386,10.497,10.048,10.184,10.95,11.495,11.656,11.752,10.497,9.539,6.033,7.9887,6.4908,5.6489,4.7367,2.5459,1.5789,1.9972,2.5459,2.5459,3.3494,3.1578,3.197,4.4658,3.197,2.4965,2.9114,2.5459,1.8002,1.8002,1.1165,1.9972,2.2329,3.0371,2.8244,3.6349,4.266,5.3076,5.6928,4.6033
14.925,16.825,17.573,18.337,18.017,17.403,17.232,17.467,15.155,14.917,13.753,14.064,14.247,14.497,14.428,14.834,15.486,15.919,16.596,16.288,17.26,17.516,18.337,18.099,16.935,17.318,17.296,13.869,13.014,10.382,8.9639,10.489,10.905,11.339,11.735,11.118,11.174,10.86,11.788,11.788,12.108,12.899,12.677,12.549,11.339,12.026,11.479,10.711,11.349,10.489,11.65,10.454,10.641,10.548,10.916,11.218,12.431,11.944,10.916,9.4604,7.3918,7.1192,6.6339,6.0695,4.2773,3.0245,1.7928,1.1118,2.6777,2.5354,3.1448,2.8993,3.3355,3.7868,3.3355,2.4861,2.8993,3.0245,2.2237,1.5724,1.4064,2.5354,2.2237,2.8993,2.6777,4.5026,5.1193,4.6908,5.6693,4.9723
14.513,16.451,16.903,17.793,17.449,18.386,17.336,16.764,16.697,15.604,13.518,14.949,14.445,13.843,14.445,15.816,15.405,15.816,15.902,16.519,16.925,17.307,18.225,18.068,17.357,17.737,16.881,14.949,12.512,10.244,8.6927,10.91,10.944,10.944,10.727,10.67,10.727,10.91,11.696,12.273,12.091,12.824,12.776,12.542,12.581,12.019,11.696,11.343,11.633,10.899,11.167,10.244,10.91,10.727,10.483,11.473,12.273,12.132,11.034,9.6486,6.957,6.9214,6.4792,5.3751,4.2458,3.4785,1.5714,1.1112,1.9877,2.4846,2.8976,3.8811,3.6177,3.5834,3.0227,3.6177,2.2223,1.9877,2.4846,2.0489,2.0489,2.4846,2.4846,3.5138,3.5834,5.3521,4.9941,4.7143,5.2824,4.4724
14.664,16.69,17.429,17.057,18.103,17.879,17.255,16.99,15.766,15.638,15.063,14.219,14.281,14.387,14.664,15.597,15.638,16.192,16.47,16.347,17.408,16.841,18.947,18.414,17.487,17.101,16.878,15.046,12.593,11.227,9.4735,10.351,11.227,11.058,11.058,11.012,11.592,11.148,11.935,12.134,12.401,13.055,13.026,13.035,12.154,11.935,12.144,11.754,12.071,10.862,11.092,11.012,10.092,10.862,10.351,11.461,12.144,11.722,11.328,9.941,6.5465,7.1889,6.3906,4.9451,4.048,3.0541,1.1227,2.0702,2.5602,3.1755,3.9215,3.0541,3.8239,3.215,3.1755,3.6553,3.1755,2.7039,2.0702,1.5878,2.1302,2.0702,3.6207,3.6553,3.6553,4.3192,6.1083,5.8769,5.7248,4.5467
14.317,17.075,17.347,17.347,18.312,17.112,17.8,16.67,16.813,15.724,14.623,14.095,13.878,14.229,14.649,15.358,16.106,16.051,17.082,16.479,17.207,17.325,17.665,17.843,17.864,16.632,16.2,14.623,12.115,10.612,9.276,10.322,10.987,11.305,11.305,11.35,11.305,10.86,11.926,12.25,12.826,12.895,12.826,13.367,12.587,13.166,11.581,12.115,11.668,11.17,11.249,10.186,10.504,10.371,10.836,11.701,11.841,11.744,10.987,9.9601,6.2225,7.5627,6.5398,5.4415,4.3275,2.5153,1.4229,1.8138,2.8458,2.5651,3.5572,4.7459,3.3746,3.6624,3.6624,3.1816,2.8458,2.5651,1.4229,1.5908,2.0742,2.0742,3.2212,3.06,4.0558,4.0558,5.0557,6.3633,6.0577,5.0557
14.438,16.696,17.235,17.375,17.6,18.027,17.22,16.681,16.413,15.158,14.438,13.567,13.558,14.117,14.189,14.534,15.822,15.822,16.696,16.75,17.643,17.462,17.664,18.174,17.7,17.469,16.281,14.828,12.135,10.388,9.0837,10.593,11.188,11.977,11.062,10.521,11.6,11.687,12.135,12.093,13.226,12.687,13.417,13.388,12.187,12.827,12.135,11.892,11.633,10.819,11.267,10.388,10.002,10.09,11.401,11.131,12.114,11.763,11.051,10.09,6.0883,6.4527,6.2326,5.0639,3.1868,2.2534,1.5934,2.2534,3.1868,3.3801,3.6683,2.9381,3.6335,3.5629,2.5693,3.6335,2.7134,2.0155,2.1378,1.8167,1.5116,2.2534,3.1868,3.8374,4.0624,4.5349,5.0387,5.4502,4.6455,4.6455
14.861,16.9,18.17,17.547,18.446,17.205,17.307,16.72,16.04,15.388,14.508,13.421,14.173,14.315,14.092,14.244,15.123,16.04,16.103,16.422,17.669,17.072,17.604,18.226,17.568,17.568,16.606,14.664,12.155,11.077,9.7141,10.764,11.168,11.924,11.492,11.303,11.612,11.481,12.248,11.998,12.574,13.289,13.421,13.116,12.932,12.279,11.956,11.481,10.834,11.134,11.481,10.369,10.764,10.67,11.403,11.667,11.998,11.303,11.111,9.9075,6.6157,6.7106,6.8412,4.3268,4.6372,2.2494,1.5906,1.8135,2.2494,3.5566,4.2975,4.3268,3.5566,3.6617,3.0179,3.5566,2.7086,2.7086,1.8135,2.5149,2.5647,2.7086,2.9328,3.6617,3.9284,5.0549,5.4172,6.1396,5.6235,4.7451
13.144,14.656,16.127,15.609,15.823,15.135,15.574,15.198,14.026,12.989,13.236,12.219,12.769,12.34,12.503,12.822,12.843,13.706,14.947,14.947,15.091,14.947,16.293,16.91,15.339,14.875,14.619,13.297,11,9.1846,8.7024,9.359,10.803,10.396,10.652,10.383,9.9724,10.588,9.9859,10.914,10.512,11.85,12.119,11.527,11.492,11.386,9.9859,10.08,9.9724,9.8774,10.383,9.4735,9.5443,9.9859,9.6984,10.512,11.492,10.512,10.702,8.1259,5.9191,6.5667,5.42,3.9537,3.3241,1.6417,1.1608,1.6417,3.3241,2.7957,3.1578,4.0546,4.281,3.1578,3.6709,2.9367,2.1405,2.3217,1.8718,1.8718,1.5574,1.8718,2.5957,3.3241,3.1578,3.9537,4.1855,4.7863,4.701,4.4356
14.139,16.554,17.291,17.763,17.798,17.902,16.886,16.908,16.184,15.418,14.06,14.06,14.217,13.749,13.568,14.416,15.442,15.151,16.434,16.169,16.901,17.255,17.462,18.493,17.617,16.988,16.306,14.492,12.013,10.627,9.4968,10.947,11.171,10.857,11.857,11.215,11.171,11.816,11.784,12.277,12.277,12.924,13.208,12.467,12.962,12.347,11.53,11.594,11.951,11.816,11.562,10.379,10.344,11.115,10.947,11.7,12.457,11.784,10.947,10.004,6.4621,6.4621,6.7611,5.9857,4.0076,3.0237,1.1115,1.9884,2.812,2.8985,2.5347,5.1178,4.2471,3.5149,3.0237,2.8985,2.109,1.9884,2.0495,1.5719,2.0495,2.9825,2.812,3.0237,3.8824,4.0991,4.5013,4.9709,4.9709,5.5576
13.868,16.447,17.939,17.311,18.085,17.897,17.727,17.784,16.667,16.146,14.908,14.155,14.358,14.436,14.908,14.575,15.958,16.053,15.99,16.614,17.253,17.513,17.727,17.974,17.897,17.376,17.025,14.849,13.161,10.719,9.5792,10.73,11.456,11.705,11.748,11.042,11.345,11.543,12.054,12.545,13.161,13.123,12.842,13.19,12.565,12.292,12.813,11.918,11.445,10.624,11.445,11.099,10.541,11.099,10.997,11.434,12.075,11.63,11.099,9.7354,6.0584,6.5374,7.1789,4.7302,3.9161,2.9236,1.8078,1.5856,2.1273,3.5454,3.6502,3.6502,3.5454,2.9236,3.3635,2.7001,2.0056,2.507,1.8078,1.4182,1.5042,2.2423,2.507,2.8363,3.2105,4.0112,5.1622,5.6727,5.2348,4.3132
13.039,14.811,16.062,15.449,15.852,15.57,15.018,15.053,14.665,13.991,13.203,12.525,12.642,13.444,12.988,13.934,13.474,14.285,14.509,14.72,15.544,15.018,15.57,16.112,16.128,15.75,15.544,12.957,11.203,9.3356,8.3017,9.6325,10.676,10.813,9.7707,10.055,10.055,10.174,10.421,11.155,11.637,12.276,11.463,11.82,11.579,11.498,11.179,10.663,10.676,9.8254,10.421,9.5486,9.6325,10.37,9.5205,10.357,10.776,10.486,10.174,8.6807,5.7897,5.7198,5.7897,3.7342,4.0445,2.3159,1.8671,1.8671,2.3159,2.5892,3.1499,2.9294,2.7887,2.6405,2.5892,3.2751,1.4647,1.5535,1.1579,0,1.1579,0.73235,1.6376,2.1351,2.197,3.4738,4.2703,4.4547,3.7342,4.2703
14.994,17.476,17.547,17.224,18.107,18.231,18.1,17.013,16.969,16.991,15.192,14.022,14.146,14.521,15.796,15.637,15.323,16.537,16.332,16.792,17.448,17.224,18.34,18.093,18.421,17.569,16.747,15.192,12.164,11.325,8.9357,10.806,11.5,11.5,11.619,11.225,11.413,11.693,12.735,12.804,13.643,13.273,13.404,13.45,12.997,12.794,12.03,11.661,11.999,11.325,10.989,10.62,11.001,11.001,11.001,11.661,12.082,12.071,11.091,9.8394,7.0643,6.6644,5.5848,4.6054,3.8042,1.801,2.0596,3.1985,2.69,2.69,3.8042,2.8257,3.5321,2.9971,2.9127,2.4976,0.70643,1.117,0.99904,0.70643,0.70643,0.99904,2.1193,2.69,2.5471,3.5321,4.0273,4.1192,3.9962,4.4678
14.73,17.004,17.288,17.259,17.922,18.581,18.082,17.026,16.296,16.048,14.619,14.237,14.342,14.593,15.024,15.637,16.142,16.937,16.885,16.661,17.604,17.512,17.774,18.33,18.047,17.375,16.157,15.058,12.393,10.805,9.5627,11.414,11.248,11.248,12.106,11.898,11.192,11.717,12.83,12.985,13.616,13.477,13.252,12.513,12.995,12.761,12.034,11.248,11.866,12.179,11.414,11.057,10.978,10.061,11.248,11.192,11.348,11.61,10.523,9.5627,6.048,6.5262,5.707,4.4769,3.5393,2.2385,2.2385,2.1236,3.1657,3.0032,3.812,2.6955,3.0446,2.5027,3.0446,2.0638,1.8047,1.5828,1.4157,0.50054,1.0011,1.5828,1.5828,2.2385,2.5027,3.0032,3.205,4.7221,4.7221,3.3577
14.175,16.659,17.223,17.733,17.993,17.505,18.07,16.958,16.162,15.927,14.611,14.74,14.148,14.351,14.068,15.242,15.544,15.242,16.538,16.659,17.541,17.775,17.797,17.719,17.965,17.719,17.142,14.901,12.569,10.76,9.241,10.946,11.796,12.049,11.624,11.538,12.122,12.132,12.688,13.231,12.688,12.933,13.615,12.933,11.912,13.241,12.777,12.122,11.307,11.657,11.45,11.45,10.536,10.148,10.991,11.45,11.912,11.743,10.819,9.5747,5.6032,6.7238,5.3274,4.0405,3.0485,2.2413,1.5848,2.6988,3.0485,3.1696,3.209,3.3619,3.5438,2.9223,2.0663,2.0663,1.5848,1.0023,0.50116,1.0023,0.70875,1.5035,1.807,1.5848,2.1263,3.209,3.6485,3.6485,3.6139,3.6485
14.601,17.522,17.557,17.643,17.897,17.493,17.586,15.916,17.116,15.678,14.584,14.446,14.059,14.558,14.341,15.55,15.289,16.221,16.428,16.595,17.385,17.557,18.148,18.203,17.522,17.116,17.006,14.874,13.002,10.984,9.6725,11.53,11.519,11.421,11.299,11.947,12.061,11.692,12.531,12.769,13.559,13.532,12.68,13.915,13.06,13.06,12.749,12.113,12.521,11.299,11.199,10.325,9.9788,11.12,10.624,11.421,11.299,12.103,10.565,9.6335,6.0307,6.9757,6.2753,5.0082,3.6461,1.8057,1.5837,3.1675,2.5537,3.3596,4.2496,3.6461,3.3596,3.3596,2.5041,1.1199,1.1199,1.8057,0.70827,0.50082,0.70827,1.1199,1.5837,2.1248,2.5537,2.5041,4.0378,3.6461,4.6174,4.0378
14.578,16.917,17.292,17.408,18.081,18.081,18.005,16.173,15.086,15.699,14.273,13.907,14.851,14.343,13.503,15.053,15.086,15.93,16.542,16.427,17.408,17.256,18.227,18.797,18.227,17.495,17.117,15.053,12.577,10.579,9.5809,11.578,12.057,11.836,11.545,11.75,12.036,11.707,11.534,12.416,13.048,13.475,13.549,13.494,12.854,12.386,12.119,12.057,11.697,11.214,11.545,10.638,10.662,11.044,10.662,11.078,12.386,11.664,11.135,9.2198,5.8698,7.1275,5.7179,4.4855,3.0504,2.006,2.006,3.3641,3.5461,3.8192,4.2553,3.6509,4.0431,3.2111,2.5074,1.8081,1.5858,1.1214,1.4184,0.50149,0.50149,1.5858,1.5858,2.0677,2.8369,3.0504,4.0431,4.314,4.2553,3.6509
14.6,16.412,17.318,17.096,16.856,16.68,17.488,16.284,15.517,15.839,15.228,14.215,13.988,13.73,13.909,14.456,15.541,15.123,16.643,16.944,17.593,16.878,17.94,18.428,18.253,17.118,16.864,14.533,13.367,10.472,9.8537,11.022,11.547,11.768,12.089,11.1,11.156,11.8,12.007,12.568,13.504,12.993,12.993,12.917,12.724,12.44,12.281,11.716,11.955,10.933,11.589,10.052,10.234,10.693,10.899,10.842,11.997,11.331,10.966,9.327,6.4535,5.9777,5.3466,4.0023,3.0196,2.5313,1.9857,2.9785,2.8946,3.8772,3.7807,3.614,3.7807,2.5313,2.6733,2.5313,2.0468,0.70205,1.11,1.11,0.49642,0.49642,1.11,1.4893,1.7899,2.5313,4.0936,3.3301,4.9143,3.0196
14.902,16.811,17.456,17.434,17.911,17.798,17.798,17.144,16.608,15.658,14.612,15.036,13.98,14.612,13.935,15.069,16.046,15.57,16.364,16.57,17.07,17.158,17.946,18.388,18.168,18.223,17.048,14.361,12.236,10.761,9.4168,11.129,11.429,11.571,11.913,11.658,11.263,11.451,12.112,13.156,12.778,13.317,13.68,13.156,13.486,12.195,11.744,11.701,11.69,12.05,12.328,10.796,10.62,10.32,10.946,11.658,12.328,11.625,11.129,9.6409,6.0353,5.845,5.037,4.5386,2.5556,1.8071,2.506,3.0072,3.6488,4.2529,4.133,4.0096,3.544,2.6991,3.544,2.0665,2.0665,1.1207,1.4176,0.5012,1.1207,1.0024,1.1207,1.8071,2.0665,2.6991,3.2093,3.6142,3.6488,3.2093
15.303,17.014,18.208,18.008,18.07,17.19,17.421,17.124,16.108,15.539,14.166,13.653,14.333,15.344,15.015,15.246,15.139,15.539,16.985,17.226,16.926,17.678,17.931,18.125,18.689,18.125,17.036,15.015,13.215,11.241,9.3447,11.073,11.72,12.005,11.341,11.505,11.72,11.602,12.354,12.654,12.545,13.422,13.469,13.735,12.86,13.215,12.181,11.71,11.932,11.602,10.97,10.516,10.821,11.073,10.97,11.71,11.858,12.098,11.318,9.3447,6.3666,6.1872,5.5023,4.474,3.2029,1.8035,2.0008,2.5506,3.2029,3.5015,4.1248,3.8095,3.6416,2.6937,3.0426,2.501,1.5818,0.7074,1.1185,0.50021,0.50021,0.7074,1.5818,1.8035,3.1636,3.1636,3.6071,3.6416,4.2738,4.303
14.322,17.108,17.188,17.448,18.123,17.852,17.619,17.122,16.33,15.633,15.005,14.322,14.331,14.565,14.582,15.212,16.513,16.284,17.513,17.362,18.006,18.04,17.57,18.206,18.075,16.924,17.108,14.582,13.004,11.184,9.4897,10.969,11.184,11.633,11.889,11.708,11.427,12.087,12.18,13.214,12.82,13.421,13.346,13.214,13.242,12.504,12.169,11.665,11.405,11.427,11.184,11.071,10.981,10.692,10.704,11.184,11.857,11.857,11.015,9.8646,6.5212,6.5785,5.5919,4.6112,2.9164,2.2368,1.1184,2.122,3.3551,4.0012,4.0324,4.3025,4.0012,2.2368,3.0009,2.9164,2.2368,1.0003,1.5816,1.0003,1.0003,1.4146,1.4146,1.5816,2.122,2.5008,4.0012,3.8091,4.9513,4.7449
14.873,17.22,16.955,17.843,17.652,17.716,17.278,16.844,16.36,15.557,14.357,13.976,14.566,14.261,14.609,15.239,16.159,16.136,16.806,17.103,17.278,17.044,17.772,17.502,18.101,17.154,16.656,14.243,12.396,10.989,9.6253,11.204,11.092,11.826,11.536,11.74,11.622,11.74,12.617,12.931,13.114,13.342,13.009,13.238,13.612,12.834,12.567,12.13,12.617,11.426,11.126,11.126,10.712,10.427,10.134,11.74,12.567,12.557,11.126,10.084,7.2265,6.0337,5.0107,3.3613,2.555,2.555,1.8066,2.9217,3.0479,4.1319,4.6196,3.0479,3.5431,2.9217,2.555,2.5054,1.5845,1.0021,1.0021,0.70862,0,0.70862,1.8066,2.0043,2.555,2.9217,3.6133,4.0398,4.5374,4.4817
14.712,16.659,16.986,17.565,17.249,18.257,17.422,17.572,16.286,15.082,14.712,14.814,15.015,14.237,14.015,15.58,16.508,16.332,16.629,17.422,18.071,17.686,18.036,17.7,17.686,17.679,16.816,15.015,13.216,11.017,9.7128,11.319,12.263,11.429,11.635,11.549,11.635,11.71,12.355,12.754,12.987,13.216,13.469,13.899,13.092,12.625,12.375,11.859,11.89,11.429,11.186,10.445,11.407,11.017,10.971,12.047,13.044,11.89,11.186,10.129,5.7035,6.0856,5.5928,4.6119,2.5012,1.8036,2.1223,2.6938,3.2031,4.033,4.4742,3.9069,3.5372,3.2031,2.5507,2.1223,2.2371,1.5007,1.5819,1.1186,1.0005,1.1186,1.5007,1.5819,2.2371,3.1638,4.274,4.7192,4.6119,4.125
13.79,14.649,15.887,15.853,15.615,15.658,15.232,14.831,14.146,13.761,12.516,12.451,13.275,12.989,12.989,13.555,13.466,13.184,14.538,15.126,15.675,15.658,16.08,16.254,16.524,16.063,15.546,13.235,11.957,9.6336,8.8197,9.4509,10.319,10.777,10.358,10.28,10.41,10.677,10.986,11.011,10.986,11.81,12.527,11.923,10.563,11.204,10.563,9.7719,10.563,10.423,10.319,9.9622,9.5216,9.7306,10.002,10.487,11.499,10.677,10.423,8.6197,6.0398,5.1791,4.8859,3.4742,2.5895,1.0358,1.8673,1.8673,3.2755,3.7704,4.045,2.6408,4.1755,2.5895,3.1503,2.1973,1.6378,1.0358,0.51791,0.51791,1.1581,1.4649,1.1581,2.0716,2.3162,3.0199,3.4742,4.1433,4.425,3.2755
12.971,14.918,15.034,15.823,15.764,15.524,15.764,15.14,14.701,14.002,13.536,12.423,13.347,12.794,12.584,13.576,14.002,14.646,15.007,14.998,15.516,15.36,16.041,16.24,16.436,15.498,14.637,13.447,11.104,9.8401,8.8074,10.2,10.65,11.056,10.996,10.91,10.662,10.459,11.188,11.94,11.805,11.448,11.816,11.622,10.861,11.39,11.39,10.344,10.161,10.187,10.472,9.9885,9.3237,9.5364,9.5364,9.8808,11.188,10.408,10.459,8.5609,5.7823,5.1977,4.2648,3.3116,2.5859,1.1565,1.6355,2.3129,3.6571,3.1459,4.4188,3.7295,3.1459,3.0157,2.1324,1.8647,1.6355,1.6355,0,1.0344,1.0344,1.4628,1.6355,2.1324,3.0157,2.6371,2.6371,4.1697,4.0393,3.1459
14.145,16.989,17.589,17.468,17.674,17.561,17.681,17.091,16.351,16.128,14.321,15.243,14.038,13.895,14.606,15.503,16.282,16.128,17.069,16.29,17.446,17.273,17.927,18.128,18.341,17.589,17.033,15.036,12.532,10.502,10.014,11.404,12.502,12.542,12.178,12.085,12.023,12.209,13.041,12.422,13.089,13.316,12.372,13.419,12.382,12.661,12.352,11.546,11.707,11.104,11.513,10.968,10.796,11.856,10.968,11.546,12.542,12.352,11.048,10.31,5.3862,6.022,5.1488,3.5362,2.5005,2.1217,2.5005,2.829,4.0319,4.473,3.9059,3.6408,3.5362,3.5362,3.2022,1.5815,2.2365,1.1183,0.5001,0.5001,0.70725,0.70725,1.5815,2.0004,2.6931,2.9161,3.5007,4.0319,3.9059,3.042
14.684,16.597,17.439,17.898,17.863,17.238,18.002,16.746,16.378,15.502,14.987,14.684,14.556,14.306,14.201,14.819,14.895,16.101,16.739,16.746,17.709,18.098,18.002,18.581,18.222,16.946,17.332,14.752,12.788,10.95,10.097,11.656,12.351,12.522,12.952,12.003,12.066,12.522,12.798,12.759,12.729,13.582,13.134,13.181,12.631,12.981,13.181,12.003,12.601,11.656,10.95,10.984,10.685,11.656,10.961,11.752,12.402,12.024,11.645,9.9856,6.074,6.567,5.5821,4.295,2.4964,2.2328,1.4122,2.9113,4.0253,4.5212,4.0253,4.4657,2.6887,3.6004,3.3493,1.8002,1.1164,1.5789,0.99856,0,0.70609,1.4122,1.1164,2.4964,2.2328,1.5789,4.1172,3.5304,4.0253,3.6004
13.436,15.199,15.512,15.92,15.92,15.623,15.717,14.78,14.552,13.886,13.476,13.476,12.961,12.284,12.919,13.565,13.643,13.866,13.915,15.503,15.538,15.717,15.503,15.717,16.095,15.92,15.546,13.073,11.381,9.0251,8.5228,10.753,10.901,11.059,10.962,10.654,10.335,10.654,11.047,11.555,11.334,11.931,12.327,11.931,12.02,11.334,11.156,10.654,10.901,10.753,10.464,9.8051,10.034,9.8323,10.232,10.348,11.334,10.901,9.7505,8.8457,5.708,4.6222,4.8752,3.7265,2.3111,1.8633,2.3111,3.2684,3.2684,4.0361,3.7622,3.6541,3.7265,2.3111,2.7829,1.8633,1.1555,0.73083,0,0.51677,0,0.51677,0.51677,1.0335,1.1555,2.1307,2.635,2.9233,3.7265,3.2684
14.957,16.512,17.642,17.963,18.059,17.904,18.059,16.448,16.577,15.317,14.478,14.751,15.019,14.533,14.606,14.957,15.335,16.121,17.028,17.299,18.315,17.399,18.315,18.824,17.904,17.566,17.784,14.778,13.449,10.843,9.9075,11.264,12.4,12.894,11.963,11.693,11.963,12.303,12.26,12.26,12.738,13.41,13.626,13.887,13.31,12.549,11.533,11.59,12.074,11.452,10.941,10.965,11.358,12.485,10.941,12.085,12.904,12.172,11.59,10.238,5.8806,5.4826,5.1576,4.0282,2.6299,3.1373,2.3066,3.647,3.9279,4.3764,3.7548,4.4067,4.6131,2.6299,2.6299,2.1265,0.51576,0.7294,0.7294,0.51576,1.0315,0.7294,0.51576,1.1533,2.1265,1.8596,3.647,3.647,4.2531,3.7548
14.874,17.373,18.522,18.021,17.984,18.3,18.112,17.279,17.144,16.336,14.856,14.671,15.156,15.192,14.874,15.895,15.87,16.361,16.871,17.53,17.685,18.052,17.999,18.764,18.537,17.839,17.302,15.801,13.108,10.875,10.148,11.462,12.235,12.066,12.467,12.716,12.032,12.813,13.066,13.066,13.355,13.437,13.097,13.437,12.641,13.066,13.16,11.849,12.032,12.201,11.687,11.51,11.087,10.875,11.282,11.918,12.554,12.335,11.687,9.8611,5.3299,5.8433,5.629,4.2136,2.6132,2.3373,2.8145,3.3465,3.506,4.3098,4.8185,3.9803,4.1811,2.8145,2.0905,1.4782,1.6527,0.52264,0.73912,0.52264,0.73912,0,0.73912,0.52264,1.6527,1.6527,2.9565,3.9803,3.1791,3.0475
14.843,17.358,18.455,18.269,18.029,18.187,17.303,17.049,16.783,15.499,15.206,14.481,15.429,15.709,15.251,15.206,15.882,16.196,16.872,17.762,18.164,18.217,18.66,19.622,18.455,17.615,18.096,15.578,12.897,11.163,9.9763,11.676,12.412,13.086,12.291,12.179,12.716,12.412,12.619,12.918,13.617,13.934,13.707,14.186,12.897,13.096,12.554,12.456,12.576,11.452,11.077,11.594,11.559,12.146,10.978,12.224,12.716,12.456,12.01,10.044,4.9539,4.8143,5.3762,3.7655,3.0448,2.812,3.1763,4.306,3.7655,4.6705,4.7286,4.492,3.1763,2.6626,1.5665,2.2154,0.52218,0.73848,0.73848,1.1676,0.73848,1.0444,1.0444,1.0444,1.0444,1.8828,2.812,4.21,3.5029,4.1775
15.051,16.648,17.346,18.31,18.296,17.764,17.161,16.855,16.52,15.735,14.492,14.765,15.192,14.611,14.464,15.565,15.803,16.078,17.254,16.592,17.98,17.315,17.898,17.801,17.643,17.044,17.044,14.611,12.75,10.853,10.182,10.89,11.885,12.571,12.411,12.486,12.411,12.238,12.571,13.422,12.947,13.717,13.9,12.75,13.872,12.401,12.823,11.974,12.184,12.151,12.75,10.939,11.12,10.853,11.12,11.601,12.238,11.918,11.463,9.3496,5.4878,4.8703,4.2571,3.6504,2.5812,1.8614,2.7801,4.13,4.1621,4.8703,4.7596,4.6175,3.0102,3.0975,2.5812,1.5487,0,0.73008,0.51625,1.1544,0.73008,1.1544,0.51625,0.51625,0.51625,2.1903,2.3087,2.9203,3.3056,3.7227
14.594,16.397,17.649,17.058,18.257,17.664,16.846,17.097,17.182,16.003,14.666,14.775,13.845,15.245,14.998,15.479,16.798,15.752,17.151,16.846,17.821,18.3,17.344,18.022,17.791,17.754,16.511,15.175,12.691,10.736,9.6389,11.912,11.766,11.867,12.426,12.426,11.766,12.554,13.455,13.395,13.415,13.631,12.899,14.036,12.899,13.385,12.743,12.564,11.456,11.456,11.316,10.884,10.736,10.933,11.316,12.078,12.479,12.045,10.969,10.28,5.1596,5.3868,5.1596,3.4612,2.5798,2.6309,3.1385,4.0298,5.3121,4.7569,4.4385,4.4084,3.4612,2.9187,2.9187,1.8603,1.0319,0.51596,0.51596,1.1537,1.0319,0.51596,0.72968,0.51596,1.1537,2.1274,2.3074,2.5798,3.7562,4.1598
14.349,16.534,17.321,17.104,18.338,17.927,17.05,16.814,16.017,15.706,14.469,14.284,15.197,15.328,14.358,15.056,15.493,16.084,17.26,17.073,17.589,17.236,18.075,18.663,18.251,17.807,17.05,15.328,12.755,10.457,10.328,11.466,12.012,12.243,12.155,12.188,11.651,11.889,12.416,12.491,13.237,13.634,13.237,13.634,12.786,12.921,12.786,12.491,11.776,11.776,12.012,11.124,11.605,11.326,11.432,12.012,12.702,11.978,10.979,10.027,5.1642,5.3169,4.1635,3.1413,2.5821,2.3095,3.2661,4.1635,4.8992,4.7612,4.6764,3.4643,3.3067,2.781,2.3095,1.0328,1.1548,0.51642,0.51642,0.73033,0.73033,0.51642,0.51642,0.51642,1.1548,1.6331,2.3095,3.6517,4.1635,3.3067
14.396,16.878,17.691,17.963,17.761,17.803,17.458,16.73,16.362,14.997,14.465,15.17,15.406,15.471,15.471,14.964,15.852,15.654,16.723,17.228,18.081,17.691,18.081,18.623,17.88,18.136,16.988,14.67,12.785,10.675,9.6333,11.253,12.013,11.516,12.013,11.516,11.644,12.013,12.47,13.093,12.94,13.43,13.43,13.43,13.796,12.5,12.319,11.041,12.319,11.981,12.35,11.019,10.951,11.041,11.676,12.054,12.51,12.339,11.286,9.9384,4.5986,5.0867,4.5168,3.527,2.5433,2.5433,2.6861,3.5968,4.2908,5.2075,4.2908,4.4613,4.1131,2.1162,2.2307,1.1153,0.49879,1.1153,0.7054,1.1153,0,0.99758,0.49879,0.7054,0.7054,1.7984,3.1546,3.1938,4.1131,3.1938
15.259,17.297,17.887,18.197,18.249,18.465,17.856,17.563,16.605,16.605,15.534,15.233,14.861,15.188,15.366,15.89,15.534,16.882,17.083,16.882,18.249,18.346,18.046,18.932,18.039,17.368,17.115,15.534,13.062,11.741,10.305,11.471,12.028,12.242,11.683,11.741,12.712,12.648,13.104,12.583,13.594,14.058,13.594,13.321,12.851,13.062,12.463,12.197,12.583,12.017,11.845,11.601,11.303,11.788,11.471,11.788,12.978,12.55,11.218,9.927,5.9571,5.8415,4.817,3.3455,2.9556,2.3366,3.3455,4.2123,4.7312,4.4945,4.2123,3.6945,3.5049,3.1781,2.6641,1.1683,0.73889,1.045,0,1.4778,1.045,0,0.52248,0.73889,1.4778,1.8838,2.6641,3.5049,3.3455,4.2123
14.707,17.385,17.826,17.267,19.011,18.167,17.986,17.29,17.227,16.664,15.209,14.781,15.361,15.431,14.791,16.745,16.721,16.266,17.243,17.518,18.546,18.009,18.722,18.685,18.465,18.19,17.012,15.369,13.057,11.537,9.9369,11.678,12.024,12.024,12.326,12.193,12.326,12.293,12.899,12.707,13.182,13.428,12.899,13.559,12.973,13.223,13.315,12.632,11.91,11.165,12.024,11.678,11.299,11.274,11.466,12.114,12.931,12.556,11.561,10.406,5.1438,5.745,4.7005,2.6114,2.3357,2.0891,3.1336,4.2107,4.0791,4.9547,4.7294,3.693,3.8022,3.1769,1.8831,1.1678,1.1678,1.1678,0,0.73861,0.73861,0.73861,1.0445,0.52227,1.8831,1.8831,2.1534,3.3031,4.0791,3.693
14.838,17.755,18.27,18.455,18.455,17.817,18.09,16.316,16.939,15.85,14.948,15.901,14.948,15.219,14.4,16.777,16.809,16.08,17.508,17.84,18.653,17.961,18.857,18.12,18.499,18.359,17.717,15.029,13.06,11.46,10.57,11.46,12.051,12.625,12.839,11.777,12.319,12.108,12.571,13.582,12.924,13.662,14.625,13.928,13.781,12.571,12.186,12.017,12.55,12.539,12.571,11.531,11.903,11.59,11.73,12.22,12.913,12.924,11.73,9.625,4.8125,5.141,4.0769,4.0769,1.4764,2.811,3.1752,4.2084,4.8125,4.7268,4.4599,4.2084,3.691,3.0437,2.6616,1.566,1.566,0.52199,0.52199,0.73821,0.52199,0.52199,1.1672,0.52199,1.6507,1.8821,2.811,2.6616,3.691,3.5016
15.199,16.612,18.156,18.231,18.118,18.298,17.853,16.588,16.121,15.702,14.955,15.571,15.055,14.436,15.055,15.457,16.937,17.097,17.96,17.421,18.178,17.224,18.088,18.454,18.454,18.208,17.232,15.217,13.611,10.76,10.04,11.902,11.925,12.285,12.23,12.538,12.185,12.016,13.287,13.611,13.7,14.102,14.025,13.049,13.78,13.09,12.407,12.613,12.891,12.374,12.71,11.671,11.776,11.729,11.902,12.14,12.838,13.142,12.016,10.491,5.3228,4.3041,4.4595,3.3421,2.152,2.6614,3.1749,5.3738,4.8121,4.7264,4.2081,5.167,3.1317,3.0434,2.6614,1.4763,1.1671,0.73814,0.73814,1.1671,1.0439,0.73814,0,1.1671,1.8819,2.152,2.3342,3.6907,4.4595,3.975
13.049,15.376,15.986,15.877,15.777,15.986,15.324,14.956,14.596,13.44,12.477,12.75,13.607,12.455,13.41,13.529,14.514,14.021,15.167,15.298,15.505,15.471,16.002,16.907,16.011,15.376,15.009,12.885,11.662,9.5036,8.7619,10.308,10.836,11.126,11.444,10.423,10.872,10.921,11.525,11.776,11.582,11.988,12.635,12.294,12.131,11.315,11.257,11.304,10.152,10.625,11.03,10.36,10.205,9.8063,10.625,10.933,11.662,10.933,10.625,8.8223,4.8896,4.1232,3.9252,2.577,1.0308,2.1251,3.2597,3.6445,4.6099,4.2501,4.3734,4.6672,4.4036,2.7755,2.577,1.6299,0.72889,0.72889,0.51541,0.51541,1.1525,0.51541,1.0308,0.51541,1.0308,1.8583,2.577,3.4574,3.7166,4.1553
14.712,16.731,17.877,18.77,17.682,18.036,17.342,16.432,15.879,14.946,14.101,14.946,15.144,15.012,14.804,15.379,15.596,15.588,17.017,16.484,17.484,17.017,18.484,19.336,17.285,17.112,17.392,15.339,12.802,10.586,10.265,12.368,12.802,12.298,12.724,11.72,12.298,12.318,12.567,13.07,12.724,13.772,14.267,13.772,13.527,12.567,12.043,11.667,12.538,12.328,11.992,11.624,11.549,11.667,11.056,12.328,13.098,12.247,11.463,10.468,5.4772,4.4536,4.4536,3.1883,1.7953,2.053,4.0144,4.6974,4.9793,5.4998,4.9793,5.3859,4.0144,2.8167,2.053,1.7953,0.99586,1.1134,1.1134,1.5746,0.70418,0.49793,0.49793,1.4084,1.5746,1.4938,2.9034,3.3402,3.625,3.8889
14.815,16.706,17.405,16.971,17.946,17.355,17.008,17.044,16.139,15.567,14.451,14.164,14.269,15.391,14.485,15.455,16.564,16.015,16.654,16.713,18.247,17.695,17.554,18.111,18.001,18.001,16.942,14.957,12.467,11.374,10.09,11.665,12.124,12.377,11.969,12.337,11.969,12.377,12.704,13.417,13.71,13.61,14.068,13.555,13.08,13.683,12.576,12.134,12.307,12.487,11.98,12.165,11.504,10.929,12.001,12.377,12.457,12.165,10.929,9.8909,5.3668,4.5941,4.2865,2.2285,1.4094,3.031,3.1907,4.1091,5.3668,5.297,5.0078,4.9077,2.6834,3.031,2.5408,2.2285,1.5758,0,0.4983,1.1142,0.4983,0.4983,0,0.7047,1.1142,2.2285,3.1907,4.2574,4.0174,4.4569
13.013,14.528,15.476,15.883,16.304,15.329,15.476,15.172,14.335,13.145,13.013,12.255,13.145,13.043,13.415,13.873,13.921,13.854,14.445,14.952,15.502,16.19,16.699,16.627,16.474,15.883,15.329,12.89,11.529,9.7824,8.7649,10.44,10.839,11.87,10.766,10.839,10.925,10.839,10.766,12.025,11.757,12.299,12.255,12.47,11.448,12.168,11.022,11.154,10.629,10.876,10.44,9.6869,10.839,10.44,9.6869,10.629,11.632,10.937,10.427,9.5068,5.2579,4.0268,3.6457,2.5779,1.4583,2.3057,2.3057,3.3013,4.6688,4.8912,4.3748,4.1567,3.4586,2.3057,1.6304,1.859,0.51558,0.72914,0.51558,1.1529,1.1529,0.51558,0.72914,1.0312,1.6304,2.3057,2.5779,2.7765,4.1567,3.4586
14.684,16.973,17.805,17.624,17.462,18.019,17.462,16.915,16.672,15.351,14.455,14.96,15.222,14.421,14.785,15.567,16.052,15.607,16.679,16.236,17.93,17.964,18.426,19.496,18.339,17.791,17.581,14.951,14.074,10.985,10.348,11.437,12.14,12.58,12.678,12.282,12.028,12.302,12.551,12.967,13.015,13.933,13.826,13.081,12.785,13.241,13.015,12.312,12.472,12.282,12.746,11.361,11.789,11.82,11.041,12.59,13.39,12.282,11.609,10.537,4.9728,5.3789,3.6202,2.9837,2.4864,2.2239,3.7872,4.9976,4.5847,5.0713,4.7176,3.5163,3.5163,2.813,2.0503,1.793,0.49728,1.1119,1.4918,1.9891,1.1119,1.1119,0.70326,1.1119,1.793,1.5725,2.8996,3.9782,4.8976,3.5163
14.588,17.237,17.915,17.771,18.489,18.111,17.702,17.502,16.636,15.861,16.073,14.325,15.375,16.165,15.313,16.039,16.895,16.44,16.464,17.463,18.051,18.584,18.952,19.271,19.271,17.953,17.953,15.48,14.019,11.069,10.015,11.7,12.539,12.539,12.711,12.88,11.986,12.593,12.711,13.577,13.274,13.577,14.009,14.067,12.859,14.019,12.859,12.806,12.679,12.806,12.764,11.56,11.56,12.155,12.02,12.604,13.386,12.582,12.199,10.256,4.9118,4.2934,3.6816,3.1239,2.6033,2.8038,3.7904,4.2934,5.1542,5.3096,4.8002,4.4788,3.167,2.1467,1.1642,1.8772,0,1.1642,2.2089,1.6464,1.1642,1.0413,1.4726,1.4726,1.8772,2.1467,3.2929,3.7545,3.9652,4.4788
15.598,17.185,17.926,17.911,18.746,17.911,18.181,16.995,16.336,16.336,14.905,14.814,15.857,14.905,15.104,15.831,16.73,16.665,17.373,17.613,18.307,18.623,18.659,19.196,18.804,18.181,17.789,15.865,13.513,11.066,10.831,12.017,11.892,12.416,12.503,12.152,12.503,12.887,13.106,13.332,13.623,14.064,13.889,14.293,13.623,13.013,13.178,12.6,13.106,12.196,12.152,11.87,11.557,12.6,12.017,12.152,13.178,12.579,12.6,10.731,5.1529,4.4777,3.3329,2.9445,2.6026,3.0351,4.1965,4.4473,5.2311,5.3591,4.4473,4.1965,3.3329,2.8031,1.646,1.1639,0.73612,0.52052,1.1639,2.0821,1.8768,1.4722,1.8768,1.8768,1.5616,2.6026,2.6026,3.3329,4.1965,3.9641
15.02,17.015,18.48,18.399,18.857,18.85,17.609,18.48,16.333,15.595,15.525,14.356,15.69,15.446,15.862,15.621,16.457,16.661,17.494,17.236,18.177,17.907,18.85,19.885,18.244,17.907,18.303,15.172,13.57,11.174,10.051,12.014,12.853,13.176,12.282,12.249,12.37,12.8,13.268,12.885,14.137,14.29,14.156,14.012,13.66,13.778,12.8,12.8,13.176,11.798,12.149,11.878,11.878,12.587,12.149,11.969,13.983,12.071,12.414,10.421,4.0645,3.9633,3.1224,2.1457,2.602,3.1655,4.937,4.4767,5.23,6.2665,4.7979,5.629,3.7886,2.2079,3.1655,0.73596,0.73596,1.0408,0.73596,2.1457,1.6457,1.6457,1.5612,0.73596,1.5612,2.3273,1.8763,2.8025,4.0645,3.2913
15.298,17.692,18.39,18.168,18.754,18.645,18.434,17.446,17.109,15.648,15.36,15.404,15.084,15.12,15.012,16.023,16.333,16.935,17.173,17.669,18.47,18.624,18.47,18.205,18.754,18.056,18.168,15.368,13.004,11.204,9.9916,11.975,12.331,12.847,13.159,12.794,12.331,12.364,13.423,13.564,13.996,14.082,14.461,14.005,14.197,13.613,13.534,12.698,13.504,12.331,12.57,11.735,12.187,11.975,12.527,12.143,12.878,13.045,11.872,10.455,4.1935,4.7955,3.4892,2.6007,1.6448,3.3305,4.1935,5.1228,5.9305,5.7451,4.907,4.4441,3.7867,2.801,2.9424,1.1631,1.1631,0.73559,0.73559,1.8754,1.8754,2.0806,1.8754,1.4712,1.1631,1.6448,2.6007,2.1446,4.1935,3.1639
14.312,15.151,16.165,16.056,15.954,16.165,15.852,15.645,15.496,14.082,13.641,13.591,13.45,13.03,13.288,13.681,14.677,14.76,15.671,15.496,16.165,15.886,16.751,16.784,16.824,15.679,15.222,14.159,11.431,10.025,9.396,10.845,11.431,11.885,11.154,11.514,11.154,11.142,11.712,11.885,11.654,12.692,12.123,11.908,11.999,12.167,11.999,11.478,11.759,11.443,11.044,10.745,10.266,10.24,10.025,10.385,11.908,11.275,9.9027,9.5679,4.2979,4.202,3.1703,2.0848,2.3309,3.1703,4.4531,4.8052,5.366,5.3152,4.4835,4.2979,3.0391,3.2963,1.4742,1.6482,1.1654,0.73708,1.4742,2.0848,1.6482,2.0848,1.1654,0.73708,1.1654,1.6482,2.606,3.4963,3.6484,3.4963
14.679,17.328,17.328,17.194,17.708,17.792,18.245,17.701,17.02,16.327,14.689,14.927,14.484,15.682,14.909,15.854,17.02,16.294,17.36,17.754,18.43,18.312,18.664,18.715,18.686,17.937,17.273,15.88,12.906,11.046,9.959,11.887,13.074,12.683,12.554,12.522,12.532,13.032,13.643,14.075,13.643,14.113,13.29,14.679,13.987,13.683,13.772,13.032,12.822,12.875,12.391,11.714,11.229,11.91,11.714,12.035,12.726,12.035,11.91,9.959,4.7204,4.2027,3.1708,1.5638,2.658,3.4969,3.686,5.134,5.2128,6.3417,5.8281,5.5413,3.795,3.0396,2.2116,1.1656,0.52128,1.0426,1.1656,2.2116,1.5638,1.6484,1.1656,2.1493,1.1656,1.1656,2.8072,2.8072,3.4969,3.649
14.437,17.026,16.979,17.516,17.912,17.756,17.28,16.846,16.846,15.23,15.02,14.923,14.914,14.482,14.843,15.548,16.344,16.465,17.096,17.591,18.117,18,18.183,18.833,18.378,17.096,16.791,14.994,12.702,11.5,10.489,12.039,12.45,12.343,12.733,11.873,12.733,12.867,13.112,13.529,12.857,13.723,14.289,13.222,13.924,13.112,12.867,12.733,12.898,12.268,12.857,11.739,11.557,11.557,11.739,11.728,12.898,12.555,11.84,10.143,4.1463,4.1463,3.1283,2.0572,2.6224,3.6366,4.6571,5.2949,4.8518,6.1929,5.467,4.879,3.2526,2.7695,2.9093,1.15,0.72731,0.72731,1.8543,1.5429,1.6263,1.8543,1.8543,1.15,1.6263,1.8543,2.9093,2.7695,3.6366,3.9167
15.04,16.684,17.748,17.471,18.298,17.786,17.908,17.014,16.684,16.23,14.6,14.413,14.822,16.053,15.467,16.179,16.805,17.189,17.26,17.471,18.201,18.416,18.622,18.067,18.825,17.633,17.517,15.711,13.152,10.956,10.265,12.087,12.615,12.528,12.387,12.121,12.199,12.593,13.357,13.758,13.846,13.983,13.846,13.983,13.678,13.639,13.347,13.121,13.265,11.997,12.165,11.997,12.165,11.997,11.814,12.517,13.028,12.69,12.165,11.042,4.4827,3.9686,3.2958,2.3305,2.6055,3.7577,4.6609,5.7558,6.5294,6.5294,5.237,4.8044,3.7937,3.1698,3.1698,1.5633,1.0422,1.0422,2.0844,2.6055,1.6479,1.1652,1.0422,1.4739,0.52111,2.6571,2.2109,3.1698,3.9686,3.9686
15.173,17.237,18.743,19.263,18.066,18.4,17.61,17.702,16.63,16.075,15.412,14.157,15.648,14.72,15.128,16.159,16.334,17.048,17.61,17.885,18.215,18.066,18.944,18.685,18.858,17.923,17.817,15.931,13.166,11.461,10.538,11.695,12.501,12.705,12.875,12.705,12.071,12.705,13.052,13.248,13.021,14.061,14.803,13.571,12.705,13.621,12.534,12.501,12.194,12.759,13.135,11.868,12.371,11.637,12.371,12.588,13.531,12.759,12.15,10.37,4.2916,3.4912,4.1959,2.6022,2.6022,3.2915,5.2043,5.3582,5.8186,5.5323,6.3314,4.9098,4.4466,3.3324,2.1458,1.8765,1.8765,1.1637,2.0817,1.1637,1.5613,2.1458,1.5613,1.6458,1.1637,1.1637,2.3275,3.4912,3.7529,3.0346
15.093,16.774,17.6,17.196,18.623,18.093,18.382,17.692,17.6,16.522,15.465,14.894,15.368,16.132,15.517,17.235,16.934,17.753,17.654,17.715,18.389,18.271,17.791,18.167,18.854,18.47,17.164,16.065,13.127,11.407,10.005,12.176,12.187,11.974,12.407,12.363,12.698,12.751,13.127,13.771,13.732,14.282,14.149,13.682,13.127,14.005,13.849,13.003,13.261,12.666,13.261,11.884,11.688,11.168,12.176,12.363,12.846,12.494,11.688,10.416,4.6522,3.7866,2.6521,2.3261,2.2067,3.4891,4.6812,4.9344,6.2632,5.9304,6.2847,5.626,2.6521,2.6006,2.801,2.801,1.163,1.0403,2.1445,1.4711,1.6448,1.163,1.8753,1.8753,2.1445,2.3261,2.1445,3.2896,3.6779,4.2891
14.878,17.65,18.413,18.428,18.624,17.938,18.303,17.938,17.043,16.512,15.342,14.787,15.63,16.14,15.386,16.306,16.273,16.731,18.073,18.244,18.833,18.428,18.833,18.833,18.566,18.303,17.665,15.861,13.478,11.407,10.443,11.848,12.832,12.989,12.832,12.229,12.317,12.652,13.317,13.726,13.358,14.133,14.585,13.98,12.832,13.805,12.779,12.737,12.684,13.03,12.864,12.513,11.676,11.995,12.085,11.995,13.113,13.03,12.174,9.9261,4.2844,4.1888,2.7979,1.643,2.0782,4.1888,4.9015,4.7901,5.9238,5.8088,5.5958,5.117,4.4694,2.5978,2.5978,2.3235,1.1618,1.643,1.4695,1.643,1.4695,1.4695,0.73476,0.51955,1.1618,2.2043,2.6492,3.3268,4.4086,4.4391
15.482,17.373,18.078,18.055,18.713,18.595,17.833,17.069,16.329,16.312,15.737,15.57,15.763,14.903,15.022,16.421,16.908,16.662,17.826,17.577,18.536,17.741,18.312,19.228,18.618,18.551,17.933,15.772,13.722,11.451,10.18,12.626,12.67,13.138,12.34,12.374,12.853,12.506,13.479,13.851,14.624,14.567,14.117,14.567,13.762,13.792,13.367,13.641,13.367,12.07,12.284,12.161,11.641,12.853,11.342,12.756,13.346,12.853,12.462,11.122,4.0948,3.9928,3.0571,2.3447,2.3447,3.7807,4.9461,6.3132,6.5692,6.1141,5.269,4.9461,4.8337,2.6214,3.3159,1.4829,1.1723,1.1723,0.52428,2.2243,1.6579,1.1723,1.0486,1.0486,1.0486,1.8903,3.3159,3.7072,4.2269,3.1891
14.783,17.004,18.468,18.053,18.787,18.931,18.269,17.059,17.288,16.197,15.118,14.783,15.515,15.585,15.082,16.197,16.247,16.932,17.751,17.789,18.195,18.585,18.387,19.431,18.321,18.838,17.381,15.953,13.259,12.007,10.004,11.629,12.579,12.876,12.492,12.876,12.492,12.918,13.167,13.033,14.309,13.73,14.205,13.651,13.651,13.502,13.74,12.664,13.157,12.845,12.579,12.141,12.007,12.59,12.362,12.406,13.095,12.525,12.241,10.671,4.6516,4.1929,3.3301,2.2065,2.6003,3.7503,4.4738,4.9338,5.6013,6.065,5.7443,5.2007,4.7948,3.7503,2.6518,2.1443,1.8751,1.1629,0.73549,1.1629,1.471,0.73549,0.73549,0.73549,1.471,1.6446,1.6446,3.9607,5.2266,5.1221
14.896,17.292,17.672,18.17,18.451,17.938,17.938,17.04,15.821,15.881,15.149,15.361,15.166,15.649,15.449,16.16,16.937,16.679,17.292,18.237,18.451,18.735,18.028,18.907,18.326,17.487,18.058,15.856,13.525,11.254,10.724,11.632,12.593,12.365,13.047,12.571,12.332,12.668,13.495,14.51,14.007,14.388,14.723,14.284,14.575,13.773,13.565,13.005,12.795,12.668,12.848,12.1,11.862,11.69,12.365,12.582,13.334,12.869,12.144,10.22,4.194,3.9618,2.8014,2.3264,2.601,3.7513,4.2897,5.3051,6.9986,6.4346,6.4346,4.7961,4.7107,2.9427,2.6525,1.645,1.8756,1.0404,2.1449,0.5202,1.0404,0.73568,1.645,1.8756,1.1632,1.8756,3.2901,3.7513,4.9076,4.9351
15.12,17.791,17.935,18.933,17.692,18.389,18.204,16.934,16.132,16.332,14.894,14.656,15.586,15.647,15.604,16.149,16.065,16.62,18.167,18.145,18.093,18.847,18.674,18.609,18.753,18.093,17.791,15.12,13.261,10.416,10.532,12.363,12.867,13.322,13.045,12.526,12.655,12.407,13.003,13.523,13.493,14.005,14.876,14.13,13.493,14.206,12.846,12.407,13.096,12.878,13.014,11.861,12.008,11.884,12.098,12.666,13.82,13.127,12.483,10.245,4.6522,4.0623,2.9423,2.6006,2.3261,2.801,4.4743,5.8152,6.2847,5.6019,6.3276,6.2632,4.7953,3.6779,1.8753,2.3261,1.163,1.6448,1.163,0.52013,1.163,1.163,0.73557,1.8753,1.163,2.1445,3.6779,3.4891,4.7953,4.1934
14.874,18.066,18.202,18.005,18.344,17.899,17.86,17.165,17.551,16.547,15.319,15.915,15.698,15.611,15.915,16.247,17.085,16.753,17.331,17.26,17.86,18.91,18.961,18.374,18.699,17.899,17.339,15.211,13.933,11.476,11.1,12.438,12.945,13.082,13.092,13.32,12.047,12.602,13.645,14.548,14.283,14.548,14.984,14.09,14.235,14.283,14.138,12.569,12.58,13.124,13.082,11.806,12.482,12.081,12.405,12.438,13.933,13.082,11.944,11.001,4.2187,4.4401,3.7734,2.2201,2.8179,4.2187,4.5013,5.7797,6.6189,6.3873,5.7797,5.4631,3.9851,3.3095,3.1829,1.1701,1.1701,1.1701,1.5698,1.8867,2.1575,1.6547,1.8867,1.1701,1.8867,2.6682,3.0512,4.1862,4.0869,3.6629
14.727,17.812,17.874,18.192,18.132,17.973,17.408,18.267,17.131,17.203,15.733,15.523,15.39,15.167,15.932,16.882,17.131,17.027,17.889,17.266,18.49,18.312,18.864,18.835,18.864,18.49,17.542,15.444,13.608,11.937,10.473,12.04,13.116,13.231,13.638,13.075,12.639,12.864,13.578,14.227,14.159,14.465,14.653,14.541,15.085,14.275,13.728,13.638,13.395,12.938,13.334,12.164,12.431,11.518,12.552,13.313,13.116,13.2,12.164,10.046,3.8074,3.8074,2.6667,2.6667,2.3389,4.2165,5.1508,5.3845,7.3218,6.3839,5.963,5.4601,4.4989,3.5083,2.6667,1.6538,1.1694,1.8857,2.1563,2.6149,2.1563,2.0919,2.2188,2.0919,2.1563,2.6149,3.1812,3.0495,3.8074,4.4377
14.859,17.46,18.344,18.88,17.87,18.814,18.105,17.762,17.366,16.195,15.889,15.374,15.681,15.585,15.231,15.992,16.271,17.009,17.248,18.105,18.292,18.105,18.836,19.337,19.266,18.727,18.705,15.681,14.018,11.021,10.983,12.33,13.319,13.563,13.061,13.102,12.754,12.924,13.35,14.067,13.792,14.553,15.042,15.427,14.192,14.449,13.673,13.482,13.431,13.092,12.903,12.23,12.385,12.296,12.462,12.56,13.792,13.553,12.549,10.757,3.8033,4.2119,3.0462,2.6121,3.5045,3.6941,4.9285,5.9105,6.462,6.3125,5.8409,6.2908,4.9285,3.3041,2.6638,1.8836,2.3363,2.154,1.8836,2.6638,2.6121,1.8836,1.652,2.2165,2.154,2.3363,4.2119,3.9787,4.2119,4.494
14.353,17.249,17.571,17.376,18.847,17.772,17.376,18.54,18.473,17.524,15.803,15.302,14.858,16.413,16.505,16.669,17.78,17.407,16.93,17.257,18.024,18.481,17.749,18.024,18.767,19.027,17.257,15.515,12.857,11.92,10.041,12.589,12.643,12.425,12.91,13.59,12.643,13.234,15.195,15.168,15.266,14.457,13.81,14.757,14.636,15.195,14.784,13.81,13.59,12.729,13.193,12.589,12.567,12.203,13.193,13.224,13.357,13.078,11.92,11.174,3.347,3.7693,3.0479,2.3376,2.6136,5.2271,5.2532,5.8441,7.5386,7.3922,6.2943,4.7333,4.4965,3.8054,3.3059,2.9569,1.8847,2.6653,3.0479,2.1552,2.8149,2.3376,2.1552,1.653,2.6136,1.653,3.0479,3.659,3.7693,4.2142
13.981,15.936,16.07,16.456,16.568,16.281,16.061,15.601,15.109,14.774,13.899,13.619,13.981,14.223,13.785,15.042,15.936,16.034,15.882,16.034,17.001,16.568,16.637,16.594,16.892,16.22,15.936,14.373,12.181,10.205,9.8497,11.154,11.667,11.861,12.298,11.715,11.764,11.764,12.39,12.742,12.332,12.92,13.008,12.909,12.47,12.865,12.47,11.944,11.727,12.332,11.944,11.012,11.154,10.372,11.332,11.115,11.154,11.154,11.012,9.1279,3.5833,2.6709,3.1147,1.926,2.8766,4.0681,5.3417,5.4475,6.5204,6.4544,5.5769,5.778,4.2734,3.1147,2.3889,1.6892,1.0683,1.5109,2.7238,2.2663,2.2024,2.8766,2.3889,1.6892,2.2663,2.2024,2.3889,3.3784,4.172,3.5833
15.372,17.318,18.352,18.611,17.801,18.412,18.045,17.77,16.7,16.61,15.539,14.966,15.22,16.676,15.896,16.831,16.798,16.831,17.318,17.755,18.3,18.478,18.322,19.57,18.352,18.523,17.755,15.723,13.749,11.258,11.087,12.302,13.222,13.386,14.111,13.719,12.587,12.982,14.198,14.418,14.671,14.456,15.193,14.121,14.218,14.265,13.222,12.855,12.727,14.073,13.589,12.423,12.855,12.423,12.855,12.63,13.437,13.304,12.423,10.348,4.2137,3.3466,2.2174,2.3373,3.6957,4.6747,5.5558,5.9591,7.2796,7.1088,7.3913,5.9591,5.1475,3.506,2.665,3.0475,2.2174,2.0906,3.506,2.3373,3.0475,2.6132,2.6132,2.1549,2.1549,2.1549,2.6132,3.3466,4.8186,3.7689
15.58,17.191,17.678,17.136,18.055,17.655,17.739,17.448,17.254,16.487,15.614,15.133,14.616,16.149,15.812,15.922,16.487,17.12,17.277,17.837,18.714,18.018,19.148,19.141,18.57,18.344,17.837,15.484,13.976,11.767,10.51,12.381,12.986,13.395,13.475,13.713,13.141,13.294,13.585,13.624,14.533,14.699,14.053,14.845,14.872,14.252,14.431,13.535,13.233,12.5,12.671,12.337,11.847,12.543,12.337,12.073,12.767,12.724,12.479,10.7,4.7853,3.0265,2.6466,2.1401,3.6702,5.2932,5.8723,6.4202,6.9249,6.983,6.7475,5.1904,4.6714,4.1846,3.1572,2.1401,1.8714,2.3212,2.6466,2.9361,2.6466,2.2021,1.6414,1.6414,2.3212,2.1401,2.5952,3.2827,4.0538,3.7787
15.488,17.751,18.155,18.245,18.549,17.789,18.364,17.542,16.882,16.422,15.203,15.203,15.602,15.932,14.811,15.768,16.111,16.38,17.58,17.782,18.267,18.857,19.526,19.88,19.18,18.49,18.711,15.39,13.688,11.926,10.995,12.254,13.578,14.033,13.231,13.334,13.334,13.395,14.13,13.395,14.465,14.275,14.284,14.227,13.395,13.578,13.807,12.864,13.847,12.949,13.168,12.475,12.917,12.736,11.753,12.31,13.2,13.075,12.573,10.577,4.3127,4.2165,2.3389,2.1563,3.1812,4.8217,5.5594,6.6153,7.488,6.553,5.963,5.2299,4.8217,3.0495,2.2188,2.6149,2.8164,2.8164,3.0495,3.1379,3.5083,2.6667,2.6149,2.6149,2.0919,2.1563,3.7713,3.9829,3.8074,4.3127
15.528,17.455,19.061,18.22,18.458,18.009,17.986,17.673,16.843,16.199,15.712,16.131,15.467,15.528,15.712,16.391,16.123,17.227,18.546,17.432,18.7,19.061,19.853,19.771,19.154,18.458,18.032,16.266,13.057,11.079,10.652,12.931,13.828,13.549,13.579,13.387,13.213,13.088,13.428,13.478,14.14,14.791,14.633,14.846,14.014,14.445,13.478,13.619,14.053,13.099,12.75,12.293,12.381,12.621,12.226,12.846,13.788,12.92,12.193,10.575,4.2107,3.3032,2.8125,2.1534,3.693,4.7294,5.2228,6.7896,6.968,6.6475,5.7687,5.1438,4.2107,3.5035,3.1769,1.5668,2.3357,1.8831,2.3357,3.7662,3.1337,2.6631,2.6631,1.6516,2.3357,2.1534,3.5035,3.9775,4.0791,3.8022
15.17,18.093,19.139,18.332,18.823,18.017,18.531,17.496,16.11,16.345,15.41,15.966,16.502,15.454,15.489,16.345,16.118,16.845,17.542,17.496,18.974,17.934,19.54,19.892,19.202,18.996,18.495,15.498,14.434,11.445,11.008,12.138,13.608,13.088,13.698,12.568,12.963,13.088,13.305,13.568,13.658,14.1,15.134,14.621,14.358,14.051,13.376,13.078,13.548,12.74,13.305,12.448,12.622,12.963,12.048,13.046,14.196,13.202,12.568,10.897,4.4587,4.2073,3.1743,2.8103,2.6093,4.4587,5.7404,6.37,7.0014,6.8639,5.95,5.95,4.6676,3.9743,3.3415,1.6502,2.6609,2.3338,3.0429,3.3005,3.1743,3.1743,2.1517,2.6609,1.476,2.3338,3.3005,3.9743,3.7631,4.6676
15.969,18.119,18.652,18.819,18.096,18.021,18.535,17.608,17.232,16.849,15.422,15.422,15.199,15.351,15.849,16.34,16.381,16.506,17.746,17.723,18.688,18.021,19.544,19.369,19.376,17.975,18.021,16.239,14.199,11.447,10.961,12.318,12.891,13.701,13.79,13.551,12.838,13.571,13.379,14.332,13.819,14.512,14.624,14.025,13.09,14.199,13.611,13.142,13.307,13.581,13.049,12.285,12.374,12.407,12.71,13.08,13.571,13.049,12.185,10.569,4.3041,3.6537,2.6614,2.6098,4.4596,4.7265,6.0869,6.54,6.8054,7.4183,6.9637,6.3712,4.2081,3.3421,2.6614,2.6098,1.8819,3.0435,3.3011,3.6908,2.6614,2.6098,2.3342,2.3342,1.8819,2.6614,3.0435,3.7638,4.49,4.4596
15.629,17.524,19.127,17.961,18.963,18.891,17.946,17.855,17.717,17.282,15.965,16.302,16.201,15.187,15.348,15.965,16.819,17.368,17.855,18.164,18.284,18.254,19.034,19.409,18.905,18.104,17.337,15.956,13.916,11.893,10.89,12.56,13.297,13.08,13.327,13.297,13.53,12.7,14.235,15.016,13.994,15.339,15.205,14.724,14.64,14.014,14.687,13.769,13.72,13.6,13.54,12.614,12.041,11.916,12.881,12.364,13.409,13.297,12.786,11.438,3.7969,3.2985,2.6593,1.6492,3.1292,5.2414,5.831,6.6789,7.3757,6.78,5.831,5.2414,4.4254,3.7969,3.1292,1.8804,2.3324,2.1504,2.9503,2.1504,2.9503,2.6593,1.8804,1.4751,2.1504,2.2127,3.2985,3.4986,4.3007,4.0733
16.115,17.808,18.379,18.148,18.02,19.134,18.32,17.746,17.343,16.671,16.115,15.868,15.902,15.73,15.193,16.207,16.383,17.034,17.249,18.081,18.327,18.505,18.898,19.198,19.304,19.311,18.148,15.345,12.917,11.549,10.856,12.522,13.605,13.695,13.565,13.565,13.332,13.414,13.464,14.125,14.038,14.646,14.83,15.058,14.326,13.695,13.565,13.363,13.414,13.075,13.085,12.705,12.737,12.565,12.565,13.054,14.038,13.814,12.401,11.006,4.0748,3.4999,2.6086,2.6086,3.7622,4.8101,6.2825,6.7825,7.2481,7.3042,5.9486,6.2825,4.8101,5.3206,3.9734,1.8811,2.8096,2.1511,2.9513,3.1736,2.6086,2.1511,2.3332,1.4757,1.1666,2.0869,2.9513,3.2997,4.8101,5.2173
15.568,17.658,18.016,18.449,18.383,18.257,17.849,18.204,17.346,16.576,15.347,15.052,15.871,15.241,16.502,16.377,16.674,16.861,17.75,17.658,18.227,18.227,18.706,19.615,18.449,18.464,18.114,15.698,14.022,10.896,10.566,13.087,13.727,13.658,13.139,13.467,13.139,13.697,13.658,14.041,14.611,15.515,15.142,14.833,13.787,15.347,13.608,13.816,14.195,13.087,12.92,12.524,12.567,13.139,12.632,13.087,13.658,13.816,12.404,11.07,3.9741,4.0756,2.3337,2.1515,3.131,5.1394,5.5471,6.6007,6.8636,7.4166,6.2619,6.8038,4.811,3.3413,3.1742,2.6091,2.6091,2.1515,2.6091,3.3003,3.5005,1.8815,2.3337,1.476,2.3337,1.6502,2.6091,3.6899,4.6674,4.1746
14.703,17.504,17.736,18.304,18.274,18.124,17.966,17.426,17.543,16.219,15.879,15.285,15.418,16.194,15.672,16.716,16.395,16.838,17.667,18.034,18.919,18.003,18.919,19.318,19.403,18.46,17.874,15.914,13.705,11.837,10.764,12.8,14.049,13.665,13.784,13.735,13.665,13.585,14.107,14.058,14.712,14.544,14.703,13.794,14.251,14.251,13.705,13.383,12.895,13.146,13.665,12.574,12.178,12.552,13.095,13.575,13.784,13.423,12.552,10.902,3.765,3.5024,1.8825,2.2151,3.5024,4.6699,5.8374,7.0243,7.2722,7.4755,6.3732,6.3518,4.9256,3.1759,2.6106,2.6106,1.8825,2.6106,2.335,2.6106,2.6106,2.8117,2.0885,1.8825,1.1675,2.6623,2.335,3.9763,4.0778,4.4609
15.412,17.222,18.324,18.966,18.22,18.145,18.902,17.597,16.927,16.838,16.57,15.692,16.179,15.404,14.689,16.069,16.578,15.925,17.206,17.736,18.851,18.25,19.237,20.135,18.786,18.575,18.317,14.937,13.692,11.151,11.393,12.627,13.652,14.238,14.531,13.562,14.045,13.082,13.37,14.045,13.919,14.324,15.865,14.19,14.689,13.781,13.37,12.883,13.299,13.919,14.19,12.692,12.915,12.519,13.299,13.041,14.094,13.041,13.041,10.393,3.7975,3.2991,1.6495,1.0433,3.7975,4.7236,6.1056,7.2468,7.3029,7.8245,6.1056,5.9475,5.1375,3.9726,3.1298,1.8808,2.2131,3.2991,2.6082,2.1507,2.3328,2.8091,2.6598,1.8808,1.8808,2.1507,3.6885,3.2991,5.3196,4.7236
15.52,17.839,17.938,18.514,18.864,19.193,18.21,17.855,17.375,16.391,16.215,14.847,15.493,16.207,15.361,16.507,16.995,16.654,17.724,17.547,18.741,18.675,18.921,19.649,19.25,18.907,17.755,15.245,13.82,11.495,10.862,12.614,13.091,13.369,13.928,13.781,13.701,14.257,14.055,14.006,14.055,14.257,14.541,14.055,13.582,14.026,13.582,13.662,13.06,12.966,13.091,12.966,12.571,12.571,12.051,13.308,13.731,13.091,12.636,10.761,3.7641,3.691,2.6099,2.0879,2.1522,4.3044,6.0873,6.8058,7.8471,7.0997,6.0873,6.3071,4.4903,3.6539,3.1751,1.882,2.1522,3.1751,2.6099,2.6099,2.3344,2.0879,2.9528,1.5659,2.6099,1.882,2.6099,4.4598,4.4903,3.9753
15.764,17.737,18.369,19.23,18.612,18.243,18.634,17.528,16.173,16.106,15.556,15.041,15.859,15.504,15.202,15.687,16.106,16.832,18.243,18.003,18.801,18.48,19.237,20.283,18.495,18.692,17.729,16.198,13.527,11,11.66,12.612,14.117,14.089,14.318,13.884,13.806,13.766,13.13,14.385,14.089,14.385,15.782,14.498,13.527,14.233,13.457,13.078,13.647,13.647,14.089,12.687,13.067,13.192,13.078,12.698,13.884,13.567,12.438,10.481,3.4979,3.0405,1.8801,2.6072,4.204,5.3177,6.6777,7.7518,6.9569,6.6777,6.2573,5.543,4.693,2.6072,1.8801,2.6072,1.8801,2.2123,3.1286,2.6072,2.6588,3.9712,2.808,3.1718,2.6072,2.6588,3.3388,4.204,4.0726,4.7218
13.871,15.966,16.904,16.523,16.498,16.702,16.795,15.966,16.002,15.716,14.817,14.322,13.634,14.043,13.921,15.063,15.435,15.425,15.435,15.797,15.993,16.282,17.318,17.609,16.896,16.566,16.081,14.273,12.777,10.491,10.218,11.81,11.953,12.688,12.777,12.81,12.777,12.876,12.865,13.212,13.393,13.298,13.921,13.298,13.159,13.137,13.04,12.406,12.129,12.141,12.643,11.221,11.617,10.953,11.617,11.81,12.234,11.81,11.421,9.5891,2.6595,2.2567,1.9178,1.682,3.7234,4.5446,5.7535,7.2348,6.9148,6.4928,6.3829,5.3191,5.4244,3.0089,3.7234,2.8644,1.682,2.8644,4.2884,3.2355,3.1015,3.2355,2.6595,3.5682,2.8644,2.8644,4.0509,4.0509,4.1543,3.8724
15.935,17.707,17.768,18.13,18.309,19.141,19.091,17.676,18.048,17.561,15.892,15.159,15.832,15.024,15.695,16.213,17.249,16.996,17.768,17.336,18.92,18.639,18.689,19.324,19.324,18.805,17.398,16.146,13.056,11.429,10.981,13.505,13.545,14.473,14.017,14.436,13.832,13.743,13.832,14.668,15.159,15.177,15.31,14.464,14.659,15.204,14.142,14.161,13.783,13.861,12.762,12.857,13.014,12.804,12.374,12.857,13.575,13.743,12.374,11.067,3.9645,3.2923,1.5617,2.1463,3.2923,5.3087,6.6664,8.1481,7.8775,7.8084,7.0804,6.5226,5.1269,3.3332,3.1664,2.1463,2.2086,3.1234,3.6809,4.1969,3.9645,3.1664,3.492,3.2923,2.6543,3.7538,3.9645,3.9645,4.911,5.1269
13.732,15.658,16.322,16.826,17.035,16.969,17.233,16.086,15.874,15.059,13.997,14.474,14.406,13.545,13.639,14.822,14.822,15.32,15.513,16.007,16.426,17.615,17.002,17.429,17.102,16.287,16.322,14.198,12.134,9.7097,10.166,12.004,12.456,12.558,12.814,12.792,12.77,12.792,12.238,13.217,12.814,13.217,13.926,13.217,13.334,12.648,12.692,12.524,12.134,12.342,12.814,11.718,11.287,11.187,12.063,11.706,12.467,11.275,10.969,9.4286,3.01,1.9185,1.5963,2.1284,3.7624,5.2405,5.7554,6.9985,7.1387,6.9172,6.9376,4.9056,4.2898,4.1557,3.5694,2.1284,2.8654,2.8654,3.7624,3.407,3.7624,2.6604,2.6604,3.01,3.3652,3.1026,3.3652,3.8369,4.2898,4.2898
15.426,17.742,18.195,18.082,18.476,18.76,18.417,18.239,17.41,16.677,16.579,16.157,15.54,15.766,15.54,15.748,16.357,17.41,17.901,18.476,18.299,18.232,18.417,19.938,19.938,17.464,18.142,16.357,13.352,11.136,11.46,13.023,13.752,13.792,14.074,14.074,13.752,13.703,14.074,14.408,14.473,15.034,15.142,14.825,15.636,14.016,14.074,14.016,13.634,13.147,13.524,13.054,12.866,13.064,12.588,13.064,13.524,13.342,12.674,10.418,3.6464,3.1686,1.1648,2.6046,4.0684,4.9418,6.5891,7.3668,8.0867,7.9343,7.2367,5.7536,5.2091,2.6561,3.6834,2.6046,2.9467,3.1686,3.4944,2.8052,3.4944,3.9671,4.1997,3.2945,3.2945,3.0374,3.6834,4.0684,4.6592,4.481
16.215,17.462,18.34,17.732,18.807,18.407,18.641,17.563,17.054,17.377,16.348,15.653,16.215,16.273,15.662,16.173,16.038,16.348,17.377,17.338,18.807,18.466,19.845,19.791,19.319,18.466,18.641,15.653,14.21,11.466,11.746,13.057,13.863,14.587,14.362,14.095,14.009,14.066,13.989,14.725,14.475,14.808,14.917,15.026,13.626,14.744,14.066,13.626,13.626,13.576,13.666,12.806,12.581,13.171,12.342,12.678,14.018,13.14,12.538,10.833,3.7543,2.6547,1.8771,2.3283,4.4176,5.8207,6.3337,8.2318,7.7396,7.2514,6.355,5.8207,5.1539,4.165,2.6547,3.4924,2.2088,3.6444,3.7543,4.1974,4.1974,3.965,3.7902,3.3336,3.2927,3.3336,4.1974,4.7999,3.7902,4.0662
15.868,17.626,17.78,17.503,18.615,17.939,18.781,17.939,17.802,17.253,16.047,15.214,15.636,15.877,16.089,17.063,16.047,16.742,17.347,18.239,18.082,18.818,19.21,18.76,19.553,18.082,17.718,15.748,13.033,12.149,11.377,13.342,14.304,13.87,13.523,14.218,13.899,13.752,14.151,14.37,15.115,15.54,14.304,15.461,14.807,14.622,14.733,14.669,14.304,13.523,13.544,12.813,12.026,12.294,12.161,12.61,13.281,13.513,12.599,10.988,3.1254,2.3296,2.1477,3.0374,3.7922,5.7536,6.63,6.9497,8.2362,8.1368,6.7718,6.63,4.1997,3.3354,3.3354,2.0836,3.1685,3.0374,3.6833,4.4506,4.2955,3.9671,3.4943,3.1685,3.7563,3.6833,3.9671,4.2955,4.8025,4.4506
15.316,17.935,18.755,18.227,18.82,18.19,17.935,18.286,17.706,16.963,15.839,14.702,16.152,15.839,15.761,15.941,16.955,16.468,16.955,17.919,18.588,17.919,19.444,19.899,19.381,18.22,17.706,15.623,13.759,11.457,11.645,12.862,14.07,14.479,14.665,13.749,13.67,13.308,13.52,14.022,14.812,14.894,14.812,15.21,14.665,14.922,13.837,14.022,13.974,13.348,13.051,12.883,12.862,13.185,12.607,13.277,14.674,13.51,12.542,11.181,3.0366,2.329,2.8044,2.8044,3.6824,5.8224,7.7418,7.6891,7.3648,7.0063,7.3648,6.79,4.8013,3.7553,3.9661,2.329,2.6039,3.2937,3.7913,4.4799,4.2944,3.9661,3.2937,3.7553,3.1677,2.6039,3.6824,4.4189,4.6869,4.4799
13.354,14.994,16.913,16.194,16.54,16.634,16.643,16.097,15.831,15.478,14.148,14.543,14.337,14.533,14.947,14.688,14.909,15.06,16.009,15.884,16.643,16.988,16.677,17.514,16.838,16.54,15.478,14.337,11.906,9.8179,9.0516,11.714,11.906,12.419,12.823,12.43,12.246,12.43,12.258,12.476,13.354,12.999,13.407,13.637,12.656,13.741,13.053,13.151,13.053,11.519,11.906,11.395,11.382,11.08,11.295,11.678,12.878,12.384,11.395,10.004,2.3812,2.3812,1.9198,2.1953,3.8763,5.244,6.4994,7.0033,6.735,6.4994,6.9423,5.244,4.7624,2.8673,2.715,2.3812,2.259,2.715,2.3812,4.055,3.5718,3.2388,3.8395,2.1298,3.1047,3.5718,3.4093,3.5718,4.518,4.2927
15.184,17.382,18.056,17.623,18.957,18.778,18.698,17.92,18.413,17.499,15.839,15.022,15.166,16.153,16.22,16.674,16.203,16.698,17.312,17.829,18.545,18.864,18.785,19.333,19.071,18.957,17.684,16.22,13.67,12.158,11.434,12.542,13.581,14.023,13.67,13.759,13.838,14.224,13.838,14.508,14.442,14.995,14.023,15.031,14.071,14.404,14.301,13.897,14.215,13.349,13.67,13.051,12.023,13.581,13.278,13.051,14.023,14.023,12.894,10.875,3.0367,2.3291,2.1473,2.6555,3.7914,5.938,7.2538,7.5829,7.7422,7.4567,7.2351,5.8227,5.3619,4.1988,2.2095,1.8778,2.604,2.8046,3.7555,3.7555,3.9663,2.6555,3.7555,3.6456,3.0367,2.6555,4.0675,4.1664,5.208,4.8015
14.033,15.777,15.955,17.436,17.306,17.142,16.504,16.418,15.857,15.203,14.391,14.302,14.073,14.769,14.702,14.893,15.451,15.741,16.227,16.648,17.117,16.486,17.175,17.175,17.355,16.784,15.804,13.983,12.363,10.684,9.419,11.706,12.272,12.679,11.992,12.237,12.329,12.409,12.226,12.977,13.15,13.789,13.331,13.625,13.416,12.933,12.856,12.635,12.272,12.121,11.742,11.658,11.213,11.499,11.474,12.133,12.511,12.051,11.213,10.321,3.1893,2.3771,1.6809,2.1916,2.8625,4.9006,6.7655,6.9914,6.9101,7.1314,6.2216,6.1988,5.0427,3.0994,3.4035,1.1886,2.3771,2.3771,2.6577,2.7104,3.0994,3.7586,3.4035,4.0481,2.8625,3.4035,3.2333,3.833,4.2854,4.1515
14.296,15.85,16.479,16.876,16.64,17.134,17.661,16.674,16.159,15.553,15.046,15.027,14.256,14.036,14.067,15.223,15.214,15.214,15.939,15.948,16.683,16.683,17.346,17.978,16.876,16.885,16.683,13.813,12.231,10.22,10.024,11.761,12.266,12.127,12.629,12.357,12.85,12.403,12.403,12.323,13.122,13.618,12.773,13.282,12.773,12.437,12.673,12.762,12.539,11.604,11.761,11.37,11.157,11.797,11.469,11.88,12.938,12.392,11.208,9.5779,2.8611,1.5027,1.6801,2.1906,3.7568,5.3129,5.94,6.657,7.128,7.4,5.94,4.8982,3.564,3.564,3.2317,1.5939,1.9156,2.2541,3.0979,3.564,3.0979,3.2317,2.6564,2.1906,2.1906,3.0054,3.2317,4.1495,4.811,4.5393
15.63,18.147,18.369,18.302,19.026,18.653,18.302,18.544,17.877,17.695,16.915,16.827,16.047,15.827,15.595,16.634,16.405,17.208,17.945,18.072,18.624,18.653,18.733,19.667,18.624,17.945,17.915,15.836,13.667,11.119,10.698,12.641,13.246,14.114,13.834,14.266,13.246,14.037,14.037,14.266,14.407,15.63,14.959,14.704,15.289,14.64,14.19,14.631,14.133,13.518,13.246,12.641,13.02,12.779,12.652,13.478,14.295,13.805,12.989,11.155,3.3267,2.7978,1.8733,2.6492,3.3267,5.9237,7.2737,6.7741,8.2148,7.2364,6.9704,6.3206,4.9014,3.6737,2.6492,2.0782,2.2042,2.5977,2.1421,4.0578,3.1603,3.3267,2.7978,3.1603,3.0295,3.1173,3.7465,4.9289,4.4693,5.1169
15.636,17.909,18.467,18.75,19.576,18.901,19.044,17.443,17.75,16.421,16.247,16.13,16.197,15.679,15.645,16.593,17.035,16.747,18.268,17.666,18.75,18.112,19.305,18.93,18.794,18.164,18.32,16.13,14.194,10.933,11.117,12.844,13.73,14.041,14.346,13.611,13.993,14.051,13.974,14.194,14.459,14.792,15.876,15.144,14.598,14.384,14.051,13.993,13.68,14.003,13.501,13.259,12.844,13.33,12.844,13.501,14.204,13.125,13.531,11.25,3.786,3.1633,1.1629,2.1442,3.6773,5.601,6.2622,7.8007,7.9211,8.2226,6.6598,6.2405,5.1482,3.4886,2.8005,1.4709,2.2064,2.8005,2.6002,3.1633,3.7501,3.4886,3.289,3.0323,3.6773,2.9418,4.1927,4.1927,5.2264,4.7946
15.837,17.466,17.986,17.956,19.005,18.955,18.695,17.057,17.811,17.504,16.541,15.931,16.268,15.656,15.315,16.467,16.736,16.573,17.735,17.192,18.314,17.956,19.104,18.933,18.695,18.542,18.233,16.041,14.021,11.806,11.144,12.882,13.836,14.468,14.402,13.579,13.836,13.836,13.757,14.213,14.802,14.58,15.315,15.421,14.664,14.402,14.617,13.865,13.519,13.173,13.865,13.111,12.893,13.184,12.861,13.388,14.299,12.595,12.605,11.241,3.3343,1.8775,1.1644,2.147,3.6821,5.2072,6.7694,8.7289,7.4009,7.3087,7.51,6.441,4.4794,3.6451,2.8042,2.3287,1.8775,3.0363,2.8042,3.0363,4.1982,3.0363,3.1674,3.9657,3.4931,3.1674,4.067,4.7154,5.5354,4.8008
13.433,15.435,16.187,16.661,16.805,17.04,16.805,17.04,16.108,15.544,14.202,13.569,13.838,14.478,14.051,14.091,14.912,14.845,15.976,16.161,16.213,16.213,16.906,17.843,17.271,16.533,15.878,13.97,12.425,10.605,9.8138,11.817,12.379,12.617,12.527,12.696,12.796,12.379,12.961,12.459,13.338,13.167,13.433,14.001,13.338,13.306,12.651,12.16,12.287,11.817,11.721,12.043,11.189,11.39,11.901,11.817,12.818,12.425,11.781,10.168,2.6611,2.1944,0.75268,2.1944,3.2374,4.7604,5.9505,5.9505,6.8158,6.5833,6.4309,6.4309,4.0533,2.8661,3.1034,1.683,1.683,2.7138,2.6611,3.2374,3.4079,2.6611,3.5703,2.6611,2.8661,3.0107,3.8747,3.8379,4.5473,4.5161
15.104,17.788,17.365,18.545,18.892,18.913,18.625,18.654,18.304,17.178,16.537,15.29,15.104,16.04,15.665,16.307,17.091,17.091,17.209,17.939,19.161,18.252,18.741,18.705,19.476,18.82,17.916,15.57,13.599,11.395,11.24,12.99,13.835,13.757,14.705,14.371,13.308,14.038,14.714,14.879,15.343,14.879,14.996,14.558,14.493,14.96,15.104,14.182,13.247,13.668,13.99,12.653,12.99,12.685,13.031,13.599,14.115,14.134,12.833,11.046,3.0297,3.1605,0.7348,2.1423,3.2861,5.1958,6.235,6.6539,7.2369,7.2369,7.4393,6.0815,4.4393,3.4855,2.6494,2.6494,2.3236,3.0297,3.957,3.4855,3.2861,3.7826,3.4855,3.674,3.957,3.957,4.2846,4.6473,5.3494,5.1958
15.412,17.143,18.166,19.092,19.05,18.879,18.764,18.291,17.416,17.197,16.913,16.591,16.037,15.28,15.138,16.42,16.721,17.19,17.408,18.166,18.642,18.438,19.042,19.518,19.386,18.9,17.76,15.715,13.238,11.529,11.529,13.51,13.718,14.182,14.286,13.718,13.309,13.981,14.399,14.986,14.548,15.655,15.093,15.067,15.138,14.399,14.483,14.436,14.548,13.971,13.54,12.981,13.136,13.022,13.022,13.5,14.125,13.826,12.472,11.399,2.9372,2.1408,1.161,1.642,3.7801,5.5195,7.2321,7.7189,8.516,8.3239,7.0623,6.0774,4.0553,3.6346,3.0276,2.5962,3.0276,3.1154,4.0553,4.1862,4.8984,3.6715,4.4363,4.6441,4.1862,4.0553,4.1862,5.9202,5.5923,5.5195
14.297,15.335,16.642,17.348,17.135,16.953,17.011,16.411,15.984,15.215,14.801,14.257,14.821,14.887,14.821,14.59,14.821,14.763,15.735,16.221,17.011,16.802,17.663,17.299,17.135,16.878,16.411,14.356,12.596,10.109,10.151,11.762,12.404,12.796,12.796,12.54,12.267,12.862,12.851,13.155,13.326,13.609,14.356,13.526,12.63,12.84,12.63,11.94,12.359,12.63,12.54,11.47,11.798,11.881,11.702,12.506,13.315,12.128,11.171,10.221,3.0057,1.9158,1.0627,1.5029,3.7572,5.0407,6.8045,7.227,6.721,6.6577,5.8689,5.6482,4.2838,3.0057,1.6802,2.7093,2.3762,3.0982,3.7194,3.4022,3.7572,4.1499,3.7572,3.7572,3.8682,3.7572,4.2838,4.8987,4.8987,4.8987
13.883,16.341,16.614,16.478,18.066,17.253,16.982,16.52,16.452,15.492,14.478,14.282,14.776,14.776,15.492,15.087,15.3,15.601,15.419,15.465,16.774,16.375,16.774,17.343,17.319,17.27,16.52,14.565,11.92,10.727,10.189,11.742,12.608,12.519,12.775,12.428,12.485,12.83,13.261,13.303,14.004,13.771,13.388,14.044,14.233,13.261,13.791,13.047,13.122,11.633,12.212,11.682,11.778,11.645,11.24,12.107,12.485,12.428,11.252,10.189,2.6522,2.2504,1.1861,2.187,3.2265,5.0041,6.8957,6.916,8.2857,8.0269,6.6463,5.5379,3.5583,3.2265,2.6522,2.2504,3.0929,3.2265,4.1428,4.7739,4.5009,5.0322,4.2765,4.0397,4.532,4.563,3.8616,4.7444,4.7444,4.5009
13.547,16.196,15.985,15.852,17.012,16.472,16.912,16.549,16.685,16.161,15.048,13.826,13.547,14.963,14.455,15.225,15.474,15.492,15.852,15.772,16.887,16.677,16.643,16.677,17.349,16.609,15.941,13.816,11.738,9.9835,10.152,11.702,11.941,12.507,12.972,12.852,12.45,12.852,13.713,13.661,14.149,13.547,13.124,13.661,12.852,13.948,13.379,12.797,12.221,12.45,12.852,12.117,11.359,11.057,11.988,11.941,12.325,12.117,11.259,10.627,2.1909,1.0627,2.2544,2.3763,4.1501,6.2195,5.9409,6.8048,8.1284,6.9282,7.382,5.5476,4.571,3.7573,2.7095,2.7095,2.6568,3.2322,4.284,4.284,3.5645,4.0468,4.571,4.0468,3.8684,4.0468,5.041,4.899,4.1501,5.041
13.85,15.219,16.871,16.678,16.938,17.527,17.292,16.465,15.792,16.075,14.143,14.613,14.613,14.032,13.901,14.032,14.957,14.995,15.439,15.845,16.499,16.362,17.535,17.917,17.592,16.18,15.729,14.652,12.625,10.516,10.217,12.123,12.388,12.923,13.193,12.262,12.967,13.021,13.064,13.541,13.437,14.032,14.062,14.022,14.113,12.835,13.064,12.501,12.857,12.216,12.857,11.876,11.661,11.757,11.757,11.876,12.835,12.112,11.292,9.5751,2.1245,1.1876,1.5023,2.3753,3.7557,4.8968,6.0558,7.2242,7.5114,7.2242,6.986,5.7205,3.8667,4.5068,3.4009,2.6557,2.7083,3.4009,4.2491,4.2821,4.2821,4.538,3.3592,3.5629,3.8301,3.7557,4.1483,4.8096,4.569,4.2821
15.626,17.266,18.735,19.155,18.583,19.049,19.218,18.364,18.408,17.422,15.933,16.26,15.347,16.268,16.31,16.507,16.425,17.133,17.729,18.268,18.445,18.142,18.728,18.814,19.113,18.539,17.94,15.496,13.078,10.708,11.188,13.354,13.594,13.752,13.937,13.986,13.937,14.129,14.636,15.496,15.276,15.891,15.703,15.66,15.338,15.933,14.404,14.404,13.986,13.723,13.986,13.273,12.638,12.902,13.027,12.902,13.86,13.713,12.68,10.92,2.7971,1.6425,1.4691,2.5971,4.2832,5.8765,6.9298,8.3913,8.1135,8.3106,7.7912,5.8072,5.1941,3.1595,3.285,3.0287,3.0287,3.6728,4.4073,5.22,5.5214,5.22,5.1419,4.7035,4.4681,4.2832,4.7887,5.7371,4.9001,5.22
15.111,17.536,18.459,18.379,19.17,18.843,18.437,18.283,18.022,16.924,16.014,15.904,16.148,15.508,15.297,16.438,16.52,17.303,17.651,18.134,18.082,18.843,19.297,19.064,19.114,18.554,18.082,15.508,13.496,11.785,11.785,13.324,14.074,14.378,14.378,14.415,13.997,14.648,14.481,14.648,15.155,15.638,15.155,15.836,15.084,15.111,14.638,14.378,14.122,13.605,14.045,13.233,12.487,12.519,12.487,13.314,13.365,12.839,12.498,10.717,2.5991,1.4703,1.0397,2.9406,4.4414,6.7777,7.3881,8.5732,7.8147,7.7974,7.0704,6.5754,4.191,3.7485,3.162,2.0793,3.7485,3.7844,4.4109,5.3012,6.3453,4.7072,4.4717,4.7926,4.7926,4.191,4.7926,5.3012,4.904,5.2242
15.788,18.161,18.695,19.437,18.55,18.608,19.038,18.397,16.74,17.075,15.556,15.788,16.259,15.582,14.765,16.292,16.259,17.185,18.057,17.877,18.716,18.572,19.207,19.589,18.867,18.353,17.626,16.259,13.234,11.984,11.491,13.705,13.586,14.254,14.121,13.929,14.282,14.169,13.977,14.847,14.254,15.573,16.167,15.486,15.434,14.178,14.655,14.121,14.691,14.169,13.705,13.071,12.852,12.469,12.977,13.536,13.967,13.346,12.641,10.588,2.3215,1.8716,0.73411,2.5955,4.9246,6.7682,7.2115,7.9067,8.4503,7.3411,6.7483,7.0605,4.1528,4.0543,3.3238,2.3215,3.1575,3.3238,4.7858,4.7858,5.2169,4.4654,5.2938,4.4654,4.2806,5.191,4.7006,5.1125,5.7336,4.1851
13.998,16.126,17.115,16.908,17.041,17.368,17.625,16.152,15.657,15.594,14.703,14.588,14.481,13.785,14.325,14.247,14.855,15.746,16.471,16.513,17.041,16.649,17.368,17.784,17.311,16.471,16.767,14.227,12.206,10.457,10.498,12.091,13.117,12.747,12.298,12.647,12.378,12.944,12.378,12.944,12.998,13.826,14.276,14.559,12.998,13.255,12.9,12.647,13.424,12.513,11.962,11.915,11.962,11.915,11.334,11.772,12.736,12.206,11.856,10.004,1.9117,1.9117,1.6767,1.9117,3.8599,4.8882,5.6361,6.5583,7.2116,6.3845,4.8882,6.1832,4.5301,3.395,2.2495,2.1861,2.8552,3.5567,4.0379,4.0379,4.7423,5.03,4.7423,3.8599,3.8234,3.5567,4.5301,4.8882,5.6361,4.7423
13.767,15.929,16.459,16.578,17.187,17.326,17.146,16.621,16.244,15.426,15.389,14.367,13.889,14.896,15.196,14.944,15.307,15.535,16.139,15.92,16.527,16.756,17.326,17.568,17.64,16.663,16.166,14.338,12.614,10.666,10.194,12.388,12.101,12.388,12.49,12.835,12.101,12.58,12.824,14.1,13.106,13.529,14.13,13.96,13.643,14.289,12.824,12.922,12.58,12.49,12.835,11.455,11.783,11.783,12.031,11.723,12.377,12.58,11.675,10.013,2.6533,1.5009,1.1866,2.188,3.8633,4.776,6.0505,7.3722,7.4293,6.919,5.7154,4.8925,3.8267,2.188,2.7059,2.2514,2.3732,3.8633,4.1446,4.2783,5.2264,4.534,4.376,3.8267,4.2783,4.1446,3.7146,4.8925,4.8925,4.1446
16.115,18.068,18.216,19.686,19.047,19.251,19.047,18.538,17.866,16.706,16.107,15.563,16.09,16.29,15.684,16.633,16.89,17.19,17.554,18.884,19.026,19.075,19.556,20.232,19.964,18.884,18.884,16.09,14.386,10.894,11.46,13.528,13.92,14.609,14.682,13.968,13.968,13.458,14.245,15.08,15.053,15.151,15.981,14.855,14.673,14.563,14.016,13.617,13.968,14.414,13.647,12.494,13.062,12.375,13.617,13.226,14.273,13.528,12.98,10.907,2.7937,2.139,0.73366,2.5939,4.0517,5.8001,7.207,7.9017,7.4277,8.2025,6.8234,5.6114,4.9215,3.48,2.7937,3.0249,2.7937,3.1556,4.4019,4.6977,4.7829,3.6683,4.1825,3.9509,4.4324,4.4627,4.6977,4.7829,6.3112,5.1877
15.869,17.727,18.397,19.255,18.994,18.745,18.859,18.243,17.398,17.109,16.113,16.155,16.138,16.671,15.75,16.113,16.8,17.742,18.221,18.006,19.22,18.738,19.22,19.525,19.442,18.331,17.886,15.57,13.811,11.423,11.656,13.336,13.937,13.576,14.421,13.645,13.694,14.043,14.671,14.56,14.744,14.671,15.57,14.853,14.671,14.689,14.533,13.957,14.091,13.966,14.11,13.224,13.009,12.967,13.091,13.733,14.616,13.704,13.009,11.376,2.7933,1.5561,0.5187,2.0748,4.1819,6.6426,7.2617,8.1189,8.3798,7.711,7.206,5.7292,4.0511,3.1551,2.5935,2.6448,2.9342,3.9503,4.1819,4.1819,4.6394,5.1086,3.7762,5.187,4.1819,4.7821,4.1819,4.7821,5.2128,4.7821
14.5,15.505,16.763,17.358,16.938,17.12,17.284,16.466,16.181,15.405,14.285,14.344,13.895,13.813,13.935,14.49,14.95,14.751,15.971,16.146,16.788,16.872,17.358,17.647,16.997,17.063,16.619,14.136,12.256,10.308,9.9177,12.036,12.495,13.112,12.84,11.871,12.664,11.977,13.112,12.619,13.112,13.783,14.136,13.783,13.133,13.272,12.84,13.187,12.752,12.394,12.222,12.013,11.728,12.106,11.691,12.013,13.314,12.585,11.199,10.212,2.3742,0.75078,1.1871,2.2523,4.5047,5.5426,6.053,7.1423,6.9827,6.4147,5.4658,4.8073,3.8283,2.8589,3.1853,1.6788,2.2523,3.7162,3.7539,4.8945,4.1463,3.7162,3.8283,3.2292,4.0431,3.3576,3.5613,4.8945,4.5047,4.0431
13.835,16.609,16.524,16.92,16.66,17.11,16.473,16.481,16.11,16.04,14.413,14.674,14.364,14.127,13.835,14.481,15.081,15.395,16.136,15.925,16.575,17.052,16.92,17.516,16.92,16.66,15.676,14.568,12.249,10.301,9.9682,11.648,12.203,12.843,13.007,12.656,12.777,12.777,13.274,13.589,13.957,13.692,13.125,13.764,13.264,13.274,13.526,12.832,12.952,12.249,12.42,11.864,12.098,12.214,11.78,12.098,12.386,13.05,11.648,10.464,2.8571,2.1875,1.1864,1.9129,3.8259,5.4106,6.3887,7.2163,6.8972,6.9176,5.8601,4.564,3.2272,3.8259,3.0013,3.0936,2.6528,3.8625,3.5591,4.533,4.2774,3.3555,4.1437,4.2774,3.7516,3.2272,4.7454,3.7516,4.5019,5.0333
15.532,17.112,18.406,18.082,18.544,18.917,18.558,18.774,18.34,17.136,16.594,15.173,15.67,15.349,15.764,16.275,17.175,17.323,17.744,17.653,18.774,18.558,19.518,19.483,19.947,18.917,17.992,15.244,13.635,11.648,11.473,13.215,14.232,14.605,14.147,14.336,13.908,14.1,14.605,15.411,15.532,15.593,15.532,15.314,15.04,15.764,15.031,15.067,14.033,13.684,13.123,12.801,13.456,12.749,12.822,13.516,14.596,14.678,12.822,11.368,3.0223,1.466,1.159,2.318,4.0482,6.4112,7.7053,7.3666,7.9287,8.0963,7.2007,6.4112,4.4587,3.3188,3.2781,2.1371,3.0223,3.7734,4.1788,4.9172,4.636,4.636,4.4285,4.4587,4.2741,4.636,4.7786,4.9172,5.3364,5.3364
15.244,17.993,18.917,18.782,19.539,18.867,18.789,18.03,17.85,16.947,15.411,15.824,16.143,15.764,15.79,16.093,16.82,17.3,17.729,18.171,18.696,18.667,19.792,19.696,19.185,18.732,18.384,15.967,13.516,10.786,11.59,13.566,14.336,14.843,14.633,13.956,14.261,13.694,14.233,14.336,15.067,15.393,15.584,15.55,14.951,15.253,14.679,14.522,14.411,13.326,13.447,13.286,13.113,13.801,12.707,13.376,14.457,13.684,13.245,11.38,2.5916,1.8689,1.159,1.8689,3.7377,6.3057,7.9119,8.1131,7.3302,7.4754,6.7581,5.1312,4.1789,3.477,2.9321,2.318,2.643,3.9475,4.636,4.7787,4.4588,5.2091,4.7787,4.6649,4.3981,4.6936,5.5099,4.7787,5.8642,5.4115
15.578,17.879,18.85,18.999,19.493,19.104,18.9,18.764,18.191,16.907,15.75,15.656,16.078,15.098,15.449,16.087,16.86,16.571,17.214,18.154,18.309,18.671,18.764,19.922,19.223,18.527,18.707,16.376,13.895,11.203,11.579,13.504,14.22,14.91,13.759,14.134,13.759,13.943,14.738,15.098,15.775,16.062,15.053,15.885,15.053,15.053,14.72,14.647,14.509,13.444,14.36,13.273,12.987,13.671,12.79,13.464,14.134,13.504,13.263,11.44,2.6405,1.5535,1.1579,2.6405,4.9127,5.9043,7.2127,7.4144,8.089,8.0391,7.2127,6.2571,3.9438,2.6405,2.5892,2.3159,3.7342,3.9438,5.1784,4.4245,5.3315,5.4065,5.9043,5.7897,5.1264,4.6893,5.5048,5.9043,5.5774,5.281
14.106,16.355,16.986,16.5,17.682,17.491,16.635,16.32,16.034,16.147,14.834,14.653,14.027,14.47,14.615,15.446,15.059,15.689,16.363,16.086,17.321,17.118,16.837,17.426,17.547,17.248,15.734,14.136,12.901,10.286,9.9536,12.356,12.196,12.759,12.814,12.503,12.726,13.159,13.866,13.815,13.906,13.507,13.031,13.754,13.244,13.754,13.815,13.085,12.901,12.196,12.196,12.368,11.667,11.763,11.952,12.356,12.469,12.368,11.238,10.922,2.6489,1.9101,1.6753,3.3922,3.8568,5.9231,7.2058,7.4169,8.0867,6.8871,6.2009,4.7385,3.8203,2.7013,2.1843,2.3692,2.6489,3.2225,3.7461,4.7973,4.9979,4.8843,5.4544,4.9979,4.5264,4.7385,4.8843,4.9979,5.7059,4.9979
14.22,16.736,16.819,16.844,17.537,17.616,16.819,17.067,16.736,15.628,14.638,13.972,14.377,14.638,14.25,15.062,15.155,15.565,16.567,17.083,16.811,17.239,17.521,17.521,17.083,16.844,16.096,14.941,12.068,10.041,10.585,12.58,12.877,13.472,12.745,12.92,12.218,12.355,13.241,13.103,13.77,14.638,13.326,14.299,13.801,13.606,13.357,13.326,13.146,12.172,12.4,12.218,11.655,11.834,11.893,11.834,12.745,12.8,11.607,10.637,2.3668,1.9082,1.1834,2.85,4.2668,5.2123,7.12,7.0608,7.3523,7.3523,6.5462,6.0341,3.7422,2.1821,3.0859,2.1821,3.2192,3.8163,4.5217,4.5526,5.3971,4.9927,4.3641,4.7336,4.8792,6.0341,5.0207,5.2123,5.3187,5.4487
14.245,16.612,16.434,17.466,17.964,17.522,17.232,16.34,16.426,15.559,14.851,14.982,14.527,13.796,14.294,14.851,16.125,15.667,16.151,16.229,16.813,17.094,17.586,17.586,17.514,16.937,16.125,14.44,12.087,10.107,10.906,11.651,12.741,12.915,13.088,12.619,12.35,13.141,13.755,13.967,12.969,13.724,14.737,14.245,14.632,12.969,13.519,12.575,12.719,13.352,12.872,12.35,12.214,11.889,12.064,12.542,12.575,12.396,11.651,10.272,2.1813,1.5871,1.183,2.9927,3.8514,5.9148,7.4817,7.4817,7.5746,7.0582,5.6979,4.9909,4.029,2.6452,2.1813,2.3659,2.6452,3.3459,4.5509,4.7906,5.2904,5.3951,5.4468,5.2104,5.0189,5.2904,5.5233,4.5201,5.2104,4.5509
13.964,16.473,17.163,17.582,16.726,17.462,17.325,16.726,16.008,15.127,14.004,13.721,14.054,14.734,14.29,15.375,15.127,15.044,15.99,16.182,17.163,17.842,17.772,18.107,17.582,17.13,16.809,14.388,12.869,10.578,10.432,12.176,13.349,13.063,13.38,13.009,12.88,12.782,13.265,14.054,13.254,14.113,15.256,13.913,13.516,14.241,12.793,12.572,13.063,13.254,13.223,11.886,12.348,11.648,11.684,11.991,12.348,12.782,11.442,10.174,2.3654,1.6726,1.6726,3.2172,4.3615,5.9839,7.0565,7.194,8.2618,6.8758,6.0305,6.5423,4.8763,3.1735,2.1156,2.3654,2.8483,4.8763,4.8763,5.3155,4.8763,4.7602,4.488,4.7895,4.5499,4.7602,4.8763,4.2642,5.2891,4.7895
14.302,16.125,16.972,17.046,16.739,17.412,17.071,16.622,15.792,15.433,14.717,13.854,15.14,14.015,13.496,14.981,15.158,15.433,16.435,16.16,16.579,16.613,17.524,18.375,16.848,17.234,16.418,14.302,13.095,10.48,10.718,12.094,13.244,13.661,13.234,12.792,12.582,12.582,13.496,13.496,13.975,14.253,14.458,13.895,13.244,13.496,13.854,13.149,13.234,12.726,13.244,12.358,11.658,11.609,11.658,12.071,12.582,12.392,11.609,10.044,1.9086,1.0587,1.4972,2.9944,4.7346,5.9182,6.9018,7.1019,7.4297,6.7789,6.5476,6.1731,4.0313,3.0866,2.8506,2.6991,3.3894,4.3651,5.4499,4.7934,5.627,4.7934,4.9938,4.8803,4.5536,5.3982,4.8803,5.3198,5.7257,4.2347
14.555,15.76,16.971,17.037,17.07,17.111,17.07,16.937,15.662,15.59,14.728,14.034,14.263,13.782,13.914,14.936,14.927,15.454,16.645,15.902,17.692,17.201,17.692,18.092,17.436,17.111,16.904,14.034,12.409,10.72,10.562,12.087,13.124,12.821,13.994,12.995,12.941,12.821,13.914,13.262,13.873,13.823,14.419,14.468,12.995,13.679,13.42,13.124,12.203,12.51,12.897,12.203,12.087,11.853,11.912,11.853,12.6,11.674,11.769,9.8599,2.3705,1.1853,1.0601,3.7105,4.5289,5.7336,6.972,7.5337,7.383,6.7049,6.4703,4.887,4.2736,3.5558,2.7028,3.2243,3.8224,4.5289,4.7411,5.2206,4.7411,4.7411,5.2206,5.4574,5.2206,5.0007,4.887,5.2206,5.2206,4.14
14.572,16.108,17.097,17.606,17.055,16.948,16.857,17.023,15.72,14.543,13.668,14.456,13.983,13.862,13.027,13.902,15.396,15.074,15.871,17.097,17.349,17.244,17.796,18.015,17.701,16.748,16.832,14.999,12.589,10.593,10.919,12.364,12.897,13.75,12.821,12.755,12.755,12.722,13.156,13.862,13.156,14.339,14.649,13.283,13.576,13.273,12.897,12.81,13.102,12.81,12.733,12.089,12.466,11.76,11.433,12.089,13.503,12.364,11.664,9.6649,2.1837,1.1843,1.9096,3.5529,4.4941,6.0387,6.9662,6.7826,7.7116,7.5832,6.6363,4.796,4.27,3.3497,3.7451,2.7006,2.9961,3.7451,5.2963,5.4012,5.2431,4.27,4.883,4.796,3.7451,4.7667,4.5561,4.883,5.0245,4.2371
15.454,19.005,19.061,19.417,18.835,19.005,19.472,18.511,18.778,16.722,16.258,15.678,15.384,15.549,16.225,17.243,16.865,16.992,18.249,19.061,18.649,19.061,19.195,18.856,20.116,18.778,18.395,16.067,13.948,11.926,11.641,13.715,14.29,14.139,13.948,13.948,14.224,14.073,14.328,15.031,15.058,15.678,15.958,15.584,15.165,15.857,14.541,14.328,14.652,14.402,13.948,13.439,13.278,13.105,13.207,13.105,14.149,14.139,12.992,11.361,2.1358,2.1358,0.51802,3.9451,5.7916,6.6339,7.2523,8.0917,7.7009,8.6836,6.7541,6.302,5.7916,3.3169,3.2762,3.151,3.7355,5.4083,5.1019,5.7916,6.2592,5.5792,5.9063,5.9063,4.7759,4.7759,5.7217,5.9063,5.7916,5.5066
14.303,16.622,16.58,17.283,17.541,17.178,16.948,16.572,16.419,15.159,15.066,14.68,14.253,14.253,14.016,14.832,15.497,15.269,16.622,16.004,17.145,16.948,17.501,18.376,16.195,16.614,16.74,14.381,12.094,10.182,10.113,12.221,12.46,12.403,13.245,13.234,13.329,12.814,13.329,13.895,13.276,13.496,13.774,13.496,14.065,13.496,13.895,12.793,13.276,13.234,13.266,12.221,11.622,11.561,12.347,12.392,12.891,12.814,11.229,10.169,2.3674,1.1837,1.1837,2.3674,4.2678,5.5267,7.4863,7.7076,8.063,7.8159,6.3523,5.2936,4.2349,2.6468,3.5511,2.3674,3.7431,3.8173,4.7642,4.8805,5.32,5.4501,4.2678,4.4918,4.8805,4.5537,4.3652,4.994,4.994,4.5537
14.253,16.307,17.628,17.974,17.755,17.104,17.307,16.613,15.433,14.564,14.448,15.056,14.243,13.773,13.392,14.708,15.158,15.46,16.546,16.486,16.939,16.848,17.477,18.436,17.234,17.283,16.571,14.448,12.493,10.182,10.44,12.221,12.814,13.095,13.02,12.392,12.346,12.459,12.814,13.244,13.106,14.38,14.302,14.125,13.496,13.149,13.244,12.748,12.88,13.074,12.726,12.094,12.312,12.459,11.622,12.459,13.265,12.312,11.837,10.044,1.6739,1.1837,0.52935,2.6467,4.7346,6.3742,7.4861,7.3539,8.2856,7.7074,6.4615,5.3199,4.5536,3.3479,2.1826,2.6992,3.8172,3.3479,4.3651,4.9939,5.0218,4.2677,5.3983,5.2935,4.7641,4.1343,4.7641,4.4917,5.3199,5.2935
14.124,16.434,17.217,17.46,18.005,16.814,17.46,16.306,15.577,15.568,14.535,14.252,14.252,13.984,14.64,14.83,15.738,15.88,16.847,16.409,16.847,17.595,17.691,17.856,17.045,16.613,15.888,14.252,12.346,10.182,10.223,11.753,12.402,13.095,13.02,12.094,12.582,12.391,13.275,12.89,13.495,14.252,13.984,14.399,13.974,13.854,13.233,13.401,13.073,12.726,13.02,11.895,12.312,12.094,11.402,12.582,12.626,12.715,11.895,10.6,2.1824,1.588,0.74857,2.699,4.3649,5.9886,6.6954,7.8689,8.2682,7.4857,6.4612,6.1955,3.817,3.1759,2.8505,1.9085,2.6466,3.8535,4.5534,5.0216,5.5263,4.8801,4.9936,4.3649,4.5534,4.8801,4.7344,4.3649,4.5225,4.8801
13.898,16.311,17.181,17.108,16.718,17.6,17.505,16.626,16.311,15.635,15.245,14.207,14.068,14.919,14.452,15.05,15.364,15.355,16.448,16.626,17.075,17.075,16.918,17.416,16.951,17.017,16.129,14.306,12.585,10.483,9.7342,11.756,12.926,12.795,12.98,13.152,12.224,12.751,13.247,13.858,13.776,13.898,13.807,13.561,13.237,13.53,13.499,12.926,12.883,12.926,12.883,12.496,11.839,12.406,11.696,12.361,12.883,12.585,12.004,10.55,1.909,1.6743,1.1839,2.8513,4.7653,5.4513,6.9035,7.4315,8.082,7.3557,5.3996,5.2415,3.8546,3.0873,2.2464,3.7063,3.0873,4.2687,4.7357,4.7357,4.2687,5.023,4.7357,4.3661,4.2687,4.3661,5.6284,4.7946,5.6284,4.7653
14.015,16.613,16.881,16.622,17.283,17.755,17.104,16.571,16.435,15.889,14.907,13.985,13.975,14.907,15.047,15.496,15.792,16.1,16.307,16.546,17.177,16.546,16.881,16.947,17.477,16.914,16.073,14.991,12.071,10.481,10.044,12.221,12.358,12.358,13.02,12.792,12.346,12.582,13.265,14.125,14.095,14.125,13.661,13.773,13.732,14.253,12.803,13.568,12.582,13.276,13.392,12.083,11.943,11.452,11.943,12.346,12.89,12.221,11.229,10.044,1.6739,1.1837,1.1837,2.6992,4.3651,5.9889,6.9625,7.8157,8.3697,7.9579,6.7375,5.3199,4.1343,2.6992,2.1174,2.2458,3.0866,3.7431,4.1343,4.2677,4.5536,4.7935,4.4917,4.7641,5.2403,4.2677,3.3895,4.2677,5.45,5.3199
14.539,16.422,17.05,17.48,17.287,17.075,17.368,16.103,16.541,15.354,14.246,13.499,13.988,14.461,14.305,15.143,15.162,15.436,16.242,16.617,17.05,16.918,17.287,18.095,17.108,17.287,16.49,14.721,12.394,10.51,10.226,12.074,13.152,12.707,13.109,13.279,12.729,12.751,12.926,13.898,13.736,13.766,14.256,13.53,13.499,13.736,13.395,12.893,12.806,12.806,13.109,12.189,12.496,11.945,11.368,12.224,12.806,12.281,12.004,10.28,2.1179,1.6743,1.0589,2.3678,4.2687,5.9196,7.0639,7.4878,7.5808,7.3556,6.4412,5.9196,4.5238,3.7439,2.6473,2.1179,3.3486,4.1353,4.7945,4.5546,4.8814,4.5546,4.0323,4.3661,4.0323,3.7439,4.5546,5.3211,4.7357,4.2687
13.866,16.321,16.837,16.896,17.611,17.635,17.249,16.904,16.594,15.903,14.137,14.265,13.256,14.256,14.47,15.428,15.401,16.087,16.113,16.449,16.904,16.962,16.829,16.929,17.611,16.962,15.973,14.461,12.197,10.436,10.596,12.402,12.368,12.759,12.814,13.245,12.726,12.737,13.245,13.117,13.866,13.907,12.814,14.107,13.538,14.548,14.107,13.287,12.759,12.726,12.825,12.368,11.668,11.953,11.461,11.847,12.759,12.197,11.632,10.609,1.9102,1.4985,0.5298,2.3693,3.7463,6.0407,6.4671,6.9685,7.5856,7.3602,6.5533,4.2714,4.2714,3.0892,1.9102,2.3693,3.1788,3.8205,4.3689,4.5575,5.0261,4.5266,4.7387,4.5266,4.1379,4.8845,4.8845,4.8845,5.0261,4.8845
13.899,16.312,17.345,17.239,17.239,17.53,17.312,16.585,16.165,15.582,14.836,14.645,14.257,14.257,14.019,14.404,15.163,15.273,16.312,15.894,17.092,16.618,17.288,17.76,17.602,16.719,16.243,14.248,12.075,10.484,10.865,11.721,12.883,13.11,12.883,13.078,12.73,13.024,13.396,13.989,14.069,13.979,14.75,13.979,13.808,13.11,13.767,13.11,12.719,13.11,13.238,11.981,11.661,11.257,11.649,12.075,13.099,12.225,11.613,10.55,1.9092,1.184,0,2.2465,4.555,5.3999,6.781,6.8836,7.9602,7.1238,6.5496,5.0233,4.555,3.0875,2.368,2.6475,3.0875,4.0326,4.269,4.8818,4.9953,4.8818,4.736,4.0326,4.5241,4.8818,4.736,5.3215,4.9953,5.3215
16.03,18.273,19.067,19.151,19.537,19.462,19.067,18.177,18.353,17.549,16.055,16.229,15.719,16.03,15.693,16.179,17.047,17.64,17.941,17.918,19.462,18.634,19.178,19.883,19.421,18.555,19.018,15.921,13.916,11.157,12.065,13.438,14.059,14.48,15.024,14.508,14.636,13.993,14.618,15.582,15.024,16.154,15.34,14.8,14.7,14.691,14.554,14.257,14.48,14.369,14.618,14.059,13.791,13.916,13.247,13.916,15.305,13.527,13.177,11.717,2.0673,1.5505,1.0337,2.6353,4.8757,5.7783,7.309,9.2019,8.3496,7.6832,7.4538,5.2706,4.4459,3.0136,2.3113,2.6353,3.7269,4.6226,4.6226,5.5664,5.7783,5.5664,5.5664,5.3211,5.7085,5.1683,6.3928,5.7783,6.0272,5.5903
14.301,16.831,16.636,17.788,17.337,18.19,16.915,17.556,17.139,16.713,15.129,13.93,14.615,15.361,14.527,15.967,15.663,15.654,16.396,15.976,17.556,17.852,17.402,18.073,17.459,17.164,16.431,14.478,11.818,10.565,11.075,11.901,12.818,12.884,13.167,12.862,12.796,13.091,13.642,13.807,14.331,14.537,14.142,14.537,13.306,13.93,13.848,13.549,13.306,12.818,13.401,12.796,12.288,12.067,12.288,12.425,13.475,12.38,11.39,10.279,1.6831,1.1901,1.5967,2.6612,4.7605,5.9506,7.3941,7.4132,8.0542,7.5645,6.409,5.757,4.907,2.6612,2.8662,3.2375,3.5704,4.7605,4.7605,5.5567,5.2419,5.5567,5.2419,5.7324,5.0211,5.5567,5.4797,5.3224,5.4797,5.8788
13.998,16.624,17.194,17.037,17.785,17.037,17.325,17.028,16.184,15.441,15.07,14.524,14.328,14.641,14.407,15.432,15.973,15.126,16.633,16.393,17.761,17.136,17.689,17.689,18.1,17.268,16.505,14.524,12.064,10.762,10.125,12.559,12.649,13.303,13.303,13.473,12.693,12.649,13.805,13.462,13.835,14.279,14.139,14.524,14.407,14.169,13.681,13.805,13.462,13.346,13.089,12.649,12.559,12.343,12.135,12.815,13.43,12.958,11.899,10.603,1.6828,0.53213,2.194,3.5697,4.906,7.2378,7.4118,8.4138,8.5308,8.3122,6.4737,5.0201,4.2571,3.7628,2.6607,2.8656,3.3655,5.0201,4.906,5.6567,5.3479,5.6567,5.8535,5.6567,4.906,5.7559,5.3479,6.4077,5.5556,5.9494
13.807,16.495,16.615,17.019,17.711,17.751,17.364,17.052,17.299,15.99,14.901,13.96,13.96,14.901,14.834,15.46,15.937,16.383,16.383,16.564,17.679,17.55,17.711,17.583,17.679,17.679,16.691,14.27,12.336,10.476,10.597,12.641,12.461,12.764,13.538,13.296,12.808,13.559,14.051,14.041,14.467,14.604,14.399,14.29,13.797,14.467,14.161,13.306,12.808,13.559,13.797,12.641,12.128,12.128,12.808,12.416,12.808,12.244,11.951,10.161,0.75212,1.0637,2.1928,3.7606,4.575,6.5784,7.7436,7.9062,7.9952,7.9062,6.9342,6.4041,4.2878,4.0503,3.1011,3.4054,4.2878,4.544,5.2379,4.544,5.7526,5.4236,5.6534,5.3183,5.3183,5.4236,5.7526,5.946,5.6534,5.728
15.129,16.67,17.434,17.328,17.572,17.458,17.764,16.831,16.283,15.878,14.988,14.682,14.459,14.478,14.615,14.41,15.471,15.967,16.187,16.576,17.377,17.065,17.724,17.564,17.377,16.915,16.508,14.478,12.873,10.645,10.334,12.459,12.527,13.569,13.838,13.177,12.785,13.22,13.401,14.912,14.202,14.061,15.148,14.537,14.301,13.348,13.632,13.569,13.338,13.464,13.569,12.379,12.651,12.253,12.425,12.253,12.651,12.459,11.514,10.238,1.1901,1.1901,1.5054,3.1034,4.9069,5.7323,7.6759,7.9834,8.1241,7.7494,6.6688,5.9505,4.9069,3.7634,3.8747,3.4079,3.3661,4.3889,5.4796,5.8787,5.3223,5.4277,5.6577,5.8787,4.9069,4.8195,4.9069,4.8195,5.3223,4.8195
15.517,16.703,17.571,17.891,18.103,17.039,17.27,16.108,15.877,15.517,14.72,14,14.614,14.72,14.614,14.72,14.987,15.544,16.635,16.627,17.328,16.981,17.692,18.329,17.851,17.106,16.712,14.536,12.784,9.9994,10.483,12.252,13.348,13.6,13.642,12.96,13.348,13.145,13.348,13.569,13.838,14.33,15.324,13.642,14.38,13.177,13.848,13.22,13.348,13.735,13.475,12.884,12.425,12.695,12.007,12.252,12.784,12.561,11.672,10.334,1.9189,0.53221,1.683,3.4078,5.049,6.4087,7.6757,8.8097,7.5266,7.5266,6.4087,6.2066,4.9068,3.4078,3.366,2.8661,4.2908,4.7603,5.7321,4.7603,5.2417,5.5565,5.7321,5.7321,4.5472,5.4795,5.4795,4.9068,6.0682,5.4275
14.656,16.236,17.707,17.643,17.021,17.707,17.643,16.684,15.73,15.53,14.839,13.891,14.539,13.581,14.154,14.343,15.01,15.891,16.104,16.59,17.803,16.727,17.803,18.491,17.449,17.416,16.82,14.333,12.807,10.573,10.865,12.436,13.059,13.102,13.982,12.873,13.654,13.349,13.178,13.982,13.891,14.313,15.001,13.643,13.156,14.013,13.747,12.829,13.189,12.961,13.747,12.436,12.39,11.971,12.298,12.39,13.102,12.018,11.683,10.107,2.1963,0.53268,1.5067,3.0133,5.4843,5.4323,7.5709,7.9189,7.9189,7.6825,7.5333,6.2121,4.0568,3.878,3.5734,4.1604,3.878,4.5823,5.0535,5.0535,5.2463,5.2463,5.9556,5.8837,5.0253,5.3534,5.2733,5.4323,5.4843,5.3534
14.014,16.946,16.612,17.233,17.281,17.499,17.281,16.62,16.442,16.305,14.83,14.971,14.242,13.232,13.974,14.915,15.923,15.861,16.072,17.281,17.102,17.102,17.523,16.946,17.362,16.442,16.348,14.252,12.22,10.277,10.639,12.492,12.791,12.976,13.147,13.232,12.747,12.703,13.147,13.802,13.232,14.447,13.974,14.014,14.398,13.66,14.123,13.232,13.327,13.147,12.802,12.747,12.174,11.608,12.185,11.977,12.277,13.019,11.166,9.9867,1.0586,1.1835,1.1835,3.8533,4.9934,6.3955,7.0617,7.4854,8.0097,6.6321,6.3955,4.5223,4.031,3.8168,2.3671,3.1758,4.1339,4.2673,5.293,5.3978,6.1726,4.793,5.7252,5.3978,5.4494,5.3978,5.4494,5.293,5.6265,5.3978
14.385,16.513,17.334,17.334,17.577,17.383,17.112,17.045,16.641,15.476,14.385,14.056,14.335,15.476,14.687,15.476,15.227,15.767,16.709,16.675,17.383,17.342,17.857,17.342,17.44,17.112,16.633,14.483,12.655,9.9461,10.501,12.383,12.954,13.553,13.353,13.182,12.789,12.888,12.954,13.605,13.975,13.843,14.764,14.206,14.176,14.85,13.342,13.353,13.31,13.149,13.574,12.565,12.245,12.07,12.429,12.998,12.822,12.822,11.117,10.568,1.9196,0.75293,1.6836,2.8671,4.9085,6.9213,7.2415,6.9213,7.9861,7.4726,6.9417,5.5585,4.1582,2.662,3.2385,3.1044,3.8392,4.8211,5.6595,5.9525,6.0703,5.4295,5.4814,5.9525,5.4814,5.7342,5.5585,5.5585,5.7588,5.2436
14.14,16.71,17.57,17.69,17.334,17.137,17.432,16.71,16.045,15.876,14.525,14.17,14.844,14.758,15.071,15.433,15.052,15.974,16.557,17.038,17.69,17.562,17.326,17.762,17.432,16.913,16.634,14.719,12.65,10.643,10.71,12.286,12.992,13.463,13.463,12.871,13.144,12.86,13.836,13.836,13.806,14.14,15.248,13.816,13.304,14.613,13.734,13.165,12.871,13.969,13.568,12.458,12.65,11.9,12.286,12.378,12.616,12.948,11.72,9.7112,1.5965,0.7526,1.6829,3.193,5.4271,6.4082,7.7485,7.2383,8.3128,7.4694,6.8151,6.4741,4.5156,3.2371,2.1287,3.1031,4.0529,4.3884,5.3217,5.556,6.4082,5.4271,6.0677,5.9498,4.9064,5.3482,6.0208,5.556,5.479,5.3482
14.048,16.572,17.372,17.615,17.687,17.567,17.429,17.429,16.391,15.945,15.021,14.64,14.474,14.376,14.533,15.712,16.52,16.086,16.801,16.968,17.567,17.307,17.567,17.324,17.631,17.711,16.007,14.611,12.063,10.969,10.166,12.342,12.376,13.088,13.302,12.869,12.456,12.957,13.597,14.088,14.717,14.366,14.297,13.997,14.474,13.732,14.455,13.174,13.345,13.732,12.648,12.858,12.376,12.004,12.692,13.044,13.142,12.957,10.969,10.331,1.505,0.75248,1.5963,3.2366,4.7888,6.814,7.0989,6.9171,8.413,7.6183,6.4072,5.3474,4.2898,3.5693,3.1925,3.1925,3.407,5.0478,5.0478,4.7591,5.4262,4.7591,4.9056,4.9056,5.3474,4.5772,5.8771,6.0667,5.8771,5.4782
14.3,16.688,16.807,17.015,18.078,17.763,17.667,17.115,16.89,15.631,15.032,14.661,14.36,15.107,14.976,15.477,16.51,15.855,16.68,16.781,17.246,17.303,17.866,17.984,17.312,17.547,16.476,14.767,12.131,10.482,10.154,11.99,12.777,12.866,12.766,12.777,12.799,12.799,13.859,13.612,13.981,14.458,14.7,15.042,14.36,14.438,14.36,13.297,13.529,12.766,12.543,12.407,11.943,12.633,12.396,11.99,13.287,12.755,11.668,10.629,1.5032,0.75161,1.9162,3.8325,4.8999,6.2207,6.9295,7.4595,7.972,7.9009,6.2207,5.7487,4.3826,3.2328,3.8692,2.6573,3.7581,5.2344,5.2344,5.0139,5.7241,5.2344,4.7536,5.042,5.4718,4.8999,5.2344,5.7241,4.8999,4.8999
14.229,16.39,17.59,16.885,17.566,17.502,16.711,16.794,16.098,15.712,14.956,14.881,14.947,14.881,14.74,15.542,15.361,15.325,16.458,16.918,17.205,17.148,17.944,17.881,17.115,17.205,16.984,14.89,12.781,10.422,10.569,12.166,12.781,13.051,13.051,13.253,12.527,12.955,13.211,13.222,13.831,13.831,14.956,14.375,14.307,13.452,13.253,12.605,12.705,13.369,13.504,12.337,12.382,12.683,12.05,12.781,13.473,12.727,12.325,10.054,1.6711,1.1816,1.1816,3.3421,4.3576,5.9786,7.4733,7.5661,8.2714,7.1876,6.7673,5.389,4.2604,3.3837,3.5449,2.8457,4.2604,4.2604,5.389,4.5458,4.7852,5.9786,4.756,5.4406,5.2045,4.7265,5.2045,5.2045,5.5171,5.0132
14.177,16.54,17.146,17.441,17.771,17.335,17.643,16.946,16.514,15.83,14.385,14.484,14.207,14.067,14.385,14.917,15.44,15.982,16.565,17.071,17.335,17.578,17.318,17.602,17.89,17.343,16.531,14.688,12.141,10.542,10.568,12.35,12.867,12.878,13.48,13.311,13.053,13.15,13.689,14.532,14.147,14.336,15.031,14.147,14.306,13.406,13.74,13.172,13.606,13.469,12.867,12.384,12.141,11.965,12.656,12.418,12.965,12.656,12.071,10.102,1.1905,1.5059,1.1905,3.3674,4.7919,6.942,7.3967,7.1035,8.3168,7.6232,6.942,6.4334,5.0229,3.7648,3.2386,3.3674,3.8761,4.5491,5.4817,4.8213,5.6598,4.8213,4.9087,4.2926,4.1584,4.7919,5.6598,5.3508,5.3243,4.7919
13.99,16.044,17.564,17.429,17.762,16.859,17.723,15.763,16.389,15.692,14.795,14.614,14.879,14.614,14.889,15.25,15.834,15.54,16.096,16.792,17.073,17.015,17.429,18.074,17.445,17.588,16.07,14.804,12.061,10.62,10.528,12.56,12.725,13.072,12.769,12.997,13.367,12.997,13.367,14.422,13.87,14.422,14.879,13.96,14.374,13.9,13.636,13.9,13.533,13.304,13.533,12.256,12.38,12.199,12.38,12.335,12.526,12.78,11.637,9.9696,1.6709,1.1815,1.0568,3.3418,4.3572,6.3626,6.5358,8.3545,8.2198,7.4725,6.3845,5.7154,4.3572,3.214,2.363,2.989,4.26,4.5454,5.3885,5.9075,5.5165,5.2308,4.3572,5.2839,4.8715,4.5454,5.3885,5.2308,5.3885,4.8715
14.28,15.796,16.574,16.98,18.008,17.195,17.4,16.829,16.66,16.325,14.329,14.06,14.09,14.796,14.986,15.724,15.515,15.823,16.66,16.159,17.375,17.334,16.913,17.69,17.334,16.829,15.974,14.996,11.959,10.958,10.776,12.56,13.347,13.877,13.463,13.09,13.165,13.144,14.09,13.734,14.457,15.071,13.837,15.071,14.526,14.642,14.329,14.613,13.969,12.783,13.176,12.286,12.135,12.526,12.412,12.526,13.63,12.783,11.684,10.643,1.9188,0.53217,1.0643,3.4076,4.5469,5.8781,7.5636,7.7486,8.2616,7.2383,6.9387,4.9064,3.763,3.1031,3.3658,1.9188,3.763,4.1564,5.4271,5.6571,5.5561,5.2413,5.2413,5.0486,4.7599,4.9064,4.7599,6.2289,5.4271,4.819
14.368,15.703,17.256,17.557,17.868,17.166,16.9,16.2,15.998,15.703,14.833,14.515,14.814,15.013,14.67,14.899,15.041,15.962,16.925,16.494,17.362,16.698,17.701,17.492,17.492,17.025,16.622,15.504,12.46,10.09,10.689,12.607,13.422,13.826,13.62,13.037,13.422,13.156,13.326,14.19,13.867,14.19,15.05,14.08,13.724,13.989,13.295,13.558,13.422,13.037,13.422,12.517,12.862,12.64,12.685,12.335,13.166,12.517,11.95,10.229,2.1926,0.75205,1.0636,2.7116,5.0168,6.4912,7.9767,8.3237,7.3877,6.9945,6.7685,5.3443,4.1533,2.1926,2.7116,3.1008,3.5673,4.0499,4.7564,5.552,5.7521,5.2374,5.2374,5.7275,4.7564,5.2374,5.7275,5.7275,5.8737,5.475
14.813,16.489,17.686,17.654,18.127,16.97,17.34,17.16,16.152,15.977,14.756,15.208,14.651,15.411,15.291,15.683,15.728,16.361,16.769,16.676,17.654,17.003,17.654,18.709,17.143,17.16,16.794,14.379,12.59,10.105,11.253,12.624,13.149,13.372,13.571,13.138,12.965,13.372,13.192,14.349,13.94,14.428,15.189,14.689,13.446,14.766,13.32,13.519,13.849,12.856,13.54,12.122,13.117,12.933,12.134,13.117,12.933,12.965,12.226,9.7494,2.1243,1.5021,1.9149,3.2305,5.0102,6.1935,6.9245,7.5107,7.7327,7.1253,6.6545,5.0383,5.2306,2.6554,3.0967,3.2305,4.1479,4.2817,5.0383,5.7446,6.4609,5.7446,6.0553,5.6455,6.4609,5.6455,6.373,6.9245,6.7178,4.8964
14.883,16.377,17.405,17.213,18.048,17.405,17.525,16.878,16.351,16.068,14.476,14.389,14.855,15.096,14.648,15.179,15.004,16.094,17.075,17.164,17.932,16.779,17.596,18.773,17.469,16.779,17.596,14.146,12.751,9.947,10.504,13.18,13.18,13.838,13.274,13.441,13.18,12.352,13.042,13.918,13.441,14.581,15.078,14.234,13.707,13.928,13.347,13.053,13.274,13.021,13.18,12.341,12.87,12.137,11.929,12.696,13.42,12.664,11.847,10.072,2.1737,1.1788,2.2367,3.8016,4.7739,5.8942,7.073,7.9778,8.2011,7.3995,6.3482,5.823,4.9735,3.3757,3.838,3.7278,4.015,4.7153,5.504,6.7513,5.8942,6.7513,5.823,5.4277,5.504,5.8942,6.1706,6.4352,5.504,5.8942
14.279,16.278,17.504,17.326,17.512,17.326,17.544,16.989,16.527,16.51,15.398,15.177,14.801,14.716,14.639,14.868,16.578,16.061,17.088,16.865,17.576,17.13,18.298,18.421,18.151,17.512,16.781,14.782,12.309,10.94,10.94,12.251,12.614,13.266,13.807,13.889,13.309,13.266,13.529,14.484,13.425,14.494,14.953,14.288,14.754,14.05,13.56,13.602,13.106,13.298,13.529,12.524,12.217,12.031,12.78,12.78,13.277,12.524,11.925,10.533,2.2514,1.0613,2.3732,4.0414,5.3066,6.6491,6.8985,8.238,8.6385,7.5046,6.4775,5.9329,3.7523,4.0414,4.2783,4.5339,5.0062,4.8053,5.641,6.39,6.4775,5.9329,6.1885,6.5639,5.4635,5.5402,6.4775,6.5639,5.641,5.7154
14.126,16.852,17.507,17.659,17.635,17.451,17.571,16.86,16.039,15.827,15.302,14.284,14.712,14.284,14.892,15.005,15.915,15.755,16.446,16.506,17.515,16.918,18.162,18.689,18.293,17.786,17.272,15.089,12.61,10.423,10.924,13.103,12.732,14.126,13.421,14.006,13.103,13.525,13.598,13.763,14.284,15.201,14.939,14.74,14.412,13.39,14.046,13.557,13.639,12.831,13.263,12.82,12.61,12.419,12.121,12.577,13.006,13.135,11.969,10.53,2.3725,1.1863,2.3725,3.8256,5.0329,6.9778,7.8866,8.7494,8.893,8.3881,5.9313,5.6394,4.804,4.1434,3.3969,4.5327,4.5327,5.462,5.3316,6.6473,6.5621,6.1868,6.454,5.6394,5.4102,6.6473,5.5387,6.4102,6.4757,5.2249
13.976,16.8,17.297,16.884,17.166,17.684,16.606,16.909,15.973,15.849,14.433,13.607,14.961,15.443,14.961,15.489,15.634,15.938,17.075,16.597,17.54,16.942,18.257,18.063,17.819,17.034,16.504,14.501,12.265,10.205,10.315,12.265,13.524,14.176,14.026,13.576,13.282,13.854,13.976,14.146,14.501,14.354,14.961,13.905,13.782,14.305,13.44,13.068,13.618,14.026,13.618,12.595,12.265,12.391,11.986,12.861,13.324,13.576,11.939,10.219,1.68,1.5027,2.709,3.7189,5.2324,6.3973,7.8979,7.8979,8.6485,6.9878,7.1277,6.7201,4.7518,3.3601,3.2316,4.046,4.2832,5.2593,6.3973,5.7466,5.3392,6.4194,5.9398,6.4194,5.5466,5.5466,6.1956,5.8681,5.3127,5.4179
14.036,16.478,17.596,17.819,17.819,17.345,17.009,16.529,15.443,15.406,14.344,14.295,15.026,14.885,14.588,14.501,15.194,15.489,16.262,16.606,17.427,17.207,17.851,19.338,17.37,17.239,17,14.305,12.849,10.939,11.055,12.761,14.036,13.544,13.143,13.408,13.659,13.121,13.143,13.782,14.452,14.97,14.799,15.443,14.275,14.383,13.153,13.324,14.295,13.45,12.97,12.628,12.594,12.772,11.879,12.628,13.281,12.761,12.391,10.108,1.9155,1.1879,1.9155,3.2315,4.5391,6.4848,8.2473,8.3999,8.2985,7.4566,6.4848,6.0573,5.0119,3.8676,4.2501,4.1493,4.5391,5.04,6.2182,6.0573,6.2182,5.4178,6.1955,5.9396,5.7464,5.7218,5.4696,5.9396,5.9396,5.7218
15.145,16.709,17.592,17.267,17.689,16.911,17.504,16.658,16.504,15.794,14.089,14.318,14.909,14.795,14.612,14.985,15.821,15.973,16.624,17.235,17.267,17.848,18.163,18.069,17.455,16.504,16.393,14.328,12.525,10.603,10.455,13.218,13.346,13.876,13.164,12.87,13.567,13.303,13.303,13.175,14.456,15.219,14.718,14.756,13.927,14.367,14.377,13.567,13.804,13.089,12.793,12.559,11.755,13.175,12.285,12.815,13.303,12.881,12.285,10.918,2.1285,1.0642,1.5051,3.4073,4.388,5.9493,6.8145,8.1399,7.9819,7.7478,6.9381,6.0671,4.2901,3.7627,3.7249,3.8372,4.2901,5.5555,6.0671,5.8534,6.4076,5.3212,5.7558,5.5555,5.7558,5.9493,5.3212,6.4736,5.6566,5.0482
14.318,16.184,17.178,17.456,17.569,17.456,16.633,16.828,16.393,15.542,15.051,15.126,14.368,15.542,14.525,15.358,15.714,16.28,16.701,17.037,17.268,17.553,18.163,18.186,18.006,17.136,16.505,14.279,12.412,10.495,10.919,12.649,13.304,13.629,13.314,13.567,12.782,13.175,13.877,13.304,14.089,14.795,14.612,14.909,13.431,13.927,13.629,13.314,13.175,12.782,12.882,12.948,12.412,12.649,11.958,12.135,13.629,12.782,12.377,10.656,1.5051,1.1899,1.9187,3.3656,4.7893,7.3927,7.1394,8.0527,7.5256,8.1402,6.9383,6.0673,5.4787,3.3656,3.2369,4.1561,4.5466,4.7596,5.7313,6.6677,6.0673,6.4299,6.2285,7.0996,5.7313,5.7313,6.0673,6.2058,5.3479,5.241
14.377,16.666,17.676,17.532,17.232,17.468,17.158,16.624,16.488,16.496,14.582,14.299,14.812,15.482,14.764,15.02,15.931,15.726,16.212,16.877,17.851,17.969,18.149,18.579,18.125,17.419,17.363,15.02,12.844,10.09,10.634,12.844,12.964,13.807,13.704,13.276,12.844,12.623,13.308,13.787,14.03,14.446,14.964,13.939,13.191,14.377,13.518,12.789,13.191,13.276,13.899,12.789,12.789,12.225,12.397,12.789,13.848,12.833,11.731,10.687,1.6793,1.502,1.6793,2.8597,5.257,5.9372,6.9847,7.9656,8.0885,7.2229,6.3945,5.8414,4.2814,3.5623,3.755,4.5682,3.866,5.0379,6.4166,5.9372,6.2156,6.4166,6.7172,5.7441,6.2156,6.4821,5.4156,6.0548,6.0548,5.645
14.359,16.68,16.612,17.667,17.826,17.866,17.53,17.603,17.482,16.164,14.824,14.891,14.919,15.032,15.004,15.988,15.926,16.138,16.882,17.015,17.691,18.179,18.07,17.667,17.312,17.547,16.51,15.042,11.943,10.696,10.319,12.844,12.799,13.529,13.456,13.287,12.855,13.55,13.859,14.3,14.389,13.612,15.032,14.457,13.414,13.981,14.151,13.329,13.159,13.828,13.612,12.855,12.677,11.473,12.599,12.777,13.716,13.287,11.668,10.643,1.5032,1.6807,1.5032,2.862,5.3147,6.4218,6.8061,7.4595,8.4033,7.2287,7.3834,5.5487,5.3147,3.3613,3.758,3.758,4.3826,5.2344,5.7241,5.942,5.7241,6.0597,5.7241,5.7241,6.1979,5.5487,6.6593,5.942,5.942,5.5487
14.501,16.062,16.876,17.605,18.095,17.403,17.133,17.166,15.983,15.698,15.297,14.511,14.026,15.297,15.046,15.416,15.796,16.478,16.91,17.001,18.095,17.207,17.978,17.812,17.476,17.756,16.08,14.117,12.795,10.586,10.639,12.231,12.85,12.85,13.905,13.377,12.861,12.927,13.282,14.433,14.026,14.501,14.771,14.501,13.854,14.176,13.854,13.143,12.85,13.282,13.576,11.986,12.595,11.939,13.314,13.143,13.946,13.451,12.138,10.316,2.1251,1.188,1.6801,3.8312,5.3129,6.4196,7.5135,7.8981,8.2478,8.0923,7.6623,5.4181,5.2326,3.564,3.7568,3.564,4.5393,4.8982,5.94,5.4181,6.1958,5.5468,5.4699,5.2326,5.94,5.5468,5.5468,5.7467,5.4181,5.4699
14.498,16.363,17.585,17.816,17.689,17.537,17.294,17.006,16.19,15.404,14.653,14.911,14.882,15.979,14.911,15.846,15.413,16.526,17.031,16.939,17.601,17.294,17.537,18.78,17.601,16.671,16.628,14.498,12.536,10.676,10.623,12.536,13.065,13.448,13.194,13.322,13.279,13.448,13.406,13.943,14.253,14.114,14.797,14.508,13.851,14.023,13.448,13.406,13.279,13.322,13.542,12.77,12.228,12.4,12.113,12.924,13.78,12.836,12.924,10.463,2.1247,1.6797,1.5024,3.8303,4.8972,6.3961,8.3141,7.9676,7.9853,7.5119,7.5119,5.6464,4.81,3.0048,3.4012,3.867,4.3802,4.8972,4.81,6.0563,5.3382,5.6464,5.3382,5.3117,4.81,5.2583,5.867,5.6464,5.5456,5.3117
14.361,16.165,17.116,17.572,17.411,17.483,17.378,17.116,16.374,15.496,15.478,14.768,15.303,14.517,14.662,15.954,16.165,15.954,16.917,17.042,17.764,17.215,17.985,17.985,17.668,17.116,16.554,14.517,12.454,10.762,10.155,12.363,13.717,13.298,13.288,13.665,13.415,13.149,13.582,13.551,14.311,14.311,13.86,14.311,13.202,14.595,14.032,13.551,13.415,12.778,12.856,12.778,12.132,12.778,11.885,12.51,13.613,13.383,12.634,10.683,2.1915,0.75167,2.126,2.8623,5.3151,5.9425,6.9301,7.384,7.8477,7.7389,6.0602,5.5492,4.5722,3.5655,3.7584,3.8328,3.5655,5.5492,5.2348,6.0602,6.2212,5.4204,5.4723,5.9425,4.754,5.0424,5.2348,6.6598,5.4204,5.7246
14.759,17.006,17.399,17.657,17.302,17.856,17.399,16.501,16.363,15.22,14.614,15.294,15.22,14.816,14.586,15.468,15.22,15.979,16.475,16.628,17.472,17.816,18.153,18.553,17.816,17.729,16.906,14.692,12.626,10.436,10.755,12.229,13.119,13.438,13.81,13.78,13.119,13.119,13.542,14.302,14.023,14.498,15.099,14.352,14.498,13.542,13.279,13.119,13.375,13.194,13.29,12.4,12.4,12.389,12.626,13.119,13.542,13.521,11.984,10.543,2.2536,1.1877,1.5935,2.7085,4.8972,6.0095,7.4554,8.3142,7.3793,7.2247,7.2247,5.4169,4.5693,3.8303,3.231,3.7182,4.5072,4.2825,6.0095,6.0563,6.0563,5.7209,5.5456,4.5383,5.5456,5.6464,5.9387,5.4688,5.7455,4.8972
14.18,16.301,17.301,17.211,17.35,17.593,17.31,17.244,16.779,16.805,15.217,14.592,14.621,14.974,15.049,15.42,15.8,16.508,16.551,16.508,17.761,17.211,17.689,17.665,17.375,17.113,17.038,14.505,12.973,10.468,10.588,12.269,13.157,13.454,13.786,13.817,13.328,13.125,14.03,14.456,13.786,13.949,14.974,14.456,14.03,14.436,13.611,13.028,13.412,13.146,13.58,12.631,12.36,12.44,12.598,12.631,13.285,13.328,12.36,10.641,1.916,1.0628,1.1883,2.657,4.5714,6.399,6.9287,7.3826,7.228,7.0899,6.0122,4.8121,4.5714,3.3609,2.7097,4.2844,4.2844,5.0414,5.4712,5.8696,6.059,6.059,5.7481,4.8994,5.7481,5.9413,5.3141,5.4712,5.5481,5.0414
14.5,16.262,16.975,17.659,17.539,17.659,17.85,16.546,16.681,15.633,14.761,14.617,13.945,15.222,15.488,15.488,15.849,15.688,16.975,16.673,17.345,17.475,17.587,17.165,17.976,17.239,17,13.853,12.594,11.055,10.638,12.538,13.121,12.772,13.408,13.544,13.575,13.44,14.025,14.5,14.304,14.588,15.026,14.353,14.617,14.025,14.025,13.281,12.969,13.324,13.523,12.761,12.114,11.985,12.594,13.44,13.408,12.794,12.23,11.207,2.1904,2.1904,1.5026,3.7565,4.7516,5.8437,6.4847,7.3994,7.7351,7.8976,6.9266,5.6472,4.8979,3.8675,2.8609,3.0052,4.7812,5.0118,5.5464,5.9395,5.7217,6.2181,5.2322,5.7217,5.7463,5.5464,5.4695,6.2181,6.2181,5.4177
14.042,16.638,16.553,17.304,17.016,18.055,17.041,16.95,17.14,15.496,15.127,15.34,14.36,14.36,13.951,15.776,15.45,16.165,17.082,17.247,17.819,17.596,17.866,17.866,17.483,16.883,16.165,15.033,11.991,9.8863,10.469,12.855,12.8,13.55,13.829,12.778,12.932,12.855,13.819,14.458,14.032,14.36,14.301,14.182,14.182,13.91,14.439,13.86,13.446,13.446,12.975,12.767,12.453,12.12,12.6,12.943,13.55,13.287,12.453,10.696,2.8622,1.1885,1.6807,2.8622,5.3149,5.472,7.4028,7.2291,7.8474,7.6098,6.1982,5.3414,4.5411,3.4032,4.285,3.5654,4.7538,4.5721,5.8464,6.4877,6.0599,6.4877,5.9423,5.5489,5.749,5.4202,6.0599,5.3414,6.1982,5.3414
14.512,16.777,16.944,17.404,17.821,18.073,17.821,16.977,16.402,15.472,15.196,14.962,15.047,14.434,14.454,14.887,15.491,15.797,16.471,16.548,18.19,17.758,18.19,18.444,18.073,17.241,16.802,14.306,12.774,10.587,11.17,12.404,13.546,13.546,13.577,13.442,13.41,13.855,13.947,13.855,14.296,14.434,14.763,13.947,13.855,13.546,13.855,13.283,13.026,13.315,14.257,12.629,12.971,12.851,12.449,12.796,13.283,13.144,12.774,10.837,1.9157,1.6802,1.594,3.2319,5.0125,6.42,6.9884,7.5515,8.1277,7.6628,6.219,5.4703,4.8113,4.1498,3.757,4.0464,5.2329,5.0125,6.5721,6.058,5.8686,6.398,5.8686,6.398,6.4638,6.4856,6.4638,6.7626,6.3759,5.9404
14.894,16.928,17.11,17.053,18.387,17.637,16.928,16.987,16.853,15.828,14.569,14.569,15.082,15.423,14.491,15.677,16.163,16.163,16.456,17.086,17.347,17.452,18.532,18.803,17.827,17.509,17.38,14.742,12.745,10.743,10.611,12.375,13.296,13.886,13.886,13.275,13.886,13.805,13.886,14.365,14.276,14.365,15.175,14.414,13.774,14.865,14.157,13.264,13.886,12.756,13.275,12.756,12.215,13.179,12.306,12.778,13.275,13.296,12.833,10.925,2.1223,1.6778,1.6778,3.5592,4.5641,6.7112,7.39,7.8875,8.5057,7.652,7.2165,5.739,4.8045,4.1439,3.826,4.2776,4.5641,5.0334,6.648,6.2102,6.9178,7.2165,6.648,6.5628,6.648,6.5628,6.4764,5.8603,6.0494,5.4108
14.019,16.526,17.088,17.129,17.837,17.567,17.837,17.349,16.654,15.777,15.306,14.896,14.638,14.896,14.943,15.606,16.06,16.526,16.458,16.922,17.711,17.83,17.798,18.572,18.073,17.325,16.864,14.288,12.845,10.939,10.466,12.779,13.266,13.127,13.766,13.424,13.56,13.529,13.591,13.807,14.638,14.483,15.018,14.288,14.896,13.888,13.837,13.266,13.529,13.308,14.019,13.009,12.523,12.779,12.757,13.266,13.888,13.435,12.124,10.666,1.5009,1.1865,2.1879,3.8631,5.6407,7.2174,7.5043,7.8884,8.0299,7.6529,7.0795,5.9327,4.2451,4.5647,3.7521,4.3757,5.034,5.2261,7.0795,6.7539,7.4478,6.7539,5.861,6.7954,6.5636,5.3063,6.3897,6.3897,6.3676,5.7151
15.007,16.987,17.789,16.921,17.518,17.828,17.185,16.653,16.987,15.605,15.614,14.752,14.866,15.387,15.194,15.605,15.469,15.194,16.198,16.345,17.381,18.149,18.296,18.327,17.453,17.954,16.987,14.237,12.657,10.938,10.137,12.099,13.927,13.693,14.326,13.507,13.806,13.507,13.275,14.434,14.414,14.434,15.713,14.743,13.693,14.414,13.59,13.275,13.507,13.836,14.336,12.833,13.392,12.612,12.833,13.126,13.693,12.778,12.579,10.625,1.1864,1.6779,2.1877,4.5334,5.3059,6.9181,7.8879,8.6375,7.5037,7.5037,5.9322,5.9322,5.2526,4.2778,3.7519,4.5643,4.3754,5.4628,5.7147,6.8977,7.3903,7.1187,6.7116,6.8977,5.7147,5.7147,6.2105,5.7393,6.3892,5.0337
15.473,17.148,17.674,17.714,17.352,17.328,17.506,17.091,15.931,15.086,14.87,14.28,14.945,15.5,14.486,15.105,14.955,15.78,16.384,16.168,17.458,17.385,18.324,19.143,17.642,17.801,17.222,14.898,13.108,10.305,11.346,12.615,13.931,13.961,14.022,13.604,13.799,13.531,12.924,13.799,13.931,15.207,15.609,14.486,13.931,14.486,13.268,12.837,13.268,13.89,14.012,13.011,12.848,12.39,12.957,13.129,13.799,13.268,12.31,10.195,2.1229,1.6783,1.5922,3.2283,5.4642,6.4783,8.0314,7.3731,8.1012,8.0314,7.1402,6.3908,4.8931,3.7528,3.7151,4.5655,4.8931,5.7161,6.5647,6.9198,6.4566,6.7966,6.3908,7.1402,6.3687,6.0512,6.4566,5.9337,6.1893,5.7407
14.641,15.966,18.022,17.675,18.115,17.523,17.28,16.934,16.479,15.753,15.012,14.68,14.34,14.281,15.198,14.68,15.309,15.619,16.666,16.589,17.41,17.28,18.262,18.667,18.515,16.859,17.058,14.87,12.826,10.305,10.615,12.253,13.531,13.183,13.81,13.531,13.81,13.531,13.279,14.34,13.891,14.87,15.619,13.84,14.87,13.311,13.531,13.81,13.531,12.837,13.269,12.492,12.345,12.424,12.826,12.424,13.84,12.782,12.103,10.14,1.5012,1.1868,1.9136,3.2284,4.8061,5.7409,7.3733,8.0316,7.8901,8.0316,6.6502,5.5411,5.3074,4.8932,3.7529,4.1452,5.0351,5.7163,5.7163,6.8997,6.6502,6.5649,6.1895,6.4568,6.1895,6.2122,6.413,5.7163,6.2122,4.8932
13.911,16.647,17.305,17.305,17.411,17.596,17.378,17.313,16.681,15.856,15.331,14.701,15.229,13.799,14.92,15.45,16.025,16.27,16.69,17.548,17.532,17.141,17.668,17.985,18.289,17.54,16.417,15.202,12.8,10.63,11.3,12.778,12.932,13.16,13.551,13.32,13.799,13.073,13.952,14.262,13.952,14.507,14.624,14.262,14.882,14.361,13.83,13.613,13.86,13.16,12.8,12.12,12.328,12.236,12.328,12.05,12.856,12.6,12.236,10.696,1.9164,1.5033,1.6808,3.3616,5.3416,6.7231,7.5542,7.6101,8.0957,8.3195,6.4002,4.9003,4.2852,5.0424,3.4033,4.754,5.0424,5.4722,6.2212,6.6598,6.9096,6.9096,6.9096,6.2212,5.9425,5.9425,6.4002,5.8466,5.3151,4.813
15.048,16.498,18.175,18.175,17.543,17.43,17.663,17.43,16.161,15.519,14.386,15.799,15.555,14.591,14.455,15.029,15.446,15.446,16.912,17.543,17.3,17.543,18.035,18.098,17.854,17.152,17.152,15.104,13.027,10.152,10.627,13.284,13.661,14.028,13.295,13.156,13.826,13.547,13.379,13.713,13.661,14.307,14.963,13.547,13.907,13.295,13.61,12.929,13.411,13.948,13.547,12.63,12.268,12.675,12.507,12.675,13.443,12.94,11.702,10.262,1.6803,1.6803,2.1255,3.2322,5.3402,6.8048,7.608,8.4016,7.5521,6.9282,6.0585,5.041,4.1501,3.8684,3.7196,4.284,5.0129,5.4189,6.0585,6.5726,6.8048,6.3985,6.7632,6.3985,6.7632,6.3985,6.3985,6.4643,6.1967,5.8691
14.853,16.85,17.213,17.505,18.252,17.633,17.561,17.319,16.47,16.384,14.938,14.947,14.777,15.273,14.633,15.922,15.754,16.453,16.883,16.974,18.02,17.633,17.824,18.657,18.043,17.513,16.478,15.42,12.95,11.152,10.662,12.338,13.689,13.792,13.586,13.004,13.833,13.123,13.101,13.43,14.124,14.672,14.566,13.638,12.841,14.283,14.124,14.044,13.555,12.753,13.293,12.753,11.861,12.917,12.338,12.609,13.176,12.83,12.338,10.622,1.6774,1.1861,2.3723,4.0398,5.2512,5.9306,7.5017,7.2149,8.2348,6.8959,6.6465,5.0323,4.2766,3.5584,3.3549,3.8618,5.6388,5.859,6.0481,6.4532,6.1861,5.9306,6.475,6.4532,5.9306,6.4095,5.5381,5.4613,5.859,5.2243
14.819,16.943,17.298,17.589,18.32,18.041,17.86,16.885,16.801,15.983,14.733,14.8,14.962,15.037,14.695,15.49,15.297,16.402,16.675,16.977,17.597,17.812,18.297,18.351,17.306,17.241,17.533,15.037,12.595,10.758,10.316,12.773,13.144,13.546,13.068,13.793,13.325,13.546,13.441,13.577,14.067,14.027,14.914,13.905,14.027,14.117,13.783,12.629,13.283,13.293,13.546,12.795,12.539,12.505,12.127,12.629,13.608,13.293,12.971,10.679,2.1906,1.188,1.5027,3.7569,5.5469,6.3977,6.7623,8.04,7.6071,7.1281,6.4635,6.196,4.2835,3.1878,3.3602,4.1496,4.8111,5.4701,6.5718,6.196,6.4197,6.196,6.4197,6.7205,6.4197,6.0578,5.7469,5.7223,5.5469,5.4182
14.482,16.456,16.854,17.573,17.709,18.387,18.047,17.323,16.584,17.086,15.532,14.276,14.365,15.387,15.277,15.277,15.961,16.163,16.456,17.143,17.954,17.573,16.987,17.517,17.541,17.404,16.163,13.957,12.215,10.664,10.611,12.215,12.833,13.296,12.909,13.179,13.433,13.264,13.886,14.008,13.957,14.128,14.569,15.175,14.286,14.675,14.128,14.048,14.008,13.36,13.179,12.249,12.386,12.734,12.006,12.778,13.391,13.307,12.386,10.938,2.251,1.5007,2.3728,3.7517,5.0335,6.0495,7.3901,7.5035,7.8876,7.5035,6.9178,6.411,4.5642,3.7517,3.7517,4.5021,4.8917,5.932,6.0495,6.4765,6.5628,6.1875,7.0788,6.6481,6.4547,5.3057,5.8604,6.0495,5.4108,5.6401
14.569,16.861,17.581,17.637,17.637,18.109,17.184,17.516,16.861,16.344,14.893,14.636,15.006,15.304,15.496,15.468,15.775,16.456,16.171,17.052,17.827,17.184,18.569,17.637,18.008,17.052,16.853,14.481,12.778,10.451,10.205,12.578,13.306,13.527,13.359,13.264,13.275,13.527,13.306,14.007,14.157,14.286,14.598,14.491,14.276,14.364,13.589,13.125,13.558,13.306,12.611,12.656,12.386,12.778,12.203,13.136,13.886,13.835,12.578,11.354,2.1875,1.6778,2.1875,2.8571,4.8044,6.6479,7.6518,8.0288,7.9584,6.9784,5.7388,5.5392,4.564,3.3555,3.7516,3.5591,3.8259,5.332,6.1873,6.3888,6.0026,6.3888,5.7388,5.9318,6.1873,5.4106,5.7388,5.8602,5.2522,5.0333
14.582,16.59,17.653,17.395,17.748,17.532,17.002,17.914,16.497,16.247,14.879,14.426,15.4,15.409,14.992,15.437,15.789,15.691,17.159,16.624,17.363,16.968,18.063,18.164,17.42,17.524,17.338,14.582,12.756,10.311,10.104,12.533,13.612,14.17,13.191,13.287,12.789,12.745,13.191,13.899,13.705,14.582,15.188,14.582,13.97,14.582,13.539,13.601,13.848,12.789,12.789,12.789,12.756,12.443,12.26,12.397,13.899,13.539,12.386,10.474,1.9147,1.6793,1.9147,3.0965,5.0099,5.8656,7.3966,6.8007,7.5101,7.8945,6.0548,5.7441,4.3791,3.4003,4.1476,3.8661,4.1476,4.5372,5.7195,6.0548,6.4822,5.9372,5.7441,5.4156,6.193,5.0379,5.7441,5.3369,6.0081,4.896
14.377,16.624,17.395,17.125,18.403,17.596,18.04,17.532,16.539,16.471,15.842,14.582,14.494,14.299,14.348,14.764,15.726,16.212,16.793,16.877,17.362,17.362,17.58,17.851,17.652,17.232,16.462,14.878,12.833,10.948,10.831,12.133,13.403,13.318,13.539,13.286,13.939,13.445,13.403,14.11,14.504,14.249,14.299,13.848,14.17,13.776,13.611,13.434,13.57,13.371,13.899,12.756,12.109,12.499,12.589,13.276,13.403,13.318,12.109,10.74,1.6793,2.253,1.9147,3.0964,4.5681,6.4603,7.1246,7.2229,8.036,7.1443,6.3945,5.645,3.866,4.379,4.2813,4.506,4.7793,5.3104,5.3368,5.4673,6.2156,5.9372,5.9372,5.7194,5.0098,5.4155,6.1929,5.5442,6.2156,4.8087
13.788,16.541,17.655,17.299,17.103,17.599,17.655,16.498,17.34,15.933,15.022,13.819,14.142,14.583,14.3,16.257,15.208,16.361,16.361,16.541,17.518,16.945,17.814,18.057,17.365,17.003,16.541,15.791,11.982,10.754,10.312,13.149,12.624,13.788,14.447,12.922,13.277,13.971,13.849,13.655,14.757,14.795,14.757,15.115,15.022,13.9,14.35,12.768,13.32,14.021,12.399,13.117,12.261,12.353,12.501,13.309,13.446,12.791,12.624,10.897,1.5933,1.1876,1.5022,3.4007,5.0104,6.9855,7.1254,6.9247,8.5142,7.1452,6.4611,5.0104,3.7554,3.4007,2.6555,2.8601,4.2819,5.468,6.0555,5.0104,7.7329,6.4829,5.8662,5.0104,5.4162,5.311,5.5448,6.2164,6.4829,5.7201
14.288,16.487,17.394,17.684,17.516,17.58,17.338,17.001,15.931,16.071,14.764,14.954,14.445,14.581,14.169,15.482,15.463,15.436,16.47,16.876,17.58,17.001,18.125,18.654,17.747,17.467,17.394,15.094,12.833,10.62,10.896,12.767,13.444,13.538,14.059,13.776,13.611,13.538,13.115,14.019,14.298,14.61,14.792,13.939,13.318,14.347,13.444,12.855,13.444,13.19,13.318,12.855,12.844,12.964,12.317,12.844,13.538,12.844,12.532,10.634,1.9146,1.6792,2.1894,2.8596,5.3102,6.0545,7.5097,7.8941,7.3962,6.8003,6.3722,4.568,4.2481,3.8292,3.0039,3.7549,4.0441,5.2299,5.937,5.544,6.1927,6.2154,5.7438,6.4601,6.8003,6.3943,6.0078,5.544,7.0847,5.937
14.88,16.541,17.103,16.87,17.814,17.655,18.057,17.291,15.968,16.904,14.88,14.689,15.106,15.319,14.142,15.548,15.511,15.968,16.188,17.028,18.089,17.201,18.166,18.436,17.591,17.34,17.127,14.766,12.835,10.202,10.542,12.319,13.32,14.031,13.54,13.277,13.446,13.404,13.54,14.031,14.447,14.965,14.3,14.506,13.54,13.849,14.29,13.9,13.706,12.624,13.063,12.769,12.353,13.32,12.433,13.117,13.572,13.32,12.857,11.266,2.1898,1.9149,2.1898,3.2306,4.8965,6.3953,7.2237,7.8954,7.8954,6.3953,6.0555,4.8093,4.8965,2.8601,3.359,4.3796,4.7503,4.8965,6.8014,5.9379,7.1452,7.4543,6.0555,6.9247,6.0555,6.4611,6.4829,6.5693,6.5693,6.0555
15.079,16.522,17.793,17.793,18.146,18.392,18.013,17.108,17.124,15.674,14.976,14.797,15.079,15.384,15.274,15.924,15.71,16.239,16.984,17.272,17.634,17.73,17.634,18.146,17.009,17.666,16.859,14.976,12.951,10.676,10.885,12.907,13.525,13.525,13.262,13.294,13.305,13.102,13.556,14.48,14.274,14.323,14.333,14.155,14.045,14.333,13.273,14.005,13.639,13.762,13.525,12.61,12.951,12.743,12.754,12.743,13.525,13.431,11.862,10.61,1.9127,1.061,2.122,3.2269,5.0327,6.0018,7.4269,7.6509,8.0802,7.5955,7.3889,5.9311,3.7511,3.5586,3.8254,3.3551,4.8909,6.0485,5.8595,6.7521,6.8964,6.7936,6.4537,6.647,6.5618,6.647,6.7102,6.647,6.388,5.7136
14.798,17.427,17.785,18.316,18.261,18.104,18.198,18.198,16.412,16.298,15.32,15.735,15.142,15.066,14.603,15.598,15.552,16.298,17.095,17.229,17.785,17.985,18.479,18.786,17.985,18.222,17.55,15.32,13.017,11.029,11.171,12.862,14.003,14.003,13.951,13.89,13.214,13.116,13.807,13.418,14.043,14.455,14.396,14.455,13.535,14.406,13.375,13.703,14.074,13.246,13.375,12.862,12.94,13.375,12.593,13.061,13.386,13.061,12.717,11.029,1.929,1.5132,2.675,4.5711,5.3501,6.7674,8.0962,7.9535,8.1841,6.7036,6.9551,5.5083,4.8447,3.858,3.858,4.8151,5.0473,5.7622,6.2392,6.2621,7.716,6.9551,6.9551,7.4518,6.6177,6.9551,6.4645,7.1379,6.8095,5.7622
14.507,16.243,16.881,17.021,17.842,17.725,18.036,17.842,17.004,16.674,14.997,15.508,14.707,15.099,14.546,15.853,16.036,15.827,16.422,16.354,17.215,17.408,17.912,17.472,17.551,17.037,16.757,14.932,12.677,10.129,10.386,12.829,13.505,13.339,13.709,13.443,13.224,13.224,13.709,13.84,14.148,14.688,13.93,14.707,13.182,13.556,14.479,13.182,13.214,12.84,13.023,12.264,12.173,12.753,11.896,12.298,13.224,12.829,12.699,11.272,1.9011,1.179,3.2073,4.5051,5.7034,7.1717,6.8546,8.2532,7.7851,7.1717,6.7524,4.348,3.8386,3.8022,3.5371,4.348,4.5358,5.824,5.9655,6.3493,6.3493,6.3273,7.0938,6.3273,6.7111,6.9352,6.4362,6.5221,6.1716,6.4146
14.305,16.118,17.216,17.763,17.934,17.384,18.617,17.408,16.858,15.832,15.27,14.781,15.06,15.078,14.977,15.379,14.305,15.656,16.332,16.383,17.408,17.535,18.46,17.693,17.763,17.432,16.357,14.227,13.196,10.544,10.544,12.747,13.206,14.05,13.486,13.206,13.164,12.812,13.589,13.538,14.129,14.488,15.078,14.865,14.256,14.526,13.258,13.29,13.67,13.196,13.164,12.725,12.725,13.164,12.483,12.659,13.497,13.005,12.648,10.842,1.8985,1.4893,3.5323,4.468,6.1407,7.3906,7.3152,8.2419,8.4905,7.4467,6.3406,5.5974,5.3699,4.0101,4.1125,3.8334,5.186,6.0037,6.8655,7.8278,7.3906,6.4275,6.9258,6.702,6.3406,6.3406,6.9258,6.3624,6.6605,5.2656
14.48,16.571,17.39,17.268,17.821,17.559,17.774,17.559,16.973,16.84,15.948,15.456,14.938,15.079,15.19,15.264,15.887,16.15,16.94,16.596,17.623,17.559,17.774,18.736,17.781,17.366,17.26,15.079,12.745,10.416,10.916,12.239,13.254,13.412,14.086,13.516,13.04,13.412,14.006,14.036,13.996,14.324,15.013,14.882,13.916,14.006,13.63,13.254,13.296,13.126,13.296,12.833,12.997,12.568,12.745,13.285,14.036,13.495,12.478,10.929,1.9115,1.6765,3.2247,3.7487,5.7344,6.9122,7.9698,8.3823,8.3823,7.8274,6.9122,5.2213,4.2741,4.1405,4.1405,4.2741,5.3014,5.5348,5.9272,6.8918,6.8918,6.8918,7.384,6.4712,7.073,7.1126,6.8918,6.2052,6.1825,5.9272
14.48,16.616,17.667,18.293,18.293,18.254,17.051,17.667,16.582,16.039,15.192,14.864,15.711,15.014,15.192,15.302,15.467,15.827,16.48,16.885,17.009,17.825,18.014,18.53,17.571,16.985,16.927,15.014,12.908,10.61,10.423,13.006,13.525,13.773,13.598,13.834,13.525,13.263,13.358,14.006,13.273,14.635,14.892,13.885,13.305,14.284,13.263,13.049,13.925,13.525,13.263,13.557,12.754,12.374,13.006,13.588,13.305,13.295,11.779,10.742,2.3725,1.1863,2.8569,3.3552,5.7383,7.54,7.5958,7.8866,8.2528,7.9753,6.4757,6.0487,4.1434,3.7513,3.8622,4.8911,6.3882,5.6394,6.9778,6.7938,6.9778,6.6473,6.3882,6.917,6.7105,7.1175,6.1868,6.3661,6.7938,5.3051
14.231,16.225,17.373,17.508,17.508,17.705,17.508,17.325,16.53,16.225,14.907,14.691,14.634,15.713,15.419,15.383,16.019,16.225,16.631,17.091,17.002,17.437,17.705,17.002,18.016,16.928,16.26,14.644,12.912,10.807,10.428,12.663,13.03,13.785,13.262,13.735,13.03,12.739,13.674,13.915,13.674,14.182,14.491,14.606,14.26,14.568,13.704,13.49,13.785,13.428,13.21,12.685,12.739,12.341,12.16,12.663,13.428,13.694,12.341,10.665,1.899,1.5801,2.8364,4.0112,5.8176,7.3361,8.3279,7.9704,8.9539,8.4928,6.5149,5.6971,4.8559,3.7243,3.5332,4.5001,4.8559,5.6971,6.5149,7.0664,7.3361,6.6623,7.0664,6.5149,6.8471,6.1649,7.1639,6.8673,6.4292,5.267
14.736,16.382,18.04,17.373,17.63,18.449,17.373,18.411,17.398,16.052,14.86,14.669,15.197,15.599,15.417,16.166,15.911,16.131,15.92,16.881,17.534,16.914,18.157,17.947,17.781,17.276,17.63,14.564,12.751,10.42,11.15,12.948,13.302,13.83,13.79,13.595,12.607,13.099,13.595,14.002,13.922,14.476,14.428,14.736,13.952,14.746,13.428,13.553,13.002,13.291,13.417,12.817,12.607,12.915,12.817,12.336,13.121,13.522,12.382,11.276,2.1868,1.5911,2.3719,4.5624,6.0472,6.3865,8.2507,7.5938,7.7223,8.0958,6.4523,6.0472,4.276,3.8612,4.276,4.276,4.8898,5.7369,6.4523,6.474,6.976,6.7921,7.5006,6.474,6.4523,6.474,6.4523,6.7087,6.6456,6.1852
14.852,15.744,17.791,17.893,17.728,17.512,18.019,17.512,16.882,16.579,16.34,15.957,14.974,15.672,14.937,15.6,15.957,15.895,15.957,17.138,18.034,16.773,18.504,18.451,17.83,17.83,17.007,14.004,13.419,10.189,10.661,12.107,13.292,13.637,14.004,13.356,13.689,13.122,13.292,14.233,14.094,14.014,15.189,14.004,14.429,13.523,13.523,13.122,13.689,13.271,13.523,13.356,12.371,12.095,13.047,12.752,14.014,12.829,12.84,10.819,2.3721,1.1861,2.3721,3.3964,5.461,6.9159,8.0965,8.3867,8.1139,7.6499,6.9159,4.8902,4.0396,4.2764,3.5582,4.1427,4.2764,6.0477,6.4529,5.7374,6.6462,6.8955,6.4746,6.2084,6.4746,5.9303,6.9159,6.7094,6.2084,6.561
14.857,16.379,16.946,17.271,17.455,18.035,17.724,17.903,17.407,16.036,15.65,14.847,15.098,14.687,14.275,15.676,15.826,16.036,16.379,16.472,17.527,17.166,17.407,17.558,17.166,17.455,16.822,14.763,12.499,10.558,10.183,12.444,12.752,12.752,13.514,13.022,13.223,13.442,13.708,13.93,14.343,13.93,14.583,14.197,14.583,13.749,13.442,13.213,13.514,13.514,13.442,12.676,12.297,12.023,12.577,13.043,13.708,13.022,12.138,10.676,2.6362,1.6673,2.3579,3.8021,6.4143,7.0344,8.2021,8.1851,8.0308,8.0481,7.4564,5.9652,3.8384,4.3478,4.2508,3.5369,4.7745,5.6047,6.3489,5.9652,5.7997,6.3489,6.3489,6.3489,5.8237,6.0116,6.327,6.1487,6.1713,5.9652
14.895,16.662,17.639,17.79,17.663,17.798,17.518,17.186,16.78,16.475,15.901,15.425,14.8,14.753,15.452,15.47,15.669,15.83,16.93,17.054,17.325,17.013,17.639,18.072,17.734,16.863,16.653,14.867,12.746,10.303,10.096,12.523,12.613,12.921,13.559,13.642,13.528,13.105,13.424,13.837,13.958,14.277,14.857,13.928,14.483,13.528,13.59,13.265,13.928,13.528,13.297,12.421,13.265,12.657,12.911,12.954,13.642,12.823,12.376,10.744,1.678,1.5008,2.6531,4.1443,5.226,6.3895,8.2885,8.3898,7.8882,8.0821,6.5634,5.7395,4.278,4.278,3.3559,4.278,4.3756,5.226,5.9325,4.8921,6.0033,5.9325,6.0033,5.3327,5.3062,5.8609,6.477,5.9325,6.0033,5.4113
14.792,16.246,16.59,17.297,17.467,17.85,17.516,17.232,17.724,16.359,15.726,15.215,14.792,15.69,14.649,15.482,16.59,16.072,16.255,15.545,17.1,17.125,17.419,17.596,17.338,16.876,16.289,14.764,12.397,10.54,10.687,12.317,13.275,13.275,13.115,13.776,13.611,13.115,13.807,14.445,14.029,14.169,14.581,13.969,14.139,14.298,13.776,13.611,13.115,13.776,13.275,11.933,12.397,12.109,12.844,12.964,13.786,13.115,12.109,10.947,2.2529,1.1874,1.6792,3.8659,5.937,6.3943,7.9653,8.3962,8.1057,7.7318,6.4819,5.3367,4.2812,3.0963,3.8659,3.8659,4.568,4.8086,5.2568,6.3943,6.8004,5.937,5.7439,5.3367,6.1927,5.937,6.4819,5.8653,6.0546,5.937
14.804,16.992,17.328,17.794,17.794,17.522,17.587,17.263,16.53,16.53,14.946,14.756,15.428,15.03,15.281,15.198,15.609,16.142,17.132,16.203,17.385,16.992,17.587,18.423,17.506,16.657,16.992,14.574,13.268,10.575,10.575,12.492,13.593,13.427,13.604,13.562,13.011,13.395,12.913,14.574,13.531,14.438,14.574,14.012,12.837,13.779,13.3,13.13,13.84,13.645,13.562,12.76,13.108,12.615,12.582,12.924,13.779,13.183,12.103,10.89,2.6537,1.9136,2.1883,3.8638,5.4643,6.7967,8.1187,7.89,7.5432,7.4492,6.6501,5.4125,4.5656,3.2283,2.7062,4.1452,4.2789,4.8931,5.4125,6.0513,6.3909,6.0513,5.3338,5.6418,6.92,5.6418,6.5648,5.9338,6.6501,5.9338
15.269,16.745,18.062,18.008,18.039,18.031,17.78,17.827,16.337,15.918,15.597,14.706,15.416,15.306,14.562,15.186,15.009,15.954,16.846,16.945,17.315,16.77,18.501,18.652,17.509,17.003,16.77,14.706,13.3,9.7354,11.386,12.301,13.92,13.768,14.001,13.3,12.816,13.098,13.044,13.635,13.686,13.951,14.744,14.358,14.23,14.279,12.914,13.044,13.521,13.686,13.427,12.772,13.269,12.772,12.772,13.13,13.799,13.385,12.816,10.187,2.6516,1.5,2.1866,3.354,5.46,6.8942,7.4434,7.6484,7.3865,6.7081,5.3032,5.5367,4.0388,2.6516,3.8242,3.7499,4.2756,5.0311,5.46,5.2231,5.7363,7.0754,5.7117,6.6449,6.7081,6.4079,6.4079,6.5597,6.3859,6.0466
14.122,16.45,17.373,17.136,18.125,18.502,17.63,17.34,17.34,16.611,15.598,14.888,14.27,15.001,15.001,15.769,15.38,15.822,16.226,17.103,17.445,17.34,16.855,17.136,17.63,17.316,16.654,14.669,12.244,10.132,10.188,12.773,13.099,14.092,13.594,13.099,13.291,13.002,13.584,13.789,14.329,14.152,14.476,14.973,13.83,14.745,13.635,13.521,13.759,13.002,13.584,12.729,13.174,12.606,12.573,13.259,14.012,13.428,12.751,11.074,1.6771,1.9122,2.7043,4.2759,4.8896,6.6453,6.4521,7.8843,8.0257,7.3679,6.047,5.3036,4.2759,4.3734,3.8244,3.5577,4.8026,6.047,5.9296,5.9296,6.5601,6.8946,6.4083,7.0758,6.915,6.9757,6.047,6.5601,6.4083,6.3863
14.682,16.895,16.626,17.29,17.669,17.645,18.157,17.645,17.331,16.592,15.311,15.2,14.957,14.498,15.403,16.179,16.004,16.49,16.761,16.66,17.135,16.66,17.509,17.525,17.061,16.928,16.481,15.107,12.437,10.576,10.735,12.392,13.27,13.429,13.564,13.647,13.564,13.606,13.533,14.243,13.933,14.024,15.2,13.842,14.806,13.564,13.606,13.11,13.771,13.013,14.014,12.839,12.784,12.22,13.142,13.281,13.533,13.647,12.255,10.827,1.6786,2.6541,2.2521,4.1458,5.7171,6.4577,8.2916,7.7288,8.393,6.921,5.9347,4.5663,4.5353,4.2796,4.0426,3.7534,5.3346,5.2548,6.9818,6.4794,6.4577,6.921,6.7144,6.921,6.7144,6.6511,7.2199,7.2199,6.9006,6.4139
14.549,17.063,17.541,17.685,17.999,17.772,17.637,17.613,17.541,16.756,15.878,15.754,15.182,14.414,14.732,16.21,15.896,16.036,16.219,17.087,18.046,17.493,17.984,17.613,17.811,17.063,16.502,15.283,12.561,10.663,10.61,12.935,13.033,13.938,13.488,13.868,13.119,13.341,13.161,14.345,13.868,14.316,15.061,14.345,14.722,14.079,13.989,13.776,13.776,13.289,13.776,13.509,12.903,12.815,12.903,13.289,13.54,13.786,12.198,10.61,2.1847,2.248,2.3696,4.496,5.7313,7.0692,7.8769,8.2766,8.4942,6.9085,6.4023,5.2185,4.3693,4.1383,4.5271,4.798,5.2453,5.8524,6.744,6.9085,6.7855,6.3803,6.3803,6.3803,6.744,6.9085,6.4677,6.8881,6.9692,6.7022
15.171,16.904,17.515,17.635,18.429,17.809,18.299,17.611,16.628,16.139,14.919,16.174,14.985,14.653,14.577,15.752,15.401,15.428,16.628,16.636,17.061,17.159,17.801,18.291,17.298,17.322,17.77,14.985,13.245,10.871,10.922,12.504,13.815,14.107,13.106,13.744,13.245,13.371,14.027,13.866,13.775,14.615,15.51,13.987,14.548,14.027,13.16,13.256,13.507,13.937,14.265,13.245,13.287,13.287,12.901,13.031,13.987,13.106,12.368,10.409,1.5894,2.3693,2.997,4.7386,5.3244,7.108,7.6408,8.4768,8.087,7.4925,6.8874,4.3688,4.4955,4.5266,4.2714,4.7386,5.7061,6.2011,7.108,6.7015,7.6408,7.0684,7.1277,6.9077,7.4925,6.3796,7.1277,7.206,6.7015,5.8518
14.73,16.973,17.551,17.559,17.623,17.994,18.056,17.39,16.848,16.332,15.601,14.74,15.411,15.816,15.088,15.664,15.762,16.15,16.639,17.334,17.439,16.84,18.134,17.813,17.527,16.973,15.949,15.079,12.943,10.128,10.735,12.768,13.753,13.753,12.899,13.578,13.875,12.834,13.296,13.682,14.036,14.422,15.079,14.854,13.825,14.146,13.682,13.516,13.996,13.296,12.768,13.296,13.126,12.724,12.376,12.823,13.825,13.296,12.297,10.929,1.6765,2.7032,3.2248,4.8007,6.2052,7.4975,8.7435,8.3824,7.9522,7.4221,5.3015,5.3279,4.8877,4.0375,4.8007,5.0014,5.9273,5.9273,7.5906,7.5906,7.2108,6.9123,7.2108,7.3651,6.4496,6.3838,6.9123,6.3838,6.7059,6.0446
13.932,16.523,17.429,17.922,17.261,17.309,18.175,17.429,17.132,16.108,15.342,15.26,15.296,15.786,14.592,15.476,15.83,15.548,16.64,17.237,17.132,16.847,17.373,17.999,17.642,16.986,17.132,15.151,12.727,10.848,10.577,12.846,13.651,13.692,13.478,13.529,13.722,13.155,13.651,13.312,13.682,14.372,13.982,15.078,13.58,14.363,13.722,13.416,13.281,12.9,13.187,12.651,12.727,12.996,12.023,12.943,13.323,13.155,12.508,10.95,1.8973,2.2325,4.0075,4.8514,5.9534,7.8227,8.169,7.8932,7.8227,8.3201,6.3364,5.3663,4.7066,3.8309,4.2425,4.9643,5.4938,6.3582,6.5089,7.3104,6.9212,7.4418,6.861,6.3364,6.3364,7.3104,7.1573,7.0205,7.0795,5.9997
14.281,16.856,17.252,17.535,18.064,18.227,18.064,17.511,17.268,16.131,15.463,15.463,15.308,14.67,14.775,15.095,15.011,16.052,17.252,16.519,17.211,17.495,17.317,18.624,17.567,17.892,16.981,14.86,13.1,10.621,10.461,12.382,14.251,14.36,13.174,13.27,13.174,13.428,13.553,13.522,14.281,15.169,14.32,13.922,13.291,13.881,13.501,13.355,14.281,13.79,13.121,13.26,12.729,13.26,12.382,13.291,13.77,13.26,12.199,10.674,1.6772,1.9123,2.7044,4.0393,5.3038,6.9154,8.096,8.0786,7.5939,7.5382,5.5374,5.2237,5.0036,4.8028,3.7504,4.7439,5.9299,5.8583,6.3867,6.9154,6.3867,6.4524,7.6493,6.895,7.214,6.9154,7.214,6.6457,6.208,5.6381
14.342,16.659,17.581,18.242,18.032,17.517,17.645,17.517,16.515,16.004,14.758,15.2,15.2,14.957,14.948,15.311,14.948,15.43,16.464,16.659,17.804,16.786,17.844,18.969,17.844,17.844,17.118,15.089,12.926,10.141,10.735,12.346,13.77,14.054,13.185,13.842,12.959,13.013,13.302,13.801,14.104,14.488,14.682,14.758,13.933,14.014,13.302,13.132,14.134,13.313,13.142,12.312,12.959,13.429,12.346,12.426,13.11,12.915,12.392,10.943,2.252,1.9139,3.0951,4.8938,5.9347,6.9209,8.3929,7.8911,7.2198,7.3743,5.9347,5.0077,5.5418,4.2795,4.2795,4.1458,5.4132,5.7416,6.5658,7.1216,6.213,6.9006,7.1216,6.4576,6.9209,6.9817,7.2198,6.5658,6.213,5.9347
14.121,17.212,17.351,17.666,17.666,17.602,17.928,17.114,17.081,16.371,15.031,14.593,14.309,14.975,15.031,15.943,15.783,16.483,16.551,16.551,17.698,17.545,17.286,17.61,17.545,16.483,15.738,15.448,12.441,10.549,10.468,12.799,12.974,13.444,13.622,13.072,12.941,13.328,13.125,13.95,13.787,13.95,14.04,13.549,13.858,14.593,13.125,13.797,13.549,13.817,13.328,13.072,12.777,12.13,12.632,12.854,12.843,13.028,12.048,10.441,1.9161,2.6572,2.8619,3.8689,6.487,6.9291,7.4591,9.2963,7.402,7.402,6.487,5.5484,4.5406,3.7578,4.0473,4.2846,4.8996,5.8699,6.7641,6.9291,7.5156,6.9291,6.3993,6.9291,6.7641,6.9899,6.9291,7.2283,6.2203,5.4196
14.059,17.288,17.651,17.85,17.81,18.163,17.587,17.141,17.337,16.469,15.788,14.298,14.425,15.77,15.436,15.463,15.761,16.538,16.934,16.992,17.337,17.066,17.337,17.555,17.288,17.595,16.665,14.962,12.843,10.686,10.145,12.788,12.766,13.317,13.775,12.931,13.115,13.061,13.538,13.938,13.806,13.538,14.493,14.139,13.6,13.847,13.147,12.92,13.115,13.433,13.806,12.843,13.018,12.442,12.755,12.766,13.317,12.963,12.132,10.2,1.5019,2.655,3.0038,5.0094,6.5681,7.6027,8.709,8.1227,8.3958,7.2223,6.4161,5.9367,4.5057,3.3583,3.8657,4.7494,5.467,6.0543,6.4817,6.9234,7.1438,6.903,7.5094,6.4599,6.4817,6.5681,6.4817,6.4599,6.3941,5.5438
14.16,16.513,16.935,17.13,18.466,18.134,17.988,18.095,17.033,16.513,15.574,15.169,14.967,15.332,14.893,15.785,15.994,16.438,17.25,16.513,17.67,17.481,17.911,18.413,17.911,16.713,16.63,15.287,12.378,10.439,10.583,11.677,13.147,13.304,13.189,12.935,12.806,12.988,13.673,13.653,13.894,13.653,13.273,13.924,13.572,13.653,13.894,13.304,13.673,12.935,13.01,12.988,12.378,12.838,12.719,13.147,13.653,13.147,12.322,10.648,1.8961,2.6294,2.6815,4.3366,5.6883,7.3058,6.8567,7.5844,8.2314,8.1639,5.996,4.7037,4.4932,4.1073,3.8285,4.733,5.9497,5.7847,5.996,6.8567,6.4192,5.8086,6.3325,6.3977,6.6934,6.3325,6.3325,6.3106,6.1328,5.8086
14.488,16.297,17.443,17.283,18.17,17.799,18.047,17.419,17.539,16.917,14.942,15.337,14.942,15.301,14.411,15.589,15.337,16.185,16.517,16.021,17.563,17.178,17.97,17.419,17.728,17.539,16.66,14.783,12.751,10.684,10.149,11.857,12.707,13.222,13.452,13.191,12.761,13.053,13.759,13.698,14.207,14.488,13.94,13.969,12.935,13.616,13.698,13.759,12.935,13.191,13.452,12.586,12.317,12.147,12.317,12.761,12.978,13.285,12.452,10.605,2.6381,2.1105,3.0765,3.8047,5.2762,6.9398,7.4617,7.1764,8.071,6.7155,6.4188,4.8644,3.7308,3.0765,2.6381,4.2538,5.4322,5.1965,5.4322,6.9398,6.4404,6.8591,6.1531,6.3534,6.0158,5.8278,6.3534,6.5263,6.6739,6.0158
14.633,16.451,17.495,17.519,18.488,18.239,17.925,17.59,16.392,16.442,15.272,14.905,15.407,15.181,14.746,15.407,15.789,15.824,16.751,16.315,17.495,17.368,17.495,17.44,18.11,17.143,16.341,14.886,12.002,10.42,10.42,11.874,12.816,13.283,13.252,13.418,13.252,12.74,13.418,14.171,13.815,14.595,14.48,14.171,13.775,13.2,13.48,13.531,13.449,13.314,13.895,12.51,12.151,12.275,12.51,12.999,13.49,13.664,11.932,10.486,2.8342,2.17,3.1578,4.2432,4.9929,6.3375,7.6631,7.3305,8.2211,7.387,5.9544,5.2893,3.0688,3.7952,3.8315,4.2432,5.263,6.0008,6.4243,6.8621,6.3375,6.3375,6.3375,6.3375,6.4243,5.8132,6.6987,6.4027,6.5945,5.7893
14.13,16.528,17.146,17.22,18.043,18.26,17.799,17.576,17.456,16.382,15.964,15.196,14.944,14.484,15.535,16.244,15.999,16.174,17.015,17.277,17.512,17.277,17.64,17.664,17.146,17.504,16.14,14.802,12.389,10.745,10.194,12.251,12.423,12.955,13.267,13.182,13.309,13.182,13.838,14.279,13.808,13.929,14.338,13.509,13.929,14.716,13.777,12.824,13.425,13.797,14.01,12.824,12.124,12.124,12.824,12.58,13.435,13.139,12.423,10.533,2.188,2.188,2.6533,3.7524,5.2265,6.4776,7.598,8.5568,7.96,7.2179,6.0505,4.376,4.2784,3.7524,3.7147,4.8925,4.376,6.0505,5.8373,6.3901,6.368,6.3901,5.8614,6.0038,5.8614,5.7401,5.5403,5.933,6.0505,6.2113
14.915,16.411,17.686,18.096,18.096,17.821,17.429,16.886,16.952,16.16,15.851,15.445,15.028,14.962,14.962,15.326,15.112,15.518,16.548,16.548,17.011,17.299,18.096,18.845,17.404,17.11,17.135,14.887,12.674,10.109,10.151,12.358,13.41,13.825,13.155,13.326,13.155,13.825,13.198,13.977,13.712,14.177,14.502,14.454,13.825,13.546,14.385,12.862,13.452,13.069,13.123,13.326,13.069,13.283,12.128,12.774,14.027,13.315,12.232,10.693,1.9157,2.2542,2.6566,3.4021,5.0125,7.5141,7.6074,8.1103,7.4385,7.1482,5.4185,5.0125,3.757,4.0464,3.0981,3.8314,5.5472,6.058,5.9404,6.058,6.9276,6.398,6.398,6.398,5.8687,5.648,6.4638,6.398,6.058,5.648
14.039,16.278,16.698,16.9,17.876,17.749,17.709,17.556,17.362,16.562,15.864,14.397,14.289,14.368,15.504,15.458,16.199,16.173,16.312,16.647,16.9,17.321,16.891,17.836,17.709,17.223,16.689,14.785,12.414,10.555,10.595,12.46,13.036,12.64,13.795,13.557,12.982,13.557,14.159,14.318,14.318,14.189,14.049,14.189,13.463,14.368,13.989,13.294,13.39,12.785,13.836,12.807,12.242,12.785,12.762,12.807,13.036,13.453,12.46,10.595,2.7115,2.1925,2.6588,3.8346,6.0631,6.3812,6.81,7.6138,7.6138,6.7683,5.8495,5.2642,3.7602,4.0498,3.1007,4.5434,4.9027,5.9454,5.9454,5.7273,6.913,6.2242,6.9334,6.2242,6.663,6.7264,6.4911,6.3812,6.663,5.8736
13.9,16.398,17.659,17.438,17.659,17.596,18.024,17.596,16.881,15.377,15.413,14.901,15.159,14.666,14.966,15.413,15.485,15.707,16.262,16.823,17.214,16.823,17.43,18.154,17.525,17.446,16.448,14.984,12.291,9.9895,10.803,12.734,12.723,13.658,13.423,13.587,13.025,13.194,13.495,14.666,13.658,14.176,14.751,13.78,13.658,14.486,13.204,13.194,13.423,13.9,13.78,13.035,12.647,12.006,12.81,13.162,13.204,13.078,12.006,10.424,2.3545,1.8983,2.3545,3.7229,5.8864,6.7424,6.9249,7.3143,7.1611,7.6658,5.6949,4.854,3.3298,3.3712,3.3712,4.7384,4.2447,6.0029,6.1399,6.6597,6.3616,7.0243,6.0029,6.5969,6.5123,6.5969,7.0636,6.6597,6.4267,6.1624
14.288,16.767,17.001,17.288,17.596,17.676,18.031,17.337,16.666,16.393,15.481,14.991,15.463,15.029,14.581,15.617,15.626,15.317,16.15,16.358,17.811,16.674,18.124,18.023,17.723,17.1,17.394,14.868,12.832,10.673,10.513,12.109,13.434,13.6,13.816,13.275,13.37,13.19,13.318,13.898,13.816,14.687,14.377,14.268,14.109,13.806,13.806,13.434,14.019,12.766,13.569,12.498,12.667,12.92,12.667,13.275,13.806,13.402,12.755,10.752,2.3747,2.3747,3.23,4.2811,5.3366,6.4818,7.6029,7.4531,7.894,7.0846,5.4671,4.8957,3.0038,2.7076,3.1861,4.7495,5.5439,6.1926,6.5682,6.9235,7.0846,7.2225,7.7316,6.9235,6.46,7.144,6.9235,6.4818,7.6029,6.0077
14.807,16.376,17.223,17.407,18.343,17.985,17.675,17.343,16.776,15.966,15.057,15.057,15.686,15.038,14.807,15.284,16.018,15.464,16.502,16.198,16.932,17.03,17.792,17.854,17.415,17.191,16.51,14.148,12.641,11.154,10.209,11.898,13.008,12.933,13.882,13.477,12.986,13.405,13.802,14.303,13.762,13.802,14.732,13.802,14.352,13.518,13.569,13.187,13.018,13.762,14.001,13.008,12.707,13.187,12.986,12.707,13.671,13.008,12.641,10.477,2.8315,2.8315,3.0659,4.2391,5.8786,6.1543,8.026,7.887,8.026,6.6509,5.8786,4.8476,3.3668,4.4924,4.2391,4.2391,5.8786,6.5038,6.8556,6.5038,6.8556,6.5038,6.7335,6.8556,6.6924,7.9568,8.2133,7.1517,6.5883,5.8077
14.421,17.129,18.095,18.133,18.28,18.311,17.821,17.438,16.638,16.46,15.19,15.592,15.456,14.701,14.929,15.762,15.456,15.483,16.511,17.309,17.623,17.26,18.562,18.009,17.884,17.551,16.468,15.383,13.296,10.128,10.456,12.331,13.296,13.915,13.115,13.753,13.115,13.093,13.115,13.38,13.516,14.557,14.036,14.739,13.516,13.753,13.588,13.784,13.296,13.784,13.04,12.745,13.38,13.115,12.822,12.745,13.784,13.38,12.734,10.734,2.1858,3.2247,3.3529,5.0293,5.4063,7.1125,7.6457,7.9697,7.3649,6.7057,5.4581,4.5295,4.2741,3.8594,3.8594,5.0013,5.3278,6.0445,7.4408,6.789,7.9697,7.5346,7.4408,8.281,6.9728,6.7475,6.9728,6.6426,6.8918,6.1824
15.296,16.759,17.649,18.05,18.67,17.996,17.933,17.36,16.909,16.641,14.658,15.369,15.158,15.296,13.82,16.118,15.934,16.153,16.565,16.759,17.996,17.815,18.128,18.82,17.689,17.255,17.165,15.406,12.938,10.439,10.056,12.235,13.512,13.82,13.574,13.871,13.121,13.249,13.512,14.141,13.82,13.911,14.27,13.992,12.763,13.677,12.992,13.036,13.292,13.759,13.992,13.292,12.741,13.26,12.829,13.344,13.871,12.763,12.564,10.599,2.2485,2.2485,3.5552,4.1392,6.1805,6.91,7.1103,7.588,8.107,7.2084,5.9253,5.2997,4.5281,3.7475,4.5281,4.559,4.8861,6.0426,7.4949,7.2084,7.0707,7.3626,7.3817,7.588,7.3817,6.8896,7.8786,6.91,6.91,6.4037
14.853,17.096,17.558,18.094,18.008,17.694,18.241,17.112,16.839,16.459,15.456,15.699,15.069,14.352,14.701,14.966,15.456,15.663,16.638,16.595,17.938,16.847,17.82,18.28,18.241,17.502,17.202,15.18,13.264,10.456,10.602,12.364,12.822,13.945,13.495,13.295,13.875,13.253,13.125,13.793,13.996,14.401,14.739,14.036,14.274,13.38,14.036,13.578,13.824,13.515,13.253,12.745,12.822,12.833,12.822,13.168,13.793,13.681,12.33,10.602,2.3708,2.9988,2.9988,4.8875,5.7341,6.9119,7.1123,8.2977,7.497,6.7473,5.8554,4.4982,4.274,4.274,4.1404,5.0292,5.9269,6.8916,7.3837,7.5902,7.8808,6.8916,7.3837,7.5902,6.8916,7.2104,6.9119,7.497,6.3835,6.4492
15.415,16.77,17.628,18.286,17.944,17.7,17.395,17.102,16.652,16.465,15.195,15.186,15.443,15.296,15.305,15.186,15.891,15.443,16.474,17.102,17.724,17.044,18.015,18.629,18.139,17.371,16.945,14,12.771,10.738,10.619,12.208,13.3,13.416,13.829,13.634,13.044,13.098,13.098,13.829,13.52,14.328,15.379,14.629,14.23,13.634,13.582,13.268,13.52,13.52,13.829,12.749,12.914,12.826,12.903,13.384,13.767,13.3,12.65,10.459,2.3716,2.8558,2.6515,3.8241,5.929,6.5595,7.8835,8.5014,7.8298,6.207,5.7115,4.5309,4.4998,4.373,3.7498,5.0309,5.2229,6.4514,6.9143,6.975,6.7912,7.4996,7.1345,6.9143,6.4732,6.8939,7.8835,7.4996,6.9143,5.4081
14.348,16.969,17.126,17.273,17.395,17.852,17.804,17.339,16.969,16.877,15.619,15.318,15.105,14.688,15.114,15.691,16.177,16.29,16.394,16.969,18.056,16.793,16.877,17.363,17.517,17.339,16.599,14.727,12.226,10.948,10.621,11.934,12.921,13.518,13.899,13.403,13.372,13.191,13.848,14.269,13.818,14.65,14.907,13.939,14.964,13.653,13.848,13.372,12.789,13.807,13.518,12.789,12.533,11.875,12.965,12.921,13.148,12.789,11.647,10.634,2.1242,2.6553,2.7078,4.2815,5.7196,6.4823,7.7322,7.6035,8.2612,6.9037,6.0549,4.8961,3.0965,4.0444,3.7174,4.3792,5.7196,6.4167,6.4167,7.0851,6.6541,7.6035,7.6035,6.4167,7.1248,7.2231,6.9037,6.1931,6.3726,6.6541
14.616,16.261,17.132,17.402,17.474,17.858,17.976,17.345,16.639,16.218,15.11,15.044,14.96,14.587,15.194,14.884,16.157,16.078,16.365,16.639,17.587,17.659,17.858,17.858,17.818,17.402,16.941,15.552,12.838,10.678,10.437,12.044,12.849,12.969,13.439,13.313,13.45,13.606,13.822,13.944,13.975,14.035,14.451,13.812,14.274,13.544,13.575,13.121,12.772,13.575,13.376,12.402,12.849,11.938,12.627,13.313,13.658,13.281,12.265,11.206,2.1903,2.3758,2.3758,4.3807,5.3124,6.9265,6.9061,7.5128,7.8974,7.4562,5.6471,4.3807,3.8308,3.0976,3.5636,4.7811,5.259,6.4628,6.9265,6.9873,7.6061,7.3993,6.9061,7.1273,7.2256,6.9265,6.571,6.6564,6.4189,6.057
14.884,16.555,17.295,18.034,17.526,18.18,17.526,17.27,16.756,16.096,14.847,14.856,14.884,15.217,14.772,15.614,15.649,15.353,16.035,16.673,17.214,17.174,17.926,17.903,17.295,17.926,16.822,14.621,12.665,10.61,10.61,12.229,13.504,13.043,13.223,13.223,12.968,12.839,13.678,13.442,14.039,13.959,14.245,14.274,12.968,13.919,13.514,13.212,13.688,13.181,13.223,12.697,12.654,12.697,12.697,13.054,13.749,13.022,12.263,10.676,3.0743,2.6362,4.0153,4.1178,5.2193,6.1711,7.0342,7.4562,7.5488,6.8743,6.669,5.4282,4.2507,3.3759,2.9825,4.3477,4.9739,6.1711,6.1485,7.0342,7.0736,7.1711,7.3245,7.1711,7.0736,6.0114,7.1711,6.3487,7.0932,6.0114
14.688,16.243,17.935,17.842,17.392,17.215,17.527,17.11,17.272,16.14,15.327,14.584,14.707,14.858,15.291,14.848,15.508,15.862,16.98,16.277,17.678,17.464,18.303,17.997,18.036,16.757,17.004,14.801,12.872,10.598,10.359,12.354,12.753,13.182,13.556,12.872,12.753,12.677,13.192,14.04,13.689,13.443,14.392,13.87,13.75,14.343,12.742,13.023,12.829,13.422,13.192,12.444,12.677,12.533,12.969,13.182,13.921,12.969,12.23,10.506,2.6886,2.1091,2.6364,3.8386,6.3493,7.1717,7.3441,8.0658,7.1717,6.4146,5.2728,4.5051,4.0156,3.3762,3.3762,4.7747,5.4286,6.1716,6.1716,7.5495,7.6773,7.3252,6.8748,6.7524,7.3819,7.0938,6.8748,7.1717,6.6696,5.9655
14.764,16.993,17.261,17.947,17.9,17.587,18.352,17.587,17.397,16.47,15.317,14.764,15.39,15.507,14.988,15.39,15.948,16.411,16.344,16.771,17.421,16.804,17.924,17.516,17.587,17.204,16.496,14.792,12.864,10.591,10.067,12.256,13.014,13.215,13.046,13.184,12.69,12.69,13.173,13.862,13.465,14.188,14.139,14.392,13.71,14.178,13.268,13.299,13.68,12.745,13.215,12.335,12.745,12.222,12.864,13.434,13.921,13.215,12.222,10.67,2.2356,2.8376,2.9808,4.2483,5.6753,6.8502,6.7481,7.1671,6.9308,7.1671,5.8202,4.8581,3.726,3.1616,3.8362,4.2483,5.2956,5.6014,6.8704,7.0892,7.9216,6.7068,6.4104,7.1671,7.3959,7.0892,6.8704,6.7068,6.5178,5.6014
14.828,16.347,17.962,17.422,18.169,17.877,17.9,17.182,16.524,15.909,15.486,14.959,15.297,14.903,14.169,15.297,15.646,16.005,16.641,16.946,17.141,16.79,17.752,18.267,17.398,17.238,17.182,14.744,13.188,11.101,10.379,12.63,12.997,13.682,13.417,12.739,12.804,12.739,12.728,13.282,12.804,14.012,14.968,14.012,13.282,13.53,12.997,12.804,13.156,13.843,13.478,12.674,12.674,13.198,12.674,13.323,14.12,13.188,12.63,10.59,2.3534,2.1697,3.3282,4.2427,5.2624,6.4236,6.8411,7.3297,7.1576,6.402,5.594,5.2886,4.5269,3.5301,3.7211,4.2427,5.8835,6,6.3586,7.3297,6.6565,6.8613,7.1576,7.3107,7.0209,6.4236,6.8613,6.7391,6.6565,5.9537
14.952,17.098,17.674,18.084,18.037,18.177,18.161,17.721,17.098,16.008,15.036,14.876,15.929,15.102,15.018,15.84,15.407,16.148,15.937,17.417,17.65,17.745,18.247,18.084,17.529,17.098,17.295,14.296,12.765,10.432,10.213,12.35,13.114,13.316,13.516,12.754,13.146,12.787,12.853,13.537,13.774,14.608,14.502,14.247,13.846,13.599,13.016,13.306,13.609,13.609,13.06,12.497,12.531,12.787,12.787,13.316,13.702,13.784,12.765,10.829,2.6548,2.6548,3.5617,4.1469,5.009,6.3935,6.9228,6.6528,6.9836,7.2217,5.8646,4.8951,3.8654,3.2297,3.5617,4.5053,5.336,5.3095,6.9228,6.3935,6.9836,6.7995,6.7161,6.6528,6.5675,6.1919,6.5675,7.1432,6.9024,5.7431
14.487,16.488,17.587,18.046,18.054,17.386,17.834,17.059,17.675,16.488,15.429,14.37,14.871,15.097,15.097,15.18,15.718,16.351,16.666,17.092,17.386,16.658,17.794,18.054,18.046,17.587,16.666,15.199,12.783,11.159,9.9722,12.219,13.312,13.109,13.532,13.269,13.055,12.925,13.769,13.605,13.8,14.291,13.8,14.719,13.81,13.891,13.28,13.594,13.438,13.269,12.914,12.219,12.493,12.837,12.493,12.958,13.841,13.269,12.127,10.942,2.7064,2.1884,3.3569,3.864,4.8063,5.7165,6.3913,8.1191,6.8999,6.9203,5.4128,4.2792,4.3768,3.7154,3.0949,4.7473,5.4128,6.0049,5.4128,6.0516,6.457,6.6505,6.457,6.4788,5.9341,6.1897,6.4133,6.7137,6.3913,5.7165
14.794,16.523,16.794,17.915,17.654,18.251,17.678,17.469,16.794,16.403,15.328,15.483,14.813,14.495,14.447,15.628,15.763,15.976,16.869,16.794,17.159,17.102,17.396,18.041,17.654,17.339,17.233,14.427,12.932,10.582,10.582,12.017,12.261,13.277,13.54,12.757,13.192,13.372,13.277,13.97,13.404,14.689,14.3,13.94,14.29,13.818,13.149,13.287,12.768,13.277,13.192,12.79,12.79,12.318,12.534,13.019,13.808,13.277,11.875,10.541,2.1897,2.8599,2.1897,3.8296,5.4677,5.8659,6.6543,7.6592,7.5105,6.9243,5.9375,4.2816,3.8663,3.7552,3.5625,3.2304,5.3107,5.9375,6.801,6.7176,6.9039,6.1933,6.7176,6.1933,7.0854,6.0084,6.3728,6.1933,5.9375,6.1933
14.489,16.49,17.02,18.119,17.461,17.963,17.67,17.718,16.669,16.145,14.441,14.682,14.749,14.605,14.902,15.395,15.961,16.145,15.925,16.896,17.526,17.678,17.59,18.701,17.797,16.787,16.995,14.682,12.427,10.307,10.683,12.96,13.282,13.843,13.429,13.607,12.828,12.618,13.607,13.534,13.429,14.489,13.934,14.489,13.843,13.398,14.055,13.111,13.782,13.303,12.762,12.828,12.828,13.111,12.584,13.111,13.782,13.534,12.393,10.944,2.7068,2.7068,3.229,3.7159,4.2798,5.935,6.9214,6.9214,7.122,6.4142,4.8941,4.0428,3.561,3.229,3.229,4.5665,5.4136,5.3084,6.458,6.3922,6.901,6.7566,7.4318,6.7981,6.458,6.7566,6.9214,6.4142,6.6515,5.7174
14.274,16.75,16.649,17.832,17.895,18.475,17.578,18.067,17.107,16.342,15.448,14.976,15.2,14.283,14.863,15.097,16.376,16.376,16.615,17.214,16.859,16.775,17.793,18.391,16.983,17.562,17.107,14.323,12.654,10.623,10.503,12.384,13.304,13.294,13.772,13.389,13.262,13.294,13.792,13.772,13.833,14.479,14.274,14.863,14.283,13.762,13.638,13.262,13.262,12.841,13.005,13.389,12.418,12.609,12.576,12.918,14.283,13.556,12.775,11.39,3.355,2.7049,2.7049,3.5585,4.1431,5.9309,6.3877,6.9165,6.5616,5.9309,4.7447,4.5324,2.7049,3.5585,3.3967,4.2768,4.8907,5.3047,6.5616,6.3877,6.9165,7.2152,6.9165,7.1368,6.8961,6.3877,6.3657,6.7934,6.71,5.639
14.955,16.487,17.017,17.666,17.959,17.959,17.578,16.867,17.222,16.142,15.021,14.437,14.983,14.983,14.87,15.833,16.001,15.833,16.665,16.35,18.115,17.328,19.224,18.014,17.586,17.841,17.116,14.86,12.837,11.145,10.681,12.379,13.279,13.84,13.268,13.311,12.924,13.054,13.268,13.562,13.645,14.132,14.052,15.179,13.779,14.486,13.427,13.531,13.311,12.924,12.582,12.76,12.66,13.363,12.526,13.13,14.012,13.84,12.749,10.928,2.7062,2.8581,3.7528,3.2283,4.806,6.65,6.65,7.4492,6.4784,7.0808,5.4642,5.035,3.3983,4.0419,4.2458,3.8272,4.8931,6.65,6.5648,7.2187,7.5989,6.4784,7.0808,7.3731,7.0808,6.7967,7.4492,6.7967,7.3922,6.0045
14.792,16.879,18.125,17.788,18.016,17.266,17.653,17.78,17.136,15.661,15.444,15.186,15.094,15.67,15,15.945,16.164,15.989,16.337,16.653,17.653,17.119,18.039,18.501,17.629,16.913,17.445,15.084,12.947,10.66,10.297,12.381,12.915,13.635,13.5,12.772,13.13,12.827,12.838,13.88,13.258,14.563,15.168,13.951,13.829,14.475,13.258,13.12,13.258,12.904,13.686,12.904,12.947,12.483,13.173,13.269,14.001,13.594,12.301,10.933,2.7042,2.3717,2.8559,4.0389,5.4084,6.8944,7.3677,7.1152,6.9147,6.7916,4.8894,4.3733,4.2427,3.3958,4.1421,4.2427,4.8894,6.9147,7.884,7.5001,7.955,8.1126,7.955,7.5932,8.0778,7.3677,7.5932,7.5001,6.5599,5.6375
14.475,16.945,17.266,18.101,18.287,18.124,17.557,17.339,16.945,16.155,15.186,15.461,14.475,15,14.735,15.597,16.129,15.768,16.846,16.449,17.339,17.629,17.788,18.14,18.248,17.509,16.644,14.943,12.728,10.673,10.816,11.918,12.772,13.3,13.686,13.635,13.258,12.903,13.686,13.3,13.521,14.358,14.27,14.329,13.593,14.011,13.92,13.098,13.001,13.521,13.799,13.13,12.772,13.173,12.827,13.13,13.788,13.829,13.044,11.035,2.25,3.3957,3.5575,4.562,5.7117,6.2073,8.3009,6.9146,7.4434,6.7914,5.0311,5.2499,4.2756,3.8608,3.8242,4.8893,5.5367,6.1846,7.3865,8.3851,7.5931,8.0776,7.3865,7.8838,7.3865,6.8942,7.3675,6.9753,6.7914,5.8576
14.87,16.54,18.398,18.002,17.823,17.39,17.509,17.509,15.924,15.599,14.183,15.083,15.193,14.377,14.183,15.202,15.193,15.599,16.864,17.06,17.198,17.382,18.623,18.623,17.446,17.446,16.864,14.635,13.009,10.375,10.665,12.011,13.336,13.695,13.46,12.816,13.168,12.685,13.084,13.263,13.168,14.261,14.917,14.261,13.996,13.429,13.009,12.956,13.996,13.665,13.009,12.729,13.675,12.74,13.325,13.009,14.464,13.168,12.285,10.548,2.6858,2.6858,4.0115,5.1877,5.3716,7.1643,7.0864,6.8475,6.9281,6.4296,5.794,4.5311,4.3435,4.2466,3.7246,4.5004,5.1877,6.5153,7.3176,8.1771,7.4863,6.408,7.1643,7.9185,7.1643,6.5153,7.3365,7.3176,6.8677,5.889
15.078,16.774,17.375,17.27,17.577,18.565,17.27,17.082,16.749,16.237,14.89,15.022,14.89,15.3,14.862,15.61,15.492,15.949,16.521,16.452,17.27,16.982,17.665,18.573,17.728,17.633,17.448,15.078,13.004,10.609,10.609,11.742,13.261,13.261,14.322,13.503,13.272,13.524,13.303,14.124,14.154,14.014,15.273,14.094,13.883,14.361,13.586,13.004,12.575,13.596,13.791,12.819,13.004,12.95,12.485,13.388,13.923,12.608,12.841,10.675,3.1826,2.7047,3.2265,4.2766,6.4093,7.2148,8.027,7.3882,6.6464,6.4531,6.3874,4.8904,4.8904,3.3965,3.5583,4.8034,5.6387,6.3874,7.2148,7.4262,7.8856,7.4451,7.539,7.077,7.1364,8.027,7.1364,6.8957,7.1166,5.8349
14.188,16.371,17.392,17.527,17.472,17.464,17.678,16.757,16.757,15.508,14.858,14.848,15.373,14.886,14.246,15.677,15.3,15.659,16.881,16.782,17.432,16.881,18.12,17.725,17.725,17.272,16.782,15.007,12.309,9.9066,10.819,12.533,13.182,13.443,13.75,13.182,12.753,13.182,13.35,13.92,13.8,14.66,13.96,14.246,13.87,13.93,13.556,12.753,13.689,13.213,13.339,12.5,12.533,12.742,12.677,12.298,13.87,13.443,12.173,10.87,2.6364,2.6364,4.251,4.8612,5.5049,7.0938,7.0347,7.4568,6.4362,7.0347,4.9743,4.7455,2.9827,3.7284,3.2073,5.2728,5.3772,7.1717,6.9352,7.0938,7.9091,7.494,7.4007,7.0938,6.8748,6.8748,7.0741,7.3441,6.3492,6.0119
14.152,16.485,16.882,17.115,18.449,18.511,17.739,17.353,17.082,15.856,15.033,15.042,14.623,13.951,14.301,15.64,15.856,15.739,16.807,16.891,17.353,17.819,17.603,17.531,17.699,17.041,16.958,15.219,12.8,9.9857,10.32,12.767,13.319,13.55,13.287,12.975,13.623,12.844,13.623,13.446,14.042,14.458,13.716,13.981,13.127,13.951,14.032,13.55,13.951,13.127,12.855,12.408,12.236,12.778,12.27,12.8,13.33,14.152,12.362,11.374,2.8621,2.8621,2.8621,4.0477,5.2614,6.2209,6.4658,7.5163,7.4027,6.2209,5.2345,3.8326,3.2329,3.8326,4.151,3.7582,6.2209,6.7228,7.1306,7.229,7.6097,6.7228,6.9297,7.4027,7.1306,7.229,6.6595,7.5163,6.3999,6.0599
14.507,15.928,17.248,17.668,18.512,18.103,16.95,17.668,16.69,16.503,14.739,14.768,14.507,15.108,14.806,15.34,15.632,16.025,16.165,16.554,17.116,16.783,17.867,18.694,17.692,17.215,17.288,15.118,12.144,10.224,10.32,12.634,13.127,12.932,13.288,13.383,12.856,12.943,13.127,13.127,13.982,14.282,14.39,14.459,13.717,13.33,13.16,12.932,13.789,12.6,13.149,12.544,12.225,13.203,12.408,13.415,13.457,13.16,12.856,11.06,3.4033,2.6576,3.4033,4.5723,5.4204,6.5745,7.5167,6.4661,6.6598,6.2212,5.7492,4.383,4.1513,4.1513,4.0479,3.3616,5.6501,6.4003,7.5542,7.0913,8.1132,7.6101,7.6101,7.6101,6.7232,7.131,7.2294,6.2212,7.2294,6.9301
14.529,16.655,18.015,17.539,17.412,17.697,17.452,18.015,17.058,15.8,14.784,14.529,14.98,14.906,14.971,15.31,15.659,15.835,16.796,16.985,16.96,17.058,18.343,18.03,18.252,17.579,16.73,15.091,12.651,10.845,10.117,12.159,12.396,12.749,13.177,12.684,12.684,12.749,12.739,13.734,13.673,13.428,14.671,13.825,13.082,13.944,12.858,12.662,12.728,13.428,13.167,12.563,12.739,11.941,12.651,12.684,13.784,13.198,12.022,10.664,3.2036,3.2036,3.331,4.2462,4.9965,6.7035,7.4483,6.3638,7.3168,6.662,5.2667,4.4999,3.533,3.071,3.3724,4.7401,4.9686,5.8884,6.5992,7.5408,7.5958,7.5408,7.0661,6.662,7.0661,7.8296,7.5958,6.9273,6.7447,5.8884
14.915,17.11,18.065,17.077,18.05,18.344,18.136,18.042,17.59,16.48,15.445,14.963,15.038,15.215,14.59,15.335,16.221,15.735,16.221,17.526,17.405,17.299,17.853,18.097,18.097,17.151,17.151,15.047,12.63,10.902,10.095,11.94,12.851,12.851,12.774,12.763,12.796,12.763,13.546,13.294,13.526,13.815,13.906,13.815,13.619,13.815,12.939,13.315,13.144,12.54,12.928,12.674,12.324,12.862,12.796,13.283,14.118,13.144,12.774,10.954,3.0057,3.5643,4.0465,4.5707,5.0407,6.3981,6.1964,7.1286,6.464,6.0114,4.3815,4.5707,3.232,3.7571,3.8315,3.8682,5.5473,6.4201,7.1286,6.9073,7.3815,7.7363,7.3815,6.5722,6.1964,6.9886,7.1484,6.9886,6.2191,5.4186
14.574,16.771,18.023,18.405,17.713,17.775,17.83,17.26,16.663,15.72,14.848,15.362,15.497,14.469,14.574,15.317,15.171,16.052,16.968,16.87,17.539,17.26,17.83,18.918,17.673,17.204,17.066,14.922,12.668,10.812,10.136,11.556,13.173,12.525,13.205,12.668,12.734,12.734,13.173,13.299,13.341,13.496,14.754,14.178,13.434,13.173,12.864,12.165,12.668,13.268,13.598,12.402,12.734,12.039,12.525,13.215,13.434,12.918,12.301,10.352,3.0724,3.3325,3.0724,3.6884,5.82,6.3668,6.8702,6.85,6.8702,5.8912,4.7129,4.0129,3.0724,3.5347,3.2051,4.9988,5.425,5.7961,7.1669,7.4518,6.345,6.9306,6.7066,6.345,6.7066,6.85,7.089,6.9306,6.3668,5.2692
14.254,16.558,17.482,17.225,18.192,17.945,17.537,17.354,17.225,16.02,15.336,14.697,14.697,14.866,14.857,15.089,16.046,15.827,16.046,16.566,17.177,17.306,16.915,17.537,17.537,16.758,16.758,14.781,13.03,10.551,9.8134,11.571,12.237,13.062,12.836,13.03,12.418,12.585,12.934,13.615,13.757,13.928,13.284,13.848,13.697,13.231,13.717,12.847,13.686,12.684,12.76,12.418,12.451,12.706,12.451,12.934,13.221,13.686,12.18,11.092,3.1654,3.2091,4.2534,4.3505,6.0153,5.7066,6.8585,6.4182,5.9688,6.5257,4.9771,4.3505,3.3781,2.8411,2.6379,4.9771,4.5076,5.8985,6.0153,7.0782,7.0387,6.1525,7.1758,6.8787,6.6733,7.0978,6.9392,7.1758,6.6733,6.7149
14.775,17.138,17.529,18.037,17.825,17.594,17.481,17.155,16.805,16.023,15.106,15.494,14.775,14.505,14.699,15.227,15.301,16.163,16.189,16.981,17.113,17.408,17.856,18.077,17.113,16.981,16.687,14.89,12.854,10.482,10.209,11.883,12.632,12.799,13.381,13.125,13.028,12.677,12.777,13.318,12.941,14.515,14.121,13.817,14.359,13.201,13.381,13.201,13.381,13.201,13.381,12.542,12.327,12.974,13.028,13.318,13.787,13.381,12.677,11.173,3.2326,3.3611,3.8689,4.8996,5.0135,6.0593,6.6588,7.5156,7.2283,5.7237,4.8996,3.4028,3.0988,3.8689,3.0988,4.1506,4.8996,5.7483,6.2203,6.929,6.6588,6.2203,6.1975,6.0593,6.0593,6.3772,6.764,6.7222,6.4652,5.7237
14.306,17.002,17.597,17.347,17.733,17.661,18.095,17.661,17.035,16.547,14.876,14.695,14.433,15.195,14.886,15.214,15.939,16.08,16.367,16.607,18.095,17.134,16.801,17.661,17.86,17.134,16.504,14.453,12.392,10.94,10.025,12.231,12.595,13.068,13.545,13.608,13.144,13.122,13.144,14.037,13.441,14.027,14.511,13.618,13.525,14.345,13.525,12.85,12.971,13.545,13.577,12.938,13.068,12.139,13.122,13.441,13.855,13.293,11.939,10.679,3.8679,3.8312,3.8312,4.0462,5.6478,5.47,6.3977,6.4853,6.4197,5.9401,5.2596,4.2835,3.5641,2.2541,2.376,4.2835,4.8983,5.313,6.0109,6.9273,6.0109,6.3977,6.3977,6.3977,6.3977,5.8684,6.4853,6.5718,6.7204,6.2187
14.511,16.519,17.917,18.002,17.847,17.397,18.002,17.397,16.553,15.44,14.192,14.852,15.823,14.852,14.279,14.55,14.805,15.213,16.248,16.041,16.853,16.553,18.422,18.64,17.682,17.115,17.413,14.483,13.026,10.548,10.186,11.899,13.058,13.228,13.101,12.702,12.702,13.186,13.101,13.56,13.478,14.014,14.692,13.683,13.874,13.312,12.844,12.537,13.217,13.28,13.447,12.658,12.448,12.93,12.757,13.186,14.044,12.757,12.358,10.666,2.6371,3.7294,3.7294,4.4753,5.1945,6.3291,6.438,7.1737,6.9372,5.705,5.3005,2.9836,2.2377,3.1645,2.6893,3.3772,5.0036,5.705,6.1733,6.1733,7.5515,6.3729,6.0135,6.5239,6.351,6.8768,7.1737,7.1737,6.5239,5.8968
14.219,17.194,16.7,17.202,17.435,16.932,17.587,17.435,16.448,15.843,15.315,14.346,14.683,15.122,14.937,14.683,15.351,14.956,15.878,16.448,17.427,17.177,17.986,18.393,17.932,16.574,16.7,14.824,12.283,10.615,10.254,11.973,12.86,12.192,13.043,13.464,12.597,13.064,13.495,13.36,13.7,14.219,14.219,13.942,13.822,13.118,13.297,12.893,12.946,12.762,13.245,12.553,12.283,12.192,13.043,12.696,13.536,12.893,12.718,10.562,2.8439,3.8446,3.8446,3.8446,4.7529,5.3856,6.763,6.5322,6.1812,5.7123,4.2577,3.3815,2.2405,2.6928,3.2123,3.8082,4.7529,5.6138,6.8856,6.0212,6.946,6.3591,6.5322,6.763,6.4246,7.1048,7.4122,6.4463,6.8653,5.281
14.179,16.234,17.382,17.518,17.589,17.917,17.832,17.832,17.262,16.234,15.364,14.335,14.384,14.84,14.84,15.319,15.508,16.234,16.027,16.234,17.777,16.739,17.518,17.832,17.832,17.422,16.739,14.914,12.223,10.864,10.068,12.404,13.174,13.09,12.691,12.865,12.822,13.3,13.549,13.466,13.435,14.47,14.189,14.189,13.952,13.913,13.217,13.174,13.269,12.757,12.746,12.437,12.822,12.437,12.691,13.047,13.792,13.435,12.437,11.079,3.8364,3.3329,4.0133,4.5025,4.7134,5.6018,6.1681,6.6658,6.0085,6.5183,3.8364,4.9715,3.0728,3.0728,3.8364,3.7263,5.296,6.1456,6.3456,6.0085,6.4109,6.7486,6.4109,6.1456,6.6658,7.321,7.6002,6.8709,6.8709,6.3456
14.293,16.637,16.772,17.294,17.601,17.974,17.816,17.681,17.006,16.501,15.632,15.099,14.883,15.404,15.686,15.468,16.407,16.251,16.364,16.603,17.424,17.204,17.537,17.919,17.816,17.343,16.076,15.099,12.626,10.624,10.204,12.263,12.626,12.793,13.28,13.194,12.759,13.522,13.322,13.708,14.064,14.303,13.79,14.498,13.943,13.852,13.902,13.852,13.708,13.141,12.848,12.77,12.592,12.626,13.119,13.119,13.311,13.322,12.113,11.355,3.7183,2.7085,4.3802,5.0392,5.7456,6.1946,6.9866,6.9054,6.6557,6.4621,4.5694,4.3802,2.3755,3.4012,3.5633,4.2495,5.7456,6.3963,6.7608,6.9866,7.5121,6.9258,7.1463,6.3963,7.1463,7.4555,7.5495,7.2249,7.2249,6.0564
14.92,16.689,17.483,17.984,17.41,17.41,17.41,17.531,16.883,16.681,15.477,15.631,14.36,15.051,14.507,15.559,15.856,15.953,16.689,16.26,17.14,17.156,18.078,18.164,17.827,17.304,16.916,15.033,12.6,10.683,10.098,12.12,12.943,13.33,13.55,12.943,12.943,12.855,13.03,13.55,12.767,14.032,14.7,13.788,13.91,12.8,13.414,12.778,13.623,13.859,13.456,13.159,12.8,12.678,12.633,13.319,13.664,13.287,12.236,11.212,3.5653,2.8621,4.285,4.9001,6.3999,6.9297,6.6595,6.5741,6.7647,5.8464,5.014,2.6574,3.5653,2.6574,3.5653,4.285,5.3149,5.5489,6.9297,7.229,7.6097,7.4028,6.7228,7.229,6.4658,7.229,7.7386,7.1306,6.422,6.4876
14.494,16.393,17.531,18.062,18.086,18.433,17.968,17.394,17.394,16.876,15.509,14.906,15.019,14.906,15.617,15.617,15.842,15.93,16.674,16.934,17.531,17.288,17.555,18.086,18.433,17.337,16.401,14.878,12.843,10.62,10.214,12.351,12.667,13.286,13.538,12.843,12.788,13.275,13.19,13.37,13.847,13.786,13.569,13.611,13.37,13.538,13.318,13.275,13.786,12.843,13.115,12.431,12.588,12.622,12.843,13.136,13.538,13.569,12.225,11.164,3.0038,3.7548,4.2811,5.0095,5.7191,7.0846,7.144,7.3961,7.2225,6.0544,4.7791,4.5679,3.0963,3.7548,2.7076,4.5058,5.8411,5.6447,7.4531,7.144,7.4531,7.144,6.9235,7.144,6.9843,7.2225,7.4341,7.377,6.9031,6.4818
14.861,16.52,18.32,18.685,18.034,17.727,18.313,17.375,17.277,16.383,15.309,15.198,15.309,15.299,14.565,15.299,15.824,15.744,16.748,16.477,17.791,17.399,18.158,18.382,17.703,17.56,17.656,15.419,12.818,11.252,10.189,11.717,13.523,13.554,12.774,13.132,12.741,12.752,13.271,13.132,13.801,14.272,14.331,14.671,13.76,14.093,12.829,13.26,13.554,13.122,13.1,12.484,12.518,13.429,12.518,13.122,13.791,12.949,12.741,10.74,4.3739,3.7506,5.224,4.7442,5.7373,5.7373,6.8954,6.6461,6.9158,6.387,4.8902,4.8031,3.7506,4.1427,3.8615,4.5319,5.4609,6.2083,6.8954,7.3687,6.8954,7.6497,7.2144,7.3687,6.9765,7.2144,7.4447,7.6497,7.1163,6.7926
14.762,17.01,17.597,18.297,17.525,17.852,17.923,17.541,16.607,16.062,14.819,15.444,15.214,14.961,14.027,14.695,15.689,15.983,16.632,16.479,17.476,16.632,18.481,18.072,17.109,17.208,16.91,14.819,13.282,10.836,10.758,11.688,13.122,13.441,13.946,12.85,13.122,13.122,13.545,13.793,13.711,14.067,14.771,13.824,14.027,13.545,13.282,12.231,13.325,13.905,13.293,12.795,13.025,12.392,13.143,12.85,13.451,13.154,11.987,10.206,3.8312,3.564,4.752,5.3129,5.3129,7.2264,6.7204,7.1478,6.3976,6.4853,5.0403,4.3812,3.2317,3.2317,3.4019,5.2326,4.5394,5.7468,6.7204,7.8444,7.2264,7.6624,6.9272,6.9272,7.2264,7.6624,7.2264,7.4001,6.6571,6.1959
14.505,16.78,17.44,17.875,18.246,17.875,17.036,17.199,16.587,16.066,14.8,14.505,14.951,15.034,14.273,15.319,15.883,15.319,16.384,16.452,16.937,17.247,17.56,17.584,17.207,16.545,17.182,15.034,12.95,10.696,9.967,11.812,13.206,13.206,13.866,13.468,12.864,12.766,13.047,13.499,13.206,14.174,14.224,13.047,12.853,13.775,13.374,12.321,13.068,12.993,13.206,12.523,13.047,12.287,12.556,12.523,13.374,13.079,12.046,10.839,3.7353,4.226,3.7353,5.3089,5.906,6.4481,7.5634,7.4706,6.7649,6.023,4.5134,4.023,3.7353,2.6936,3.1695,4.4824,5.5151,5.7139,6.4265,7.5079,6.8876,7.1069,6.361,6.7235,6.8876,6.8876,7.0478,7.3577,7.185,5.2027
13.758,16.356,17.121,17.048,18.032,17.939,17.403,17.015,16.381,16.288,15.382,14.353,14.782,14.401,14.157,14.697,15.517,16.047,16.253,16.567,17.539,16.567,17.443,18.466,17.283,17.25,17.283,14.782,12.881,10.565,10.244,12.146,12.585,12.685,13.031,12.75,13.232,12.351,13.031,13.809,13.849,13.718,14.197,13.809,13.052,13.616,12.761,13.063,12.761,13.316,12.935,12.306,12.75,12.685,12.761,13.19,13.232,12.508,12.181,10.393,3.2093,3.5393,3.8046,4.8643,5.4321,5.8037,7.3487,7.0983,6.8792,5.6086,5.3806,4.1208,3.8411,3.1657,4.0182,3.8046,4.7485,5.707,6.9396,6.7567,6.8792,7.0983,6.8792,7.0983,7.4054,7.4615,7.9141,7.1763,6.3751,6.3533
14.255,16.364,16.39,17.57,17.915,17.946,17.538,17.538,16.759,16.525,15.337,14.516,14.697,15.837,14.487,15.09,14.923,15.517,16.046,16.684,17.178,16.99,16.916,17.907,17.538,17.226,16.296,15.3,12.977,11.092,9.814,11.856,12.837,12.706,13.451,12.306,12.541,12.88,12.934,13.513,13.809,13.513,13.728,13.849,13.031,13.718,13.031,12.848,12.977,13.052,13.482,12.934,12.146,12.418,12.772,12.418,13.451,13.222,12.135,10.406,3.6932,3.841,4.2537,4.5078,5.432,6.7566,6.5261,6.6737,6.7153,5.3023,4.9774,5.276,3.3783,1.9023,3.7307,4.2537,5.5083,6.3751,7.3487,6.6108,7.1762,6.8791,7.1762,6.4402,7.0391,7.6092,6.8588,6.7566,7.1762,5.6085
14.933,16.903,17.367,17.701,18.305,17.551,18.167,17.622,17.002,16.393,15.591,15.202,14.868,14.679,14.216,15.119,15.6,16.032,16.118,16.579,17.646,16.444,17.982,18.599,17.574,17.367,16.537,15.1,12.77,10.559,10.087,11.627,12.693,12.857,13.492,12.55,12.986,12.759,12.857,12.889,13.818,13.859,13.21,13.523,12.986,12.943,13.199,13.199,13.115,12.427,12.77,12.36,12.857,12.77,12.55,13.04,13.859,13.533,12.461,11.1,3.8073,4.511,4.3538,5.3061,5.3061,6.1572,6.3795,6.4231,6.7614,5.3843,4.1236,3.6958,3.3807,2.6399,3.7333,4.3538,5.2797,6.3576,6.0198,6.3576,7.1032,6.8637,6.7614,7.6874,6.7614,6.9444,7.5039,6.8839,6.6155,5.8077
15.004,16.682,17.159,17.607,17.694,17.733,18.029,16.757,16.889,15.835,15.014,15.335,15.106,14.855,14.253,15.524,15.826,15.524,16.251,16.139,17.733,17.28,17.725,18.006,17.536,17.28,16.556,14.667,12.416,10.471,10.364,12.179,11.96,12.705,13.029,13.345,12.759,12.029,13.029,13.449,13.188,13.807,13.927,13.726,13.685,13.23,12.846,12.759,13.563,13.029,13.356,12.77,12.705,12.36,12.705,12.45,13.563,13.029,12.029,10.391,3.7302,4.4762,4.4762,4.5379,5.8979,6.4176,6.152,6.4393,6.3523,5.6077,5.0045,3.804,3.2088,3.5388,2.9841,3.3364,6.0147,5.8979,6.3741,7.3476,6.8578,6.5251,7.0775,5.8979,6.8578,7.1751,7.1751,6.8781,6.8781,5.8267
14.854,17.222,18.057,18.649,17.848,17.731,17.731,17.043,16.36,15.576,14.712,15.086,15.306,15.405,14.484,15.378,14.938,15.296,16.821,16.563,17.278,16.763,17.731,18.551,17.723,17.414,16.887,14.512,13.187,10.242,10.242,11.616,12.758,13.027,13.344,12.758,12.415,12.877,12.703,13.102,12.758,13.313,14.854,13.229,12.681,13.281,12.449,12.177,13.52,12.758,12.931,12.359,12.659,13.102,13.281,12.877,13.724,13.427,12.538,10.47,3.5383,3.6923,3.6923,4.7764,5.004,6.3515,6.5244,7.3467,6.7548,5.826,4.863,3.7297,2.8405,2.6373,2.6373,3.1648,4.1196,6.014,6.1512,6.014,6.6091,6.3734,7.1743,6.1512,6.5244,7.3278,7.3467,7.3467,6.1512,5.7054
14.362,16.443,17.262,18.02,17.622,17.935,17.431,17.582,16.443,16.092,14.792,14.933,14.821,14.679,14.216,14.933,15.42,16.502,16.494,16.375,17.238,16.969,17.582,18.228,17.487,17.479,17.1,15.347,12.549,10.986,9.8206,11.663,12.28,13.231,13.46,13.199,12.246,12.46,12.943,13.231,12.857,13.46,14.216,13.04,13.818,12.715,12.781,12.325,13.04,13.356,13.696,12.359,12.693,12.516,12.693,12.986,13.696,12.846,12.37,10.251,3.8436,3.8072,4.0208,4.8675,5.2265,6.1796,6.8838,6.157,6.1796,5.6863,5.2796,4.0208,3.2115,2.9866,3.0785,3.3391,4.8675,5.5121,5.7108,6.3575,6.7198,6.3355,6.0197,6.3575,6.7612,6.9442,7.103,5.9028,6.1796,5.9028
14.501,17.298,17.459,17.03,18.186,17.815,17.649,16.899,16.841,16.405,14.606,14.297,14.568,15.314,13.73,15.603,15.825,15.887,16.302,16.379,17.03,17.419,17.435,17.986,17.649,17.047,17.193,15.011,12.762,10.254,10.158,11.867,12.685,12.773,13.043,12.696,12.519,12.552,13.043,12.696,13.234,13.71,13.7,13.464,12.946,13.202,13.464,12.892,12.849,13.117,13.244,12.892,12.718,12.784,12.192,13.043,13.464,13.37,12.463,10.614,3.6966,4.2247,3.6966,4.2576,4.8687,6.1585,6.1585,7.412,6.3809,5.437,5.2809,4.1245,3.2122,2.6927,3.5425,3.5425,4.782,4.9819,5.6877,5.9042,6.1811,5.5134,5.6877,6.1811,6.1585,6.0211,7.5055,6.8854,6.6798,5.5134
14.415,16.842,17.372,17.556,17.871,17.556,17.556,16.908,16.809,16.38,14.956,14.502,15.397,14.731,14.825,15.316,15.325,15.352,16.448,16.583,17.5,16.499,17.627,18.333,17.436,17.138,16.784,14.938,12.784,10.159,10.09,12.043,12.697,13.361,13.044,12.431,12.598,11.915,12.318,13.044,13.044,14.171,13.863,14.22,13.371,13.329,13.203,13.465,13.245,12.697,12.52,12.553,12.893,12.719,12.374,12.774,13.496,13.245,12.329,11.191,4.2579,3.8448,4.2579,4.2579,4.7823,5.2014,6.4465,6.4249,5.688,5.4373,4.5123,3.8083,3.0795,3.5427,2.6406,3.0795,4.355,5.2812,5.5138,5.9046,6.0215,5.7125,6.1815,6.1815,6.8656,7.0855,7.046,7.1052,6.4249,6.0215
14.507,16.539,17.466,17.306,17.97,17.72,17.752,16.98,16.068,15.858,14.943,14.802,14.274,14.42,14.225,15.138,14.877,15.601,16.042,16.539,17.378,17.273,17.72,17.939,17.594,17.72,17.07,14.274,12.435,10.46,10.42,12.059,12.691,13.048,13.048,12.865,12.767,12.865,13.239,13.25,13.469,13.365,13.736,13.542,12.691,13.469,12.723,12.334,12.691,12.723,13.25,13.08,12.197,13.08,12.723,12.723,13.583,13.25,12.379,10.698,3.6982,4.0235,4.2594,3.8462,4.7254,6.0237,6.6197,6.3617,6.3836,5.2033,4.8708,3.7357,3.3413,2.1783,2.1783,3.3829,4.2265,5.23,6.4272,6.0237,6.8884,5.7146,6.5349,6.6197,6.8681,6.6197,6.6197,7.4152,6.8884,6.9489
14.512,16.392,17.504,17.496,17.568,17.448,17.639,16.92,16.46,15.544,14.617,15.606,14.722,14.722,14.22,14.948,15.244,15.253,16.324,16.712,17.019,17.215,17.504,17.718,17.019,16.945,16.281,14.92,12.783,10.41,10.262,12.167,12.783,12.772,13.721,12.327,12.87,12.772,12.562,13.872,13.053,13.474,14.377,13.307,13.505,13.255,13.053,12.783,12.956,13.536,13.255,12.338,12.167,12.383,13.38,12.794,13.741,13.639,12.372,10.49,4.0249,3.811,4.1277,4.4844,4.727,5.3896,5.5177,5.9792,5.5177,5.4412,4.2609,2.846,2.6948,1.6712,2.6425,4.0249,4.3581,4.9858,5.6921,6.1633,6.685,5.4412,7.5669,5.7165,6.9513,6.8907,7.1883,7.1883,6.768,6.1859
14.488,16.526,17.162,17.799,17.737,18.194,17.539,17.42,16.958,16.151,15.446,13.93,14.079,15.383,15.091,15.446,15.518,15.969,16.254,16.047,17.42,16.768,17.227,17.539,17.404,17.571,15.969,14.698,12.318,10.366,9.7291,11.857,12.318,12.762,13.452,13.233,12.272,12.542,13.233,14.02,13.452,13.524,14.402,13.85,13.106,13.285,13.106,12.838,12.881,13.359,13.317,12.935,12.762,11.904,13.032,13.452,14.178,13.452,12.181,10.762,4.1209,4.1209,4.4771,4.2539,5.0056,5.8279,5.8991,5.2763,5.8991,5.8991,4.2539,3.2095,3.2095,2.3596,2.6382,3.7309,4.2539,6.0159,6.757,6.8795,6.3535,6.8795,6.7157,6.8795,7.4991,7.0395,7.8438,6.8795,6.8795,6.6112
14.767,16.874,17.209,18.151,17.521,17.71,17.521,17.615,16.997,15.812,15.093,14.616,14.88,14.842,14.654,15.093,15.644,15.502,16.056,16.271,17.337,16.75,17.337,17.718,17.678,17.071,16.775,14.701,12.528,10.355,10.541,12.134,12.293,13.219,13.177,12.748,12.835,12.964,12.737,13.177,13.744,13.795,13.915,13.714,13.219,14.143,12.672,12.867,13.219,13.438,13.187,13.092,12.824,12.748,13.039,13.469,13.795,13.417,12.019,10.866,4.014,4.014,4.9723,4.8593,4.9723,5.8928,6.6669,6.0095,6.3467,5.7011,4.5033,3.0733,3.3335,2.6875,4.014,4.2493,4.8593,5.7011,7.0319,6.8721,6.5195,7.6015,7.0319,6.7497,6.8721,7.906,7.6742,7.8354,7.3222,6.8519
14.181,16.772,17.543,17.74,17.92,17.858,17.92,17.701,17.19,16.689,14.936,15.011,14.946,14.491,14.405,15.673,15.314,15.955,16.025,16.292,17.701,16.896,17.858,17.92,17.74,17.36,17.19,15.094,12.677,10.247,10.083,11.801,12.544,12.981,12.851,12.275,12.981,12.544,12.884,13.204,13.933,13.455,13.691,13.691,13.236,13.486,13.351,12.688,13.32,12.677,12.365,12.422,12.754,13.455,12.688,13.486,13.701,13.455,12.589,10.982,3.2102,4.8656,4.2548,5.61,5.2775,6.3549,6.3768,6.442,5.8052,4.8656,4.7789,3.842,2.6387,2.842,3.1665,4.7203,5.4335,6.1771,6.3768,6.5279,7.4635,6.881,7.4635,7.4073,7.5007,7.9862,7.9162,7.3884,6.881,6.9414
14.347,16.063,17.138,17.461,17.588,18.15,17.651,16.975,17.007,16.406,15.703,15.325,14.367,14.367,14.826,15.685,15.325,16.167,16.063,16.701,17.048,17.244,17.556,18.026,18.15,17.556,16.158,14.425,12.465,10.888,9.565,11.81,12.318,12.774,13.076,13.214,12.785,12.85,13.63,13.711,13.465,13.537,13.044,13.772,13.823,13.496,13.537,13.044,12.99,13.065,12.785,12.193,12.697,12.719,12.785,13.246,13.823,13.298,12.763,11.103,3.8085,3.8085,4.258,4.5124,5.3077,6.1817,6.3596,6.5327,7.0857,5.7127,4.258,3.3402,2.9876,3.2125,2.6407,5.2016,5.386,6.1817,6.6805,6.8658,7.1835,6.3815,7.0857,6.5327,7.3371,6.8658,7.8513,7.1835,6.3596,6.1817
14.81,16.617,17.552,17.672,18.493,17.989,17.744,17.309,17.012,16.558,14.924,15.454,14.704,15.046,14.462,14.971,15.527,16.029,16.558,16.029,17.863,17.219,17.863,18.185,18.083,16.962,17.021,14.511,13.13,10.699,10.472,11.804,12.87,13.291,13.13,13.076,12.946,12.603,12.445,12.637,14.036,14.315,13.792,14.126,12.803,13.554,13.72,13.554,13.863,12.274,13.076,12.946,12.637,13.333,12.637,12.946,13.72,13.301,12.4,11.164,3.8337,3.8337,4.2862,4.9014,5.236,6.4676,6.7247,6.0148,5.4216,5.9439,4.7551,3.0999,3.3624,2.3775,3.0074,4.8142,5.3163,6.0616,6.4017,6.9926,7.556,6.9317,7.5185,6.9926,7.9033,7.4619,7.231,7.1326,6.9926,6.9113
14.253,16.398,17.024,17.187,17.643,17.956,17.579,17.428,16.834,16.5,15.226,14.865,14.214,14.94,13.886,14.94,15.526,15.597,16.296,16.029,17.571,17.292,17.571,17.412,17.948,17.476,16.055,14.931,12.691,10.452,10.044,11.863,12.548,13.197,12.887,12.844,13.038,12.691,12.548,12.984,13.059,14.056,13.292,13.816,13.239,13.705,13.489,13.292,13.458,13.239,12.887,12.548,12.514,12.757,12.855,12.984,12.984,12.941,12.324,10.518,4.1229,3.5411,4.2559,5.0079,5.2788,6.3784,6.6144,6.3566,6.6144,5.5113,4.541,2.6917,3.3801,2.3608,3.5411,4.8668,5.2788,5.8307,6.0188,6.422,6.3566,6.9432,6.7189,6.9432,7.1019,7.3904,7.4654,7.4092,6.3784,5.8067
13.733,17.021,17.482,16.923,17.577,17.703,18.015,17.038,17.233,15.878,15.388,14.493,14.675,14.863,14.637,14.416,15.388,16.523,16.191,16.523,17.362,17.257,17.362,17.86,17.569,16.396,16.26,14.901,12.711,10.153,10.042,11.588,13.227,12.842,13.068,12.711,12.711,12.678,12.689,13.733,13.854,13.884,13.935,13.457,13.363,13.935,12.242,13.068,13.206,13.068,13.195,12.367,12.322,12.59,12.842,13.195,13.206,13.321,12.059,10.556,2.9857,5.2781,3.5406,4.5096,5.3044,6.0179,7.1009,6.0179,6.0179,5.6107,4.7795,3.3796,2.8423,2.3604,3.2105,4.1223,4.7503,5.9715,6.4211,7.1009,7.0418,6.7592,5.9011,7.5016,7.685,7.5571,7.5571,6.4211,7.1009,6.1778
14.654,16.517,17.253,17.566,17.494,17.277,17.724,16.885,16.313,15.388,14.375,14.833,14.946,14.946,14.615,14.615,14.796,15.324,16.458,16.278,17.204,17.041,17.716,17.763,17.309,17.253,16.984,14.89,13.242,10.26,10.164,11.816,12.726,12.857,12.605,12.56,12.471,12.781,12.726,13.379,13.211,13.472,13.472,13.253,13.221,12.792,13.072,12.527,12.291,13.072,13.951,12.2,12.726,13.305,12.165,12.857,14.218,12.693,13.051,10.582,3.5448,3.8105,4.1271,5.2842,5.5169,6.363,5.7157,6.8695,5.3889,5.4404,4.2274,2.6421,2.6421,3.342,3.1705,3.8105,5.013,5.6913,6.6841,6.8695,7.5658,6.8695,7.3411,7.1873,6.6211,6.6841,7.802,6.6211,6.5362,5.5169
14.905,16.161,17.027,17.479,17.479,17.415,17.574,16.671,17.002,15.751,15.393,14.526,14.905,14.641,14.868,15.348,15.456,15.962,16.153,16.401,17.295,16.696,17.811,17.982,17.951,17.319,16.084,14.498,12.781,10.156,10.018,11.723,12.715,12.77,13.04,12.857,12.55,12.759,12.857,12.77,13.461,13.625,13.367,13.859,13.533,13.231,13.241,12.36,13.231,13.061,12.461,12.77,12.371,12.671,12.715,12.77,14.058,13.357,12.326,10.52,4.0209,3.8437,4.781,4.7517,5.5122,5.7109,6.6784,6.3576,5.4358,5.3843,3.3392,3.5417,2.6399,2.8432,2.8432,3.5417,4.9809,5.6864,7.0835,6.8636,7.3538,7.3538,6.8636,7.8489,6.6784,7.0835,7.9897,7.4667,7.044,6.0198
14.864,16.691,17.946,17.426,18.054,17.546,17.474,17.257,16.388,15.586,14.722,15.389,15.524,14.873,15.343,14.817,15.746,15.389,16.157,16.574,17.128,17.038,18.654,18.177,17.704,17.168,16.899,14.599,13.111,10.675,10.084,11.861,13.227,12.712,12.322,12.842,12.886,12.94,12.151,12.243,12.591,13.457,13.322,13.57,13.322,12.766,12.591,12.322,13.322,12.423,12.591,12.423,12.311,13.457,12.591,13.238,14.261,12.853,12.842,10.688,4.1224,4.721,4.2554,5.0074,5.3046,5.5106,6.4429,5.9012,5.8061,4.9795,4.3525,3.0777,2.1763,3.5407,3.0777,4.0198,5.1985,5.0074,6.7594,6.3339,6.3558,6.3339,7.4645,7.5573,7.1792,7.1792,7.1792,6.7594,6.9424,5.7093
15.105,16.448,17.484,18.211,18.08,17.941,17.46,16.809,15.852,15.684,14.797,15.352,14.607,14.674,14.683,15.352,15.684,15.879,16.448,16.974,16.908,17.5,17.987,18.484,17.987,17.42,17.372,14.683,12.85,10.483,10.145,11.103,12.763,13.235,12.85,12.784,12.43,12.318,12.043,12.763,12.066,13.245,14.171,13.065,12.784,12.43,12.318,12.363,12.553,13.464,13.203,12.318,12.774,12.784,12.774,12.784,14.22,13.044,12.374,10.887,4.355,4.022,4.5431,4.869,5.2812,5.688,5.9046,6.0215,6.1815,5.2014,3.5427,2.3618,2.6929,2.844,3.0794,4.5123,4.5123,4.5123,5.9046,6.1815,6.6173,6.6802,6.8656,6.6802,6.6173,6.5325,8.2495,6.8656,6.8858,5.8333
14.409,16.843,17.452,17.745,17.956,17.412,17.316,16.901,16.441,16.373,15.345,15.837,14.931,14.263,14.705,14.875,15.695,15.597,16.373,16.296,17.476,17.04,18.203,18.141,17.933,17.187,16.193,14.204,13.059,10.478,9.4432,11.42,12.153,12.312,12.855,12.358,12.514,12.691,12.312,12.855,12.768,13.197,14.165,13.705,13.766,12.779,12.713,12.713,12.68,13.07,13.208,12.713,12.153,12.691,12.68,12.713,13.705,13.197,11.968,10.371,3.7328,4.751,4.751,4.3531,4.9801,5.9724,5.902,5.8308,5.435,5.008,3.8431,3.0781,1.4931,2.8428,2.6917,3.7328,5.3053,5.2789,6.3347,6.3567,5.902,6.3785,6.4221,6.6145,6.5297,5.902,6.7603,6.4221,6.8829,5.8308
14.286,16.467,17.287,17.512,17.647,17.961,17.48,17.198,16.928,16.116,15.415,14.7,15.397,14.662,14.586,15.342,15.774,15.479,16.288,16.176,16.87,16.803,17.6,17.734,17.263,16.425,16.594,14.432,12.701,10.887,9.7494,11.74,12.568,12.534,12.568,13.345,12.568,12.332,12.876,12.568,13.005,13.376,13.788,12.962,12.908,13.376,13.48,12.777,13.218,12.908,12.788,12.799,12.701,12.734,12.207,12.734,13.788,13.059,12.298,11.002,3.7387,4.2628,5.2874,4.1296,4.2628,5.5202,5.5202,5.6205,5.9114,4.7292,3.8128,3.5469,1.672,2.3646,3.083,4.0267,4.5175,5.6947,6.5401,6.8939,6.3887,6.3887,6.0285,7.1916,6.4323,6.625,6.625,7.0542,6.454,5.5202
14.56,16.617,17.471,17.407,17.082,17.781,17.065,17.229,16.942,16.094,14.855,14.598,14.298,13.89,14.444,15.41,15.383,15.41,15.626,16.734,17.277,17.591,17.407,17.334,17.139,17.229,16.233,15.051,11.75,10.636,9.7288,11.833,12.067,12.578,13.07,12.545,12.217,12.342,12.722,13.728,12.886,13.728,13.89,13.016,14.298,12.744,13.102,12.7,12.744,12.744,12.744,12.274,12.489,12.354,12.81,13.272,13.89,13.387,11.833,10.715,4.2664,4.133,4.8788,4.5522,4.7331,5.3182,5.6994,5.6252,6.0336,5.5248,4.2664,2.6983,2.1167,2.2451,2.6459,3.5498,4.9923,5.3182,6.0336,6.3722,6.0336,5.845,6.3722,5.9164,6.4594,7.0601,6.8793,6.8996,6.8996,4.9923
14.831,16.707,17.76,17.72,17.249,17.434,17.185,16.914,15.708,15.33,14.613,15.027,15.138,14.915,14.265,14.613,14.943,15.239,16.275,16.581,16.707,16.782,17.877,17.76,17.72,16.454,17.111,14.651,12.163,10.632,10.038,11.872,12.071,13.07,12.898,12.778,12.163,12.435,12.525,13.048,12.865,13.706,13.208,14.068,12.854,12.995,12.767,12.702,13.24,12.334,12.379,11.623,12.379,13.376,12.898,12.854,14.574,13.827,12.778,10.58,4.7254,5.012,4.2594,5.3095,5.8354,5.4394,5.7146,5.3095,5.7146,5.012,3.8462,2.6939,1.9049,0.74715,1.9049,3.7358,4.2594,4.8708,5.9068,5.9068,6.4489,6.4272,6.8884,7.4153,6.0237,6.5349,7.8005,6.3837,6.9489,5.9068
14.375,15.933,17.567,17.882,16.911,17.662,17.567,16.861,15.898,15.862,14.616,15.243,14.511,14.693,14.229,14.891,15.542,15.605,16.211,16.072,16.711,17.31,17.31,17.254,17.447,16.711,16.314,14.881,12.166,10.569,9.8298,11.674,12.074,12.606,13.306,13.084,12.694,12.727,12.694,13.127,13.254,13.473,13.901,12.793,13.962,12.561,12.606,12.438,12.901,12.727,13.127,12.727,12.337,12.683,13.084,13.306,13.78,13.254,12.2,10.635,4.0246,3.545,4.1274,4.8721,4.4841,5.6916,5.3109,6.0253,5.7161,4.3577,3.3838,1.9054,1.5854,1.9054,2.6423,3.1707,4.1274,5.837,5.7161,6.9507,6.8902,6.0253,6.8902,7.0504,7.3415,7.0899,7.5663,6.7675,6.6845,6.3634
14.184,16.924,17.259,17.595,17.452,17.452,17.436,16.548,17.022,16.051,14.961,14.744,15.146,14.886,15.411,15.118,15.654,15.247,15.902,16.548,16.395,16.716,17.595,17.516,17.667,17.063,16.691,14.697,12.531,10.703,9.7039,11.641,12.531,12.329,12.73,13.088,12.169,13.13,12.785,13.215,12.861,13.784,14.105,13.247,13.905,12.73,12.697,12.73,12.73,12.73,13.226,12.708,12.158,12.34,12.73,13.341,13.744,13.383,12.609,10.585,3.8118,4.1285,4.5472,4.5472,4.8735,5.4423,5.3124,5.91,4.5472,4.359,3.7378,2.6954,1.6716,2.1795,1.6716,4.2617,5.0148,5.7177,5.8386,6.3652,6.4307,6.8922,7.0525,7.092,7.8583,7.1898,7.4756,7.4756,6.6864,5.91
14.79,16.568,17.316,17.492,17.13,17.364,17.956,16.776,16.373,16.296,14.705,14.214,15.126,15.236,14.36,15.116,15.227,15.633,16.568,17.04,17.13,17.097,17.428,17.979,17.579,17.412,17.195,14.562,12.691,10.452,10.154,11.804,12.459,13.208,12.779,12.324,12.459,12.324,12.779,13.239,12.713,13.197,14.562,13.725,13.038,13.239,12.548,13.038,13.572,13.038,12.844,12.459,12.713,12.713,12.713,12.779,13.856,13.355,12.369,10.689,3.7327,3.5412,4.2559,5.1991,5.3052,6.5296,6.0188,6.3785,5.3052,4.8669,3.7327,4.1229,2.6917,2.8427,3.211,3.3801,4.7802,5.6115,5.9019,5.7099,7.18,6.8625,7.8476,7.3526,7.5582,8.3466,7.6133,7.4092,7.3336,6.3566
14.709,16.134,17.298,17.727,18.419,17.561,17.41,17.625,16.759,16.382,15.356,14.859,15.22,15.375,13.872,15.402,15.329,15.329,16.356,16.407,16.908,16.676,18.419,17.937,17.727,17.41,17.274,15.375,13.226,10.547,10.006,11.273,12.7,13.341,13.184,12.874,12.311,12.025,12.755,12.356,13.226,13.802,13.194,13.802,13.024,13.226,13.517,12.744,13.517,12.744,12.175,12.744,12.842,13.215,12.535,13.507,14.248,13.024,12.579,10.613,4.1187,3.7289,4.4746,5.6057,4.7167,5.3778,6.4154,5.2734,4.9749,4.2516,3.3766,3.2077,2.1743,2.6367,2.8398,4.3486,5.4293,6.0126,6.1724,6.6076,7.0356,7.0947,7.4577,7.4577,7.3828,7.7861,8.7291,7.4577,7.1726,6.4154
14.716,16.793,17.853,17.031,18.155,17.97,17.57,17.411,16.826,15.863,14.923,14.284,15.09,15.007,15.108,15.219,16.142,15.517,16.491,16.892,17.539,17.307,17.697,17.736,17.539,17.403,16.793,14.593,12.541,10.683,9.7286,11.571,12.541,12.541,13.031,12.317,12.306,12.541,12.508,12.685,12.75,13.232,13.718,13.451,13.232,13.849,12.706,12.881,12.541,12.761,12.685,12.977,13.031,12.351,12.75,12.75,13.565,13.451,12.418,10.877,4.7191,4.7777,4.8643,5.3024,5.3806,5.4321,5.707,5.8037,6.0157,5.1963,2.8413,4.0181,2.2385,2.3595,3.3369,4.2537,5.6825,6.1529,7.0392,6.0157,8.0709,7.0982,6.8792,7.0982,7.4053,7.0982,7.4615,7.5542,7.1763,6.6109
15.004,17.159,17.913,18.167,17.944,17.686,17.694,17.183,16.988,15.587,15.014,15.407,14.808,14.175,14.155,15.106,15.216,15.335,16.413,16.43,17.304,17.536,17.85,17.607,17.224,17.416,17.416,14.695,13.356,10.188,9.2128,11.57,12.315,12.759,12.846,12.506,12.539,12.583,12.236,13.061,12.705,13.314,14.076,13.22,13.449,12.705,12.879,12.932,12.975,13.685,13.05,12.879,12.672,12.315,13.283,12.705,13.716,13.511,12.179,10.824,4.5379,5.3797,4.777,5.5075,5.1955,6.3523,5.8979,5.8979,4.9767,4.777,4.1201,2.6376,2.6376,2.6376,3.804,4.253,5.7061,6.0147,6.3741,6.8578,7.0775,7.7888,7.0381,7.0775,7.3476,7.6081,7.8422,7.553,6.8781,6.1745
14.675,16.374,17.033,17.009,18.335,17.747,17.502,17.557,16.382,16.099,14.827,15.014,14.094,14.416,14.685,15.326,15.704,15.326,16.099,16.408,16.811,16.902,17.927,17.438,17.326,17.204,16.91,15.317,13.204,10.837,9.9657,11.62,12.599,12.555,12.862,12.775,12.044,12.991,12.862,13.045,12.991,13.362,13.497,13.864,12.786,13.579,13.045,12.698,12.991,12.764,12.698,12.521,12.432,12.894,12.251,12.894,13.362,13.066,12.33,10.695,4.7242,4.5436,4.5436,5.6146,5.0107,5.3864,5.6887,5.9757,5.9052,4.7242,4.5128,3.382,2.6409,3.0798,3.3405,4.7242,5.6887,6.1822,6.1596,7.0863,6.8866,6.8663,7.5624,7.184,7.3377,7.0468,7.8519,6.9471,6.8866,6.3601
14.428,16.17,17.424,18.053,17.875,17.44,17.56,16.978,16.41,15.644,14.95,15.545,15.679,14.505,14.505,15.246,14.95,15.127,15.97,17.035,16.912,16.937,17.182,18.084,17.304,17.718,16.912,14.677,12.896,11.106,10.202,11.633,12.332,13.248,12.523,12.853,12.896,11.812,12.046,12.853,12.788,13.826,13.53,13.775,13.581,13.248,12.864,13.238,13.206,12.601,13.068,12.777,12.556,12.777,12.196,12.766,13.499,12.678,12.321,10.578,4.5134,4.2589,4.7835,5.2825,5.0114,5.7139,5.2825,5.8347,5.906,4.2589,4.023,2.6412,2.2412,3.2132,3.3409,4.4823,5.3871,6.3828,6.6819,7.3387,7.0872,6.6819,7.3387,6.948,7.1849,6.339,7.3387,7.0872,7.0477,5.2026
14.683,17.031,17.371,17.579,17.459,17.986,17.459,16.907,16.675,16.165,15.397,14.568,14.796,14.606,15.351,15.242,15.233,16.157,16.269,17.104,17.006,17.104,17.435,17.932,17.752,16.85,16.405,14.796,12.989,10.416,10.144,11.726,12.066,13.043,12.329,11.973,12.249,12.158,12.329,12.519,13.202,13.7,13.536,13.942,13.075,13.741,13.118,13.37,13.526,12.553,12.773,12.192,12.283,12.762,12.066,13.043,13.329,13.213,12.893,10.615,4.3548,4.2577,4.9821,4.8688,5.4371,5.9043,5.9043,5.6138,5.01,4.3548,3.5426,3.1686,2.1774,3.0793,3.5426,4.0219,5.4371,6.0212,6.8856,6.5322,7.6163,6.3591,7.1829,7.0457,7.1829,7.4122,7.1829,6.5322,7.1829,6.5322
14.491,16.896,15.955,18.411,21.117,17.974,22.165,17.928,13.204,16.155,16.394,15.223,14.337,14.899,14.2,15.341,14.259,14.491,16.689,16.664,16.394,16.146,18.198,17.701,17.638,17.448,16.301,14.871,12.71,10.621,9.8167,11.095,13.486,12.511,12.32,12.046,11.907,12.275,13.236,12.852,12.275,13.194,14.559,13.362,12.765,13.351,12.754,12.981,12.852,12.035,13.288,12.366,12.15,13.434,12.71,12.71,13.762,13.225,12.511,10.686,4.5091,4.9788,6.0173,4.8656,5.9004,5.9004,5.8292,5.61,4.222,4.2548,5.61,3.0773,3.8056,2.6387,2.176,3.8056,5.382,5.2775,6.0173,6.1546,6.5279,7.3317,7.041,6.442,6.5279,7.3317,7.7921,5.9004,6.3549,6.0173
13.807,16.657,18.044,16.889,17.416,18.312,17.416,17.175,17.967,17.175,15.335,14.485,14.591,14.399,15.335,15.307,16.079,15.905,16.48,16.657,17.012,17.029,17.012,17.4,17.725,16.889,16.988,15.38,12.315,10.188,9.6985,11.388,12.029,12.145,12.236,12.36,12.416,12.304,12.683,12.748,13.23,13.345,13.029,13.967,13.48,13.188,13.685,13.23,13.188,12.583,12.672,12.683,12.145,12.36,12.705,12.77,13.188,13.188,12.053,10.875,4.5072,5.1955,4.9767,4.8636,4.9767,6.0147,5.5075,6.0147,5.3016,4.9767,4.2531,3.2088,1.902,3.2088,2.6899,4.2531,5.0046,5.8979,7.0381,7.3286,6.5251,7.3286,6.0147,6.7556,6.3523,6.8781,6.6727,6.8578,6.0147,6.1745
14.428,15.987,16.912,18.375,16.126,16.307,17.068,16.704,17.011,17.052,15.856,14.61,12.377,15.987,16.879,13.896,14.534,14.96,14.8,15.706,17.968,19.141,17.968,19.053,18.488,17.875,17.068,15.536,13.079,10.696,9.7116,11.292,11.585,11.812,13.047,12.433,12.046,12.776,12.377,12.195,12.787,13.068,14.37,12.863,12.689,14.272,13.374,12.896,13.714,12.765,12.057,11.693,13.079,12.722,11.976,13.217,14.272,12.556,12.195,10.161,4.5133,4.8701,4.8701,4.9834,4.7834,5.515,5.6153,5.387,4.356,4.5133,4.356,2.6412,4.5133,3.1694,1.6704,2.3624,4.1257,6.534,7.8529,6.8671,6.8671,7.3575,6.0229,6.448,8.0459,6.8671,6.9479,8.7917,6.9479,6.8874
14.374,16.583,17.723,18.342,17.469,17.996,17.469,17.203,16.917,16.456,14.945,14.681,14.227,15.038,15.112,15.648,15.86,15.71,16.583,16.32,17.429,17.146,17.113,17.015,17.429,16.792,17.04,14.832,12.47,10.686,9.8285,11.874,11.921,12.47,12.153,12.703,12.335,12.604,12.703,13.252,13.241,13.471,13.533,13.22,13.05,14.178,12.56,12.725,12.681,13.533,12.856,12.526,12.369,12.049,12.526,13.072,13.471,13.471,12.256,10.699,4.7847,4.8715,5.204,5.2308,4.8715,5.3102,6.0245,5.6168,5.3885,4.726,3.081,3.081,2.6419,2.8454,2.8454,4.1268,5.2839,6.3626,6.3406,6.7253,6.3626,6.7666,6.5358,6.0245,6.5358,7.1868,6.9498,6.3626,6.4281,5.4401
14.055,16.61,17.774,16.902,17.734,17.464,17.584,16.474,16.927,16.474,15.349,15.376,14.438,14.971,15.258,15.147,15.992,15.566,16.149,16.088,17.034,16.811,17.327,17.584,17.23,16.935,16.474,14.438,12.062,10.905,9.7249,11.308,12.062,12.717,12.573,12.337,12.383,12.085,12.383,12.573,13.064,13.753,13.011,13.885,13.139,13.235,13.139,12.794,12.914,12.45,12.794,12.573,12.54,12.881,12.074,12.968,13.885,13.266,12.085,10.632,4.2646,4.8768,4.9902,4.8768,5.0182,5.8186,6.3915,6.3696,5.316,4.5195,3.5484,2.3656,2.181,2.3656,3.0844,4.0285,4.5195,5.3944,6.8968,6.3696,6.3696,6.8765,6.7326,6.4351,7.4807,6.4351,7.0968,6.3915,6.9574,6.1914
14.252,16.417,17.281,16.821,17.973,17.475,17.338,17.176,17.338,16.612,15.737,14.563,14.447,14.534,15.71,15.24,15.431,15.861,15.923,16.348,16.193,16.305,17.233,16.738,17.086,16.821,16.159,14.82,12.345,10.599,9.542,11.657,12.081,11.894,12.581,11.835,12.093,12.725,12.802,12.878,13.557,13.275,13.494,13.275,13.741,12.626,13.401,13.494,13.243,12.492,13.094,12.548,11.894,12.39,12.802,12.725,13.275,12.802,12.185,11.128,4.5223,4.2673,4.8799,4.5532,5.213,5.8463,5.7252,5.213,5.3194,4.5532,3.3476,3.0863,1.9084,2.1823,3.1758,3.8168,5.293,5.9883,6.3736,6.7783,6.9012,6.3736,6.0349,6.9012,6.9618,6.4609,6.9012,7.4854,6.6951,5.9883
14.643,16.421,17.074,17.985,17.977,17.286,17.915,17.31,17.049,16.421,15.643,14.748,14.909,13.987,14.451,14.833,15.58,15.271,16.309,15.714,17.09,17.18,17.67,17.286,18.008,17.18,16.344,14.974,12.629,10.602,9.4262,11.404,11.838,12.728,12.28,11.897,12.28,12.405,12.223,12.405,13.246,13.498,12.706,13.477,13.076,12.892,13.498,13.236,12.348,12.461,12.188,11.755,12.003,12.188,12.405,12.805,14.255,12.794,12.223,11.218,4.2684,4.8811,4.7353,4.9946,4.8811,5.4508,4.7648,5.2143,4.9946,4.7648,3.39,2.8511,2.1829,2.9949,3.0871,4.3658,4.8811,5.9192,5.2943,6.5487,5.9192,5.9192,6.6337,6.6968,6.9029,6.1741,7.0634,6.78,6.5487,5.6279
14.551,16.522,17.055,17.516,17.396,17.58,17.088,17.088,16.326,15.848,14.751,14.817,14.846,14.628,14.435,15.264,15.255,15.419,16.085,15.901,16.522,16.998,18.09,18.105,17.218,16.471,17.055,14.902,12.704,10.643,9.8799,11.318,12.267,12.615,12.715,12.537,12.448,12.482,12.21,13.094,12.791,13.221,14.112,12.78,12.346,13.232,12.06,12.448,12.791,13.062,12.879,12.335,12.21,12.346,12.164,13.094,13.791,13.348,12.571,10.159,4.8758,5.315,4.3611,4.7303,4.9892,4.9892,5.3933,5.0172,4.7303,3.7396,3.7396,2.3651,2.1154,2.1154,3.0838,4.0277,4.7303,5.5215,5.696,5.696,6.8752,6.3902,6.5416,6.1675,6.5416,7.0954,7.1933,7.0559,7.5165,6.1901
14.382,16.593,17.574,17.669,17.439,17.733,17.725,17.286,16.802,16.398,14.727,14.661,14.888,14.517,14.107,14.689,15.396,15.148,16.415,16.55,16.718,16.794,17.221,17.318,17.519,16.466,16.559,14.746,13.09,10.387,9.8341,11.595,12.342,13.09,12.263,12.171,12.263,12.056,12.206,12.342,13.217,13.479,13.259,13.877,13.968,13.375,12.331,12.863,12.477,12.206,12.71,12.688,11.986,12.732,12.387,12.688,13.541,13.079,12.206,10.783,4.7582,5.0155,5.2069,5.7186,4.8742,4.7287,4.7582,4.7287,4.5479,4.2624,3.3852,2.1147,2.1798,1.9062,3.3852,3.2159,4.8742,5.8395,6.3662,6.3662,7.1909,6.3662,6.7705,7.0535,6.7705,6.1881,6.8729,7.093,6.8932,5.9109
14.744,16.305,17.011,17.618,17.744,18.227,17.24,17.044,16.236,16.442,14.97,14.989,14.329,14.533,14.398,14.857,15.349,15.431,15.878,15.79,16.812,16.737,18.003,17.24,16.611,16.619,17.232,14.639,13.072,10.704,9.5416,11.752,12.185,12.812,12.975,12.345,11.752,12.356,12.185,13.358,12.581,13.263,13.761,12.725,13.147,12.069,12.547,12.79,12.725,13.072,12.747,12.356,12.801,12.801,13.232,12.801,13.494,12.747,12.276,10.277,4.3645,5.3191,4.8796,5.4492,5.2395,5.2127,5.3191,5.2927,5.7004,4.2671,2.8502,1.6737,2.367,3.1756,3.3474,4.9931,4.7928,5.7249,6.5467,6.9008,7.0614,6.0346,6.3512,7.5224,7.9567,7.5224,6.9008,7.3529,7.1009,5.7249
14.364,16.906,17.711,18.474,17.553,18.3,17.953,17.192,16.378,16.446,14.267,15.313,14.87,14.5,14.364,14.87,15.422,15.395,16.497,16.403,17.553,16.906,17.553,17.553,17.577,17.265,16.781,14.954,13.201,10.481,10.253,11.665,12.518,12.518,12.848,12.462,12.429,11.866,12.041,12.988,12.551,13.243,13.729,13.359,13.462,12.327,12.596,12.551,12.772,12.859,13.042,12.282,12.695,12.156,13.063,13.233,13.535,13.576,12.327,10.374,4.8683,4.9815,5.2273,6.4456,5.2006,5.2804,5.9037,6.0206,4.8683,4.2572,3.8442,2.6402,2.3615,2.1122,3.079,4.2572,5.6872,6.3804,6.3804,7.5604,6.8645,7.1821,7.3358,6.8645,8.0602,7.5604,7.8499,7.4114,6.3804,5.8324
14.504,16.778,17.966,18.213,17.966,17.818,18.487,17.966,16.811,15.327,14.571,14.827,15.686,15.317,15.208,14.911,15.399,15.606,16.786,16.382,17.034,16.786,17.873,17.989,17.245,17.205,16.786,14.609,12.862,10.146,9.9659,11.811,12.688,12.895,12.365,12.365,12.285,12.194,11.811,12.365,12.764,13.362,14.173,13.362,12.72,13.12,12.194,12.72,13.247,12.376,13.299,12.72,12.677,13.466,12.775,13.773,14.034,13.466,12.72,10.256,4.783,5.9053,4.8697,5.5145,5.7132,5.7132,5.9053,5.5145,4.8697,4.3556,3.3406,3.2129,2.6409,2.9879,3.0798,4.2584,5.5145,6.3602,6.3602,7.1061,7.6906,6.6182,8.8541,7.3378,7.7986,7.6906,8.5983,8.7111,6.6811,6.0223
14.657,16.863,18.506,18.324,17.216,17.767,17.767,17.216,17.02,15.409,14.921,15.144,15.254,14.808,14.619,15.135,15.218,14.921,16.546,16.393,17.256,16.714,17.256,17.767,16.888,17.02,16.913,14.685,12.784,10.883,9.7026,11.604,12.696,12.729,12.44,12.608,12.957,12.474,12.259,13.086,12.168,13.475,14.884,12.794,12.784,12.86,12.474,12.259,12.707,13.308,13.537,12.784,12.784,12.202,13,13.213,14.073,13.213,12.784,10.571,4.5158,5.2853,5.5181,6.1637,6.0262,6.3863,5.8379,5.9092,4.9862,4.8728,3.8113,2.695,3.1712,3.0819,3.8113,4.7861,5.6184,5.8379,5.9797,7.9456,7.4746,7.4746,7.4746,7.3995,7.8572,7.928,7.8037,7.5675,6.9518,6.3863
14.364,16.906,17.102,17.297,17.703,17.961,17.868,17.953,17.045,16.267,15.395,14.954,14.499,14.413,14.605,14.267,15.422,15.637,16.53,16.086,17.045,16.572,17.417,17.135,17.553,17.004,16.773,14.935,12.372,10.77,9.8646,11.629,12.717,12.891,12.945,12.596,12.772,12.327,12.717,12.596,13.201,13.243,13.042,13.576,13.493,13.358,13.042,13.493,12.772,12.695,13.369,12.596,11.866,12.859,12.518,13.201,13.699,12.988,12.327,11.189,4.2572,4.2572,4.7524,5.0094,5.2273,5.4365,6.4239,5.2273,5.5129,4.7229,3.5422,3.5422,1.9039,3.1682,3.5422,4.2572,5.9037,6.7622,6.8848,6.7622,7.3926,7.8499,7.4114,7.8499,7.5604,7.1821,7.9382,6.3584,6.5315,6.0206
14.957,16.784,17.871,17.746,17.964,17.195,17.964,16.909,16.449,15.316,14.797,15.012,15.64,14.674,15.012,15.325,15.316,14.825,16.499,15.984,16.584,16.584,17.436,18.08,17.556,17.5,16.533,14.947,12.675,10.416,9.7097,11.29,12.554,12.774,12.329,12.785,12.85,12.598,12.554,12.763,13.044,13.732,13.701,13.361,13.33,12.947,12.52,13.537,13.044,13.044,12.554,12.464,12.193,12.719,12.147,12.697,13.298,12.52,12.774,11.141,4.258,5.0103,4.7238,4.9824,5.9047,5.5139,5.5139,6.3596,5.386,4.7238,4.0222,3.0795,1.6701,3.3402,3.0795,4.5432,5.386,5.9047,7.1834,7.0857,7.5618,7.3561,7.3561,7.5618,7.6898,7.3561,7.7978,6.9465,6.886,6.5327
14.22,15.853,17.007,17.032,17.988,17.941,17.5,17.746,17.3,16.406,15.64,14.797,14.938,15.425,15.533,15.853,16.036,16.063,15.888,16.063,17.048,16.406,17.195,17.651,17.46,17.032,16.063,14.299,11.868,10.563,9.9648,11.619,12.055,12.52,12.329,12.375,11.726,12.375,13.245,13.203,13.893,13.943,13.371,14.367,14.063,13.203,13.329,12.85,13.203,12.85,12.375,12.193,12.329,12.686,12.375,12.85,12.99,12.774,11.619,10.875,4.5124,5.2015,5.7126,4.8691,5.9047,6.0216,6.6804,4.8691,6.0216,5.0103,3.5428,2.8441,2.693,2.8441,3.0795,4.3551,5.2813,5.8334,7.5062,7.0462,6.886,7.1834,6.886,6.8657,7.0856,6.886,7.9396,6.7634,6.8657,6.0216
14.592,17.074,17.583,17.351,17.294,17.447,17.164,17,16.835,15.904,15.448,14.524,15.557,15.045,14.697,15.78,15.448,14.961,16.474,15.868,17.221,16.533,17.164,17.781,17.447,17.205,16.567,14.63,12.483,10.592,9.7245,12.212,12.269,12.394,12.717,11.887,12.303,11.887,12.073,13.224,13.064,13.392,13.964,13.318,13.085,13.722,11.887,13.01,12.085,13.064,12.782,11.887,12.303,12.212,12.177,12.212,13.139,13.064,11.744,10.419,4.8766,5.5223,4.5193,5.2095,5.2894,6.0309,6.0309,5.3942,4.99,4.5193,2.8484,3.0842,2.2441,3.0842,3.7402,3.7402,5.3158,6.4566,6.5427,7.7015,7.3483,6.8966,7.1162,7.4052,7.5177,7.1944,7.057,7.1162,6.6907,6.3693
14.769,15.929,16.852,17.239,18.01,17.537,16.952,16.448,16.491,16.311,15.501,15.144,15.162,14.92,14.306,14.911,15.392,15.392,16.542,15.894,16.491,16.55,17.369,17.862,16.827,16.894,16.423,14.539,12.807,10.903,10.046,11.564,11.981,12.883,12.552,12.097,12.316,11.899,12.086,11.946,12.807,13.237,13.077,13.237,12.074,12.981,12.926,12.586,13.077,12.395,12.586,11.899,11.899,13.28,12.097,12.894,13.807,13.237,12.35,10.59,4.1354,4.4929,4.8816,5.2149,5.3213,5.3998,5.7273,5.7273,5.3213,4.4929,3.7064,3.0874,1.9091,2.1831,3.2208,4.5548,5.528,5.9199,6.3978,6.5494,7.2018,7.5811,7.3559,6.9643,7.8714,7.96,7.6364,7.1038,6.9643,6.1975
14.531,16.942,17.066,17.302,17.741,17.615,17.334,17.615,17.455,16.345,15.734,14.56,14.977,15.051,15.264,15.236,15.428,15.163,15.919,15.707,16.541,16.617,17.662,18.101,17.334,16.566,16.345,14.298,12.623,11.69,9.8433,11.654,11.892,12.09,12.388,12.308,12.308,12.217,12.183,12.799,13.145,13.24,13.492,13.324,13.091,12.489,12.744,11.974,12.217,12.623,12.722,12.308,12.079,12.722,12.343,13.091,13.492,13.016,12.217,10.65,4.3637,4.7331,5.6253,4.9923,5.3966,5.845,5.724,5.2118,5.5248,4.133,3.2189,2.6459,1.4967,2.8497,3.7043,4.7331,5.9164,5.2918,5.9164,7.1976,6.4378,6.7768,7.1976,6.4595,6.5456,7.1976,6.8997,7.1194,7.0601,5.724
14.669,16.407,17.328,17.513,17.962,17.68,17.465,17.585,17.489,16.475,15.879,14.962,14.85,15.037,14.439,15.046,15.879,15.666,16.433,16.812,17.166,16.936,16.602,17.231,17.401,16.611,17.002,15.157,12.178,10.42,9.711,11.65,11.888,12.086,12.574,11.888,12.063,12.074,12.718,12.541,12.882,13.267,12.574,13.267,12.74,13.267,12.74,12.74,12.485,12.451,12.074,12.213,11.829,12.383,12.541,13.087,13.225,13.235,12.304,10.593,5.0185,4.5506,5.6233,5.2899,4.8771,5.9143,5.7219,5.2899,5.2899,4.2649,2.8487,2.9924,2.3657,3.2177,3.5486,4.3622,4.7315,6.1917,6.8972,7.0576,6.6283,6.4355,6.733,6.8972,7.1169,7.4811,7.9349,6.8769,6.4355,5.9143
14.813,16.794,17.456,17.52,17.976,17.984,17.726,17.456,17.52,15.773,15.342,15.333,14.813,15.369,15.14,15.905,15.415,15.844,16.219,16.33,17.44,17.026,16.993,17.607,17.836,17.391,15.861,15.038,12.567,10.535,9.5169,11.352,11.881,12.16,12.612,12.206,11.822,12.377,12.08,12.875,12.777,12.777,13.058,12.777,12.733,13.26,12.478,12.206,12.799,12.733,12.799,12.788,12.388,11.822,12.612,12.711,13.878,13.48,12.057,10.848,5.234,5.4434,5.6944,5.0158,5.2871,5.5199,5.6203,5.9112,5.2871,4.2626,3.3439,2.3645,2.6959,2.1149,3.3854,4.2626,4.5482,5.9112,6.0283,6.4321,6.3666,6.5398,7.57,6.1884,7.1913,7.6252,6.8936,6.1658,6.4538,6.1658
14.535,16.099,17.476,17.476,17.912,17.912,17.524,17.242,17.071,16.435,16.099,14.746,14.746,14.916,14.859,15.139,15.496,15.568,16.622,16.003,16.823,16.444,16.714,17.364,16.947,16.622,16.914,15.056,12.403,10.705,9.9875,11.609,11.657,12.071,12.071,12.082,12.459,12.627,12.459,13.233,12.879,13.148,13.773,13.106,13.763,12.582,13.02,12.726,12.346,12.278,13.148,12.278,11.978,12.175,13.106,12.748,13.36,12.391,12.358,10.718,4.7934,4.2677,5.5264,5.2134,5.2402,5.4499,5.8467,5.4499,4.5535,4.2677,2.9944,2.1825,2.1825,2.6467,3.3894,4.2677,5.2402,5.9182,5.7257,6.4397,7.1998,6.5475,6.6326,6.5475,7.1018,6.396,7.1998,6.4614,6.0354,5.2934
14.325,16.343,17.332,17.747,18.021,17.469,17.589,16.411,16.479,16.014,15.133,15.235,14.938,14.975,15.05,14.909,15.235,15.235,16.807,15.785,17.039,17.064,16.874,17.589,17.779,16.428,16.732,13.969,12.743,10.714,9.5827,11.361,12.307,12.454,12.488,12.352,12.341,12.216,12.577,12.798,12.454,13.552,13.767,12.721,14.198,12.577,12.488,12.71,13.143,12.971,12.798,12.386,12.066,12.341,12.874,12.917,13.49,13.27,11.89,10.895,4.4897,5.9157,5.0196,4.7621,5.5241,5.6246,5.6988,5.9157,5.238,4.2659,2.9931,2.1816,2.1165,1.9078,2.6456,3.7414,5.2912,5.9157,6.8988,7.0593,6.4587,6.0329,6.6298,7.1968,6.6929,7.1968,7.8123,7.4076,7.1185,5.5241
14.753,16.422,17.582,17.326,17.741,17.991,17.898,16.801,16.809,16.337,14.895,14.446,15.375,14.895,13.964,15.565,15.256,15.779,15.876,15.912,16.558,16.566,16.801,17.446,17.677,16.959,16.337,13.974,12.738,10.891,10.036,11.418,11.968,12.348,12.617,12.211,12.073,12.449,12.617,12.211,12.804,13.265,13.095,13.234,12.084,13.255,12.88,12.617,12.348,12.738,12.694,12.348,12.211,13.138,12.268,12.393,13.793,13.063,12.539,10.71,4.9898,5.2892,5.6967,5.2093,5.2892,5.394,5.6225,5.2093,4.7896,3.8141,3.2173,2.6446,1.6726,2.1808,2.6446,3.74,4.7896,5.2361,6.3691,6.7321,6.3691,6.0306,6.8963,6.7735,6.3691,6.8963,7.1941,7.0567,6.3691,6.0306
13.983,16.213,17.35,17.253,17.702,18.008,17.993,16.556,17.188,16.724,14.717,14.65,14.103,14.544,14.544,15.287,16.013,15.587,15.89,16.109,16.632,15.969,16.858,16.496,17.081,16.581,16.556,14.408,12.09,10.906,9.7377,11.335,11.95,12.59,12.811,12.285,11.76,12.365,12.822,12.887,13.242,13.337,12.931,13.337,13.242,13.028,13.242,12.556,12.078,12.634,12.985,12.634,11.844,13.082,13.103,13.504,13.535,13.252,12.354,11.123,4.2703,4.2373,5.323,5.4015,6.1769,5.2434,5.4532,4.7963,4.9968,3.8194,3.7453,2.2472,2.6483,3.0884,2.7008,2.8523,4.7963,5.9924,5.8503,6.1769,6.4436,6.1995,6.8856,6.6998,7.1062,7.4342,7.1259,7.0666,6.6998,5.7046
13.972,16.542,17.173,16.234,17.908,17.79,17.592,17.616,16.618,16.44,15.788,15.384,14.25,14.396,14.638,14.969,15.565,15.788,16.157,16.07,17.042,16.576,16.811,17.456,17.36,16.935,16.44,13.972,12.218,10.65,9.7153,11.227,12.068,12.218,12.309,12.309,12.789,12.389,12.546,12.974,13.658,13.326,12.745,13.241,13.76,13.071,12.887,12.8,12.974,12.4,12.712,12.355,12.218,12.49,12.877,13.146,13.241,12.92,12.091,11.326,4.9927,5.6257,5.2922,4.7335,5.3971,4.3641,5.2922,4.5217,4.7923,4.1334,3.7046,1.9081,2.2453,2.182,3.7422,4.1334,5.2922,6.3727,6.3727,6.3727,6.9609,7.4844,6.8799,6.7774,7.4844,6.46,8.2158,7.0607,7.12,5.9169
14.743,16.171,17.602,17.885,18.386,17.885,17.57,17.57,16.394,16.076,14.809,14.619,15.328,15.715,14.658,15.219,14.922,15.043,15.617,15.901,17.078,16.547,17.062,17.885,17.451,16.283,16.798,14.427,12.608,10.043,9.8744,11.544,13.087,13.076,12.773,12.53,12.373,12.294,11.878,11.819,12.871,13.476,13.548,13.476,11.983,12.697,13.087,12.168,13.087,12.203,12.73,12.697,13.129,13.309,12.73,12.73,13.783,13.001,12.73,11.112,4.7276,5.6187,5.7173,5.4419,5.312,5.3903,6.4519,4.9865,4.7571,4.2614,3.848,3.7375,2.1793,2.6952,2.8464,4.5161,4.7276,5.5184,6.4519,6.3428,6.7275,5.8382,7.9285,7.9986,7.6231,8.0508,8.3573,7.475,7.0519,6.3648
14.93,16.998,17.427,17.427,18.323,17.705,17.861,17.807,16.842,16.575,15.417,14.291,14.561,14.93,15.235,15.226,15.632,16.158,15.871,16.44,17.419,16.423,16.899,17.642,17.618,17.291,16.054,14.817,12.591,10.57,10.153,11.333,12.591,12.186,12.69,12.679,12.69,12.186,12.368,13.058,13.037,13.196,13.238,13.238,12.679,12.778,12.767,12.591,12.037,12.547,13.458,12.69,12.591,12.424,13.112,13.458,13.694,12.983,12.186,10.623,5.2785,5.7096,5.9016,5.383,6.0184,5.4346,6.1558,5.3048,4.9797,4.02,4.2557,3.3384,2.6393,2.6393,3.5409,4.7212,5.9016,6.6768,6.8621,6.8621,6.8621,7.5577,7.3521,6.8621,8.5277,7.0819,7.4649,8.2114,7.3521,5.972
14.893,16.471,17.396,18.236,17.675,18.012,17.612,17.652,16.874,16.292,14.968,14.628,14.704,14.958,14.24,15.052,15.373,15.401,16.799,16.059,16.799,16.807,17.162,18.051,17.218,17.072,16.724,14.628,13.083,11.219,10.39,11.219,12.21,12.715,12.615,12.267,12.06,12.267,12.482,12.448,12.911,13.39,13.062,13.483,12.448,12.911,12.965,12.482,13.316,13.094,13.222,12.737,12.693,12.346,12.164,12.802,13.882,13.556,12.346,10.537,4.7303,5.5215,5.315,5.315,5.9128,6.0299,6.3903,5.315,6.0299,4.5186,3.8502,3.3448,3.0838,2.848,3.7396,4.5494,5.2886,6.0299,6.8955,7.5165,6.8955,7.9329,7.0559,7.6273,7.8621,8.362,8.362,7.4229,7.0954,5.9128
14.709,16.537,18.22,17.988,17.847,17.776,18.058,17.225,15.951,15.872,15.15,13.977,15.233,15.233,14.294,15.488,14.973,15.406,16.562,16.604,16.813,16.604,17.784,18.273,17.273,17.225,16.09,14.757,13.226,10.272,10.272,11.687,12.796,12.575,12.214,12.796,11.711,11.83,12.305,12.575,12.62,13.321,13.887,13.237,13.067,12.796,12.575,12.486,12.741,13.099,13.237,12.396,13.088,12.542,12.719,12.796,13.488,12.719,12.452,10.501,4.8776,5.2105,6.0321,6.0321,6.1924,6.3486,6.4579,5.4469,5.8436,4.132,3.2181,3.3876,3.3876,3.0849,3.741,4.8776,5.2905,5.9855,6.898,6.7337,6.3706,6.3706,8.006,7.1959,7.4256,7.8649,8.0929,7.5749,7.3498,5.4469
14.681,16.941,17.723,17.501,18.158,17.934,17.973,17.015,16.684,15.852,15.029,15.019,14.879,14.576,14.432,15.213,15.612,15.895,16.096,16.388,17.381,16.312,17.564,17.308,17.04,17.187,16.405,15.131,12.725,10.164,9.9695,11.109,12.061,12.769,12.437,12.47,12.335,12.164,12.335,13.05,12.437,13.05,13.718,12.78,13.95,12.725,12.725,12.681,13.082,12.725,12.703,12.725,12.47,11.732,12.791,13.22,13.533,13.367,11.921,10.699,4.8715,5.44,6.0245,5.6168,6.1846,5.9075,5.9075,6.4497,5.9075,4.26,3.8467,1.6709,2.6942,2.363,3.3833,4.0241,4.9848,6.3626,7.1087,6.8893,7.4725,6.9498,7.1087,6.8893,7.6205,7.0495,7.3595,7.6205,6.9498,5.978
14.812,16.388,17.731,17.731,17.317,18.623,17.833,17.024,16.6,15.691,15.258,15.138,14.896,14.106,14.516,14.887,15.138,15.62,16.052,15.868,16.925,17.155,17.833,18.044,17.573,17.081,16.6,14.283,12.786,10.058,9.8334,11.642,12.33,12.873,12.375,12.067,12.566,11.88,12.067,12.862,12.797,13.258,13.836,13.311,13.374,12.906,12.786,11.985,12.698,12.797,12.341,12.067,12.566,12.709,12.532,12.873,13.745,13.057,12.17,10.639,4.8739,5.7182,6.0275,6.0275,6.0275,5.9104,5.7182,6.3876,5.3128,4.8739,3.2156,2.2429,2.6432,2.6956,2.8468,4.5476,5.3128,5.6196,5.8151,6.77,7.4762,6.77,7.6972,6.8927,6.539,7.5135,7.9297,7.5135,6.8724,5.9809
14.813,16.802,17.05,17.262,18.084,17.503,17.772,16.719,16.33,16.218,15.843,15.222,14.728,14.186,14.841,14.813,14.954,15.25,16.694,16.14,17.318,16.719,18.169,17.606,16.926,16.719,17.025,14.888,12.907,10.574,9.4131,11.703,12.263,12.711,12.864,12.611,12.342,12.171,11.822,12.733,12.7,13.479,13.756,13.09,13.058,12.376,12.776,12.056,12.787,12.961,13.217,12.263,11.986,12.171,12.733,13.385,13.51,13.26,11.679,9.9332,5.3916,5.8396,5.6942,6.1655,6.028,5.9109,5.9109,6.4535,5.4432,4.8743,3.3853,2.3644,2.6958,3.3853,3.0828,4.7875,5.2338,6.4318,6.028,6.4318,7.3448,6.6875,6.8933,7.191,7.5697,6.6245,8.2075,7.1128,6.028,6.3663
14.287,16.722,17.987,17.956,17.673,18.01,17.61,17.483,16.469,16.005,14.52,15.226,14.549,14.434,15.143,15.152,15.226,15.226,16.554,16.418,16.722,17.217,16.605,17.839,17.776,17.086,16.418,14.626,12.345,10.496,10.047,11.44,12.082,12.713,12.614,11.93,12.334,11.883,12.379,13.06,12.447,13.22,13.759,12.713,13.262,12.57,12.91,12.174,12.713,12.866,13.06,12.713,12.379,11.824,12.57,12.79,13.554,12.713,12.39,10.213,5.288,5.6954,5.3928,5.288,6.1895,5.6213,6.5409,6.0293,5.288,3.7392,3.0834,2.1152,2.6964,3.0834,2.644,4.8753,5.288,5.8408,6.772,7.4784,6.772,6.8948,7.9321,7.0551,7.0946,7.0551,7.9321,7.4221,6.6259,5.3144
14.449,16.729,17.134,16.805,17.514,17.846,17.784,17.134,17.354,16.612,15.559,14.632,13.967,15.149,14.284,14.982,15.351,16.125,15.95,16.194,17.134,17.354,16.962,17.208,17.657,16.805,16.34,14.323,12.339,10.594,9.7261,11.445,12.271,12.075,11.889,11.889,11.889,12.305,12.384,12.542,12.969,13.066,12.969,12.806,13.088,12.542,13.384,12.575,12.575,12.214,12.339,12.35,12.486,12.796,12.806,13.488,13.488,13.257,12.708,10.647,5.0188,5.2903,5.8433,5.9148,5.7223,6.3704,5.8433,5.6978,5.2903,4.2652,4.2652,3.0848,1.9074,2.6452,3.3875,3.8514,5.4467,6.4359,6.6287,6.3923,6.6287,6.6918,7.0977,7.3686,8.058,7.3495,7.4816,7.4816,6.6918,5.9853
14.286,17.287,17.456,17.891,17.084,18.596,17.891,17.576,16.45,15.871,14.973,15.342,14.586,14.814,15.141,14.927,15.622,15.72,16.081,16.56,16.425,17.125,17.263,16.919,17.026,16.594,16.602,15.122,12.534,10.428,9.835,11.823,11.68,12.057,12.207,12.377,12.08,11.882,12.298,12.875,12.777,13.376,13.25,13.727,12.962,12.389,12.865,12.389,13.26,13.542,12.734,12.057,12.264,12.389,12.445,12.788,13.48,13.313,11.438,10.588,4.7879,5.9114,6.0285,5.2873,5.9819,5.7191,5.84,5.6946,5.6205,4.7879,2.991,2.18,2.8473,2.991,3.344,5.4436,5.3137,5.9819,5.816,6.7711,7.5703,6.7711,7.1915,7.3644,7.0937,7.5703,7.5147,7.5703,6.688,6.688
14.384,16.805,17.521,18.009,17.838,18.687,17.393,17.775,16.805,16.108,15.225,14.433,14.749,15.552,14.749,15.614,15.722,15.416,16.108,16.4,17.028,16.896,16.805,17.505,16.805,16.519,16.469,14.442,12.173,10.901,9.5326,11.824,12.265,12.344,12.344,12.613,11.741,12.058,12.173,13.092,12.735,12.735,13.314,12.613,12.479,13.387,12.173,12.173,12.713,12.735,13.134,12.866,12.613,12.569,12.789,12.963,13.481,13.262,12.299,10.061,5.3924,5.9118,5.695,6.4545,5.6209,6.0289,5.8405,5.6209,5.444,4.3604,3.5471,1.6721,2.6439,2.6962,3.813,4.2631,5.2877,6.4328,7.1139,6.8943,6.3673,6.3673,6.3673,6.874,7.5153,7.4217,7.1921,7.5709,6.3453,6.0289
14.856,16.609,17.279,18.118,17.993,17.993,17.743,17.616,17.009,16.943,14.328,14.637,14.969,14.532,14.25,15.788,15.164,15.411,15.859,16.735,16.819,16.609,16.735,17.616,16.968,17.042,16.609,14.532,12.184,10.598,9.0588,11.126,12.49,12.218,11.893,12.218,11.619,11.715,12.309,12.218,13.262,13.565,12.546,13.388,12.355,13.241,12.745,12.712,12.745,12.275,12.49,12.275,12.068,12.876,12.745,13.241,13.658,13.273,12.218,11.126,4.8792,5.7244,5.4486,5.9168,5.3186,6.034,5.6257,4.364,4.8792,4.1333,3.8528,2.6461,1.9081,2.182,3.2191,4.7335,5.2122,6.1943,7.5216,6.9608,6.7359,6.3506,7.1199,7.4843,6.9002,6.5461,7.3712,6.7773,5.9168,5.9874
14.572,16.857,17.867,18.015,17.542,17.765,17.486,17.154,16.546,16.108,14.99,14.132,14.687,15.166,14.339,15.055,14.456,15.277,16.316,16.359,16.589,16.622,17.606,17.63,16.495,16.495,16.832,14.754,12.755,10.724,9.3852,11.26,11.843,12.556,12.799,12.398,12.101,12.101,11.724,12.193,11.949,13.241,13.811,12.755,12.589,13.081,12.101,12.078,12.193,12.81,13.503,12.182,12.821,12.285,13.241,13.336,13.862,12.984,12.398,10.284,5.2163,5.4013,5.85,5.5296,5.7289,6.0388,5.85,5.5296,4.4941,4.2701,3.3913,3.7451,2.7006,1.9096,3.7451,4.2371,4.883,5.3228,6.0388,5.9215,6.0388,6.9663,6.3777,6.4433,7.5276,6.5512,7.82,6.6363,6.8853,5.0246
14.989,16.36,17.197,17.616,17.616,18.018,17.616,16.967,16.967,16.213,14.999,15.258,14.782,13.991,13.911,14.961,15.405,15.595,15.478,16.463,16.867,16.463,17.066,17.616,16.556,16.428,16.326,14.416,12.235,10.412,9.7718,11.142,12.096,12.894,12.085,11.767,11.635,11.731,12.597,12.641,12.818,13.164,12.73,13.375,12.36,12.763,12.741,12.292,12.36,12.406,12.597,12.2,12.73,12.763,12.235,12.829,14.318,13.911,12.597,10.874,5.6334,4.8859,5.5328,5.3259,5.7077,5.6334,6.0424,5.4044,4.4968,3.7096,2.6497,1.6758,1.6758,3.555,2.6497,4.5279,5.0275,5.7077,6.6402,6.1802,6.7034,6.9097,6.5551,7.532,6.4471,6.9097,6.9704,6.6402,6.1802,5.2995
14.469,16.637,17.388,16.996,17.811,17.485,18.093,17.111,16.838,16.33,14.852,14.928,14.993,14.852,14.085,15.29,15.299,15.482,15.938,16.51,16.996,17.259,16.971,17.307,17.169,16.637,16.122,14.352,12.645,10.086,9.7745,11.912,11.77,12.204,12.375,11.71,11.626,12.204,12.018,12.821,12.645,13.114,13.284,12.909,12.821,12.421,12.766,12.511,12.744,12.33,12.6,11.912,12.364,12.295,12.941,12.995,13.752,13.284,11.77,10.442,4.498,5.7093,5.5343,5.8551,5.9266,6.1819,5.0009,4.8872,4.5291,4.2738,2.8546,1.6763,1.9113,2.249,2.8546,3.7483,4.7413,5.0289,6.044,5.7093,6.6421,6.2046,5.9266,6.044,7.112,7.112,6.9723,6.4706,6.9116,5.3009
14.33,16.159,17.338,17.539,17.362,17.459,17.996,16.913,16.417,15.861,15.24,14.457,15.157,14.745,14.64,14.905,15.046,15.432,15.791,16.485,16.485,16.417,17.217,18.066,17.338,16.57,15.958,14.399,12.311,10.586,9.5275,11.166,12.082,12.802,12.357,11.693,12.402,11.693,11.657,12.185,12.747,13.243,13.474,13.243,13.275,12.391,12.581,12.791,12.889,11.895,12.458,12.345,12.458,13.073,12.458,13.264,13.731,12.802,12.492,11.166,4.9934,5.213,6.035,5.293,5.5261,5.7253,5.293,4.8799,4.0311,3.3892,2.1172,2.2456,1.5879,2.8504,2.6989,3.5507,5.3194,5.293,6.5471,6.461,6.6952,5.7008,6.5471,6.3956,6.8809,7.0618,7.8687,7.4855,6.8809,5.9178
14.259,15.887,17.152,17.54,17.532,18.421,17.532,17.604,17.54,16.245,15.439,14.922,14.131,15.053,14.913,15.439,15.439,15.421,16.357,16.314,16.314,17.152,16.746,16.83,17.078,17.314,15.683,14.229,12.226,10.485,9.5469,11.333,11.171,11.901,12.226,12.317,11.566,11.901,12.885,12.754,12.721,12.754,13.334,13.079,12.498,13.281,12.408,12.226,12.819,12.464,12.554,11.901,12.397,11.626,13.101,13.079,13.574,13.239,11.983,10.552,5.0239,5.8252,5.9207,4.9959,5.9914,5.7036,4.7661,5.7281,4.7366,3.8553,2.2468,1.6746,2.1183,2.1835,3.8553,4.7366,5.2156,5.9207,6.1757,7.2029,7.357,6.8844,7.1049,7.376,7.357,7.7106,7.5265,7.9435,6.9047,6.3768
14.886,16.824,17.218,17.572,18.004,18.509,17.572,17.121,16.716,16.691,15.981,15.475,15.026,14.839,14.895,15.22,15.412,15.619,16.319,16.103,16.59,16.395,17.259,17.316,16.858,16.99,15.61,14.233,11.641,10.264,9.8753,10.846,12.204,11.701,12.609,12.261,11.737,11.82,12.796,12.565,12.609,12.959,13.508,13.591,13.31,12.054,12.731,12.731,12.731,12.341,12.785,12.386,12.341,12.796,13.31,12.709,13.835,13.247,12.609,11.113,5.2062,5.8387,6.3653,5.5189,5.91,5.6192,5.5189,6.0271,4.8736,3.7378,2.6431,1.6716,1.5858,3.0823,4.0258,4.8736,5.3908,6.4525,7.4757,6.7695,6.8922,6.7281,6.8922,8.2233,7.9993,7.6237,7.3437,7.9468,7.6237,6.3653
14.966,17.332,16.732,17.778,17.493,17.959,17.998,17.959,17.99,16.84,14.9,15.133,14.558,14.247,14.596,15.49,15.873,15.917,16.343,16.907,16.411,16.815,17.589,17.096,16.807,17.332,16.462,14.529,12.386,10.274,9.361,11.422,11.712,12.077,11.831,12.066,11.937,11.616,12.386,13.27,12.621,13.49,13.655,13.27,12.798,13.014,12.885,12.488,12.273,12.721,12.71,12.488,11.937,12.307,12.386,13.26,13.09,13.552,11.748,11.01,5.8442,5.9157,4.9916,6.0328,6.3933,5.2911,6.0328,5.6987,4.7913,4.4897,3.7414,2.1164,2.2448,2.698,3.7414,4.8782,5.2911,7.1185,6.8785,7.4828,7.4264,6.7345,7.4828,8.366,7.9543,7.8658,8.4823,8.2819,7.0988,6.4586
14.556,16.769,17.405,17.971,18.01,18.01,17.8,17.698,17.357,16.289,15.366,15.338,14.594,15.411,14.718,15.582,15.519,15.812,16.686,15.812,16.686,17.228,17.54,17.421,16.918,16.485,16.022,15.11,12.773,11.28,9.3352,11.904,12.182,12.453,12.148,12.318,12.136,11.94,12.675,13.107,12.762,13.107,13.359,12.882,12.882,13.359,12.882,12.708,12.708,13.234,12.686,12.148,12.318,12.762,12.773,13.202,13.515,13.85,12.42,10.513,5.2766,5.683,6.1535,5.9698,6.1535,6.4192,6.0162,5.9698,5.0058,5.4326,4.0185,2.6383,2.6905,2.6905,3.805,4.3512,6.0162,6.4192,7.0989,7.406,7.4994,6.8798,7.1769,7.4622,7.61,8.343,7.8442,7.0989,7.4622,6.0162
14.513,16.913,17.313,16.888,18.063,17.97,17.719,17.313,17.216,16.588,15.616,15.042,14.808,14.836,14.921,15.607,15.767,15.116,15.935,16.075,16.921,17.191,17.978,17.191,17.449,17.759,16.554,14.883,11.959,10.531,9.5282,11.112,11.735,12.202,12.53,12.202,12.327,12.44,12.384,13.224,13.537,13.381,12.903,13.213,13.381,12.707,13.255,12.903,12.202,12.772,12.772,12.563,12.903,12.696,13.086,13.224,13.954,13.213,12.202,10.78,4.8728,5.7169,6.3643,5.7169,6.5375,6.0261,5.9796,6.5375,5.014,5.2853,3.3427,3.2149,2.8462,3.3842,4.0251,5.014,4.5157,7.0909,6.8708,7.5674,8.0503,6.8708,7.8036,8.0849,8.2728,8.3567,7.1887,7.1887,6.8911,6.0261
14.234,16.327,17.453,17.596,17.887,18.066,17.508,16.924,17.154,16.413,15.147,15.22,14.659,14.924,14.811,14.697,15.999,15.119,16.077,16.716,16.8,16.599,17.048,17.604,16.924,17.154,16.591,14.361,12.797,10.625,9.7042,11.114,12.17,12.386,12.959,12.786,12.565,12.329,12.442,13.539,12.786,13.131,13.754,13.088,14.046,13.258,13.002,12.204,13.056,12.862,13.956,12.261,12.731,12.687,13.457,13.258,13.785,13.258,12.261,10.413,4.8736,5.8148,6.1874,5.9102,6.7283,6.3874,6.3654,5.7179,5.4425,5.0149,3.8119,2.1145,2.6955,3.5461,3.3848,4.7869,5.2331,6.8924,6.8924,6.8924,7.0922,7.5687,8.0691,7.6968,7.5687,8.5401,7.5687,7.4758,7.0527,5.6193
14.445,16.811,16.944,17.279,17.751,18.515,17.664,17.782,16.711,16.944,15.348,14.599,14.122,15.155,13.851,15.384,15.877,15.274,15.886,16.736,16.415,17.279,17.239,17.279,17.303,16.576,16.736,14.818,12.8,10.585,9.7153,11.363,12.275,12.355,12.218,11.655,12.184,12.4,12.974,13.262,13.76,12.888,12.624,13.493,13.071,13.565,13.071,12.8,12.355,12.355,12.8,11.893,12.068,12.789,12.091,13.071,13.389,13.357,12.172,10.897,5.0207,5.8455,5.9169,5.9169,6.46,6.4383,5.9169,6.0341,5.8455,4.5526,3.7422,3.3887,2.3668,3.2192,3.3471,4.4906,5.8215,6.3727,6.88,7.12,7.9384,7.5217,7.4281,7.5217,8.0087,7.8675,7.4092,6.7774,6.3947,5.9875
14.091,16.967,17.52,17.066,17.591,17.962,18.024,17.213,16.967,16.095,15.347,15.347,14.444,14.531,14.827,15.429,15.456,16.439,15.734,16.439,17.213,16.943,17.23,17.496,16.885,17.099,16.302,14.987,12.723,10.858,10.275,11.654,12.309,12.546,12.456,12.49,12.068,11.618,13.23,12.789,13.07,13.492,13.017,13.388,12.745,12.974,13.356,13.092,12.8,12.388,12.723,12.079,12.068,12.8,12.456,12.623,13.07,13.092,12.354,10.91,4.879,5.7242,6.0338,6.3724,6.1941,6.438,5.292,5.7242,5.292,4.5524,3.7044,3.0857,2.646,2.646,3.219,4.9925,5.6997,6.1715,7.3709,7.577,6.8796,6.8796,7.3519,6.8796,8.0779,8.0952,7.5214,6.3724,6.6309,5.8212
14.252,16.912,16.535,17.475,18.434,17.594,18.027,17.594,17.232,16.937,16.132,15.276,14.678,14.447,14.379,15.267,15.923,15.861,16.098,16.434,16.62,17.069,17.362,17.594,17.784,17.458,16.124,15.138,12.714,10.717,9.8879,11.215,12.07,12.185,12.356,12.185,11.656,12.976,12.081,12.791,12.22,13.072,13.274,12.725,13.274,12.725,12.625,12.22,12.747,12.878,13.019,12.39,12.39,11.62,12.878,12.492,13.494,12.311,12.081,10.439,4.9933,5.7251,5.9176,5.9176,6.695,5.7251,6.1952,5.5259,4.8798,4.2673,3.0862,2.1171,2.6988,2.6464,2.9941,4.3646,5.4493,7.0616,6.4608,6.4391,7.9393,6.695,7.8148,8.2168,7.3531,7.3721,8.3688,7.4853,6.7782,6.5469
14.62,16.843,17.108,17.385,18.027,17.713,17.689,17.498,17.255,16.76,15.452,15.37,15.379,14.32,15.186,15.597,15.287,15.515,16.154,16.438,16.902,17.034,16.968,17.092,17.198,16.258,16.455,14.62,12.086,10.875,9.7438,10.926,11.575,12.201,12.236,12.373,11.708,11.342,12.373,12.642,12.236,12.808,13.78,12.598,13.122,12.819,12.83,12.598,12.564,13.09,12.808,12.808,12.086,11.465,12.373,12.642,12.906,13.111,11.992,10.56,5.4049,5.5333,6.1807,5.6339,6.2034,6.4476,6.2034,5.7327,4.7993,4.5592,2.7024,1.9109,1.499,2.3702,3.352,4.5592,5.4049,6.6408,6.4039,6.8899,7.3819,7.3819,7.5883,6.7039,7.1106,8.2277,7.2087,7.4952,6.6408,5.8539
14.587,16.595,18.171,18.416,17.955,17.775,17.735,17.069,16.426,16.177,15.123,15.142,15.416,14.237,14,15.03,15.416,15.551,16.604,16.289,16.604,16.595,17.727,17.775,17.321,17.481,17.457,14.663,12.701,10.171,9.75,11.204,12.265,11.988,12.344,11.883,12.058,12.069,12.058,12.173,12.569,13.06,13.481,13.06,13.387,12.173,12.446,12.173,12.446,12.535,12.712,12.069,12.378,12.789,12.378,12.613,13.758,12.909,12.299,9.9767,4.7589,5.3924,5.9118,6.7715,6.1664,5.695,6.3452,5.444,4.5486,3.8495,2.9912,2.6962,1.5863,3.0832,2.9912,3.7014,4.5486,6.0289,7.5708,7.0941,7.0546,7.192,7.699,7.9315,8.4768,7.1138,7.699,7.192,7.1138,5.5205
14.425,16.92,17.883,18.223,17.883,18.092,17.599,17.976,17.206,16.459,15.115,15.253,14.892,15.216,14.797,15.766,15.471,15.543,16.168,16.586,17.059,17.043,17.567,17.311,17.206,17.19,17.206,14.434,12.902,10.41,9.6439,11.236,12.201,12.371,12.326,11.923,12.063,11.698,12.562,12.292,12.562,13.338,12.858,12.793,12.706,12.562,12.292,12.706,12.902,12.258,11.981,12.167,12.383,12.956,12.167,12.782,13.832,12.782,12.292,10.583,5.2848,6.1857,6.8905,6.0256,5.7164,6.1631,6.4292,5.6919,4.8723,4.2278,2.6424,2.179,2.1139,2.846,2.6424,4.7856,5.2317,5.8133,6.7678,6.8905,7.11,6.8702,7.11,7.3987,7.11,7.4738,7.3419,6.6218,6.4292,5.9086
14.245,16.871,18.08,17.846,17.971,18.057,17.681,17.224,16.879,16.425,15.158,14.756,14.822,15.568,14.527,15.406,15.88,15.406,15.88,16.425,16.879,17.224,17.353,18.018,17.273,16.425,16.729,14.594,12.575,10.474,9.2391,10.855,12.214,12.064,12.179,11.651,12.064,11.687,12.396,12.35,12.486,13.268,13.352,12.872,12.064,13.352,13.087,12.486,12.35,12.396,12.168,11.994,12.179,12.35,12.179,12.806,13.734,13.384,12.35,11.046,5.2103,6.5437,6.8774,6.4359,6.3923,5.9853,5.0188,5.3167,4.5509,3.8514,2.8489,2.3659,2.6451,2.6451,3.218,4.1319,4.8774,6.0319,6.3704,7.1174,6.3704,7.5189,6.4359,7.1956,7.0581,6.6918,7.6298,7.4064,6.1695,5.2903
14.849,16.559,17.608,17.993,18.362,18.178,18.094,17.655,16.728,17.001,15.34,14.821,15.129,15.147,14.896,14.631,14.821,14.962,16.432,16.295,17.132,16.61,17.222,17.034,16.96,17.222,16.424,14.39,12.739,10.711,9.5801,11.121,12.074,12.794,11.969,12.178,11.649,11.745,11.443,12.212,12.783,12.783,13.065,13.517,12.87,12.914,12.881,12.086,12.783,12.062,12.618,11.745,12.349,12.739,11.993,12.739,14.233,13.486,12.574,10.698,5.9846,5.9141,6.543,6.8969,6.691,6.3697,5.5226,4.79,5.2365,3.851,2.8486,2.3656,1.9072,2.8486,2.6449,4.2647,4.5504,6.3697,6.7741,6.9575,7.1948,6.543,6.4569,6.9575,7.1948,7.5737,6.8766,6.628,6.4352,5.6972
14.632,16.87,17.585,17.963,17.617,18.523,17.68,17.134,16.433,16.297,14.526,14.526,14.632,15.423,14.439,15.423,15.63,14.737,16.115,15.914,16.812,16.408,17.521,17.449,17.353,16.433,16.603,15.423,12.707,10.272,9.6535,11.247,12.384,12.574,12.063,12.213,12.063,11.746,12.485,12.871,12.179,13.087,14.086,13.734,12.213,12.806,12.27,12.35,12.179,12.718,12.707,11.993,12.795,12.485,12.795,12.395,13.795,13.257,12.795,10.434,5.9145,6.0316,5.8191,5.523,6.3921,5.6235,5.523,5.3949,5.2901,4.3623,2.8488,2.6451,1.9074,2.9925,3.3458,3.8513,5.0186,5.7221,6.958,7.6295,6.8974,6.7332,7.4813,7.1171,7.425,7.1171,7.8643,6.6915,6.3701,6.0316
14.247,16.439,17.239,17.633,17.344,17.601,17.287,17.075,16.541,15.893,14.976,14.835,14.976,14.825,14.257,15.245,14.452,14.91,16.007,16.719,16.626,16.952,17.633,17.149,16.827,16.448,16.976,14.683,12.817,10.55,9.3675,10.916,12.98,12.73,12.361,11.84,12.224,11.132,11.899,12.586,12.586,13.077,13.989,13.395,12.752,13.363,11.84,12.074,12.98,12.349,12.462,12.19,12.586,12.349,12.224,13.077,13.664,13.279,12.586,10.708,5.8483,6.1974,6.1747,6.3758,6.037,6.1974,5.2948,6.1747,3.744,3.744,2.8513,1.6744,1.9091,2.6474,3.5519,3.5519,5.5279,5.7272,6.9036,6.7392,7.2017,6.6344,7.2017,7.3748,7.3558,8.0125,7.9422,7.3748,6.9642,6.1974
14.367,16.606,17.508,17.84,17.58,17.484,17.267,17.218,16.873,16.179,14.817,14.958,15.373,14.817,15.144,14.24,14.732,15.144,16.223,16.084,16.42,16.555,17.087,18.57,17.603,16.428,16.291,14.444,13.263,10.417,9.5777,10.902,11.884,13.083,12.481,12.736,11.99,12.266,12.059,12.447,12.911,13.483,13.253,12.57,13.316,12.736,12.175,12.714,12.703,12.802,12.867,12.481,12.57,12.791,12.57,13.061,14.318,13.648,12.78,11.005,5.7203,6.1899,5.9126,5.9126,6.39,5.2884,5.2085,5.3932,4.1304,3.85,2.8479,1.6723,2.1805,2.6442,3.0837,4.8757,5.2085,5.6958,6.6894,6.8953,6.9558,7.5163,7.479,7.5163,6.8953,7.5163,8.2098,7.193,6.8953,5.6958
14.712,16.894,17.546,18.235,17.799,18.127,17.972,17.076,16.449,15.681,15.172,15.07,15.717,15.282,14.404,14.911,14.995,14.911,16.474,16.423,16.853,16.551,17.182,17.917,17.247,16.886,16.719,15.07,13.11,9.7636,9.9906,11.625,12.19,12.553,12.316,12.075,12.35,11.946,11.757,12.463,12.497,13.333,13.562,13.28,11.899,13.024,12.586,12.098,12.586,12.553,12.586,12.098,12.586,13.078,12.316,12.586,13.899,13.099,12.73,11.056,4.8818,6.3761,5.5282,5.92,5.9906,5.7274,5.92,6.0373,5.6287,3.8548,2.368,2.6475,2.368,3.0875,2.8515,4.9953,5.3214,5.6287,6.9039,6.9039,7.3751,6.8835,7.104,7.5813,7.5256,7.9425,8.0825,7.3561,6.8835,6.0373
13.964,17.09,17.582,17.614,18.261,17.983,17.398,17.78,16.81,16.6,14.553,15.375,15.403,15.257,14.629,16.087,15.266,14.904,15.726,16.328,17.229,17.269,17.229,16.876,17.221,17.204,16.294,14.895,11.968,10.392,9.8386,11.6,12.348,11.968,12.268,12.177,11.684,11.648,12.177,12.348,12.738,13.485,12.738,13.138,12.793,12.967,12.913,12.793,13.485,12.694,11.968,12.705,12.393,12.348,12.483,12.793,13.843,13.485,12.211,10.788,5.3156,6.0307,6.6274,6.7735,6.1683,7.0567,5.9136,5.9841,4.8765,4.5191,3.3868,2.9921,3.0841,2.6446,3.8506,4.3616,5.7212,7.4238,7.4801,7.4801,7.863,7.405,7.863,7.9339,7.863,7.4801,8.279,8.0737,7.405,6.1683
14.808,16.788,17.592,18.528,18.185,17.384,17.719,17.592,16.595,16.92,15.472,15.116,15.472,14.694,13.963,14.741,15.363,15.714,16.074,16.713,16.887,16.324,17.06,17.758,17.449,17.592,17.019,14.808,12.999,10.623,9.5277,11.603,12.327,12.167,12.794,11.924,12.063,12.052,12.063,12.562,12.327,13.074,14.181,12.87,13.085,12.259,12.728,12.728,12.383,13.307,13.128,12.167,12.383,12.728,13.085,12.728,13.963,13.244,12.167,10.424,5.285,5.6921,5.5177,6.9514,6.5372,6.6221,6.7681,6.0259,5.5177,4.9859,3.7371,2.6425,2.9897,3.2148,4.025,5.2051,6.3859,6.8705,7.1884,7.1884,7.8568,7.9451,7.5114,7.567,7.3422,7.8568,8.0845,7.9275,7.0511,6.364
15.088,17.013,17.537,17.851,18.472,18.711,17.968,17.224,17.086,16.481,15.444,15.408,15.835,14.996,13.938,14.715,15.516,16.045,16.252,16.49,17.568,16.43,17.305,17.281,17.937,17.224,16.49,14.591,12.749,10.876,9.7275,11.129,12.053,12.304,12.179,11.57,11.714,11.855,12.316,12.76,12.847,13.22,13.522,13.346,13.062,12.179,12.451,12.417,12.584,12.683,13.45,12.27,12.683,12.042,12.683,12.976,13.45,12.836,12.316,10.243,5.38,6.1522,6.015,6.015,7.5534,6.3306,6.8784,6.4396,5.827,4.4764,4.2532,2.6377,2.6377,3.1653,3.8042,4.7185,5.5078,6.1522,6.6102,7.5534,7.0778,7.6812,7.5534,7.5534,8.0527,7.9833,7.8426,7.4607,8.0354,6.8784
14.94,16.704,17.756,17.503,18.397,18.068,17.717,17.271,17.709,16.578,15.245,15.598,14.875,14.884,14.272,15.355,15.758,15.355,16.586,16.586,17.141,16.911,17.495,17.271,17.423,17.198,16.911,14.733,12.721,10.774,9.5226,11.304,12.286,12.252,12.721,12.776,12.377,11.728,12.045,12.776,12.787,13.374,13.945,12.95,13.332,13.067,13.332,12.556,13.237,13.206,13.046,13.067,12.522,12.556,13.332,12.776,13.467,13.067,12.045,10.378,5.6151,5.9057,6.5337,6.4261,6.5337,6.7645,6.4478,5.8344,5.4384,4.9832,3.8455,2.3623,3.08,3.213,2.8446,4.4821,5.9057,6.3825,7.3573,7.0474,7.3383,6.9477,7.1846,7.4139,7.4702,7.4702,7.7991,7.1846,6.8872,6.1601
14.985,16.733,17.333,17.227,17.533,17.469,17.748,17.333,16.429,17.17,15.05,15.786,15.354,14.597,14.198,15.272,15.625,15.67,15.874,15.953,16.94,16.48,17.276,17.227,17.787,17.3,16.707,14.635,12.885,10.503,9.4209,11.049,12.577,12.398,12.71,12.353,12.17,11.996,12.798,13.355,12.454,13.26,13.889,13.015,13.849,12.71,13.143,12.353,12.341,12.721,13.015,12.577,12.387,12.078,12.577,13.26,13.271,13.09,11.973,10.396,5.2913,5.3961,6.3935,5.6247,7.3509,7.4831,6.1933,5.6247,5.9159,4.1326,3.8521,2.3663,2.3663,3.1748,2.8495,4.5518,5.5243,6.3935,6.63,7.197,7.099,6.693,7.099,7.197,7.576,8.2143,7.5204,7.4267,6.63,6.3716
14.45,16.73,17.847,18.081,17.611,18.019,17.972,17.491,17.037,16.012,16.298,14.964,14.709,14.324,14.908,14.738,15.379,15.233,16.341,16.571,16.604,16.298,17.467,18.058,17.587,17.451,16.571,15.343,12.576,10.502,9.2396,11.322,12.271,12.576,12.542,11.936,11.889,11.936,12.34,12.576,12.62,12.97,13.796,13.088,13.395,12.486,12.351,11.995,12.796,12.351,13.269,12.741,12.18,12.351,12.18,13.226,13.384,12.719,12.351,10.907,5.0191,5.8196,6.3707,7.7032,6.8981,6.8981,6.5441,5.5235,6.0322,4.8777,2.9928,3.549,3.0849,2.8491,3.2181,4.5511,5.5235,5.624,6.8981,7.1178,7.9359,6.8981,6.8981,7.6302,7.196,7.575,7.6302,7.4257,6.3926,6.4363
14.322,16.61,17.295,17.328,18.094,18.017,18.332,17.456,17.222,16.407,15.377,15.567,14.698,15.055,14.322,15.341,15.878,15.377,16.184,16.433,16.424,16.602,16.811,17.608,16.534,16.836,16.811,14.736,12.805,10.905,9.5364,11.321,12.574,12.574,12.178,12.349,11.887,12.063,13.011,12.574,12.882,13.518,13.086,14.39,13.486,12.54,13.065,12.882,12.794,12.451,12.805,11.686,12.349,12.213,12.394,13.267,13.486,12.968,11.887,10.698,5.2367,6.3917,6.4354,7.4809,6.3917,6.0313,6.4354,5.6973,6.4571,4.7608,3.7405,2.1159,2.6973,3.3871,4.1315,4.7901,5.6232,6.8971,6.4571,6.4354,7.6291,6.8971,7.5183,7.4809,7.6291,7.5739,7.8103,7.6291,6.4354,5.9142
14.821,17.092,17.328,18.094,18.017,18.718,18.017,17.616,17.585,15.701,15.231,14.736,14.086,14.85,14.448,15.852,15.148,15.037,16.936,16.526,16.703,16.878,17.076,17.521,16.936,16.728,15.879,15.037,12.086,10.106,9.9811,11.888,12.063,12.485,12.74,12.485,12.063,11.121,12.304,12.451,12.74,12.707,13.652,13.087,12.74,12.718,12.795,12.795,12.574,12.213,12.914,12.707,11.993,12.451,12.795,12.718,13.351,13.32,11.993,10.54,4.7903,6.4355,6.8769,7.1169,6.6913,6.3699,6.4572,6.5433,4.8771,4.2649,3.3457,2.8487,2.9924,3.3872,4.3622,5.0185,5.2899,6.1917,7.6293,7.0577,7.6293,7.4248,7.4811,8.0051,7.8641,7.9525,8.6762,7.5741,6.8769,6.3699
15.352,16.508,18.484,18.873,17.964,17.714,18.065,17.3,16.908,16.533,15.397,15.031,15.967,14.938,14.674,15.206,14.425,15.132,16.784,16.269,17.195,16.406,17.627,18.31,17.048,17.267,17.58,14.269,13.496,10.576,9.6951,11.141,12.785,12.553,12.774,12.193,12.055,11.915,11.726,12.158,12.697,13.245,13.629,13.298,12.85,12.464,12.158,11.95,12.85,12.318,12.697,12.284,13.465,13.361,12.598,13.203,14.22,13.044,13.203,10.875,6.0216,5.7126,7.1052,7.0856,6.8859,6.3814,6.722,5.9046,5.4374,3.8448,4.0221,2.844,2.3619,3.2125,3.7344,5.0102,5.5138,6.159,6.6803,6.159,7.0461,7.337,7.8512,7.5616,8.3504,7.7977,7.4688,7.1052,7.5616,5.9751
14.96,17.475,17.98,17.769,18.096,18.688,17.515,17.595,17.435,16.284,15.555,14.696,14.838,14.969,14.045,15.411,15.716,15.618,16.318,16.89,17.283,17.022,17.886,17.769,17.21,17.21,17.063,15.136,13.13,10.781,9.8323,11.113,12.295,12.065,12.442,11.737,12.261,11.737,11.82,12.169,12.442,13.055,13.215,13.055,12.475,12.73,13.13,12.169,13.087,12.203,12.73,12.203,12.475,13.31,12.475,12.73,13.875,12.872,12.564,11.037,5.9098,7.0918,7.5127,6.3651,6.5383,6.892,6.387,6.892,5.8385,4.1284,3.2153,3.0822,2.8465,3.2153,3.3431,5.0146,5.4422,5.5186,6.1644,6.4306,6.7692,6.3651,6.3651,7.4191,7.1114,7.9464,7.8045,7.3434,6.8717,5.7176
14.67,16.904,17.295,17.749,18.206,18.472,18.06,18.021,17.295,16.771,15.698,15.529,15.393,14.934,14.67,15.393,15.884,15.591,16.904,15.962,17.027,16.579,17.551,18.06,17.19,17.003,16.771,14.821,13.2,11.2,9.5185,11.088,11.865,12.36,11.58,12.063,12.281,11.398,11.865,12.19,12.326,12.683,13.2,12.944,13.294,12.781,12.672,12.371,12.326,12.517,13.04,12.55,11.865,12.944,12.461,13.461,13.949,13.242,12.77,10.4,6.02,5.7111,6.3578,6.3797,6.8841,7.0837,5.6126,5.9031,5.6866,4.021,2.8433,2.177,2.3612,2.8433,3.3393,4.2568,4.981,5.436,6.3797,6.6157,6.3797,6.8639,7.5596,7.1814,6.6157,7.8491,7.1814,7.5041,6.8841,5.7111
15.028,17.213,17.725,18.007,18.512,18.192,18.253,17.05,17.221,16.593,15.396,15.414,14.431,14.623,14.888,14.661,15.719,15.621,16.593,15.843,16.893,16.551,17.221,17.599,17.575,17.213,16.415,14.888,12.711,10.265,9.3536,11.302,11.881,12.172,12.172,11.595,11.631,11.595,12.206,13.133,12.864,13.217,12.263,13.344,12.331,12.787,12.478,12.733,12.733,12.172,12.388,12.206,12.172,12.864,12.478,13.228,13.479,13.217,12.056,10.899,5.3133,6.1882,6.4536,6.7292,6.3883,6.4319,5.6942,6.3664,4.3597,4.5172,2.6958,2.2431,2.1148,2.1799,3.0828,4.3597,4.9877,5.3917,6.1656,6.8934,7.1129,6.3664,6.4536,6.8934,6.7706,7.4018,7.8061,6.8731,6.8934,6.6246
14.818,16.404,17.982,17.99,18.397,18.337,18.091,17.056,16.933,16.086,15.228,15.725,14.818,14.436,14.667,15.374,15.555,15.698,16.086,16.19,16.957,16.833,16.924,17.203,17.461,17.032,16.224,14.241,13.095,10.538,9.5347,11.636,11.885,12.21,12.084,12.084,11.826,11.551,12.061,12.737,12.347,12.792,13.137,13.084,12.868,12.715,12.704,12.176,12.572,12.538,12.302,12.572,12.061,12.176,12.347,12.737,13.546,13.222,12.21,11.219,5.3153,6.627,6.0303,7.0958,5.8418,6.69,5.6222,5.6963,5.209,4.264,3.345,2.6968,1.6725,3.0839,3.2171,3.8504,5.6963,5.6963,6.1678,7.1937,7.3476,6.0303,7.1937,6.8756,6.7731,7.4796,7.8089,7.3476,6.542,6.0303
14.892,16.606,17.988,18.174,17.949,18.05,18.011,17.651,17.161,16.179,15.125,15.481,14.976,14.288,14.732,14.901,15.051,15.874,15.909,16.144,16.806,16.873,16.563,17.03,17.266,16.606,16.47,14.239,13.083,9.8794,9.5775,11.646,12.57,13.083,12.391,12.163,11.646,11.305,12.059,12.447,12.791,13.221,13.252,13.061,13.263,12.714,12.703,12.059,12.346,12.175,12.57,12.071,12.878,11.884,13.061,13.514,14.002,13.462,12.209,10.47,5.983,6.1898,6.368,6.368,7.095,5.983,6.0296,6.0296,4.8756,4.2636,2.8478,1.5865,1.6723,2.9915,2.365,4.5183,4.989,5.2084,5.6957,6.1672,6.6892,5.9125,7.1929,6.6262,7.6999,7.9325,7.9325,7.6269,6.8748,6.1672
14.118,16.84,17.452,18.221,17.746,17.588,17.746,17.234,16.563,15.633,15.561,15.261,14.852,14.236,14.441,15.668,15.132,15.38,16.461,15.952,16.614,16.706,17.331,17.226,17.038,16.939,17.038,15.058,13.089,10.039,9.2401,11.604,11.831,12.34,12.386,11.604,11.421,11.748,12.272,13.1,12.272,13.227,13.736,12.543,13.1,12.215,12.487,12.215,12.088,12.797,12.873,12.397,12.709,12.808,12.873,13.227,13.269,13.1,12.576,10.108,5.2909,6.4366,6.3711,6.393,6.7756,6.6294,6.4366,6.1702,5.0194,4.5205,2.6978,1.4965,2.3661,2.1163,2.3661,4.4895,4.7618,5.2909,5.9154,6.7756,6.3711,6.3711,6.9591,7.1964,7.4261,8.3656,7.9363,7.1181,6.6925,6.7756
14.625,17.223,17.577,17.126,17.978,17.393,17.774,17.505,16.22,16.323,14.927,15.224,15.416,15.141,14.384,14.748,15.151,15.551,16.082,16.4,16.804,16.4,17.774,17.727,17.158,16.4,16.721,14.442,12.865,10.212,9.7498,10.707,12.389,12.207,12.173,11.823,12.058,11.74,11.988,12.161,12.344,13.229,13.543,13.261,13.081,12.333,12.344,12.389,12.701,12.389,12.789,12.479,12.445,13.059,12.568,12.909,13.758,13.219,12.568,10.575,5.7194,6.7714,6.6253,6.1889,6.9547,5.9117,6.1663,5.9117,5.2077,4.0269,2.6961,1.6721,2.1801,2.3647,3.8494,4.7293,5.2077,5.9117,7.0545,6.6253,6.5404,7.1919,7.0545,7.6258,7.5706,7.4778,8.4766,8.2764,7.6258,5.9117
15.248,16.99,18.464,17.888,18.57,17.668,18.464,17.731,16.591,15.619,14.924,14.896,15.221,15.138,14.839,14.971,14.811,15.33,16.422,16.464,16.924,16.599,17.048,18.043,17.573,17.211,17.211,15.045,13.384,10.413,9.53,11.151,12.775,12.61,12.262,11.985,12.159,11.594,11.63,12.341,12.17,13.478,13.755,13.457,12.296,12.775,12.078,12.565,13.003,11.702,12.532,11.88,12.532,12.873,12.296,12.296,14.429,13.131,12.375,10.493,6.4311,7.0923,7.5133,6.7698,6.1875,6.9531,6.3875,5.9808,4.8737,4.0259,2.6955,2.1796,2.1145,3.2155,3.3849,5.3127,5.6194,5.8149,6.7698,6.9531,6.8925,6.6867,7.344,8.3584,7.363,8.7982,8.4746,8.0692,7.344,6.8722
14.356,17.035,17.927,17.802,18.88,17.95,18.228,17.7,17.19,16.291,15.592,15.69,15.386,15.01,14.663,15.019,15.584,15.69,15.592,16.771,17.19,16.291,17.857,17.95,17.943,17.614,16.796,14.596,13.193,11.019,9.5137,11.019,12.32,12.32,13.034,11.526,11.859,12.32,12.034,12.138,13.066,13.204,13.516,13.361,12.937,12.588,12.24,12.365,12.665,12.455,12.937,12.764,12.687,13.225,12.851,13.225,13.882,13.434,12.544,10.828,5.1975,6.3547,7.1778,6.8604,6.9411,7.0802,6.8807,6.3547,5.6098,4.2547,3.3376,3.3376,2.3601,3.3791,3.21,4.7201,6.1769,6.1543,7.5559,6.4417,7.5559,7.7918,7.0407,6.8807,7.8452,8.3441,8.9868,7.611,7.7918,6.8807
14.872,16.575,17.987,18.672,17.956,17.713,18.37,17.299,17.105,16.269,15.46,15.424,15.242,14.501,14.501,15.021,15.966,15.64,15.675,16.157,17.137,16.541,17.484,17.484,17.555,17.555,17.194,15.206,13.075,10.887,9.5645,11.103,12.043,12.192,12.597,12.043,11.594,11.69,11.594,12.553,12.158,12.553,13.495,12.947,13.203,12.329,13.203,12.43,12.773,13.065,13.495,12.697,12.773,12.697,12.597,13.371,13.822,13.464,12.192,10.254,5.4372,6.3593,6.8857,7.6894,6.8857,7.8509,6.7631,5.5136,5.6879,4.9822,3.3401,3.3401,2.2406,3.6968,4.2578,4.8689,5.8332,6.3812,7.5614,7.8509,7.7975,7.5614,7.5614,7.0459,7.5059,7.9393,8.0613,8.044,7.4124,6.8857
14.293,17.486,17.294,17.454,17.981,18.665,18.058,17.621,17.132,16.502,15.75,14.82,15.347,15.536,14.726,15.099,15.392,15.347,16.4,16.426,16.927,16.836,17.454,17.919,17.494,16.844,16.778,15.016,12.78,10.677,10.045,11.137,12.314,12.769,11.969,12.143,11.969,11.722,12.593,12.856,12.986,12.856,13.356,13.23,12.245,13.325,13.06,11.805,11.864,12.693,13.325,12.426,12.78,12.714,12.714,13.293,14.057,13.039,12.245,10.196,5.4355,7.1807,6.8632,6.4226,7.6869,7.5034,7.1807,6.9439,5.9729,4.7807,4.8674,3.6956,2.692,2.6397,3.5415,4.8674,5.6861,6.5302,7.1807,7.1807,7.3344,7.5589,7.5034,7.5589,7.9191,8.3474,8.3474,8.0586,7.4662,6.8835
14.794,16.504,18.046,18.169,17.96,18.39,17.812,17.75,17.044,16.059,15.53,15.849,15.24,14.944,15.018,14.944,15.24,15.672,16.394,16.572,16.672,16.266,17.102,17.937,16.971,17.296,16.572,14.794,12.771,11.139,9.8217,11.628,12.76,12.771,12.247,11.971,11.628,11.948,12.156,12.782,12.771,12.782,13.89,12.782,13.232,12.551,12.595,12.327,12.782,13.243,13.2,12.771,12.694,12.716,13.073,13.368,13.698,13.327,12.156,10.692,5.8322,5.9034,6.8845,7.4673,7.0841,6.8845,7.3545,6.3582,5.3848,4.9813,3.5421,2.2402,2.6924,2.8435,3.0789,4.5114,5.7114,6.3582,6.7619,6.8845,7.1038,7.0447,7.5046,7.5601,8.6602,7.6881,9.2215,7.8496,7.6881,6.7206
15.035,17.283,18.081,17.972,17.761,17.729,17.886,17.21,16.865,16.076,15.365,14.838,14.62,15.136,14.515,15.438,15.365,15.329,15.866,16.111,16.463,16.923,16.989,17.603,17.451,16.514,15.902,15.256,13.087,11.037,9.6458,11.593,11.879,12.203,12.708,12.158,11.984,12.261,12.475,12.708,12.785,13.372,13.372,13.476,12.785,13.341,12.442,12.295,12.077,13.077,13.341,12.861,12.34,12.158,12.73,13.225,13.538,12.708,12.203,10.781,5.9098,6.3651,7.0918,7.0523,7.999,6.892,6.8717,5.8385,6.7692,4.2616,3.0822,3.2153,3.0822,2.6429,3.3846,4.7866,5.2859,6.4306,7.3434,6.9525,7.5127,7.4754,7.858,7.9464,8.2568,8.6048,7.858,7.5682,7.4754,5.9098
14.403,16.885,16.827,17.416,17.624,17.544,17.6,17.48,16.885,15.919,15.742,14.825,14.644,14.335,14.403,15.171,15.418,15.436,16.439,16.448,16.439,16.818,16.743,17.108,17.536,17.017,16.311,14.461,12.806,10.655,9.5451,12.004,12.361,12.795,12.349,12.462,11.169,11.43,12.085,13.237,12.795,13.077,12.795,13.023,12.751,13.499,12.718,12.817,12.882,12.496,12.98,12.63,12.585,12.552,12.585,12.926,13.247,13.237,11.898,10.589,5.7271,7.064,5.8482,6.9641,6.6342,5.9902,6.5491,6.6973,5.6283,5.3995,3.3902,2.6473,2.2463,2.9951,4.0323,4.5238,5.2146,6.3976,7.2015,6.8831,6.5491,7.3556,7.5808,6.9034,8.0993,7.8711,8.5374,7.8711,6.9034,6.6973
14.439,17.024,16.465,17.317,17.573,18.067,17.982,18.067,18.206,16.801,15.904,15.413,14.361,15.331,15.62,15.548,15.868,16.078,16.182,15.939,17.195,16.917,17.195,17.454,17.605,17.732,16.801,14.516,12.699,10.704,9.5304,11.738,11.678,11.437,12.205,12.067,11.412,11.437,12.205,13.131,12.786,12.906,13.078,13.003,12.342,13.227,13.089,12.96,12.33,12.566,12.874,12.33,11.821,12.055,12.732,13.216,13.478,13.003,11.88,10.427,5.4428,7.0531,6.3438,6.8725,7.1905,7.0926,6.4313,6.8928,5.5193,5.2066,3.5463,2.6433,3.0825,2.6956,3.7381,4.9873,6.0276,6.3877,7.3633,7.8055,7.859,6.624,7.0531,7.1905,7.6973,7.6243,7.3633,7.4763,6.7286,6.1877
14.385,17.216,17.346,17.729,18.072,18.333,18.356,17.029,16.469,16.93,15.417,15.552,15.776,14.433,14.702,15.417,14.975,15.344,16.83,16.401,17.2,16.922,18.356,17.65,16.872,17.506,17.127,15.372,12.569,11.004,10.033,11.824,12.39,12.208,11.883,11.824,11.597,11.705,11.354,12.058,12.334,13.22,13.346,13.388,12.614,12.446,12.07,12.208,12.779,11.824,12.569,12.334,11.93,13.06,12.569,13.007,13.482,12.866,12.39,10.785,5.0166,6.4548,6.7305,6.6258,6.9553,6.5409,6.3676,6.1894,5.5208,4.5489,3.7392,2.644,1.6722,3.2166,3.7392,4.8753,5.288,5.9827,6.5409,6.8947,6.9553,7.3463,8.0891,8.0544,6.8744,7.8612,8.361,7.9496,7.5712,6.3676
15.253,16.713,18,18.039,18.078,18.46,17.883,18.346,17.15,16.519,15.767,15.327,15.544,15.39,15.363,15.696,15.363,15.436,16.169,16.587,17.06,16.315,17.384,17.726,17.568,17.019,16.92,14.807,12.772,10.997,9.8732,11.199,12.383,12.156,11.639,11.211,11.211,11.149,11.735,12.052,12.562,12.529,13.37,13.639,12.562,12.999,12.772,12.706,12.167,12.201,11.959,12.201,12.902,13.213,12.783,12.87,13.782,12.695,12.473,10.688,5.6921,6.364,6.8908,6.6851,6.4295,6.7681,5.9088,6.0258,5.618,4.7565,3.7371,3.2147,1.6713,2.3635,3.3841,4.7858,5.618,6.342,6.7681,6.8908,7.5114,6.8908,7.9275,7.567,8.3563,8.5218,8.2216,7.4741,7.0906,6.364
14.67,16.729,17.529,17.986,17.994,18.095,18.056,17.657,17.353,16.089,15.13,15.268,14.67,15.231,15.35,15.341,15.879,15.729,15.905,16.527,17.134,16.937,17.529,17.955,17.529,17.329,16.339,14.897,13.352,10.633,9.9392,11.321,12.213,12.339,11.71,11.395,11.888,11.122,11.935,12.339,12.871,13.225,12.795,13.14,12.384,12.541,12.086,12.718,13.518,11.935,12.485,12.27,12.395,12.179,12.35,13.393,13.976,13.267,12.27,10.42,5.2101,5.9145,6.3701,6.5435,6.4574,6.8974,5.8431,6.6285,4.7316,4.7904,3.5487,2.1812,1.6729,3.2178,3.7407,4.265,5.2901,6.3701,7.1953,6.8974,6.4574,6.4357,7.1171,7.9351,7.6295,7.5743,8.3644,7.9351,6.958,6.6285
14.811,17.26,17.477,18.229,18.442,18.098,17.668,17.453,16.925,16.524,15.12,15.412,15.027,14.887,15.412,15.903,15.691,15.771,16.422,16.078,16.925,16.422,17.573,16.464,17.317,16.549,16.464,15.248,12.61,10.169,9.5302,11.35,12.17,11.88,11.594,11.038,11.35,11.546,11.821,12.205,12.066,12.709,13.342,12.566,12.262,13.342,12.443,12.476,13.311,12.476,12.341,12.906,12.443,12.797,12.443,13.003,13.509,13.227,11.606,10.573,5.6936,6.3657,6.8926,6.6868,6.4529,7.0925,6.0274,5.5192,4.8738,4.262,3.0825,1.6717,2.3642,3.385,3.8121,4.5167,6.0274,6.165,6.3657,7.1121,6.9532,6.4529,6.9532,7.3441,7.1903,7.8588,7.9296,7.4761,6.8723,5.9104
14.619,16.889,17.209,18.318,18.688,18.041,17.948,17.258,17.721,16.79,15.769,14.232,14.95,15.365,14.724,15.41,15.136,15.715,16.076,16.411,17.152,16.411,16.79,17.57,16.889,17.152,15.866,14.809,12.531,10.884,9.7463,11.2,11.299,11.983,12.203,11.983,11.1,11.592,11.676,12.795,12.861,13.055,13.722,12.531,12.73,13.256,12.73,12.169,12.053,12.958,13.507,12.053,12.076,12.076,13.055,12.871,13.507,13.256,11.878,10.624,5.8382,6.3648,6.6859,6.452,7.3431,6.4303,6.6859,6.3648,4.8732,4.5469,2.6428,3.3845,2.1793,3.2152,3.343,4.5469,5.2058,5.6928,7.0915,6.3867,5.9096,6.6859,7.5679,7.8577,7.3431,7.4751,7.4751,6.8714,6.6229,6.3648
14.888,16.719,17.976,18.535,18.084,18.231,18.208,17.733,17.067,16.33,14.747,15.149,15.396,15.149,15.719,14.888,15.029,15.414,15.861,16.526,16.602,16.415,17.511,17.575,17.575,16.861,17.124,15.047,12.711,10.783,10.059,11.438,12.297,12.733,11.987,11.739,12.056,11.679,11.739,12.206,12.799,12.864,13.644,13.908,13.249,13.479,12.331,12.567,12.788,11.881,13.004,12.206,12.777,12.875,12.068,12.864,13.837,12.961,12.206,10.899,6.0281,5.9111,6.1883,6.4319,6.5397,7.0933,6.1657,6.4319,5.2071,3.8125,3.7385,2.3644,1.9063,3.8125,3.3438,4.4862,5.8157,5.6202,6.6876,6.1657,6.8731,7.364,7.364,7.0538,7.345,7.4207,7.625,7.8597,7.477,6.8731
14.823,17.037,16.962,17.681,17.964,18.456,17.902,17.273,17.094,15.854,15.783,14.527,14.44,14.709,15.424,15.232,15.854,15.406,16.341,16.298,16.434,17.33,17.167,17.45,17.514,17.273,16.477,14.709,12.575,11.009,9.5375,11.123,11.687,12.351,11.687,12.064,11.687,11.651,12.168,12.807,13.321,13.653,12.064,13.519,13.141,13.321,12.719,12.741,12.807,12.575,12.796,11.889,12.385,12.542,12.883,13.268,13.013,13.321,12.396,10.79,5.5234,6.8776,6.9585,6.1697,6.8979,6.5439,6.5439,5.6238,4.8775,4.7319,2.849,2.2445,2.366,3.1743,3.346,4.132,5.5234,5.9149,6.6919,7.5748,7.0979,7.3687,7.1958,7.3497,7.3687,8.213,8.0755,7.4255,7.3497,6.8979
15.039,16.706,18.097,17.973,18.113,17.988,17.234,17.515,16.806,16.23,15.16,15.407,14.451,15.15,14.295,14.595,15.343,15.343,15.872,16.461,16.963,16.529,17.587,18.058,17.095,16.814,16.839,14.899,12.97,10.218,9.7556,11.83,12.215,12.808,12.18,12.065,11.688,11.652,11.688,12.397,12.709,13.099,13.322,13.489,12.576,12.088,12.884,12.088,13.067,12.088,12.088,12.385,12.542,13.385,12.786,13.489,14.008,13.489,12.385,10.856,5.2907,6.0324,6.3928,7.118,6.4582,7.0587,5.9152,4.8778,5.3171,3.8517,3.3462,2.2447,2.6454,2.6978,3.8152,5.3955,4.8778,6.8983,6.3709,6.3709,7.3501,7.7034,7.3501,7.3691,7.8652,7.6304,8.4817,7.6304,7.5752,6.6293
14.692,16.797,17.522,18.01,18.356,18.696,18.072,17.028,16.896,16.143,15.262,14.816,15.417,14.587,14.443,15.552,14.692,15.561,16.29,16.469,16.863,16.995,17.578,17.578,17.458,17.394,16.418,14.956,12.446,10.901,9.25,11.824,12.265,11.988,12.208,12.058,11.681,11.988,12.174,12.058,12.446,13.789,12.569,13.007,11.645,12.174,12.801,12.345,12.614,12.379,12.379,12.536,12.446,13.346,12.345,12.909,14.05,13.377,12.39,10.707,5.0165,5.8407,6.6887,6.8946,6.7718,6.9551,6.6887,5.6211,5.3143,4.5488,3.8496,2.9913,2.3648,3.7391,3.7391,5.2348,6.0291,6.4547,6.9551,7.1923,7.1923,7.3462,7.4219,8.0716,7.5711,8.5265,8.753,8.4771,7.6263,6.5408
14.652,16.941,18.034,17.722,17.635,18.341,17.436,17.203,17.039,16.591,14.945,15.359,15.332,14.576,14.227,15.405,15.405,15.405,16.792,16.388,16.583,16.541,17.714,17.146,17.508,16.85,17.072,15.028,12.791,10.62,9.9272,11.146,11.874,12.559,12.198,12.164,11.406,11.874,12.436,12.06,12.198,12.996,13.869,12.769,13.124,12.692,12.335,12.153,12.725,13.251,13.124,12.725,12.47,12.78,13.209,13.22,13.869,12.867,12.335,10.699,5.5164,6.6205,7.1085,7.1866,7.5651,6.8891,6.1618,5.7152,5.8361,4.4834,3.214,3.0809,2.3629,3.214,3.8101,4.9846,6.3843,6.1844,7.8013,7.4723,7.9256,7.9957,7.1866,7.9256,7.8548,8.6013,8.5197,8.5197,7.3972,6.6205
14.813,17.05,18.497,18.573,17.96,18.1,18.752,17.646,16.927,15.896,14.954,14.813,14.813,14.888,14.888,15.369,15.342,15.369,16.466,16.719,17.439,17.599,17.953,17.89,17.575,17.197,16.802,14.728,13.218,10.414,9.5314,11.607,12.331,12.263,12.733,12.172,12.056,11.302,11.881,12.567,12.567,13.479,13.726,12.612,11.928,13.004,12.377,11.703,13.058,12.788,13.878,13.228,12.733,12.733,12.907,13.312,13.838,13.312,12.567,10.627,5.7188,5.7188,6.6876,6.8935,7.6981,6.7707,6.5397,6.6876,5.2339,4.7876,4.1293,3.216,3.216,2.8472,4.1293,5.3134,5.6202,6.8935,7.477,7.4207,7.8598,7.9306,7.477,7.9306,7.8598,8.0876,8.0703,8.3596,7.5699,6.1883
15.108,17.185,17.907,18.314,18.428,18.653,18.046,17.852,16.567,16.684,14.922,14.782,15.108,15.81,14.941,14.782,14.941,15.309,16.081,16.389,17.161,16.916,17.633,17.798,17.226,17.014,16.891,14.487,12.761,10.683,9.2139,11.679,12.317,12.317,12.146,12.351,11.797,11.523,12.305,12.317,12.88,13.451,13.19,13.357,12.146,13.19,12.761,12.18,12.977,12.507,12.684,12.507,12.684,13.939,12.684,13.232,14.206,13.727,12.585,10.565,5.1961,6.353,6.7564,6.8587,7.3862,7.3485,6.7564,6.5259,6.1753,4.9773,4.3506,3.3368,3.8045,3.5392,3.7306,5.7067,5.8274,6.7564,7.176,8.0533,7.3485,7.5539,7.8432,8.3419,7.7898,8.0706,8.5885,8.1904,7.8432,6.5259
14.561,17.366,18.426,18.389,18.791,18.628,18.434,17.69,16.994,16.723,15.484,14.379,14.984,14.835,15.304,16.012,16.329,16.012,15.829,16.532,17.141,17.245,17.318,17.318,17.69,17.445,16.954,14.637,12.81,11.193,9.1944,12.005,12.679,12.82,12.155,12.425,11.772,11.69,11.69,12.336,12.155,13.077,13.172,13.779,13.003,13.204,12.514,13.204,12.324,12.481,12.657,12.949,13.668,13.193,12.907,13.077,14.302,13.688,12.336,11.156,5.2647,7.0829,7.4454,8.0362,7.1608,6.8643,6.4264,6.3614,6.3176,4.2445,3.7227,3.7227,3.2024,4.0095,4.4672,5.369,6.7009,6.9246,7.1608,8.3242,8.019,7.7732,8.5703,7.8971,7.8971,9.3735,9.4911,8.0534,7.5929,6.3395
14.494,16.397,19.133,18.016,18.139,18.292,18.482,17.233,16.574,15.416,14.339,14.561,15.307,14.929,14.637,15.022,14.939,15.371,16.114,16.148,17.29,17.038,18.662,18.231,17.193,17.314,17.022,15.115,13.196,9.917,9.9591,11.624,12.766,13.227,11.908,12.457,12.322,11.419,11.908,11.588,12.853,13.457,13.529,13.457,12.322,13.196,11.967,12.243,13.622,12.424,13.036,12.424,12.513,13.353,12.513,13.57,14.599,13.29,12.756,10.609,5.3046,6.1781,7.6125,6.7182,6.6766,6.3559,6.8821,6.1555,4.7797,5.2252,3.167,3.3798,3.0777,4.2555,4.5098,4.7211,5.4343,6.8618,7.7933,7.1793,7.5574,7.1793,7.5574,8.7052,8.657,7.935,8.7848,7.3518,7.5574,5.9013
15.132,17.435,17.752,18.172,18.551,18.604,17.932,17.006,17.006,16.2,15.132,15.379,14.673,15.03,14.796,15.755,15.397,15.424,16.062,15.966,17.555,16.532,17.752,17.419,17.65,17.031,17.063,14.683,13.203,11.203,9.6946,11.618,12.283,12.317,12.718,12.696,11.63,11.973,11.726,12.696,12.718,12.893,13.297,12.893,12.43,12.597,12.43,11.868,12.329,12.597,13.064,12.158,12.43,12.464,13.297,13.075,13.464,13.043,11.973,10.522,5.8331,6.8653,6.8856,7.4685,7.5612,7.4685,6.8653,6.3592,5.3856,4.9821,3.5426,2.3617,3.8446,4.0219,4.1246,4.7822,5.6138,6.4246,7.5612,7.3366,7.3556,7.3366,7.4685,8.5969,7.4122,7.9215,8.5317,7.4685,7.5057,6.3592
15.421,17.35,17.74,17.983,17.983,18.261,17.462,17,16.524,15.903,14.388,14.524,14.969,15.053,14.81,15.339,14.819,15.726,15.903,16.524,17,16.867,17.462,17.582,17.526,16.558,16.337,15.339,12.793,10.592,9.7241,12.061,11.684,12.073,12.572,11.708,11.393,11.6,12.211,12.336,12.572,12.617,12.967,12.483,12.716,13.01,12.211,11.886,12.782,12.449,13.063,12.449,12.483,12.268,12.804,13.485,13.721,12.793,12.177,10.432,6.391,6.4346,6.876,6.6904,7.6282,6.876,6.369,6.1682,5.4456,5.0178,4.131,2.8483,3.8506,4.0281,4.488,5.8421,5.984,6.9568,7.348,7.573,7.9338,6.9568,7.6282,7.573,7.8094,8.545,7.7012,8.262,7.0567,7.1159
15.02,17.276,17.437,17.88,18.251,18.456,17.589,16.983,17.187,16.909,14.945,14.833,14.964,15.333,14.72,15.131,15.612,15.405,16.312,16.209,17.04,16.793,17.333,17.997,17.755,17.381,16.684,15.02,12.769,10.568,9.8288,11.589,11.637,12.049,12.199,11.382,11.874,11.382,12.073,12.769,12.769,12.56,13.051,12.867,12.199,13.451,12.726,12.336,11.637,12.336,12.693,12.336,12.165,12.381,12.726,13.336,13.738,13.378,12.471,11.147,5.5167,5.8364,5.8364,6.3847,6.7254,6.8692,6.3628,6.6208,5.4402,4.8716,4.1269,3.5446,2.642,3.8104,4.2601,5.2041,6.6838,6.45,7.5655,6.7668,8.5202,8.22,7.926,8.6664,8.6017,8.5366,8.3548,7.9436,7.5655,5.9077
14.673,16.899,17.752,18.663,17.419,18.483,18.232,17.744,17.626,16.405,15.242,15.351,14.424,14.73,14.682,15.754,15.396,15.887,15.603,16.783,16.7,16.532,17.201,17.483,17.752,17.419,16.498,15.02,12.86,10.614,9.9639,11.618,12.054,11.867,12.362,11.339,11.375,11.19,11.594,12.43,11.63,13.244,13.075,12.718,12.362,12.597,12.328,11.973,12.157,12.784,12.328,11.867,12.86,12.552,13.043,13.244,14.219,14.268,12.249,10.989,5.3855,6.1585,5.9746,7.3364,6.1811,6.5321,5.6136,5.9042,4.7234,4.0218,3.0793,2.6927,3.0793,3.0793,3.7341,5.5134,6.0211,5.2011,6.9459,7.085,7.0456,7.3364,7.8506,8.0436,7.3554,7.7971,7.9389,7.9213,7.1828,6.359
15.227,17.348,18.106,18.503,18.267,18.571,18.473,17.58,17.292,16.556,15.401,14.818,15.419,15.707,14.435,15.264,15.989,16.006,15.724,16.403,16.866,16.998,16.932,17.485,17.202,17.58,16.799,14.902,12.737,10.214,9.5343,11.005,11.683,11.885,12.06,11.611,11.306,11.743,11.647,12.392,12.267,12.911,13.379,12.301,11.599,12.792,12.06,12.21,12.571,12.792,13.083,12.482,12.164,12.715,13.232,13.463,13.761,13.348,12.781,10.269,5.445,5.9129,5.8176,6.8753,7.4793,6.6897,6.1903,5.622,5.3934,4.2639,3.217,2.2438,2.6443,3.8502,3.217,5.2887,5.3934,6.4557,6.5417,6.4557,6.9562,6.7314,6.9562,7.8622,7.9506,7.8622,8.0901,7.0955,6.4557,5.9129
14.871,17.006,17.955,17.986,19.223,18.715,17.963,17.712,16.907,16.122,15.122,15.396,15.378,14.673,14.682,15.459,15.011,15.459,15.965,16.156,16.574,16.699,17.963,17.712,17.626,17.193,16.54,15.122,12.373,10.771,10.047,11.424,12.519,12.192,11.972,11.289,11.725,11.289,12.157,11.666,12.784,12.849,12.892,12.849,12.597,12.328,12.597,11.914,12.317,12.192,12.317,12.552,12.054,13.064,13.328,12.773,14.268,13.36,12.43,10.693,5.2278,5.9042,5.9042,6.4244,6.6798,7.1827,6.1585,5.8089,4.9819,3.8445,3.3399,2.6927,2.6404,4.0218,4.2575,4.5427,5.3854,6.4461,7.3554,6.6169,7.561,7.3554,6.8651,7.561,7.9213,7.3932,7.6161,7.561,6.8854,5.9042
15.221,17.605,17.723,18.891,18.082,18.51,17.605,17.573,17.453,16.078,15.248,15.557,15.119,14.361,14.429,15.718,15.61,15.394,15.868,16.557,16.591,17.316,17.341,17.477,17.26,16.925,17.219,15.33,12.709,10.898,9.3675,11.594,11.927,12.375,11.88,11.738,11.738,11.214,11.738,12.443,12.33,12.96,12.906,12.96,12.566,12.386,12.262,11.985,12.205,12.731,12.698,11.962,12.698,13.088,13.227,13.54,13.876,13.876,12.709,10.898,5.4427,6.0274,6.4312,6.5389,6.1649,6.7699,6.5389,6.0274,5.2332,4.262,3.3849,2.3641,3.2156,3.0825,3.8485,5.0151,5.3911,6.1649,6.9531,7.1121,6.8723,6.7699,7.4198,8.2237,7.9472,7.6241,8.052,7.9472,6.7699,6.5389
14.951,17.064,18.251,18.319,18.251,18.441,17.887,17.572,17.259,16.59,15.366,14.659,15.045,15.146,15.035,15.439,15.475,15.248,16.599,16.284,16.691,17.34,17.047,17.572,17.572,17.047,17.047,14.839,12.785,10.058,9.7472,11.545,12.442,12.341,11.737,11.737,11.737,11.238,12.204,12.341,12.698,13.456,13.226,12.731,12.329,12.873,12.066,12.054,12.609,12.341,12.054,12.261,12.731,12.698,12.731,13.383,13.966,13.508,12.698,10.885,4.7575,6.5386,6.872,6.4525,6.7696,6.9528,6.0271,5.6192,4.8736,3.8484,3.2154,2.6431,2.8467,4.2618,4.0258,5.5189,5.7178,6.9528,6.7696,6.8923,6.7282,6.8923,7.1118,7.4194,7.8584,8.0862,8.0516,7.6238,7.4757,6.7696
14.66,16.718,18.098,18.206,18.443,18.083,18.191,17.212,16.516,16,14.812,14.746,15.367,15.046,14.802,14.953,15.367,15.367,16.465,16.182,17.573,17.26,18.044,17.573,18.044,17.049,16.793,15.34,12.61,10.586,9.7193,11.001,12.205,12.33,11.594,11.88,11.594,11.351,11.546,11.88,12.342,13.343,13.478,13.54,12.205,13.003,11.88,12.874,12.787,12.566,12.61,12.262,13.132,13.227,12.477,12.863,14.235,13.003,12.732,10.899,5.2067,6.0276,6.4314,6.8726,7.1124,5.9106,6.9534,6.1652,5.0153,4.5169,3.0826,2.3642,1.586,4.5169,3.7382,5.3913,5.6197,6.3659,7.1124,6.8929,7.1124,6.8726,7.4763,6.9534,6.7287,8,8.8619,8.5243,6.8929,6.6241
14.615,17.203,17.88,19.051,18.319,18.614,18.074,17.565,16.174,15.648,14.954,15.387,15.214,14.889,15.029,15.54,14.738,15.834,15.405,16.583,17.252,17.056,17.762,18.38,17.565,17.146,16.983,15.02,13.05,10.488,9.6422,11.589,12.56,12.867,12.061,11.921,12.072,11.589,12.199,11.874,12.78,13.125,12.692,13.471,12.78,12.199,11.431,12.199,12.703,12.199,12.604,11.921,12.526,13.252,12.56,13.05,14.227,13.829,12.791,10.893,5.2839,5.6909,6.4281,6.6837,6.7667,6.4498,6.3407,5.7154,4.0241,3.8467,2.8455,2.2418,2.6943,4.26,4.26,5.204,6.162,6.1847,5.7154,7.6935,7.5654,6.8691,7.5654,7.8016,7.5654,8.8574,9.0908,7.3975,7.6206,5.8363
15.13,16.916,18.681,18.673,18.196,18.341,17.659,17.995,16.07,15.359,14.963,14.832,15.112,15.028,13.584,15.432,15.028,15.851,15.991,16.507,17.039,16.708,18.242,17.5,17.564,16.792,16.817,14.879,13.209,10.528,9.9271,11.307,12.255,13.241,12.559,12.198,11.344,11.381,12.072,11.588,12.369,12.779,12.867,13.241,12.198,12.164,11.92,12.06,12.867,12.289,12.867,12.072,12.769,13.367,13.471,13.251,14.614,13.45,12.559,10.841,6.3843,6.5355,6.9496,6.6833,6.3624,6.6204,6.889,5.4398,5.2038,3.7361,3.3417,2.6418,2.6941,4.0239,3.8101,5.31,6.3624,6.4278,7.1865,7.1865,7.8012,7.1865,7.8012,7.8547,8.2702,8.7937,8.9977,7.9255,7.565,6.0243
14.943,17.249,18.377,18.723,18.316,18.156,17.751,17.037,16.914,16.163,15.138,15.036,15.538,14.507,13.988,14.887,14.717,15.211,16.068,16.163,17.143,16.681,17.877,17.822,17.759,17.07,16.79,14.961,13.07,10.487,10.093,11.635,12.197,12.558,12.059,12.047,11.107,11.107,12.047,12.047,12.197,12.701,13.218,13.208,11.813,12.778,12.379,12.163,12.789,12.558,12.524,12.865,12.701,13.5,11.919,13.5,14.717,13.208,13.123,10.697,5.616,6.6196,6.8883,7.4714,7.1857,6.8883,5.8353,6.4488,4.8707,4.0235,3.3413,3.544,2.6415,4.2593,4.5138,5.69,5.9066,6.3835,7.088,6.1837,7.3584,7.3395,8.2015,8.9812,8.0815,8.745,8.3532,8.0815,7.8538,6.5348
14.764,16.895,18.2,18.269,18.473,18.69,17.947,17.285,16.638,16.546,15.948,15.72,15.843,14.904,14.612,15.498,16.026,15.852,16.026,16.504,17.261,16.504,17.674,17.713,17.516,17.285,16.936,15.089,13.173,10.863,9.8016,11.64,12.039,11.569,12.222,12.301,11.265,11.7,11.888,12.745,12.165,12.745,13.831,12.734,13.414,12.657,13.046,11.64,12.016,13.341,13.741,13.173,12.961,12.832,13.205,14.06,14.65,13.741,12.525,10.657,5.2957,6.367,6.8704,6.7481,6.6653,6.8704,6.8704,6.1451,5.8202,4.5329,2.6869,2.6869,3.374,3.6886,4.999,5.6997,6.1676,6.6025,8.0261,8.0261,7.7801,8.1803,8.2479,7.8335,8.4966,8.9734,9.3819,8.3316,7.5446,5.5014
14.897,17.508,18.998,17.768,18.681,18.261,18.031,17.508,16.928,16.054,15.356,15.311,15.356,15.311,15.491,15.81,15.845,16.362,16.114,16.362,17.453,16.404,17.916,17.823,17.156,17.508,17.508,15.491,12.912,10.858,9.6115,11.836,12.296,12.739,11.777,11.309,11.346,11.073,11.836,12.251,12.33,13.199,13.03,13.459,12.431,12.912,12.126,12.815,13.593,12.296,12.431,12.397,12.858,12.912,13.199,13.428,13.945,13.825,12.826,10.807,5.1874,6.7451,7.9006,7.0665,7.3739,7.6689,7.0861,6.0054,6.0054,4.9689,3.7244,3.5332,3.3726,4.2464,5.499,5.6728,6.5996,7.4487,7.83,7.3739,7.4859,7.9705,7.5962,8.6866,8.3279,8.7661,8.9695,8.4929,6.8674,7.0665
15.059,17.503,18.391,18.255,18.459,18.277,18.496,18.01,17.053,16.449,15.351,15.269,14.752,15.306,14.836,15.708,16.074,16.109,16.533,15.936,17.692,16.533,18.117,17.503,17.91,17.191,16.923,14.752,13.424,10.661,9.794,11.631,12.03,12.018,12.292,12.007,11.691,11.391,11.879,12.951,12.326,13.205,13.496,12.515,13.036,12.68,12.426,12.908,12.735,12.822,13.424,12.515,13.32,12.482,13.163,13.205,14.371,13.205,12.122,10.583,5.7918,6.5128,6.8651,6.7016,7.5387,7.3714,6.8651,6.362,6.0033,4.8543,3.7231,2.8354,3.7968,4.8543,5.1857,5.5971,7.3337,7.3147,7.3337,8.2415,8.0198,7.8274,7.8274,9.1954,8.9973,8.6837,9.3745,8.0543,7.5387,6.5128
14.841,16.862,17.704,17.822,18.441,18.554,18.396,17.665,16.738,17.017,15.561,15.164,15.355,15.31,14.756,16.403,15.809,16.386,16.361,16.454,16.927,17.697,17.372,17.436,17.665,16.985,16.538,15.082,12.651,11.394,10.131,11.599,11.777,12.022,12.159,11.917,11.587,11.917,12.113,12.684,12.651,13.407,13.694,13.04,12.519,13.209,12.825,12.519,13.008,12.825,13.694,12.728,12.519,12.25,13.324,13.293,13.167,13.734,12.022,10.388,5.293,6.1646,7.0661,7.0857,8.0221,6.867,7.0661,6.4289,5.8173,4.8557,3.8342,3.7241,4.4999,3.533,4.1135,5.8884,7.0857,6.867,7.3168,8.8287,8.0221,7.8296,8.5087,8.3274,9.198,8.1931,9.0918,8.8287,7.4854,7.1635
14.893,16.889,17.607,18.403,18.643,18.312,18.733,17.175,16.565,15.622,15.38,14.855,14.204,15.587,14.78,15.826,15.004,15.948,16.139,16.105,17.536,16.556,17.28,17.725,17.536,17.224,16.379,14.855,12.683,11.388,10.188,11.713,12.179,12.041,12.349,11.57,11.855,12.041,12.029,12.879,12.759,12.705,13.188,12.315,12.539,12.846,12.975,12.416,12.45,12.705,13.807,12.672,12.705,12.759,13.103,13.23,13.847,13.188,12.539,10.364,4.9767,6.1745,6.3303,6.5251,7.1751,8.2571,6.8781,6.8781,6.1745,5.0045,3.804,3.7302,3.1652,4.2202,5.4312,4.8635,6.3523,7.4603,7.4975,8.4569,8.2402,7.9129,8.2064,7.9305,8.5875,9.0298,8.7321,8.7321,7.4042,6.3741
14.707,16.578,17.574,17.708,18.845,17.92,17.951,17.238,17.189,16.401,15.635,15.42,14.411,14.679,14.603,15.848,16.264,15.393,15.635,15.962,16.671,16.903,16.928,17.582,17.189,17.262,16.401,14.867,12.857,11.397,10.197,11.723,11.864,12.062,12.427,11.723,11.806,11.864,12.325,13.04,12.427,13.04,13.46,13.325,13.325,12.943,12.594,12.325,12.46,13.294,13.522,12.246,12.46,12.246,13.199,13.574,13.533,13.199,11.911,10.48,5.9028,6.157,6.3575,7.181,7.0439,7.4665,6.8838,6.3794,5.9028,5.6123,3.2115,2.3611,2.6398,4.7809,5.4357,5.9028,6.8838,7.4103,7.103,7.937,8.2131,8.0762,7.5037,7.4665,8.2639,8.7393,7.9895,8.2131,6.8635,6.0197
14.883,17.759,18.201,18.865,18.347,18.528,18.316,18.039,16.921,16.418,15.327,15.409,15.116,14.742,14.949,14.967,15.891,15.327,16.393,16.109,17.044,17.337,17.569,17.207,17.449,16.863,16.587,14.513,12.728,11.298,9.528,11.735,12.293,11.924,12.052,11.675,11.735,11.409,11.603,11.877,12.075,12.563,13.213,12.607,12.859,13.053,12.706,12.563,12.772,13.075,13.213,12.783,12.728,12.684,13.086,13.224,14.073,14.043,12.338,10.702,4.8727,6.1635,7.3614,7.9454,6.8708,7.5117,6.9516,6.6853,6.4514,4.8727,3.8112,2.6426,2.6949,3.8112,4.1279,5.3116,7.1105,7.4744,7.6224,7.9979,9.0004,6.9516,7.857,8.0848,7.9278,9.3654,7.857,8.3566,7.3993,6.6223
14.808,17.02,17.97,18.768,18.559,18.078,18.04,17.044,17.207,16.418,15.364,15.472,15.436,15.033,15.254,15.245,15.767,15.245,16.282,15.978,16.921,16.788,17.385,17.884,17.313,17.473,16.713,14.893,13.224,11.149,9.9721,11.348,12.167,11.735,12.563,11.818,11.385,11.818,11.385,12.607,12.707,12.783,13.721,12.529,13.255,12.052,12.259,12.903,11.924,12.783,13.075,12.607,12.707,12.783,13.213,13.537,13.752,13.506,12.327,10.883,5.6923,6.3642,6.9516,7.8035,7.5117,7.8035,6.8911,6.8911,5.5179,5.2053,4.0251,3.0818,3.7372,4.1279,4.5465,5.8377,7.1887,7.3614,8.0502,7.8035,7.857,8.0675,7.6954,8.3567,7.998,8.2219,8.7166,7.6954,7.9278,6.5374
14.876,17.183,17.937,18.736,18.677,18.759,18.489,18.154,17.44,16.162,15.237,15.383,15.401,15.356,14.876,16.41,16.273,16.066,16.205,16.384,17.068,17.56,17.272,18.451,17.71,17.328,16.384,15.68,12.777,11.598,9.8686,11.206,12.046,12.557,11.812,11.693,10.89,11.342,12.046,12.161,12.777,12.377,12.161,13.079,12.287,12.95,12.601,12.777,12.722,12.161,12.788,12.332,12.321,12.864,12.993,13.714,14.066,13.217,12.321,10.578,4.8703,6.1831,6.8876,7.1851,6.765,6.8876,6.8876,6.4482,5.6895,5.0115,4.5134,3.7353,3.0802,4.3561,4.7249,5.6895,6.619,7.1851,7.6186,7.4707,8.2516,7.6915,8.0635,8.3525,8.0635,8.5179,8.2177,6.9481,7.5635,6.3391
14.918,17.245,18.663,19.25,18.423,18.187,18.041,17.848,17.01,16.562,15.522,15.405,15.104,16.102,14.993,15.963,15.735,15.377,16.562,15.963,16.985,16.654,17.116,17.683,18.026,17.414,17.477,14.626,13.186,10.874,9.7256,11.176,11.935,12.313,12.039,11.361,10.861,11.52,11.325,12.415,12.143,12.415,14.044,12.234,11.853,13.048,11.853,11.675,12.268,12.844,13.447,12.537,12.537,12.746,13.027,13.845,14.348,13.228,12.973,10.562,5.4304,5.9673,6.877,7.037,6.877,7.841,6.7546,5.5067,5.1947,4.7176,3.3358,3.3358,3.8035,4.7176,4.747,4.8628,5.8258,7.174,7.6797,7.7876,8.0338,7.0764,7.5518,7.841,8.0338,9.1051,8.951,8.1881,7.6797,6.5241
14.942,17.422,18.02,18.44,19.218,18.598,18.748,17.318,16.578,16.569,16.031,15.118,15.347,14.602,14.792,15.527,15.347,15.599,16.375,16.307,17.414,16.569,17.414,18.02,17.865,16.87,17.001,14.82,12.986,11.099,9.5177,10.572,11.864,11.864,12.549,11.579,11.372,11.687,11.864,11.663,13.114,12.682,12.78,13.293,11.911,12.78,12.246,12.693,12.682,12.154,13.356,11.805,12.062,12.856,12.769,13.356,14.028,13.325,12.671,11.137,5.9026,6.1569,6.3573,6.8836,6.9441,6.8633,7.1809,6.9441,5.1997,4.2565,3.8071,2.692,3.5416,3.8071,4.7221,4.9807,6.1795,6.8633,7.3535,6.8633,7.5591,7.8485,7.5591,7.8485,7.7951,7.7951,8.196,7.8485,7.4663,6.4444
15.422,17.029,19.039,18.907,18.489,17.743,18.231,17.751,16.539,15.395,14.87,14.672,16.06,15.422,14.87,14.88,15.029,15.593,16.034,16.301,16.699,17.029,17.553,17.434,16.972,16.906,17.37,14.605,13.117,10.77,10.144,11.202,11.867,12.157,11.665,11.581,11.629,11.227,11.665,12.157,11.808,12.463,14.09,12.316,11.725,12.772,12.042,11.629,12.695,12.684,13.442,12.717,12.463,12.848,13.525,13.201,14.681,13.359,12.848,10.521,5.8326,6.0208,6.6165,6.721,7.5606,7.4678,7.336,6.7624,5.3069,5.2806,3.7339,3.8079,2.6403,4.2573,5.0096,5.2007,6.3805,7.355,8.0604,7.5606,7.5051,6.9455,8.3493,8.4654,8.2485,7.9384,8.9769,7.7966,6.9455,5.9038
14.404,17.469,18.746,18.247,18.628,18.111,18.05,17.508,17.626,16.287,15.954,15.294,15.276,15.294,15.65,15.249,15.104,15.928,16.202,16.049,16.16,16.917,17.207,16.99,17.022,16.588,16.43,14.585,12.763,10.916,9.0555,11.153,12.111,11.985,11.263,11.457,10.814,11.517,11.962,11.962,13.125,13.729,12.601,13.114,12.806,12.763,12.246,12.633,12.38,11.962,11.985,12.677,11.962,12.806,12.763,13.24,13.619,13.446,12.38,11.263,5.6741,6.8195,6.8396,7.6379,7.135,6.4032,6.8195,6.3167,5.3496,3.995,3.1909,2.6229,3.3589,5.2719,4.8363,5.1664,6.8195,6.5729,7.7983,7.5107,7.3065,7.0379,7.5107,8.0073,7.5107,8.0073,8.4747,7.6379,7.0574,5.9811
14.93,17.546,17.578,18.595,18.201,18.232,18.232,17.704,17.546,16.303,15.023,14.637,15.115,15.694,15.097,15.389,15.835,16.054,15.835,16.149,17.128,16.775,17.314,17.451,17.546,17.704,16.372,14.675,12.94,10.477,9.7329,11.37,11.624,11.624,12.152,12.037,11.419,11.803,11.72,12.712,13.069,12.679,13.457,12.712,12.854,12.983,12.356,12.311,12.843,12.457,13.291,12.368,12.14,12.69,13.196,13.457,13.975,13.53,12.037,10.882,5.2784,7.1014,6.8822,7.5575,6.356,5.9014,6.6138,5.8302,5.4345,5.0075,3.3384,3.167,2.6915,3.7324,4.5099,5.4345,6.4215,7.6126,7.4648,7.4648,7.9352,7.1014,7.9352,8.2113,7.9352,8.3459,9.0197,8.0744,7.4648,6.529
14.862,16.83,17.615,18.659,18.434,18.358,18.175,18.036,16.995,16.077,15.232,14.786,14.288,15.341,14.899,15.113,15.522,15.341,16.797,15.868,16.572,17.093,17.424,17.287,17.231,17.424,16.258,14.701,12.841,10.686,9.8592,11.623,11.801,11.86,12.354,12.046,11.801,12.15,12.15,12.71,12.321,13.32,13.351,13.236,12.688,12.765,12.589,11.682,12.545,13.486,13.362,12.776,12.15,12.366,13.288,13.517,13.732,13.455,12.354,10.829,5.7085,7.0411,6.8608,5.9005,7.9163,7.3507,6.4204,5.6101,5.382,4.8656,3.1665,2.842,3.3793,4.352,4.8656,5.6101,6.4204,7.1782,7.3885,8.2438,8.4605,8.2099,7.9863,7.5008,8.4605,8.5912,8.5912,8.5098,7.5563,6.8811
14.933,17.55,18.059,18.327,18.509,18.167,17.927,17.487,17.197,16.307,15.119,15.1,14.933,15.751,15.201,15.393,15.119,15.201,16.307,16.536,17.026,17.367,17.951,18.236,17.701,17.002,16.969,15.347,12.77,10.884,9.7352,11.531,12.55,12.371,12.155,11.579,11.615,11.946,12.189,12.155,12.943,13.768,13.061,13.492,13.199,12.682,12.693,12.189,12.781,12.427,12.594,12.943,12.516,13.533,12.759,13.707,14.362,13.818,12.986,11.1,4.7809,6.423,6.3794,7.103,7.5593,6.8838,7.0834,6.0197,5.306,4.4799,2.6921,2.8432,2.9866,4.3537,4.5109,5.6123,6.5306,7.5593,7.3537,7.8487,7.7953,8.0417,7.8487,8.3478,8.7394,8.7074,10.087,8.1962,6.8635,6.9443
15.267,17.245,18.312,18.981,18.493,18.244,18.456,17.595,16.92,16.648,15.705,15.075,15.546,14.456,15.626,15.348,15.652,15.348,16.218,16.531,16.879,17.124,17.907,18.244,17.444,17.083,17.317,14.983,13.034,11.155,9.7071,11.364,11.83,12.279,12.29,11.689,11.653,11.83,12.016,12.29,12.744,13.778,13.484,13.328,13.422,13.161,12.12,12.425,12.906,12.949,12.722,12.391,12.852,12.733,13.034,13.203,14.224,13.535,12.324,11.168,5.2907,6.4045,7.063,7.0826,7.3325,7.445,7.8261,6.4045,5.8858,3.8326,4.2443,2.6843,3.6851,4.5286,4.7087,5.4962,6.864,7.6651,8.2401,8.1726,8.3238,8.053,7.4822,8.4395,8.6343,8.6823,9.209,7.5375,8.053,6.1619
15.07,17.375,18.539,18.359,19.077,18.651,17.963,17.753,17.375,16.212,15.343,14.82,15.153,15.07,15.343,15.7,15.406,16.212,16.212,16.517,16.849,16.517,17.87,18.843,17.399,17.589,16.988,15.325,12.652,10.34,9.6754,12.001,12.207,12.275,11.826,11.826,11.649,11.102,11.873,12.001,12.729,13.072,13.167,13.397,12.718,12.998,12.476,12.805,13.157,12.729,12.652,12.63,12.331,13.324,12.74,13.693,14.219,13.53,12.652,11.25,5.6925,6.5096,6.8415,7.158,7.4426,7.3301,7.9116,6.6983,5.4944,5.4183,3.8313,4.1103,3.3284,4.4965,4.7071,6.0004,6.7395,8.0504,7.4426,7.3865,8.2206,7.9116,7.8236,9.0083,9.3107,8.9621,8.7589,9.6754,7.4426,6.5941
15.125,17.846,19.122,19.273,18.706,18.416,18.706,17.721,16.941,16.31,15.513,15.162,15.592,15.557,15.153,15.459,15.45,15.459,16.495,16.941,17.232,16.819,17.83,18.506,17.861,17.62,17.407,15.153,13.424,10.817,9.8138,11.521,12.487,12.792,12.094,11.664,11.242,11.664,11.569,12.185,12.398,13.3,13.869,13.3,11.979,13.424,12.487,12.094,12.782,13.259,13.3,12.531,13.3,13.133,12.996,13.628,14.803,13.699,12.825,11.044,5.9896,6.3475,7.5215,7.4292,8.2226,8.1721,7.5215,6.6449,5.2004,4.7279,3.7882,3.8244,4.0007,4.1029,5.4845,5.6822,7.0087,7.1452,7.8973,8.1721,7.9496,7.8798,8.5516,8.3061,9.3087,8.3061,9.3531,8.9921,7.5215,6.8494
14.768,17.546,18.153,18.636,19.012,19.093,18.358,17.522,17.711,16.999,15.672,15.295,15.725,15.512,14.579,15.503,15.368,15.286,16.34,16.031,16.9,16.81,17.929,17.891,17.991,17.266,16.974,14.844,13.603,10.66,10.029,11.119,12.031,11.787,12.02,11.704,11.704,11.787,12.294,13.019,13.019,12.738,13.178,12.749,12.749,13.019,12.529,12.26,12.529,13.04,13.745,13.439,12.76,12.169,13.051,13.272,14.193,14.193,12.749,11.354,5.7016,6.4342,6.8524,7.9066,7.836,7.836,8.0632,7.1695,6.1471,5.3755,4.8597,3.801,4.2497,3.801,4.8597,6.4126,6.4342,6.52,7.6021,8.4994,8.6452,7.547,8.6452,8.5807,8.3343,8.6933,9.0072,8.2337,7.9066,6.6047
14.842,17.39,18.622,18.162,19.028,18.284,18.555,17.698,17.254,16.531,16.115,15.193,15.598,14.972,15.202,15.81,15.845,15.554,16.226,16.531,16.863,17.092,18.101,18.284,17.453,17.908,16.986,14.758,13.2,11.173,9.4223,11.074,11.778,12.251,12.296,12.341,11.695,12.126,12.296,12.564,12.398,12.859,13.946,13.294,14.025,12.816,13.294,12.74,12.751,12.685,13.826,13.179,12.685,12.652,13.429,13.856,14.133,13.664,12.685,10.665,5.3715,6.8474,7.3174,7.0863,8.3282,7.9707,7.5965,6.5998,6.8676,5.2143,3.687,3.5333,4.1138,4.2466,4.9691,6.3644,6.5998,7.0273,8.2276,7.9707,8.5744,7.9183,7.8303,7.9183,8.7664,9.4956,8.8294,8.1938,7.5415,6.0055
15.297,16.555,18.455,19.107,19.027,19.107,18.311,17.479,17.303,16.429,14.92,15.307,15.406,15.737,14.33,15.406,15.334,15.666,16.361,16.48,17.606,17.415,17.535,18.311,17.415,17.303,16.855,15.361,12.682,10.875,10.036,11.412,12.04,12.235,12.36,11.617,11.712,11.387,11.854,12.348,12.539,13.23,13.695,12.583,12.416,12.759,12.539,12.539,13.219,13.449,13.103,12.704,12.682,12.66,13.06,12.66,14.252,13.05,12.539,10.364,5.7058,6.3519,7.0771,7.9125,7.8418,7.46,7.6805,6.3738,6.1516,4.507,3.8039,3.5386,4.2528,4.507,4.8633,5.8264,6.7553,7.385,8.2398,8.4565,8.952,7.4038,8.206,8.4565,8.983,8.5057,9.2275,8.3405,7.5526,6.6724
14.704,16.49,18.223,18.721,18.743,18.016,17.915,17.49,16.49,16.371,15.747,14.817,15.307,15.316,14.704,14.637,15.524,16.053,16.691,16.053,17.362,16.775,17.954,18.2,18.162,17.45,17.022,15.124,12.712,10.688,10.015,11.624,11.908,12.755,12.311,11.394,11.588,11.528,11.333,12.356,12.513,13.036,12.983,13.036,12.668,13.068,12.151,12.322,12.766,12.367,12.766,12.457,12.94,13.036,12.94,13.111,14.817,13.693,12.766,11.134,5.2783,6.6765,6.882,7.5573,7.3328,7.6124,7.9874,6.6765,5.7093,5.3046,3.5408,4.0198,3.7323,5.2783,5.7093,6.6765,7.0815,7.5573,7.8467,8.0569,8.3457,7.7932,8.7051,8.7848,7.935,8.9575,9.2181,8.0396,8.9885,6.6765
15.079,17.723,18.049,19.046,18.818,17.723,18.203,17.108,16.879,16.378,15.434,15.326,14.847,15.079,15.207,15.515,15.729,15.326,16.403,16.42,16.978,17.076,16.978,17.526,17.526,17.002,17.002,15.097,13.191,10.385,9.6785,11.789,11.706,12.675,11.706,12.023,11.599,11.209,11.706,12.576,12.172,12.968,13.223,12.532,13.504,12.409,12.752,11.848,12.342,13.473,12.925,12.353,12.126,12.308,12.664,13.053,13.799,13.606,12.263,10.544,5.6784,6.8741,7.034,8.0477,8.0477,7.5487,6.6061,6.8741,6.3486,4.8608,4.2178,3.3345,3.0742,4.0152,3.728,6.7518,7.3999,8.2355,8.5012,8.2355,7.9259,8.2017,8.452,7.8377,8.452,8.5826,8.5826,7.8377,8.0477,6.6061
14.564,17.197,17.621,17.934,18.327,18.658,18.235,18.043,18.204,17.366,16.057,15.201,14.707,15.821,15.392,15.75,16.057,16.161,16.502,16.161,17.099,17.318,17.494,16.803,17.621,17.708,16.569,15.31,12.28,11.137,9.3997,11.372,11.722,11.579,11.805,11.864,10.768,11.298,11.722,12.325,12.671,13.071,12.154,13.818,13.46,12.549,13.23,12.549,13.039,12.325,12.039,12.246,12.37,12.715,13.114,13.366,13.948,13.491,12.671,10.871,5.384,5.8074,6.678,7.3344,7.6141,7.1808,7.687,7.1027,6.3573,5.2794,3.7331,3.3805,3.8435,5.5119,4.9806,5.9026,6.0195,7.41,8.2128,8.4636,7.8484,7.9367,7.8484,8.076,8.7867,8.707,9.0215,8.6589,7.4662,7.5035
14.766,17.458,17.961,18.122,18.704,19.014,17.688,17.961,17.937,17.217,15.899,15.402,14.394,16.142,15.356,15.829,16.559,16.245,16.483,16.475,16.949,17.53,17.53,17.727,16.982,17.08,16.142,15.374,12.14,11.124,9.5505,11.565,11.613,11.709,12.266,12.048,10.871,11.792,12.345,12.971,12.842,12.501,13.184,12.3,12.446,13.445,12.874,12.311,12.579,12.928,13.309,13.046,12.755,12.175,13.226,13.215,13.802,13.842,12.266,11.124,5.2734,7.0946,6.7532,6.1724,7.9277,7.6782,7.4577,7.345,6.6704,5.2734,4.2516,3.5375,4.5364,4.8618,5.0028,6.0126,7.326,8.0668,7.0946,8.4374,8.649,8.5845,8.338,7.6782,9.3445,8.649,9.4921,8.5031,7.0946,6.6076
14.767,17.208,18.567,18.454,19.3,18.679,18.386,17.336,17.717,16.75,16.055,15.175,15.366,15.608,15.501,15.608,16.09,15.855,16.541,16.003,16.972,17.013,17.989,17.678,17.904,16.997,16.972,15.644,12.693,10.967,9.6177,11.08,12.018,12.133,12.018,11.785,11.205,11.607,12.304,12.168,12.693,13.218,12.867,13.271,12.921,13.017,12.921,12.758,12.693,12.671,13.218,12.693,12.693,13.092,13.271,13.437,14.318,14.142,13.468,11.316,4.8591,5.9628,7.6011,7.1686,7.4535,8.045,6.8516,6.3465,5.6026,4.7726,3.7268,3.7268,3.7268,4.4721,5.5025,6.3683,7.1686,7.3219,8.0622,7.4907,7.5461,7.9057,8.0622,8.2327,8.9752,8.9752,9.5452,8.5147,7.4907,6.8516
15.489,16.737,18.553,18.996,18.553,18.857,18.553,17.821,16.462,16.402,15.808,15.063,15.596,15.552,14.915,14.784,15.381,15.596,16.267,16.654,17.435,16.529,17.821,18.395,17.219,17.372,16.795,14.831,13.208,11.072,9.668,11.072,12.216,12.295,12.113,11.55,11.634,11.694,11.369,11.835,12.25,13.166,13.166,12.738,12.485,12.518,12.01,12.124,13.261,12.683,13.208,12.563,13.499,13.208,12.727,13.693,14.49,13.904,13.177,11.11,5.6722,5.8171,7.0264,7.5955,7.0658,7.3731,6.5989,6.8465,5.3708,4.5304,3.3308,3.0709,3.5329,4.0109,4.769,6.0048,6.927,7.1632,7.9697,8.2434,8.3271,8.492,8.0217,8.7176,8.0217,8.7176,8.6858,8.2266,7.9697,6.5989
14.475,17.452,17.954,18.771,18.682,18.897,18.154,18.177,17.46,16.67,15.324,14.882,15.003,15.567,15.432,15.937,15.726,15.105,15.858,16.502,16.67,17,17.9,18.276,18.047,17.555,17.016,14.704,12.695,11.269,9.6772,11.12,11.609,11.609,11.893,11.573,10.868,11.404,11.705,12.306,12.663,13.052,13.273,12.352,12.032,13.553,12.295,12.227,12.352,13.179,13.419,12.663,12.761,12.227,13.179,13.746,13.837,13.686,12.674,10.752,4.0147,5.8226,6.9336,6.8732,7.0921,7.5477,7.5477,7.0921,5.8937,4.5347,3.2065,2.6358,3.334,4.2172,4.715,6.0105,6.1476,6.9336,6.8732,6.9336,8.2344,7.5477,8.0466,8.0639,8.335,8.4509,9.0695,8.0293,8.5814,7.0331
14.767,17.232,18.295,18.716,18.151,19.098,18.922,17.208,17.424,16.415,15.293,15.653,15.321,15.67,15.102,15.67,15.572,15.366,16.347,16.541,17.168,17.264,17.78,17.951,17.424,17.208,16.541,14.767,12.964,10.75,10.138,11.844,11.949,12.225,11.785,11.353,11.081,11.353,11.353,12.338,12.259,13.017,13.437,12.528,12.304,13.187,12.304,12.134,12.671,13.187,13.416,12.649,13.049,13.176,13.049,13.271,14.142,13.744,12.693,10.967,5.6026,5.9629,6.8719,7.1686,7.3975,7.0711,7.1686,7.1686,5.6765,5.1908,3.1623,3.3333,4.1164,4.5031,3.6893,5.4263,6.0093,6.6667,7.7818,7.1686,8.3334,6.9322,7.9057,7.9757,8.1989,9.0983,8.5147,7.9057,6.9322,6.7495
14.994,17.212,18.016,18.541,19.102,18.458,18.269,17.931,16.469,16.35,15.656,14.77,15.504,16.128,15.432,14.985,15.85,16.033,16.877,16.811,16.877,17.147,17.428,18.299,17.524,17,16.282,14.798,12.575,11.083,9.5035,11.282,11.846,12.021,12.136,11.705,11.404,11.788,11.319,12.044,12.044,12.966,13.553,12.033,11.788,13.471,12.17,12.261,12.53,12.674,13.471,12.53,12.761,12.696,13.44,13.274,13.927,13.44,12.696,10.868,5.6038,6.3697,6.5206,6.9337,7.7834,6.7509,6.9337,5.8938,5.7021,4.8602,3.0738,3.5363,3.2066,4.2501,4.5348,5.2979,6.7509,6.3478,7.4551,7.3802,8.646,7.9249,7.8368,8.4345,8.2345,8.5815,9.0081,8.9617,8.4345,7.3235
14.695,16.743,18.686,18.996,19.177,18.864,17.982,17.137,16.933,16.058,15.884,15.315,15.315,15.279,13.999,15.087,15.169,15.788,16.161,16.264,17.007,17.096,17.773,18.288,16.892,17.45,17.45,14.752,12.959,10.065,9.9962,11.263,12.014,12.163,11.839,12.025,11.506,12.025,11.001,12.254,12.163,12.732,13.999,12.49,11.944,13.213,11.944,11.603,12.299,13.182,13.789,12.644,13.044,13.182,12.688,13.789,14.137,13.919,12.655,10.668,5.1888,6.431,7.088,7.5433,7.9027,7.1659,6.7056,6.849,5.5004,4.2476,2.6864,2.8371,4.1148,4.2476,4.9981,6.144,6.849,7.5433,8.0419,8.0592,8.3302,8.4951,8.7685,8.446,8.6409,9.0948,9.8985,8.3302,7.9202,6.8692
15.118,17.226,18.474,18.891,18.698,18.713,18.031,17.538,16.99,16.072,15.872,15.118,15.74,15.409,14.352,15.108,15.108,15.872,16.517,16.381,17.562,16.892,18.008,17.689,17.047,17.121,17.443,14.782,13.451,10.473,9.6855,11.583,12.146,12.772,11.903,11.583,11.715,11.619,11.13,11.962,12.706,13.513,12.837,13.316,12.362,13.232,12.317,12.181,12.772,12.418,13.031,12.181,13.232,13.232,12.848,13.031,14.659,13.758,13.19,11.279,5.1963,5.8276,7.5542,7.3297,6.7566,7.682,7.3487,6.7566,5.3024,4.2537,3.2093,3.3783,3.8046,4.7777,5.0053,6.1529,6.5261,7.3297,7.8434,8.2583,8.0362,8.2583,9.2142,8.7334,9.2142,9.0157,9.814,8.9848,7.6092,6.3532
15.216,17.525,18.209,17.784,18.27,18.572,18.452,17.525,17.213,16.671,15.798,15.505,15.37,15.096,14.771,15.514,15.505,16.034,16.137,16.554,17.714,16.944,17.909,18.519,17.548,17.722,16.554,14.657,12.498,10.675,9.7209,11.61,11.847,12.531,12.022,11.61,11.208,11.121,11.61,12.171,12.442,12.751,13.095,12.827,13.337,12.575,13.042,12.137,12.827,13.306,12.827,12.87,12.827,12.762,13.441,13.928,14.619,13.868,12.442,11.121,5.6041,5.678,7.3429,6.8535,7.8372,7.4928,7.0336,6.6685,5.2719,4.7447,4.4733,3.3342,3.838,4.1175,4.5043,6.37,7.4556,7.6032,8.5007,8.582,9.024,8.582,8.4515,9.3269,8.6946,9.207,9.8063,9.4894,8.2518,6.9341
15.278,17.629,18.222,18.426,18.642,18.245,17.978,17.629,17.939,17.023,16.088,15.251,15.68,15.985,16.08,15.16,15.323,16.369,16.827,16.728,17.416,17.16,17.939,17.855,17.901,17.055,17.471,14.537,13.055,10.72,10.11,11.285,12.259,12.712,12.27,12.1,11.575,11.67,11.67,12.636,12.928,13.182,12.799,13.706,13.307,13.14,13.14,13.182,13.182,13.296,13.706,12.712,13.462,13.15,13.4,13.675,14.613,13.296,13.002,11.346,6.1294,6.3289,6.5856,8.04,7.0122,7.47,6.6482,6.6482,5.8763,5.8763,4.9584,3.8263,3.7165,5.1764,5.5871,6.8528,7.8134,7.9013,7.8134,8.4258,8.9504,8.4258,8.9504,9.4606,9.2986,9.6914,9.402,9.194,8.4749,7.5253
15.606,17.618,18.867,19.697,19.272,19.041,18.452,18.279,17.405,16.12,15.275,15.808,16.008,15.747,14.751,15.624,15.248,16.017,16.324,16.417,17.373,17.093,17.867,18.712,17.333,17.285,17.237,14.863,13.469,10.718,10.039,11.632,12.369,12.655,12.655,11.668,11.668,11.668,11.608,12.268,12.098,13.053,13.673,12.634,12.491,13.469,12.223,12.132,12.979,13.397,14.149,13,13.137,13.397,13.561,13.794,14.149,13.459,12.71,10.833,5.4863,6.3277,7.1474,7.4686,8.0213,7.5239,7.6513,6.8516,5.7804,5.586,4.2366,5.4103,5.1755,5.2811,5.4103,6.5,7.1474,7.4316,8.9179,8.9488,9.0409,8.6666,9.0409,9.6896,9.8731,9.4003,9.0714,8.5544,8.8088,7.0698
15.127,16.82,18.634,18.752,18.796,18.833,18.833,17.66,17.777,17.281,15.978,15.044,15.673,16.32,15.317,15.743,15.805,15.594,16.589,16.413,17.345,17.464,17.893,18.237,17.535,17.862,16.696,14.34,13.456,10.715,9.6588,11.748,12.265,12.783,11.806,11.98,11.665,11.606,12.653,12.653,13.134,13.91,13.629,13.466,13.134,13.007,12.707,12.976,13.291,12.696,12.696,13.291,13.26,13.176,13.134,13.82,14.597,13.66,12.783,11.132,5.8029,5.6827,7.0681,7.5221,7.8805,7.757,8.0194,6.3263,5.9439,5.2537,4.5194,3.8247,3.7149,6.1268,5.409,7.0093,7.8805,8.3068,9.1902,8.5524,8.7439,8.6646,9.3539,9.0692,9.4712,9.1751,9.4712,8.7439,7.898,7.0485
15.293,17.677,18.682,19.07,19.063,18.6,19.15,17.918,17.488,16.835,16.385,15.818,15.365,14.88,14.551,15.175,15.695,16.207,16.519,16.436,17.646,16.785,17.353,17.887,17.417,17.646,16.385,14.973,12.8,11.332,9.8843,11.997,12.203,12.724,12.236,12.146,11.538,11.822,11.822,12.02,12.811,13.184,13.309,12.724,13.194,12.843,12.8,12.993,13.658,12.94,13.309,12.713,12.993,12.505,12.993,13.184,13.929,13.809,12.648,11.538,4.9631,6.5073,6.8593,7.66,6.7372,8.0304,7.384,6.4217,6.1577,5.6661,4.0066,4.1089,4.2087,5.6905,5.9983,6.3349,7.5873,7.66,7.7676,8.4992,8.9898,9.1877,9.1877,8.9435,9.8281,9.0512,9.4842,8.7558,8.2346,6.8593
14.782,17.701,18.55,18.986,19.08,19.08,18.52,18.256,17.448,16.793,15.806,15.271,15.271,15.271,15.558,16.256,15.989,15.307,15.841,16.358,17.369,16.858,17.911,17.192,16.998,17.152,16.4,15.198,12.293,10.662,10.005,11.561,11.692,12.123,12.561,12.157,11.561,11.656,11.774,12.823,12.248,13.005,13.902,13.005,12.293,13.206,12.747,12.681,13.08,14.305,13.822,12.214,12.747,12.293,13.196,13.691,14.051,13.782,12.66,10.804,4.5297,6.7434,6.5979,6.9259,7.9685,8.2421,8.0377,6.3407,5.8872,5.1861,4.0102,4.2453,4.4681,4.8547,4.8547,6.3626,7.5393,8.1746,8.9672,8.4416,8.9672,8.9672,8.9672,8.5719,9.1962,8.7639,9.4929,8.2253,7.7747,6.8656
14.645,17.707,17.979,18.436,18.823,18.683,17.707,18.163,17.979,17.003,16.269,15.846,15.166,15.554,15.357,15.802,15.881,15.925,16.54,16.962,16.74,17.533,18.102,17.604,17.414,17.533,16.532,15.42,12.859,10.587,9.4959,11.552,12.161,12.342,12.011,11.778,11.884,11.395,12.218,12.342,12.653,13.084,12.653,13.786,12.52,12.331,13.2,12.398,13.009,12.913,12.686,12.686,12.686,13.179,13.041,13.736,14.183,13.695,12.686,10.859,4.7113,6.3428,6.408,7.0669,7.4492,7.1644,7.6694,7.4864,6.3209,4.9692,4.2467,3.5335,3.5335,4.8563,4.9692,6.6628,7.9011,8.0575,8.6391,8.4278,8.5747,7.3931,8.5747,8.4443,9.4959,9.1991,8.7191,8.7667,7.9186,6.8678
15.197,17.394,18.709,18.886,19.33,18.433,18.53,17.711,16.868,16.493,15.567,15.343,15.806,15.815,14.186,15.315,15.496,15.197,16.991,16.769,16.893,17.153,17.585,17.944,17.394,17.609,17.007,14.995,13.087,10.862,10.23,11.603,12.743,12.334,12.334,12.037,11.312,11.373,11.698,12.129,12.689,12.743,13.013,12.667,12.129,13.045,12.164,11.84,12.83,12.83,13.297,12.819,13.087,13.172,13.432,13.709,14.176,13.432,12.334,10.655,4.7418,5.8905,7.4881,8.0422,7.9729,7.3384,7.5985,6.8492,5.6989,5.2949,4.1149,4.2477,4.2149,4.9704,4.9704,6.5169,7.1661,8.0595,8.6412,8.4954,9.7149,9.0185,8.5767,8.9722,9.3805,9.0951,8.7688,9.0031,7.5435,6.5169
14.907,17.519,18.408,18.648,19.09,19.002,18.536,17.919,17.336,16.741,15.5,15.82,16.029,15.393,14.841,15.572,15.174,15.174,16.27,16.346,17.448,16.84,18.15,18.626,17.519,17.207,16.996,15.092,13.176,10.381,10.124,11.168,12.018,12.693,11.068,11.607,11.595,10.814,11.643,12.018,12.747,12.866,12.92,13.017,12.866,12.133,13.049,13.186,13.091,12.304,12.572,12.823,12.747,13.333,12.494,12.92,14.24,13.794,12.963,11.08,4.859,6.3463,7.1684,7.601,7.7815,7.3972,7.0709,6.8716,5.8213,4.859,4.7725,4.0138,4.1162,4.7433,5.1907,6.3681,7.1684,7.3407,8.2493,8.692,8.7239,8.692,8.9595,9.5012,9.0674,9.0213,8.975,8.1817,8.3331,6.519
15.07,17.673,18.449,18.629,19.324,19.23,18.351,17.946,17.203,16.894,16.129,15.362,16.06,15.842,15.088,15.497,16.025,15.999,16.274,16.359,17.098,16.545,17.946,18.449,18.13,16.836,17.065,14.649,13.215,10.85,9.6726,11.115,11.604,11.841,12.255,11.508,11.313,11.165,11.313,12.164,12.733,13.172,13.464,12.831,13.34,12.346,12.689,12.301,12.689,13.088,13.267,12.346,12.689,13.088,13.34,13.464,13.911,13.34,12.863,11.177,4.9986,5.8909,6.3447,7.6718,7.4886,7.3199,7.3954,5.8909,5.6749,4.8578,4.248,3.5345,3.7257,4.8578,5.1893,6.8497,7.3388,8.2473,8.06,8.2304,8.9728,8.5773,8.9728,8.9728,8.5773,8.2473,8.9573,8.4468,8.0428,7.3954
14.658,17.526,18.573,19.046,19.242,18.64,18.685,18.392,17.342,16.978,15.353,16.095,15.515,15.728,14.687,15.577,15.371,16.352,16.747,16.513,17.27,17.019,17.462,17.84,17.342,17.549,16.352,15.371,12.752,11.122,9.8068,10.869,11.706,12.308,12.172,12.022,11.611,10.818,12.137,12.022,12.752,12.871,12.532,13.472,12.763,12.664,13.053,12.697,13.18,12.828,12.752,12.532,12.499,13.021,12.741,13.514,13.748,13.718,12.137,11.084,4.9738,5.8945,6.5213,7.9083,7.1709,7.1709,7.0734,6.4355,5.7994,4.8607,3.728,3.8382,4.1177,4.2506,4.3476,6.3704,7.5486,8.2523,8.0303,8.0303,8.336,8.727,8.5011,8.727,8.2523,8.6951,8.9782,7.9258,8.2523,6.8741
15.089,17.831,18.45,18.764,18.808,19.159,18.533,17.713,17.674,17.204,15.817,15.72,15.208,15.569,15.281,16.471,15.498,16.164,16.538,16.738,16.361,17.261,17.674,17.831,18.193,17.204,16.496,15.426,13.089,10.748,9.4996,11.605,12.131,12.347,11.7,11.605,11.605,11.605,12.403,12.256,12.039,13.174,12.436,13.268,12.256,12.961,12.525,12.756,12.658,12.436,13.036,12.961,12.734,13.036,12.864,13.341,13.922,13.7,13.036,11.003,5.2694,5.8914,6.8705,7.0696,7.1672,7.4521,6.8502,6.1451,6.008,4.9711,4.2483,3.6886,4.0131,3.7998,4.8582,7.0696,6.9308,6.8705,7.8335,8.513,8.0261,8.513,8.4967,9.2026,8.2311,9.0964,9.4262,8.958,8.0606,6.8502
15.097,17.406,18.52,18.445,18.513,19.009,18.392,18.543,17.462,16.009,15.799,15.097,14.847,15.106,15.515,15.825,15.353,16.275,16.546,16.173,17.238,17.035,17.454,17.525,17.84,17.84,16.879,15.326,12.752,10.856,9.5045,11.283,12.137,12.137,11.515,11.789,11.895,11.405,12.308,12.308,12.664,13.053,13.222,13.503,13.021,12.828,13.503,13.222,13.053,12.229,13.18,12.925,12.752,12.839,12.968,13.338,14.038,13.191,13.021,11.084,4.9737,6.1709,6.8538,7.3433,6.7103,7.1709,7.0339,6.3485,5.8233,4.7156,4.2177,3.3758,3.5367,5.3766,6.3704,6.606,6.606,7.3433,8.0303,7.6764,8.727,8.336,8.2522,8.5174,8.2522,8.695,8.5824,9.1011,7.5486,6.9344
14.641,17.41,18.136,17.913,18.663,18.258,18.318,17.663,17.506,17.322,16.077,15.416,14.527,15.416,14.979,15.657,15.799,16.12,16.016,16.528,17.218,16.653,17.663,17.506,18.394,17.442,16.86,14.914,12.91,10.225,9.7103,11.633,12.02,12.518,11.657,12.484,11.562,11.171,11.939,12.158,12.562,13.165,12.726,13.457,12.813,13.006,12.518,12.661,12.856,12.683,12.748,12.91,12.484,12.953,12.824,13.913,13.692,13.498,12.748,11.071,4.2457,6.1639,6.4282,6.8662,6.9266,7.0259,6.8662,6.4066,5.958,4.7396,3.372,3.0707,3.7237,5.8878,4.8552,5.8878,7.4846,7.9692,8.226,7.4475,8.3265,7.8287,8.5078,8.2429,8.3265,9.6817,8.7171,8.5727,7.8287,6.0044
14.912,17.294,17.933,18.928,18.301,18.452,18.271,17.406,16.403,16.352,15.728,15.434,15.825,15.675,14.771,15.289,15.325,15.816,16.034,16.095,17.525,16.546,18.179,18.278,17.596,17.525,17.075,15.371,12.762,11.084,10.031,11.283,11.789,12.532,12.871,11.789,11.847,12.022,11.789,12.498,12.675,12.751,13.869,12.871,12.675,12.532,12.532,12.675,12.576,13.275,13.798,12.653,12.353,12.827,13.18,13.275,14.544,13.348,12.741,11.084,4.8606,5.7026,6.1708,7.3997,8.0302,7.1708,7.3997,6.8739,5.4279,5.0015,3.3343,4.1176,4.0151,4.7741,5.7026,6.4137,7.1708,7.4558,8.3359,8.4518,9.0704,8.5009,8.9625,9.101,8.7745,8.978,8.978,8.5823,7.8375,6.9343
15.202,17.541,18.193,18.284,18.284,19.079,18.436,17.254,17.198,16.354,15.634,15.599,15.492,14.982,14.907,15.339,15.357,15.994,16.731,16.657,17.198,16.864,17.533,18.032,17.509,17.254,16.831,15.311,13.031,10.063,9.6119,11.552,12.33,12.52,12.342,12.126,11.6,12.126,12.011,12.816,12.564,13.429,13.168,12.913,13.429,12.431,12.816,12.751,12.685,12.685,13.705,12.685,13.21,13.041,13.168,13.429,14.055,13.996,12.342,10.859,4.8562,6.1427,6.5153,6.8475,7.1643,7.0864,7.5416,6.1652,5.6974,5.2936,3.3727,2.8365,4.2466,5.5992,5.1877,6.8475,8.3283,8.2446,8.177,8.4932,8.4932,8.639,9.0161,9.3188,10.022,10.227,9.0007,9.1989,8.194,7.0274
15.691,17.301,18.258,17.952,18.677,18.64,18.595,17.797,18.113,16.839,16.339,15.918,15.62,14.764,14.969,15.611,15.918,16.432,16.313,16.381,16.864,17.172,17.428,17.867,17.357,17.365,16.632,15.576,13.022,10.982,9.9794,11.643,12.279,12.109,12.324,11.761,12.324,12.109,12.279,12.38,12.99,13.149,13.675,13.191,13.191,12.324,13.409,12.721,12.502,13.149,13.715,13.316,13.065,13.191,13.022,13.715,13.886,13.655,13.012,11.354,5.1801,5.591,6.4202,6.6529,8.0456,7.4753,7.3258,7.1538,5.6891,5.2858,4.0056,3.7927,4.3372,5.2596,5.9969,7.3822,7.4753,7.9592,8.6264,8.4318,8.9568,8.4318,9.3052,9.4819,9.3644,9.5255,9.6553,8.9876,7.4382,6.5903
14.805,16.821,19.039,18.798,19.617,18.576,18.397,17.849,17.466,16.756,15.841,15.675,15.771,14.879,15.046,16.296,15.98,15.806,16.944,16.313,17.402,17.466,17.394,18.352,17.724,17.895,17.106,15.318,13.051,10.971,9.9135,11.571,12.923,12.456,12.367,11.666,11.854,11.807,11.981,11.749,12.977,12.923,12.977,13.395,12.654,13.146,13.395,12.654,13.457,12.881,13.426,12.998,13.426,13.135,12.977,13.302,14.137,13.821,12.977,11.232,4.8441,5.4855,7.2993,7.1464,7.6501,7.8987,7.4675,7.3182,6.499,4.236,4.3327,4.3327,4.5198,4.7287,5.8743,6.8505,8.1566,8.224,8.224,8.8075,9.6596,8.9783,9.3989,9.6881,9.7732,8.9936,10.093,8.3075,8.0373,7.0099
15.457,17.502,18.663,19.044,19.051,18.281,18.803,17.47,17.407,16.702,15.958,15.519,15.564,15.679,15.132,15.626,15.775,15.564,16.924,16.891,17.111,16.826,17.838,18.402,17.565,17.335,17.183,15.457,13.149,11.087,10.325,11.526,12.269,12.711,12.303,12.224,11.984,11.369,12.19,12.269,13.181,13.054,12.884,13.43,12.314,13.149,12.657,12.37,13.17,12.98,13.296,12.711,12.787,13.461,13.181,13.461,14.024,13.875,12.98,11.087,4.8454,6.129,7.3765,7.0118,7.4325,7.7597,8.1588,6.6892,6.3285,4.8454,3.7162,4.4903,4.8454,5.7811,5.4869,6.8524,7.6522,8.0222,9.3128,8.747,9.1784,8.747,9.0725,9.7759,9.0725,9.6479,9.6622,9.3128,8.2094,6.8322
15.263,18.204,18.445,19.026,18.822,18.609,18.646,18.045,17.96,17.095,16.175,15.665,15.505,16.107,15.309,15.263,16.277,15.97,16.286,16.745,17.336,16.712,17.86,18.288,17.612,17.383,17.039,15.236,13.387,11.139,10.343,11.359,11.599,12.525,12.786,12.481,12.481,11.741,12.624,12.525,12.872,13.127,13.743,13.127,13.127,12.915,12.786,13.169,12.689,13.127,13.692,12.99,12.819,13.294,13.127,13.5,14.341,13.692,12.613,11.077,4.5169,6.6418,6.9063,7.6453,7.8762,7.2946,7.9459,7.0642,5.9868,5.1714,3.8226,2.9703,3.9989,5.1714,5.2508,6.826,7.8059,7.9459,8.9418,8.4176,9.3488,9.1701,9.0338,9.682,9.466,9.8653,9.682,8.202,8.1514,7.0642
15.252,17.483,18.64,18.528,18.963,18.971,18.408,17.867,16.838,17.252,15.575,15.787,15.334,15.469,15.042,15.061,15.531,15.97,16.313,16.245,17.348,16.632,17.554,18.528,17.483,17.641,16.507,15.261,13.274,11.157,9.698,11.487,12.645,12.413,12.379,11.378,11.761,12.468,12.502,12.502,12.84,12.721,13.022,13.149,12.808,13.274,12.894,13.064,13.159,12.546,13.805,13.18,12.71,13.149,13.274,13.654,14.113,13.644,12.666,10.843,4.4937,6.3113,7.3256,6.6942,8.4969,7.382,7.1536,7.6579,6.156,4.849,4.2403,4.2076,4.4937,5.2595,5.6646,7.5853,7.1536,8.9874,8.8165,9.1852,9.1852,8.7059,8.9411,9.4816,9.8816,8.4969,9.698,8.5618,7.382,6.8575
15.584,17.807,18.605,18.687,18.827,18.381,17.985,17.892,17.141,16.716,16.143,14.828,15.069,15.324,15.051,15.584,15.179,15.699,16.79,15.979,17.182,17.493,17.69,18.267,17.588,16.914,17.182,15.342,12.641,10.95,10.339,11.493,12.285,12.728,12.115,12,11.826,12.285,12.42,12.149,12.285,13.167,13.417,13.167,12.509,12.997,12.509,12.847,13.25,12.674,13.167,12.285,12.674,13.072,12.728,13.417,13.773,13.652,12.728,11.101,4.8517,6.7392,7.0798,7.0603,7.3674,7.0603,8.3206,7.3674,5.6922,4.8517,4.4653,4.8517,4.7068,5.2624,5.4941,7.0603,8.1695,8.3206,8.5666,9.3695,8.4854,10.109,9.0843,9.3695,10.012,9.3695,9.831,8.3206,7.4422,7.1576
15.351,17.902,19.071,18.63,19.071,18.548,18.094,17.691,16.98,16.758,15.804,16.117,15.196,15.077,14.148,14.892,15.187,15.485,16.039,16.725,16.996,17.247,17.142,17.816,17.502,16.733,16.98,15.305,12.426,10.583,10.128,11.773,12.735,13.036,12.156,12.337,12.156,11.595,12.515,12.724,12.018,12.515,13.73,12.647,12.951,12.482,12.908,13.079,13.174,13.079,12.908,12.735,12.724,13.163,12.559,13.163,13.659,13.424,12.292,10.661,5.2652,6.5127,7.0247,8.037,7.5936,8.0542,7.3147,6.66,6.1628,5.4209,4.2449,4.0099,4.7093,5.6952,5.8867,6.865,7.5386,8.2414,8.6836,8.9509,9.33,9.1953,9.8924,8.9972,9.6656,9.4187,10.491,8.7631,7.3901,6.5973
14.733,17.688,17.959,18.484,18.618,19.124,18.536,17.75,17.805,17.236,15.475,15.403,15.644,15.295,15.644,15.794,15.829,15.907,15.484,16.522,17.491,17.26,17.562,17.805,17.491,17.308,17.26,14.294,13.196,11.162,10.011,12.01,12.272,12.204,12.65,12.113,11.54,11.624,11.999,12.899,12.726,13.154,13.186,13.487,13.165,12.737,13.771,12.551,13.528,12.726,13.311,12.507,12.716,12.507,12.726,13.154,13.487,13.579,12.148,11.1,5.4173,5.5933,6.5929,6.9207,7.5336,7.4412,8.1684,7.1567,5.2088,5.4934,4.5263,4.5263,4.3389,4.9639,6.1362,7.4412,8.0317,8.1684,8.9449,9.4857,8.9449,8.8203,9.4125,8.3195,10.162,9.2043,9.0831,8.6299,8.0489,7.0789
15.92,17.069,18.597,19.469,18.731,18.642,18.373,17.643,17.35,16.247,15.692,15.613,16.136,15.789,15.29,15.336,15.639,15.29,16.433,16.963,17.674,16.717,17.954,18.47,17.635,17.517,17.126,14.653,13.39,10.844,10.008,11.379,12.006,12.144,11.995,11.762,11.257,11.245,11.257,12.201,11.584,13.317,14.309,13.245,12.722,13.013,12.006,12.144,12.47,13.15,13.646,12.646,13.411,12.809,13.182,13.411,14.511,13.927,12.809,10.213,5.2601,6.334,7.0571,7.5313,7.3829,7.5862,8.2333,6.3121,5.2601,5.3642,4.1082,3.7194,3.7931,6.5908,6.334,7.8197,6.8583,8.2165,9.0803,9.6562,9.4827,9.1863,9.4095,9.4827,9.4827,10.008,9.0498,8.4979,7.9599,6.6535
15.275,17.781,19.041,19.62,17.468,19.472,18.983,18.059,17.975,16.889,15.982,16.299,15.348,15.677,14.534,16.017,15.8,15.624,17.349,18.302,16.425,18.082,16.947,17.898,17.874,16.824,17.618,14.946,12.634,10.718,9.9981,10.935,13.428,11.856,12.721,11.573,11.668,11.856,11.283,12.006,12.223,12.699,13.793,12.71,13,12.535,13.137,12.491,12.925,13,13.459,13.304,11.89,12.086,13.397,13.137,14.198,13,13.137,10.833,4.9575,5.9452,6.5844,7.9521,7.1474,7.812,7.9521,7.0502,7.5239,5.4102,3.7894,4.5204,4.2366,5.6597,6.3277,7.9521,7.812,7.3569,9.2969,9.9981,8.9488,9.4734,8.9179,8.9333,10.039,8.4242,9.8731,8.4895,7.8998,6.8314
16.13,17.55,18.724,19.334,18.878,18.65,18.959,17.479,16.957,16.427,15.853,15.687,16.334,16.36,15.33,15.536,15.33,16.018,16.503,16.503,16.802,17.168,18.131,18.523,17.384,17.36,17.676,15.33,13.271,11.055,9.8792,11.616,11.99,12.309,12.642,12.264,11.863,11.544,11.351,12.23,11.99,12.933,13.971,12.707,12.663,12.631,12.275,12.105,12.275,13.187,13.061,12.105,13.468,13.156,13.061,13.681,14.001,13.187,12.718,10.84,5.4897,5.6632,6.8558,7.5835,7.656,8.0435,7.4362,7.3238,5.9952,4.9606,4.0045,2.8316,5.2053,5.1787,5.8788,6.5885,7.1519,8.7038,9.4061,8.8143,9.7808,8.672,9.3619,8.9544,8.9544,9.5953,9.8792,8.7514,7.9048,6.8558
15.858,17.673,18.167,18.884,18.73,18.935,18.596,18.44,17.485,16.864,16.101,15.479,16.058,15.971,15.788,15.997,15.858,16.203,16.608,16.508,16.979,17.23,17.485,18.137,18.16,17.125,16.516,14.849,12.733,10.361,9.4677,11.679,12.503,12.503,12.414,11.244,11.82,11.354,11.536,11.761,13.15,13.275,12.895,14.211,13.15,13.41,12.469,13.15,13.275,12.667,13.023,12.098,12.733,12.895,12.841,13.41,14.153,13.244,12.938,11.058,5.2599,6.4205,6.6533,7.3638,7.531,8.2162,7.9073,6.858,6.1565,4.494,4.494,3.7193,4.0058,5.4915,4.9621,7.0175,7.1542,7.531,8.6268,9.0034,8.6268,8.1655,9.0494,9.1859,9.0494,8.9572,8.9572,9.1859,8.7066,6.3989
15.192,17.452,18.494,18.015,19.026,18.26,18.184,17.977,17.822,17.666,16.829,16.018,15.201,15.633,15.597,15.49,15.597,16.804,15.713,16.361,17.373,16.655,17.058,17.508,18.031,17.196,16.268,14.785,12.955,11.06,9.3773,11.694,12.159,12.125,12.651,11.551,11.599,11.551,12.125,12.75,12.739,13.083,13.262,12.75,13.008,13.541,13.008,12.912,12.43,13.262,13.428,12.159,12.296,12.651,13.083,13.335,14.376,13.199,12.125,11.308,4.7693,5.3711,6.364,6.7449,8.3276,7.9178,7.541,7.0662,5.8885,5.2668,4.3432,3.5331,4.7108,4.7693,6.1647,7.1637,7.5959,7.6686,7.9003,9.0154,9.0614,8.4434,8.9691,8.4434,8.9691,9.1981,9.1981,8.3276,7.9178,6.1421
15.344,17.515,18.291,19.035,18.998,18.532,17.915,18.008,17.204,16.232,15.93,15.842,15.649,14.838,14.996,15.199,16.025,16.06,16.343,16.06,17.46,16.06,17.515,17.547,17.923,17.204,17.163,14.838,13.046,11.002,9.9975,11.508,12.69,12.165,12.755,12.165,12.346,11.592,11.946,12.917,12.569,13.173,13.7,13.215,13.215,12.755,12.402,12.491,12.525,12.525,13.204,12.917,12.69,13.183,13.046,13.71,14.236,13.679,12.831,10.747,4.8579,6.1448,5.2691,7.1668,7.4517,6.4318,6.8701,6.5176,6.0077,4.7714,4.0129,3.0724,4.2153,4.1153,4.5327,6.8499,8.1969,7.4517,8.3312,8.4306,8.5775,9.0193,9.3221,8.9575,9.3221,9.0193,9.0654,8.0257,7.672,6.9305
15.203,16.875,18.635,19.352,19.091,18.635,17.951,18.029,17.16,16.875,15.43,15.394,15.821,15.653,14.88,15.176,15.321,15.671,16.28,16.365,16.973,16.348,17.718,18.387,17.385,17.552,16.642,15.001,13.438,10.355,10.125,11.608,12.964,12.031,12.824,12.019,11.643,12.019,11.786,12.495,12.672,12.495,14.502,12.964,12.305,13.187,12.305,12.168,12.759,12.824,13.5,12.305,12.748,12.528,13.469,13.344,14.162,13.438,12.835,10.75,5.2707,4.8594,6.4337,7.169,7.3413,7.4539,6.8722,5.6767,5.5028,4.9724,3.727,4.2494,4.4724,4.2494,5.8928,6.6042,7.169,8.0454,7.8355,7.8355,9.6758,8.3337,9.4286,9.3397,8.3337,8.5801,8.9757,8.6927,7.8355,7.032
15.331,17.7,17.724,18.576,18.705,18.886,18.384,17.636,17.515,16.922,16.221,15.832,15.248,16.019,14.947,16.23,16.01,16.299,16.72,16.838,17.442,16.669,17.7,18.213,17.047,17.114,17.205,15.136,13.173,11.295,10.489,11.233,12.419,12.385,12.431,12.072,12.258,12.049,12.258,12.824,12.779,12.824,13.322,13.226,12.802,13.097,12.657,12.879,12.533,13.344,13.824,11.966,12.657,12.999,13.481,13.555,14.621,13.844,13.183,11.118,4.5495,5.9532,5.7596,6.7773,8.1104,7.4546,7.1439,6.4997,5.3513,4.9092,3.7273,3.8397,4.5495,4.8218,6.0711,7.0036,7.1637,8.0048,8.4192,8.7818,8.814,9.5252,9.0989,9.5252,9.6435,8.668,9.4355,8.2662,8.2833,7.2424
15.788,17.953,19.001,18.596,19.067,18.5,18.402,18.16,17.254,16.516,15.47,15.181,15.788,16.135,15.29,15.29,15.254,15.254,15.788,16.774,17.389,16.382,17.914,18.259,17.744,17.413,16.508,14.737,12.711,10.533,10.361,12.109,12.667,12.991,11.82,12.313,12.143,11.548,11.994,12.722,12.38,14.005,13.837,13.886,13.15,13.181,12.646,12.503,12.711,12.143,12.268,12.279,13.15,13.837,12.414,14.035,14.586,14.163,13.16,10.831,4.7046,5.9972,7.3826,7.1542,7.0764,7.0569,6.9183,6.3337,5.8807,4.7046,4.3374,3.368,3.8292,5.364,6.4205,6.858,7.8194,7.8898,8.9572,8.4322,8.5625,9.0035,8.6268,9.5984,8.6268,9.8263,9.186,9.3649,8.5625,7.4757
15.685,17.294,17.983,18.409,19.559,18.152,18.825,17.028,17.666,16.832,16.374,15.808,15.463,15.463,15.283,15.632,15.912,16.051,15.685,16.459,17.19,16.799,17.876,17.79,17.673,17.673,17.421,14.889,13.476,10.788,10.329,11.638,11.989,12.092,12.662,12.104,12.274,11.674,12.104,12.985,12.985,13.639,13.92,13.144,13.301,12.705,12.932,12.375,12.408,13.154,13.466,12.889,13.175,13.144,13.186,13.67,14.107,13.311,13.017,10.329,4.9877,5.9945,6.855,7.0144,8.0425,7.4723,7.151,6.6503,5.6869,4.492,3.3251,3.7176,4.8472,5.489,5.5888,6.9152,7.5825,7.9561,8.7503,8.8132,9.1969,9.6944,9.1819,8.8132,9.878,9.9754,9.9199,8.9532,7.8863,6.9152
15.777,17.815,19.07,18.836,18.607,19.027,19.28,17.501,17.27,16.624,15.186,15.707,15.547,15.556,14.751,16.013,15.277,16.448,16.457,16.954,17.052,17.27,18.093,17.885,17.932,17.525,17.214,15.494,13.162,11.169,10.168,11.69,12.734,13.194,11.831,12.325,12.029,11.773,11.499,12.28,12.291,13.587,13.257,13.82,12.658,13.423,13.204,12.155,13.003,12.212,12.745,12.734,13.035,13.689,13.035,13.173,14.457,14.176,12.81,11.156,5.4206,6.6597,7.3897,7.4457,7.8974,7.5382,8.0538,7.8269,6.5124,5.1854,4.7676,4.112,4.4984,4.854,5.6949,7.4457,7.4829,7.9673,9.3146,8.4895,9.3146,8.9659,9.6795,10.017,9.3146,10.223,9.4182,8.9504,8.4403,6.8646
15.401,17.677,18.859,18.947,19.572,18.969,18.593,18.593,16.207,16.786,15.58,16.207,16.207,15.792,15.365,16.52,15.175,16.001,16.343,16.335,16.966,17.137,17.895,18.141,18.08,17.583,17.305,15.482,13.475,10.64,10.051,12.416,12.94,13.195,12.736,11.764,12.327,12.282,12.112,11.681,13.153,13.526,12.844,13.413,12.844,13.413,12.844,12.898,13.278,12.383,12.725,13.015,12.994,14.038,12.416,13.689,14.551,13.309,13.32,11.333,4.9632,5.5925,7.3088,8.1673,7.9613,8.0306,7.7678,6.3351,6.1353,5.811,4.5257,5.2872,4.7056,5.1815,5.811,6.7374,8.0478,7.7678,9.188,8.8191,9.8845,9.3225,9.6579,10.01,8.9592,9.4844,9.4844,8.7085,8.434,6.592
15.595,17.831,18.743,18.581,19.021,19.662,18.743,18.648,17.962,17.201,16.066,15.666,15.789,15.595,15.037,15.613,15.971,16.304,16.755,16.581,17.337,16.489,17.769,18.342,18.342,17.393,16.878,15.019,13.388,10.633,10.423,12.124,12.991,12.647,12.614,12.259,12.614,12.647,12.701,12.526,13.501,13.874,13.285,13.623,13.744,13.653,13.002,13.295,12.82,13.128,13.17,12.97,12.482,14.091,13.285,13.653,14.333,14.266,13.45,11.226,4.4867,5.2775,7.0061,7.5735,8.0157,7.8944,7.7534,7.0453,7.0061,5.6801,4.8414,3.9992,4.954,6.3884,6.1465,6.8468,8.303,7.7534,8.8027,9.171,9.3053,8.9734,9.4669,10.101,9.4669,9.8102,10.196,9.4523,8.4674,7.8944
15.239,17.856,18.071,18.411,18.374,18.826,18.441,18.109,17.615,17.339,16.491,16.179,14.938,15.148,15.588,15.374,15.877,15.973,16.608,16.179,16.756,17.107,16.912,17.386,17.323,17.082,16.179,15.293,12.648,10.712,9.9922,11.987,12.09,12.615,12.821,12.483,11.802,11.976,12.527,13.502,12.821,13.502,13.875,13.634,14.189,13.389,13.129,12.992,12.527,13.502,14.141,12.992,12.45,12.626,12.971,13.296,13.745,14.013,12.483,10.827,5.1724,6.324,7.1432,7.1432,7.8776,7.9993,7.5742,7.3712,6.8475,5.8717,4.4563,4.2341,5.2518,5.483,5.8717,7.4642,8.4682,8.7407,8.8036,9.6553,9.8672,9.8111,9.3946,9.3062,9.0355,9.9784,9.1868,8.9742,8.5493,7.3149
13.727,14.813,16.586,16.768,16.725,16.152,16.472,15.697,14.784,14.336,14.163,13.727,14.009,14.091,13.492,13.842,13.895,13.631,14.487,14.547,15.247,15.114,15.614,16.233,15.399,15.162,15.162,13.33,12.147,9.5253,8.8305,10.578,11.623,11.447,11.319,11.047,11.306,10.687,10.889,10.902,11.242,12.039,12.301,11.808,11.047,11.358,11.203,10.981,11.56,10.605,11.598,10.835,11.623,12.395,11.358,11.203,12.798,11.759,11.857,9.7062,4.1004,5.4109,6.1387,6.2788,7.4797,6.4832,6.7462,6.5056,5.4907,5.0793,4.1004,3.6117,3.4475,5.9469,5.1077,6.572,7.0816,7.0199,8.3583,8.2184,7.8393,7.765,8.236,8.5129,7.6142,7.9494,8.9122,7.1832,7.6142,6.1387
15.551,17.627,18.666,18.96,18.696,18.521,18.628,17.962,17.795,16.643,15.973,16.29,15.228,15.247,15.669,15.973,16.402,15.973,17.245,16.719,17.245,17.441,17.563,18.111,18.825,17.171,17.146,15.247,12.79,11.689,10.338,11.677,12.292,12.476,13.172,12.384,12.464,12.384,12.292,12.878,13.311,13.606,14.207,12.878,13.48,13.311,12.955,12.701,12.532,13.575,13.47,12.878,13.15,12.622,13.47,13.884,13.884,14.057,12.867,10.781,4.7623,6.0708,6.9217,7.242,7.9153,7.9153,8.0044,7.242,7.242,5.7346,4.2927,4.5179,4.8215,5.023,5.6599,6.3893,8.1274,8.2657,8.5854,8.9253,9.2987,9.2987,8.6019,9.0515,9.5987,9.0672,9.0672,9.0515,8.1274,6.9422
14.815,18.103,17.895,17.864,18.66,17.895,18.976,17.895,17.489,17.393,15.366,15.482,15.339,15.473,15.293,15.625,16.343,15.783,16.612,16.061,16.983,16.967,17.996,18.406,17.489,17.857,17.129,15.148,13.153,10.846,10.01,11.997,12.237,12.505,12.417,12.203,11.381,11.49,12.472,12.714,12.649,12.994,13.413,13.153,13.31,12.472,12.994,12.812,12.112,13.247,13.77,12.627,12.327,12.282,13.278,13.84,14.156,13.247,12.714,11.098,4.5258,5.9986,6.8394,6.8596,8.3185,8.2181,8.4342,7.5327,6.8394,4.7057,4.0067,3.7202,4.9911,5.1816,6.3352,6.9199,7.4403,7.9092,8.1843,8.9593,8.9593,8.4342,8.7562,8.5644,9.701,9.4846,9.701,8.6768,7.6603,7.0192
15.889,17.9,18.357,18.817,18.424,18.64,19.181,17.667,16.965,16.768,16.318,15.599,16.503,15.159,15.05,15.775,15.304,16.233,16.965,16.694,16.965,16.768,17.335,18.714,17.869,17.784,16.702,14.753,12.83,10.524,9.7758,12.19,12.701,13.264,12.133,11.892,12.133,11.526,12.099,12.403,12.787,12.83,13.306,13.563,12.536,12.787,12.722,12.657,13.012,12.088,13.012,12.624,13.399,13.181,12.657,13.705,14.725,13.875,13.233,11.526,4.8454,5.3596,6.1514,7.4695,7.7597,8.4252,7.7597,7.3012,5.8049,5.2027,4.3338,4.2371,3.7898,6.3285,6.1289,6.6478,8.6994,8.6676,9.4745,8.5554,9.298,8.9498,8.5554,9.4745,8.5554,8.4743,9.4014,8.9344,7.9008,7.051
15.276,17.469,18.816,20.286,19.323,18.58,18.28,17.406,16.46,16.223,15.527,15.957,16.767,15.385,14.808,15.131,15.131,15.519,16.825,15.766,17.54,17.239,18.461,19.452,17.334,17.398,17.666,15.276,13.562,10.563,10.365,11.609,13.138,13.138,12.223,11.81,11.995,11.345,11.984,11.574,11.891,13.149,13.562,13.001,11.751,13.054,12.087,12.313,12.787,12.926,13.18,12.492,13.704,13.511,13.138,13.398,15.058,13.874,13.232,10.834,4.7297,5.4106,7.3008,7.7593,7.9526,8.3093,7.4691,7.3574,5.9919,5.7808,3.716,4.3336,5.2815,4.8451,5.1758,7.5244,6.5848,7.6518,8.4901,8.3093,9.6474,9.1779,8.7465,9.072,9.0415,9.3123,10.15,9.1929,8.4248,7.3197
15.171,17.421,18.409,19.404,19.146,18.796,19.124,17.743,17.365,16.516,15.902,15.823,15.788,15.469,15.335,15.997,15.788,15.621,16.839,16.741,17.365,16.741,17.389,17.991,17.349,17.484,16.938,14.877,12.808,11.158,9.6556,11.548,12.109,12.546,12.313,12.017,11.643,11.761,11.994,12.841,12.38,13.149,13.766,13.574,13.523,12.722,12.808,12.017,12.711,13.149,13.896,12.502,12.546,12.894,12.841,13.523,14.652,13.886,13.191,11.256,4.7045,5.3639,6.3117,6.8377,8.1823,8.4974,7.9595,7.4755,6.6531,5.4153,4.8493,3.7192,4.4939,4.2406,5.9507,6.8579,7.4755,7.9071,8.1823,8.432,8.3164,8.5623,8.3164,8.5623,8.4811,8.817,9.4822,8.216,8.4811,7.154
15.398,17.891,18.099,18.942,19.468,18.774,18.409,18.076,17.365,16.905,15.638,15.262,15.779,15.823,15.335,15.997,15.262,16.1,16.516,16.339,17.634,16.938,17.301,18.349,17.743,17.516,16.905,15.071,12.722,11.548,10.213,11.82,12.414,12.623,12.279,12.109,11.902,12.2,12.414,12.808,12.711,12.991,13.523,13.275,11.994,12.469,12.502,12.143,12.268,13.244,13.023,12.634,12.841,13.41,12.991,13.655,14.624,13.686,13.275,11.058,4.7045,5.5912,5.9971,7.6583,8.0459,8.6267,7.6583,6.8377,6.5905,5.4914,4.7045,4.2406,4.7629,5.4153,5.9508,5.7858,7.0763,7.3824,8.1823,8.9571,8.216,7.9595,8.3164,8.1654,8.754,9.1858,9.7837,8.9571,8.2328,6.8579
14.967,17.481,18.638,18.793,18.829,18.961,18.998,18.414,17.865,16.837,15.251,15.777,15.689,15.332,15.689,15.609,16.089,15.467,16.605,17.25,17.481,17.25,17.552,17.678,17.973,16.976,17.122,14.958,12.141,10.211,9.6969,11.156,11.992,12.311,12.107,12.277,11.546,11.992,12.004,12.311,12.988,13.673,13.48,13.643,13.189,13.469,12.795,12.988,13.147,12.467,12.5,12.5,12.709,13.147,12.935,13.48,14.306,14.209,12.795,11.255,4.8485,5.6884,7.1529,7.4372,7.7647,8.2146,7.8883,6.5894,5.8796,5.4904,4.1073,4.2399,4.2399,6.5894,5.9498,6.3977,7.8883,7.3248,9.1993,8.8155,8.4797,8.0446,8.315,8.6732,8.0273,9.6683,9.1843,8.9556,8.5608,6.7347
13.471,15.174,16.021,16.246,16.291,16.6,16.174,15.552,15.251,14.708,13.738,13.482,13.471,13.21,13.643,13.341,13.482,13.801,14.796,13.979,14.826,14.943,15.212,15.43,15.515,14.796,14.559,13.155,11.109,9.594,9.2079,9.9359,11.056,10.295,11.109,10.831,9.9359,10.252,10.777,11.109,10.844,11.329,11.928,11.367,11.632,11.096,11.109,10.737,11.213,11.329,11.818,10.831,10.911,11.418,11.329,11.928,12.568,12.499,11.456,9.9359,4.4435,4.3444,5.3885,6.3071,7.0258,6.9007,6.6652,6.0245,5.3885,5.112,3.6147,3.142,3.2777,4.3444,5.3343,5.9518,6.8584,7.0258,8.0828,7.0875,7.3292,7.1892,8.2075,7.7152,8.2075,8.0106,8.52,7.5631,7.2495,6.6652
14.853,17.919,18.164,18.376,18.823,18.778,18.414,17.957,17.919,16.966,16.207,15.065,15.792,15.473,15.266,16.001,15.792,16.035,16.385,16.844,17.489,17.177,17.433,17.857,17.433,17.685,16.942,14.768,12.55,10.535,9.9821,11.928,12.801,12.237,12.237,12.146,12.02,11.333,12.316,12.472,13.526,13.278,13.015,13.89,13.153,13.184,12.994,12.812,13.184,11.997,12.55,12.898,13.068,13.163,13.026,13.195,14.166,14.117,12.801,11.538,4.5257,5.6663,6.8596,7.0191,6.8596,7.5876,7.3655,5.9985,5.9985,5.1815,3.8301,4.109,3.8301,5.882,5.2082,6.4003,7.8916,7.9091,8.1843,8.9593,8.1843,7.8916,8.1843,8.9593,8.5644,9.4845,9.2031,9.4113,8.4832,8.0134
14.814,17.862,17.676,18.658,19.292,18.614,18.412,17.518,18.162,17.07,15.579,15.174,15.064,15.045,15.579,15.614,16.094,15.904,16.443,16.205,17.038,17.518,17.893,17.994,17.487,17.487,16.384,14.55,12.504,10.481,9.9811,12.281,12.415,12.81,12.647,12.111,11.763,12.111,12.281,12.992,12.799,12.734,13.412,12.548,12.548,13.014,12.992,12.382,12.269,13.412,13.277,12.896,12.842,12.382,13.718,13.308,14.31,14.155,12.504,11.159,4.3379,5.9979,5.9979,6.8588,8.1665,7.5319,7.8907,7.0577,6.1572,4.9627,4.2411,3.8297,5.2605,5.2605,6.1572,7.327,8.234,8.5635,8.6278,8.4168,8.5635,8.4332,8.5635,9.0045,9.2021,9.6713,10.335,9.3068,8.6758,7.4766
14.949,17.289,18.642,18.515,18.664,18.456,17.878,18.1,16.982,16.496,15.75,15.305,16.046,14.949,14.875,14.959,16.011,15.529,16.794,16.695,16.966,17.16,17.978,18.358,17.629,17.023,17.503,14.66,13.002,10.975,10.326,11.634,12.658,12.712,12.831,12.371,12.537,12.191,12.315,12.1,12.636,13.706,13.876,13.307,12.885,12.831,12.134,12.27,12.625,12.831,13.513,12.981,12.636,13.4,12.981,14.103,14.949,14.123,13.002,11.174,4.4906,5.2559,6.329,7.1488,7.377,8.0228,7.7603,7.5253,5.9464,4.7303,4.8457,4.3341,4.7594,5.2559,6.3507,7.3206,6.8327,8.0056,8.4912,9.179,9.6629,8.7001,8.7001,9.875,8.8105,10.11,10.564,9.2986,9.179,7.47
14.904,17.691,18.016,18.74,18.806,18.806,18.606,17.753,17.683,16.914,15.7,15.928,15.7,15.406,15.832,15.91,16.34,15.797,16.34,16.972,17.644,17.423,17.901,17.644,17.263,16.914,16.717,15.478,13.251,11.189,10.109,12.024,12.641,12.331,12.652,12.024,12.32,12.241,12.815,12.998,12.652,13.188,13.663,13.188,13.199,13.072,12.729,12.74,12.729,13.282,13.417,12.848,12.902,12.848,13.417,13.814,14.297,13.653,13.157,11.336,4.4964,5.8128,6.4023,6.8415,8.2206,8.5021,7.4425,6.4239,6.6568,6.3589,4.8519,4.1103,4.9926,6.1373,6.4239,7.4425,8.7588,8.9929,9.4141,8.7113,8.9929,8.9465,8.8218,8.7588,9.5311,9.7039,9.6035,9.6753,8.6314,7.8235
15.453,17.662,18.576,18.951,19.269,18.658,18.988,18.576,17.283,16.764,15.675,15.453,15.797,15.98,15.046,15.622,15.771,16.186,16.322,16.364,18.299,17.987,18.299,18.658,17.211,17.872,17.211,14.879,13.292,10.781,10.202,12.004,12.784,13.375,12.708,11.981,12.13,12.266,12.084,12.719,12.881,13.426,13.641,12.923,12.632,13.146,12.311,12.784,12.977,13.292,13.871,12.923,13.641,13.701,14.02,13.881,15.318,14.655,13.375,11.475,4.236,6.3919,6.8505,6.5834,8.2072,7.5228,7.5228,7.0492,6.8505,5.5852,4.7578,4.6994,5.2541,5.3582,5.9906,7.2993,7.6501,8.472,9.3103,9.3989,9.1759,9.191,8.5531,9.0395,9.8155,9.191,9.8716,9.5156,8.5531,7.1464
15.273,17.933,19.103,19.44,19.125,19.276,19.046,17.623,16.821,16.448,15.954,15.98,15.954,15.745,14.861,15.771,15.237,15.762,16.722,16.813,17.848,17.465,18.709,19.497,17.394,17.489,18.397,15.045,13.135,11.046,9.9965,11.993,12.708,13.177,12.719,11.748,12.4,11.748,11.666,12.187,12.719,12.653,14.532,13.177,12.456,13.292,12.004,13.177,12.977,13.395,13.661,12.697,13.292,13.63,13.467,14.147,14.721,13.671,13.167,11.034,4.5197,5.9443,6.8505,7.65,7.8986,8.4719,8.2239,7.3744,7.1463,5.4854,4.4582,4.2032,5.2541,5.8742,6.3267,6.3267,7.8811,8.553,8.4229,9.4719,8.6652,8.9319,9.688,9.4719,8.9319,9.3102,9.9133,10.038,9.3987,7.3744
15.229,16.925,17.914,18.959,19.298,18.959,18.615,17.603,17.635,17.446,15.962,15.78,15.328,16.057,14.844,15.997,15.754,15.962,16.868,16.803,17.517,17.327,17.603,19.104,17.875,17.136,16.942,14.779,12.994,10.82,10.027,11.98,12.519,12.77,12.994,12.083,12.297,12.173,12.813,12.78,12.683,12.909,13.625,12.694,12.77,13.152,12.618,12.475,12.694,13.288,13.856,12.694,12.618,13.131,13.442,13.686,14.478,14.004,12.962,11.133,4.2313,5.579,6.7211,7.0021,7.5144,7.8022,7.6417,7.8022,7.2912,6.143,4.2313,4.2313,5.2483,5.6526,5.6769,6.843,7.8022,8.9376,8.9376,9.4615,9.2852,8.4627,8.9376,8.9837,9.6774,9.447,9.6774,8.9683,8.1476,8.1476
14.923,17.451,19.537,19.36,18.464,18.62,18.079,17.826,16.75,16.3,15.582,15.287,16.434,14.941,14.737,15.609,15.233,15.966,16.799,16.35,17.849,17.451,17.88,18.494,17.6,16.946,17.482,14.52,12.621,10.314,10.084,12.478,13.291,13.384,12.87,11.983,11.971,11.797,11.844,12.086,12.773,13.548,13.81,13.78,12.621,13.156,12.784,12.687,13.86,12.784,12.913,12.621,12.966,13.629,13.156,13.456,14.643,14.52,13.291,11.161,4.6955,5.3537,6.8448,7.7511,8.1667,7.9962,8.0306,7.4242,6.905,5.8694,4.2325,4.516,4.4854,6.1447,6.3215,7.3496,7.4242,8.4649,9.7651,8.546,8.3006,8.1498,9.1833,9.8073,9.1683,8.9246,10.193,9.6515,8.8002,7.8043
15.077,17.526,18.962,18.117,19.028,18.608,17.994,17.699,17.012,16.725,16.22,15.918,15.305,15.637,14.864,15.839,15.918,15.935,16.791,16.857,17.502,16.849,17.534,18.428,17.191,17.247,17.502,15.628,12.68,10.842,10.169,12.121,13.174,13.163,12.908,11.832,12.292,11.595,12.121,13.079,13.258,13.73,13.163,13.424,13.036,13.163,12.426,13.025,13.659,12.247,12.658,12.281,12.735,13.079,13.174,13.821,14.049,14.128,13.195,11.107,4.1123,5.1856,6.865,7.0247,7.0836,7.8273,8.3251,7.8978,7.3901,5.9569,4.8543,4.7094,4.5293,5.7918,6.0033,6.865,8.0542,9.2104,8.6836,8.7631,9.0892,9.0586,9.0126,9.68,9.492,9.7086,10.128,8.7155,8.7631,7.5387
15.417,16.959,17.664,18.553,19.025,18.702,18.702,18.16,18.137,17.656,16.017,15.991,14.905,15.498,15.354,15.489,16.529,16.155,16.017,16.654,17.195,17,17.53,17.578,17.89,17.507,16.737,14.326,12.738,10.533,10.585,12.124,12.021,12.814,13.039,12.683,12.295,12.113,12.661,12.65,13.082,13.261,12.749,13.334,13.166,12.857,12.911,12.857,13.208,13.039,12.65,12.295,12.683,12.749,13.177,13.406,14.375,14.131,12.857,11.55,4.246,5.2135,5.8881,7.5404,8.0561,7.8997,8.327,7.6681,7.0853,5.7931,4.8554,5.4222,4.9962,4.9684,6.1642,7.0657,8.8282,8.7651,9.1975,8.9685,9.538,8.5732,9.0147,8.6376,9.4943,9.6823,9.6104,9.4943,8.5732,7.1632
14.946,17.551,18.131,19.029,18.825,18.766,18.559,18.267,16.911,16.212,15.946,15.147,16.356,15.596,15.516,15.445,16.313,15.373,16.406,16.813,17.839,17.401,17.886,17.886,18.229,16.935,17.146,15.047,12.603,10.813,10.317,11.906,12.777,12.702,12.788,11.998,11.975,12.09,12.181,12.26,12.702,13.129,12.991,13.623,13.002,13.139,12.712,12.991,12.449,12.215,12.483,12.82,12.702,13.368,13.139,13.744,14.266,13.694,13.16,11.66,4.8416,5.4067,7.1427,7.4267,8.9429,8.2198,8.0332,7.4267,6.8269,5.9876,4.7554,4.5175,4.456,5.2515,6.1467,7.1427,8.0332,8.4677,9.1713,9.0349,8.989,8.203,9.5108,8.912,9.4672,9.0349,10.033,9.6404,8.4677,8.3033
15.072,17.916,19.292,19.313,18.531,18.974,18.966,18.321,17.486,16.102,15.816,15.622,15.79,16.383,14.358,16.332,15.336,15.578,16.635,17.037,17.367,17.862,18.237,18.798,17.893,17.231,16.833,14.616,12.723,10.118,10.521,11.62,12.712,13.442,12.723,11.926,11.68,11.68,12.381,13.182,12.314,13.193,14.164,12.992,13.024,13.193,12.325,11.762,12.992,13.151,13.182,12.81,13.483,12.939,13.483,13.483,14.444,14.203,12.992,10.534,4.241,6.3994,7.5316,7.82,8.0295,7.8905,8.6275,7.3268,6.5066,6.8586,4.705,4.0061,4.8498,5.9977,5.9977,7.4763,8.0467,8.0295,9.4832,10.118,9.1867,8.7074,8.4983,8.9425,9.1867,8.9888,10.214,9.5268,8.2337,7.3644
15.039,17.876,19.105,18.689,18.924,19.083,18.756,18.616,17.845,16.942,16.023,15.789,15.499,16.296,15.302,16.066,15.963,15.436,16.168,17.192,17.096,17.376,18.549,18.332,17.876,17.518,17.16,15.329,12.476,10.392,9.7628,12.174,12.781,12.705,12.083,11.968,11.134,11.559,12.253,12.387,12.694,13.975,12.867,13.545,12.984,13.247,12.77,12.52,12.867,12.813,12.867,12.813,12.77,12.813,13.215,13.737,14.326,14.132,13.037,11.618,4.2315,5.7972,6.8231,8.0115,7.5695,8.6561,7.5147,6.4066,6.32,5.868,4.2315,4.0992,4.328,6.1432,6.32,6.32,7.4595,8.6561,8.9687,8.9687,9.4619,8.9225,8.6561,9.1812,9.0603,9.6493,9.1661,8.9687,8.544,7.5147
15.318,17.56,18.657,18.834,19.29,18.863,19.125,17.933,17.848,16.887,16.083,16.074,15.595,15.453,15.273,15.604,15.771,15.98,16.887,17.154,17.41,17.106,17.895,18.208,17.465,17.402,16.448,15.318,12.977,10.521,10.469,12.311,12.266,12.697,12.923,11.981,11.748,11.807,11.807,12.221,12.998,12.977,12.88,13.135,12.88,12.923,12.794,12.489,12.923,13.135,12.533,12.784,12.719,13.701,12.653,13.751,14.598,13.871,12.653,11.523,4.1035,5.254,6.4989,6.9106,8.0199,7.5775,7.3556,6.8504,6.6459,5.4854,4.844,3.3642,4.489,5.6588,5.5851,6.3918,8.1734,8.9473,7.8107,8.9473,8.5529,8.9319,8.9164,8.9319,8.9473,8.9935,9.3987,9.1758,8.9935,7.318
15.258,17.354,18.646,17.997,18.97,18.617,18.941,17.858,17.37,17.178,16.521,15.617,14.656,15.474,15.366,15.581,15.793,16.14,16.513,16.713,17.749,17.073,17.13,17.513,18.142,16.721,16.062,14.769,12.55,10.575,10.443,11.998,12.506,12.845,12.638,11.928,11.765,11.551,11.823,12.812,13.279,12.801,13.476,13.153,12.812,13.445,12.384,12.671,13.195,12.736,13.527,12.941,13.195,12.506,13.445,13.527,14.59,14.118,12.725,11.333,4.0069,4.7643,6.6551,6.4223,6.5924,7.3846,6.4223,6.6551,6.1582,5.1818,4.1092,3.3276,4.2418,5.2613,6.5924,7.0588,8.0138,8.5,8.9906,8.9906,8.7091,8.3189,8.4837,9.1885,9.485,9.1885,9.1885,9.1885,8.4837,7.3282
14.579,17.665,18.765,19.057,18.669,18.431,18.219,17.421,17.245,17.028,15.462,15.912,16.508,15.328,15.064,15.31,15.781,15.174,16.238,16.323,17.221,17.117,17.983,18.408,17.665,17.293,16.708,14.617,12.228,10.94,9.6654,11.989,12.888,12.705,12.463,12.374,11.814,12.374,12.103,12.496,12.541,12.888,13.709,13.404,13.31,12.835,12.888,12.408,12.716,13.016,13.185,13.059,13.185,13.8,13.185,13.568,14.842,13.919,13.465,11.152,4.461,4.9875,5.8779,6.8547,7.5273,7.472,7.5273,7.3226,6.131,4.7607,4.1061,2.974,4.2386,4.847,5.4127,6.65,7.1507,8.7499,8.9991,9.3604,8.9991,8.5583,8.4281,9.3011,8.9529,10.208,9.8776,9.5937,9.3604,7.9035
14.927,16.812,19.115,18.58,19.961,18.787,18.046,17.652,17.145,15.997,15.265,15.265,14.945,16.481,16.688,14.486,16.447,16.338,15.551,16.005,16.581,15.019,16.287,20.065,16.951,17.769,16.91,14.741,12.69,10.62,10.397,11.847,13.501,12.712,13.138,11.659,12.123,12.304,11.6,11.517,12.614,14.129,14.217,13.001,11.311,14.139,12.482,12.36,13.873,13.501,13.253,13.501,14.713,12.18,14.285,14.012,14.945,13.982,13.222,10.927,3.8229,4.726,7.6458,6.8265,8.0155,8.8025,7.5185,6.7248,5.9872,4.1013,2.3484,4.5172,5.2512,4.7551,5.2512,5.6557,9.7677,6.3232,10.502,9.5825,10.032,9.4667,8.5483,10.555,8.7397,9.1708,10.344,10.826,8.4672,7.8767
14.878,17.613,18.656,18.589,18.751,18.796,17.954,17.87,18.092,16.975,16.004,15.316,15.62,15.769,14.859,15.025,15.558,16.038,16.696,16.038,17.329,17.209,17.621,17.97,17.345,17.048,16.696,14.859,12.399,11.082,10.092,11.806,12.707,12.63,12.782,12.532,11.747,12.309,12.185,13.007,13.144,13.007,13.228,13.394,12.454,13.134,13.165,12.365,12.532,13.228,13.75,12.619,12.652,12.619,13.75,14.194,14.719,14.454,12.782,11.316,4.001,5.2797,6.3912,6.6452,7.0679,7.8099,8.1556,6.6866,5.8027,5.5846,3.1956,4.2355,4.9562,5.2797,6.1491,6.6452,8.0191,8.1556,9.0385,9.5145,10.092,8.471,9.687,8.9464,10.037,9.4563,10.362,10.348,8.471,8.3065
14.868,17.343,17.399,18.091,19.373,18.977,18.416,18.205,17.343,17.103,16.319,16.411,16.072,15.768,15.024,15.795,15.977,16.293,16.753,16.361,17.232,16.884,17.151,17.861,17.151,17.462,16.786,14.932,12.782,10.506,10.2,11.605,12.706,12.453,12.487,11.805,11.979,11.991,12.297,12.792,13.164,13.29,12.974,13.393,12.825,13.133,12.921,12.487,12.792,12.531,13.393,12.825,12.651,13.393,13.143,14.193,14.53,14.145,12.717,11.521,4.2353,5.2794,6.6448,6.3257,7.3168,8.4215,7.0674,6.6448,6.1487,5.1738,4.6986,4.2353,4.4883,4.9558,6.3908,7.1451,8.4051,8.6159,9.4703,8.915,8.9304,9.6579,9.4703,9.2938,9.4703,10.506,9.8138,9.4703,8.9459,7.5214
15.224,17.316,18.971,18.619,18.928,18.796,18.493,17.639,17.608,16.4,15.827,15.966,16.409,15.142,15.142,15.827,15.591,15.749,16.4,16.35,17.332,17.003,17.764,19.015,17.833,16.929,16.675,14.086,13.166,10.565,10.42,12.12,12.987,12.643,12.086,11.879,12.12,11.971,12.356,12.21,12.966,13.166,13.155,13.78,12.816,12.87,12.445,12.686,12.621,12.816,13.218,12.997,13.135,13.78,13.166,13.74,15.26,14.135,13.619,11.656,3.8218,5.2496,6.3864,6.8447,7.5711,7.9441,7.293,7.0431,6.6403,5.2496,4.4853,3.8218,4.6954,5.654,6.8447,7.0626,7.8919,8.9398,8.9859,9.2875,9.4493,9.2875,9.4639,9.6798,10.029,9.6798,10.617,8.9243,8.4647,7.5711
14.812,17.903,18.667,19.513,18.667,18.96,18.406,18.718,17.545,16.829,15.909,15.353,16.304,15.244,15.326,15.629,15.532,16.125,16.706,17.291,17.403,17.67,17.965,18.391,18.149,17.114,16.464,15.308,13.057,10.721,10.368,12.102,12.462,12.93,12.79,12.406,12.272,11.672,11.86,12.714,12.495,12.93,13.798,12.93,13.015,13.677,12.66,12.627,12.725,13.828,13.798,12.79,13.267,12.887,13.997,13.758,14.539,14.803,13.142,10.976,4.238,5.3607,5.8771,7.0721,7.5264,7.9025,7.5812,7.3217,6.395,5.2566,4.0033,3.8269,4.4604,5.8771,5.9935,7.3028,8.3115,8.4924,9.8763,10.152,9.4034,9.6928,9.6499,9.1803,9.9182,9.4766,9.7779,9.4766,9.0744,7.3217
15.238,17.653,18.373,18.971,18.971,19.166,18.971,18.5,17.963,17.362,15.596,15.754,16.178,16.109,15.833,15.614,15.789,15.667,16.313,16.607,17.606,16.911,18.108,18.567,17.528,17.84,17.528,15.038,13.553,10.813,10.101,11.987,12.527,12.702,12.625,12.604,11.975,12.26,12.527,12.483,12.483,13.389,13.502,13.129,13.129,12.449,12.97,12.124,12.97,12.777,13.744,13.139,13.129,13.296,13.694,13.815,14.928,14.189,13.624,11.028,3.9994,5.5824,6.7252,6.6427,7.947,7.8772,8.3033,7.3145,7.1428,5.656,4.4869,4.456,4.982,4.982,5.9876,7.8947,8.6131,8.943,9.6833,9.5109,9.4673,9.5109,9.6405,9.1713,10.088,10.033,10.775,9.9917,9.3942,7.3521
15.881,17.929,18.83,18.505,19.464,19.371,18.976,18.808,16.817,17.045,15.976,15.671,16.318,15.671,15.124,15.52,15.52,15.314,16.694,16.784,17.15,16.784,18.143,18.793,17.618,17.461,17.206,14.95,13.371,10.968,10.829,11.663,13.174,12.974,12.184,11.909,12.093,11.978,12.263,12.53,12.486,14.144,13.788,13.627,13.371,13.226,12.263,13.143,13.005,12.705,12.824,12.877,13.258,13.637,13.556,13.818,14.857,13.908,13.464,11.229,4.3316,5.7781,6.6443,8.0181,7.7557,7.3727,7.7557,6.8287,6.3252,5.2528,4.3316,3.3222,4.4572,6.3903,6.6443,7.2974,8.695,8.4862,9.8691,9.4697,10.36,9.308,9.6429,9.8131,9.4697,10.035,10.09,9.6572,9.1737,7.5209
15.27,17.868,19.035,19.55,18.918,18.706,18.984,17.868,17.391,17.111,16.686,16.114,16.487,15.297,14.941,14.932,15.459,16.318,16.587,15.592,17.111,17.175,17.868,18.75,17.891,17.619,16.785,14.858,13.133,11.168,10.361,12.082,12.453,12.705,12.705,12.629,12.093,11.909,12.093,12.629,12.651,12.651,14.271,12.824,13.506,12.974,12.878,12.53,12.995,13.628,13.393,13.133,12.878,13.133,13.749,13.372,15.042,14.29,13.006,10.829,4.7277,5.3571,6.1485,7.466,8.7428,8.0356,7.8092,7.466,6.8491,6.3255,4.2024,4.1028,5.4083,5.6577,6.3255,7.373,8.2055,9.5859,9.6433,9.6576,9.967,9.1891,9.6861,10.2,9.4701,9.6576,10.637,9.6861,9.2936,8.1549
15.341,17.204,18.417,18.447,18.243,18.972,18.596,18.379,17.983,16.945,16.029,16.029,15.296,15.83,15.786,16.098,15.908,15.83,16.514,16.985,17.649,17.356,17.688,17.563,18.619,16.912,16.714,14.892,12.672,10.949,10.122,12.507,13.07,13.165,12.552,12.385,12.419,11.766,12.329,13.197,13.028,13.165,13.028,13.249,13.487,13.186,13.017,13.155,12.672,13.812,13.165,12.651,12.64,12.672,13.197,13.772,13.842,14.119,12.273,10.835,4.4958,5.4175,5.9532,6.8405,7.4415,8.2362,7.5888,6.8607,6.7385,5.812,4.4649,4.7064,4.3391,5.2619,5.9995,7.5339,8.5658,9.0529,9.0835,9.7877,9.007,10.108,9.5297,9.7025,9.4861,9.3093,9.0835,9.1895,8.3198,7.5339
15.328,17.413,18.846,19.043,18.963,18.431,18.603,17.883,17.117,16.898,16.093,15.57,15.755,15.755,15.328,15.463,15.31,15.755,16.016,16.467,17.5,16.708,18.521,18.766,17.875,17.673,17.342,14.503,13.404,10.436,10.633,11.756,13.269,12.662,13.383,12.104,12.104,11.861,12,12.716,13.006,12.985,13.71,13.383,12.705,13.144,12.541,12.138,11.919,12.792,13.435,13.476,13.476,12.932,13.649,13.89,14.465,13.8,13.059,11.531,4.3354,5.5888,6.4176,7.0143,8.1618,7.8862,8.6708,7.7626,7.0536,5.4129,4.8471,4.1062,5.6625,5.878,5.878,7.0143,8.0252,8.8131,9.6514,9.1818,9.8779,9.6657,9.9753,9.6514,10.839,10.369,10.646,9.3163,8.9531,7.5275
14.774,16.792,17.894,19.064,19.013,18.689,18.541,18.383,18.148,17.36,15.912,16.007,15.299,15.263,15.344,15.772,16.145,16.067,16.213,15.912,17.755,17.079,17.871,17.653,18.383,17.495,16.751,14.452,12.653,10.85,10.014,12.275,12.73,12.675,12.653,12.116,11.543,12.116,12.332,12.287,12.999,13.158,13.449,13.49,13.252,12.287,13.2,12.741,12.903,12.554,13.02,12.945,12.999,13.49,13.2,13.895,14.171,14.161,12.903,10.85,3.7952,4.8523,5.5947,7.0218,7.4431,8.7595,7.8241,7.1585,6.74,5.8843,4.5275,4.1106,4.34,5.2102,5.6929,7.6631,8.7119,8.8225,9.1915,10.165,10.124,9.1915,9.4148,10.487,10.367,9.6617,10.219,9.3113,8.8225,7.8241
15.378,17.383,18.156,18.874,19.028,18.984,19.028,18.156,18.01,17.431,16.483,16.348,15.378,15.805,15.16,15.805,16.109,15.708,15.796,16.449,17.053,16.8,17.762,18.697,17.574,17.503,16.399,15.087,13.195,10.661,10.451,11.631,12.951,12.247,12.326,11.774,11.774,12.007,12.122,12.637,13.079,12.735,13.195,12.822,12.11,13.079,12.811,12.482,12.515,13.026,13.821,13.174,12.681,12.735,13.588,13.941,14.639,13.163,13.004,11.07,4.3419,4.7679,5.6709,7.0837,7.5388,8.0544,7.4834,7.9679,6.7429,5.2653,4.8544,3.7969,5.8157,5.2653,5.5971,6.4055,7.898,9.0128,8.6357,8.9665,10.059,9.4922,9.7087,9.6083,9.794,10.059,10.059,9.4922,8.4901,7.3714
15.5,17.385,18.402,19.808,19.787,18.758,18.551,18.603,17.472,15.939,15.964,15.791,16.599,15.304,14.782,15.013,15.66,15.756,16.298,16.682,17.162,16.474,18.13,19.02,17.707,17.816,17.09,14.556,13.123,10.339,10.821,11.355,12.118,12.521,12.477,11.993,12.118,11.796,11.331,12.641,12.084,13.383,14.173,12.707,12.696,12.62,12.388,12.254,12.641,13.123,14.182,12.696,12.964,13.383,13.688,13.808,15.258,13.688,13.383,10.511,4.454,4.9797,5.8687,6.9041,7.5703,7.7502,7.9433,6.7221,6.4928,5.6777,4.2319,3.3611,4.0997,5.8687,6.4073,6.8238,7.2923,8.1488,9.4629,9.3014,9.4629,9.3014,10.097,9.8061,9.4629,9.5787,11.135,9.1671,8.9696,7.8911
15.138,18,18.957,18.582,18.671,18.965,18.402,17.984,17.118,17.062,16.197,15.896,15.473,15.464,15.175,16.776,15.571,15.782,16.71,16.776,17.223,16.931,16.858,17.478,17.549,17.406,16.333,14.759,12.986,10.633,10.114,11.579,12.263,12.229,12.89,12.319,11.757,11.674,12.274,12.542,12.375,12.836,13.518,12.986,12.409,13.312,12.836,12.195,13.145,13.187,13.467,12.717,12.662,12.662,13.06,13.405,13.881,14,12.662,11.252,3.7178,5.9948,6.1316,7.0737,7.0541,6.8352,7.3044,6.588,6.3964,5.5891,4.3357,3.527,4.9602,5.284,5.8784,7.3044,8.478,8.0429,8.7507,8.9999,9.3613,9.4787,9.302,8.9999,9.6949,10.209,10.155,9.7801,8.9537,7.4728
15.239,17.481,18.321,18.649,19.31,18.935,18.7,18.567,17.963,16.838,16.715,15.79,15.667,15.454,15.552,16.075,15.894,15.972,16.288,16.356,16.879,17.146,17.457,17.489,17.863,16.912,16.968,14.937,13.045,11.227,10.516,11.802,12.249,12.181,12.305,11.565,11.565,11.743,12.09,12.789,12.691,13.171,13.634,13.161,13.296,12.821,12.483,12.691,12.691,12.992,13.553,12.778,12.648,13.14,13.389,14.179,14.286,13.954,12.992,11.625,3.5229,5.2516,6.4104,6.3889,8.0334,7.4639,7.6465,6.8271,7.143,5.3556,3.787,3.787,4.7555,4.9544,5.5825,7.4269,8.1696,8.4026,8.549,8.9277,9.655,9.4529,9.2911,8.9432,9.6835,9.4675,10.424,9.655,8.8033,8.0334
15.247,17.18,19.126,19.032,19.105,19.047,18.278,17.865,17.332,16.616,16.187,15.156,15.807,15.981,15.675,15.382,16.084,15.842,16.415,15.842,17.156,17.018,17.78,17.616,18.45,17.348,16.847,14.099,12.72,10.35,10.107,11.318,12.312,12.654,12.709,11.982,11.536,11.476,11.536,12.881,12.828,12.881,13.56,13.303,12.255,13.641,12.977,12.795,13.396,12.977,13.396,12.977,12.977,12.698,13.662,13.961,14.294,13.702,12.924,11.084,4.2363,4.8443,5.6835,7.3186,6.8509,8.4888,7.8816,6.3272,6.1277,5.991,4.0017,4.2035,4.957,4.957,5.2806,7.4309,7.9514,8.5536,8.9941,9.1915,9.1765,9.1915,9.1765,9.3994,9.9696,9.9696,10.093,9.5162,8.6976,7.9514
14.988,17.882,18.281,18.701,18.841,18.394,18.878,17.703,17.506,16.827,16.486,15.711,16.12,15.834,15.551,15.842,15.657,15.807,16.628,16.223,16.401,16.452,17.45,17.274,17.765,17.913,17.25,14.783,12.562,10.585,10.171,11.776,12.683,12.294,12.737,12.158,11.693,11.633,12.339,12.683,13.081,13.26,13.733,13.028,13.208,13.081,12.65,12.429,12.91,13.426,13.426,13.007,12.737,13.028,13.165,13.539,14.374,14.374,13.208,11.55,3.8338,4.9681,6.3413,6.1414,7.4475,7.3349,7.7754,7.3914,6.3413,5.2662,4.113,3.8338,3.7238,5.598,6.1414,7.54,8.2429,8.0557,8.3266,9.838,9.9362,9.0908,9.4937,9.197,9.3762,10.65,10.844,10.13,9.5375,8.0212
15.284,16.956,18.671,18.928,18.092,18.492,18.582,17.674,17.627,16.71,16.129,15.756,16.017,15.633,14.89,15.852,15.633,15.329,16.094,16.434,16.833,16.333,18.251,17.907,17.791,16.989,16.71,14.89,12.986,10.1,10.045,11.757,12.104,13.145,12.409,12.375,11.674,11.674,12.319,12.662,12.641,13.155,13.761,13.155,12.986,13.187,12.308,12.717,12.498,12.986,13.518,12.542,13.312,12.728,13.921,14.157,14.157,14.03,12.662,11.24,4.4614,5.205,6.588,7.1514,7.3797,6.8553,7.528,6.8352,5.9485,4.7611,4.1065,4.3357,4.3357,5.5891,5.4893,6.1316,8.1623,8.3133,8.9999,8.9537,9.4787,9.302,9.4641,9.6664,9.5946,10.37,10.155,9.6949,8.9228,7.9565
15.046,17.201,18.379,19.229,18.469,18.787,18.765,18.084,17.273,17.145,15.666,15.753,15.788,15.595,15.264,16.304,15.586,15.893,16.355,16.287,17.145,16.812,17.55,17.337,17.456,17.526,16.68,14.797,12.614,10.357,10.344,12.089,13.17,12.393,12.991,12.248,12.259,11.905,12.089,13.044,12.36,13.159,13.784,12.482,12.625,13.222,12.393,12.625,12.69,12.916,12.991,12.526,13.17,12.625,13.663,13.744,14.787,14.139,13.159,11.659,3.9991,5.3551,5.7762,7.314,7.0647,7.5185,6.6422,6.7247,5.8001,5.582,3.8229,3.8229,4.8413,5.6556,6.3014,7.8064,8.4182,7.8064,9.9909,9.6826,9.9909,10.032,9.9909,9.6541,11.04,10.032,10.032,9.3935,8.6922,8.3028
14.88,16.983,19.294,18.976,19.122,19.064,18.141,18.118,17.417,16.027,15.827,16.241,15.975,14.89,14.446,15.473,15.401,15.175,16.096,16.786,16.983,16.966,17.646,18.323,17.369,17.512,17.201,14.964,12.844,10.051,10.443,12.146,13.32,13.392,12.725,12.112,12.146,11.928,11.622,12.282,13.163,13.413,13.195,13.475,12.94,12.648,12.725,12.282,12.844,13.247,13.026,13.163,13.026,13.689,13.392,13.719,15.175,14.166,13.32,11.333,4.495,4.7349,7.1558,7.3089,6.8596,7.5327,8.0134,6.8596,6.3132,5.261,4.2416,3.8301,4.8504,5.3652,6.3569,7.3278,8.2348,8.6767,9.7861,9.7009,10.215,9.0055,10.215,10.575,10.051,10.575,11.098,9.8846,9.5281,8.2348
14.884,17.12,18.485,17.978,19.454,18.245,18.425,18.245,17.376,17.503,16.428,15.89,16.123,15.75,15.242,15.846,16.327,16.191,15.985,16.011,16.794,16.453,17.978,17.628,17.471,17.471,17.24,14.8,12.928,10.525,10.512,11.811,13.002,12.723,12.658,11.916,11.67,12.537,12.134,12.134,12.712,14.024,13.461,13.181,13.181,12.701,12.885,12.831,13.14,12.723,13.307,12.981,12.799,13.665,13.4,13.665,14.958,13.564,12.614,11.997,4.2374,5.282,6.5011,7.7601,8.4747,7.8837,8.3102,7.1487,6.1518,5.4872,4.5212,4.7302,4.334,6.5855,6.5011,7.7601,8.8103,9.4019,9.8186,9.9166,9.9722,9.8748,10.577,11.527,10.353,10.642,10.472,9.3577,8.9503,8.7474
15.238,17.616,18.754,19.32,19.097,19.291,18.118,17.872,16.977,17.395,16.118,16.22,16.186,15.763,15.046,15.596,15.165,15.516,15.954,16.22,17.283,16.92,17.78,18.383,17.466,17.155,17.466,14.796,13.009,10.323,10.093,12.3,13.303,13.009,12.131,12.401,11.607,11.524,12.085,11.912,13.23,13.396,13.178,13.56,12.709,12.881,13.136,12.131,13.396,13.136,12.654,12.709,13.136,14.428,13.136,13.702,14.88,14.02,13.293,11.343,5.1749,5.2805,6.4993,7.7579,7.4678,8.0376,8.3078,7.8815,6.8508,5.2015,4.2362,4.8443,4.6996,5.2805,6.5837,8.0032,8.4724,9.4724,10.202,10.323,10.363,10.107,10.202,10.626,10.093,10.522,10.832,9.9694,8.6657,7.8111
14.781,17.472,18.639,18.903,18.364,19.3,18.617,18.364,17.707,17.218,15.886,15.998,15.825,16.067,15.5,16.44,15.964,15.606,16.204,16.772,16.96,17.377,17.954,18.281,17.877,17.472,16.673,14.697,13.164,11.135,9.9867,12.084,12.521,13.122,12.964,12.118,11.795,11.969,12.695,12.985,12.695,13.122,14.084,13.122,12.706,13.687,12.996,12.695,13.444,13.687,13.778,12.641,13.038,12.641,13.738,14.211,15.04,14.79,13.122,11.355,3.785,5.9847,7.292,7.6425,7.8908,8.6885,8.0121,7.4231,5.8684,5.9847,4.5153,4.7531,5.2489,5.9847,6.9038,7.803,8.6567,8.6885,9.8618,9.8057,10.808,9.5783,10.192,9.5062,10.028,9.5783,10.821,9.4626,8.9385,7.8733
15.522,17.88,18.126,18.103,18.762,18.644,18.465,17.474,17.355,17.114,16.329,16.091,16.082,15.162,15.46,15.325,15.682,16.329,16.73,16.329,17.098,16.829,17.474,17.903,17.662,16.623,16.321,14.868,12.495,10.407,9.918,12.09,12.714,12.929,12.638,12.26,12.136,11.998,12.305,12.801,13.637,13.798,13.888,13.647,13.267,13.515,13.173,12.983,13.474,12.983,13.004,13.267,13.309,13.141,13.236,13.566,14.299,14.299,13.402,11.636,4.238,5.488,6.3515,7.072,8.0065,7.9546,8.3113,7.8144,6.6491,5.1771,4.7016,4.3347,4.7016,6.502,6.8537,7.8144,8.9516,9.6926,10.043,10.097,10.001,9.4764,9.52,10.097,9.52,9.918,10.152,10.206,8.9207,8.557
14.625,17.644,17.862,17.486,19.198,19.061,18.471,18.169,17.683,16.98,16.247,15.471,15.999,15.825,15.816,16.205,15.999,15.045,15.999,15.903,16.61,16.964,17.486,17.978,17.8,17.359,16.964,14.888,12.669,10.521,10.05,11.245,12.504,12.325,13.193,12.11,11.762,12.11,12.799,13.473,12.799,13.151,14.29,13.276,12.381,13.717,13.411,12.548,12.381,13.646,13.657,12.723,13.151,13.442,13.524,13.808,14.213,13.898,12.992,11.762,4.3378,5.8102,5.8102,6.3561,8.958,8.1662,7.6591,7.4392,6.9189,5.9977,4.241,4.1084,4.3378,6.157,5.6899,7.3644,8.2169,9.3213,9.6567,9.9807,9.671,10.159,9.9807,9.4099,10.335,10.05,10.573,10.118,8.6276,8.0123
15.655,17.143,18.156,18.01,18.963,18.01,18.496,17.692,17.661,17.272,15.831,16.118,15.796,15.708,14.372,15.708,15.628,15.414,15.796,15.936,17.143,16.857,17.143,17.503,17.7,17.215,16.734,14.525,12.659,10.059,10.425,11.879,13.163,12.746,12.122,12.292,12.156,12.007,12.811,12.281,13.163,13.455,13.004,13.69,12.659,13.205,13.163,13.026,13.004,12.822,13.32,12.482,13.026,13.73,12.908,13.455,14.177,14.05,13.424,11.655,4.4987,5.2916,6.4056,7.3149,8.0372,8.4901,7.7742,7.0642,6.4056,5.421,4.4987,4.8544,4.5294,5.3696,6.9255,7.4835,8.5714,9.4923,10.223,9.9347,10.223,9.2106,10.223,9.9347,10.223,9.9347,10.128,9.6084,9.6803,7.5389
15.3,17.361,18.384,18.623,19.129,18.361,18.481,17.81,16.973,16.99,15.542,15.702,15.798,15.981,15.3,15.3,15.345,15.702,16.35,16.443,17.047,17.079,17.361,18.126,17.895,16.916,16.851,15.072,12.117,10.592,10.799,12.151,12.903,13.031,12.806,12.117,11.769,11.386,12.287,12.849,12.73,13.895,13.532,13.895,13.419,12.73,13.02,12.477,12.817,12.946,12.817,12.719,12.999,13.2,13.491,13.905,14.775,14.318,12.719,11.264,4.2433,5.3675,6.5102,7.5358,7.0809,8.0167,7.6634,7.8243,7.022,5.4188,4.7369,4.466,4.8525,5.495,5.9547,7.3873,8.9629,9.5321,9.7902,9.3265,9.8887,9.6763,10.367,9.4884,9.9863,10.526,9.4884,9.4884,8.503,7.5907
14.568,16.656,17.667,18.254,18.465,18.859,17.667,18.261,17.768,17.39,15.356,16.405,15.81,15.383,15.356,16.02,15.634,15.941,16.455,16.337,17.541,17.39,17.509,17.916,17.604,16.863,16.83,14.644,12.296,10.859,10.118,11.837,12.296,12.685,12.652,12.341,12.115,11.942,12.74,12.564,13.168,12.956,12.729,13.501,12.296,13.335,13.168,12.52,12.251,12.729,13.03,12.564,12.816,13.168,13.21,13.491,14.055,14.182,13.168,11.552,4.0114,5.4991,5.7939,6.6625,7.4861,7.4489,8.0228,7.0667,7.0273,6.1426,5.4991,4.7405,5.4229,5.3715,6.4078,7.4489,9.016,9.378,10.652,9.7122,9.4956,9.7122,10.063,9.7122,10.063,10.227,9.8399,9.6836,8.9697,7.3364
14.748,16.951,18.424,17.967,18.869,18.869,18.484,17.897,17.757,17.243,16.216,16.352,15.835,15.544,15.301,15.347,15.301,15.827,15.651,15.87,17.186,17.049,18.113,18.005,17.695,16.646,16.326,14.833,12.851,10.369,10.125,12.027,12.742,12.677,12.556,12.153,12.277,11.876,11.829,12.289,12.851,13.42,13.16,13.937,12.851,12.655,13.191,12.818,12.947,12.721,13.001,13.202,13.001,13.42,13.317,13.986,14.748,14.222,13.656,11.628,3.8322,4.8531,6.3385,7.0622,8.4222,7.8253,7.5917,7.3882,6.3385,4.8531,4.5282,4.3407,4.9937,5.1843,6.3385,7.8253,8.4386,9.7061,9.6057,9.4896,10.221,9.9319,9.9875,9.8899,9.8899,10.342,10.112,9.6057,8.7133,7.9133
15.314,16.932,17.826,18.499,18.995,18.708,18.02,17.981,17.772,16.989,15.848,15.566,15.095,16.117,14.76,15.716,16.272,16.16,16.16,16.022,16.866,16.989,17.16,18.378,17.225,17.512,16.542,14.835,13.011,11.175,10.667,11.602,13.011,12.522,12.522,12.036,12.036,12.162,11.839,12.687,12.687,13.17,13.086,12.655,12.013,12.753,12.818,12.299,12.655,13.17,13.544,12.742,12.829,13.503,13.667,13.697,14.495,13.908,13.212,11.397,3.7251,4.9978,6.601,7.4875,7.5429,8.0587,7.8317,6.8688,6.4306,5.2944,4.857,4.9978,5.674,4.857,6.6638,7.8317,8.0242,8.831,9.2004,9.898,9.898,9.0022,10.175,9.9956,10.175,9.898,9.9956,8.6404,9.4827,7.7783
15.3,17.136,18.149,19.014,18.977,18.977,19.021,18.362,17.006,17.185,16.325,16.248,16.342,16.068,14.971,16.35,16.008,15.912,16.214,16.35,17.136,16.527,18.172,17.88,17.965,18.149,16.719,15.264,12.73,10.527,10.056,12.002,13.021,12.676,12.643,11.687,11.103,11.543,11.579,12.287,12.676,13.419,12.676,13.481,12.719,13.021,12.555,12.287,13.158,12.208,13.074,12.643,12.654,13.169,13.031,13.725,14.624,14.123,13.776,11.769,3.8318,4.737,5.8846,6.595,7.1589,7.4435,7.536,6.4248,6.3379,5.2105,4.7662,4.7077,4.5277,5.8136,5.8846,7.8245,8.4869,9.3267,8.6326,10.014,9.7052,9.4887,9.3118,10.014,8.9322,10.014,10.22,10.165,9.4887,8.0169
15.284,18,17.985,18.493,19.139,18.812,18.29,17.877,17.792,17.191,15.536,15.818,15.896,15.33,15.527,15.536,15.633,15.783,16.71,16.095,16.899,16.768,17.383,17.862,17.03,16.702,16.232,14.76,12.409,10.634,9.6524,12.105,12.836,12.309,12.707,12.013,12.002,11.863,11.99,12.63,12.275,13.187,14.001,13.405,12.717,12.663,12.105,12.409,13.518,12.933,13.405,13.145,13.271,13.312,13.061,13.762,14.158,14.158,13.405,11.639,3.6806,4.9882,4.9604,5.995,7.015,7.8166,7.473,6.8556,6.3315,5.258,4.4616,3.8279,4.2391,4.8476,5.663,7.015,8.4783,8.6717,9.6524,9.1827,9.479,9.0767,9.3616,9.0002,10.1,9.595,9.1977,9.8789,9.1827,8.4946
14.578,17.348,17.672,18.808,18.586,18.601,18.4,17.859,17.943,17.507,16.331,16.356,15.255,15.63,15.754,15.815,16.457,15.963,16.049,16.707,16.773,17.34,16.499,17.475,16.466,17.244,16.373,14.578,11.673,10.838,10.369,12.103,11.999,11.999,12.273,12.103,11.86,12.103,12.496,13.403,12.802,13.185,13.475,12.984,13.759,12.628,13.058,12.715,12.834,13.005,13.434,12.639,12.704,12.704,13.403,13.648,14.301,14.72,13.174,11.577,3.1977,4.7605,4.702,7.0726,7.3222,7.9031,7.3033,7.0531,6.6497,4.702,4.0037,3.1542,4.4608,5.4885,5.8776,7.4717,9.181,9.1961,8.9833,9.6507,9.4773,8.4767,8.8124,9.181,9.8771,9.665,10.207,10.002,8.937,7.9031
15.836,17.568,18.603,18.846,19.248,18.891,18.831,17.777,17.052,17.118,16.199,15.482,16.571,15.455,15.036,15.335,15.252,15.664,16.451,16.172,16.843,16.588,18.14,18.672,16.993,17.389,17.649,14.341,13.442,10.719,10.175,11.79,12.959,13.23,12.536,11.909,12.296,11.909,11.969,12.626,12.66,13.358,14.547,12.97,13.358,12.479,12.827,12.479,12.827,12.805,13.358,12.893,13.358,13.745,12.959,14.071,15.008,13.889,14.071,11.185,3.8774,4.7935,5.8829,6.588,7.5322,7.2443,6.9239,6.4135,5.2456,4.7638,3.5728,3.1056,4.9104,6.0727,6.0727,7.6258,7.8639,8.6046,9.4378,9.1633,9.6459,9.0387,9.6017,9.7919,10.245,10.505,10.491,9.6459,9.9071,8.0598
14.921,17.248,18.044,18.531,18.91,18.35,18.167,18.22,18.029,16.765,15.586,15.87,15.115,15.87,15.407,15.622,15.948,15.362,16.105,16.379,16.765,16.182,17.472,17.694,17.567,16.955,16.293,14.204,12.179,10.404,10.243,11.855,12.704,12.236,12.144,12.416,11.713,12.236,12.36,13.199,12.682,13.188,13.847,13.23,13.345,12.975,13.05,12.77,12.759,12.682,13.199,12.704,12.704,13.188,13.356,13.847,14.808,14.204,13.48,11.581,4.0175,4.1201,5.2222,6.3741,6.878,6.8578,6.878,6.3522,5.2222,4.7477,3.7301,3.076,4.3501,5.6076,5.8979,7.1751,7.3475,8.732,9.3477,10.404,8.5874,9.2279,8.8429,9.9533,9.6264,9.727,10.037,10.681,9.4366,8.506
14.818,17.587,17.309,18.304,18.686,18.604,18.537,17.65,17.806,16.986,16.473,14.592,15.068,15.786,14.976,16.515,15.769,16.21,15.786,16.347,16.748,16.847,17.132,17.373,17.116,16.913,16.004,14.363,12.149,10.365,10.012,12,12.318,12.814,12.997,12.149,12.023,12.023,12.386,13.071,12.103,13.071,13.323,12.552,12.738,13.166,12.673,12.386,12.475,13.197,13.312,13.447,12.673,13.028,13.692,14.159,14.218,14.449,12.717,12,3.53,4.5267,4.496,5.7884,6.5934,6.7388,6.3365,6.4233,5.8833,4.8515,3.7209,3.7946,4.5267,5.8833,6.4017,7.8227,8.0495,8.9611,9.6025,9.369,10.053,8.9301,9.4865,9.7029,10.122,10.053,10.537,10.379,9.1899,7.8227
14.982,17.427,18.87,18.711,18.87,18.892,18.345,18.613,17.321,16.242,15.871,16.432,16.207,15.318,15.465,14.934,15.465,15.656,16.389,16.276,17.157,17.173,18.159,18.283,17.685,16.629,16.899,14.325,12.768,10.772,10.275,11.896,12.879,13.042,12.646,12.155,12.143,12.282,11.955,13.469,12.465,13.873,13.965,13.311,13.343,12.857,13.3,12.69,13.469,13.626,13.832,13.564,13.343,13.215,13.873,14.676,14.982,14.609,13.595,11.509,3.7619,4.0517,5.3201,7.2361,7.0979,7.7462,6.8131,6.9366,6.494,5.0471,4.1551,4.0517,4.9049,6.0659,5.7299,8.1208,8.7742,8.8544,9.7083,10.22,9.8098,9.1531,9.2912,10.33,10.164,10.164,10.693,10.233,9.0442,8.4118
15.33,17.792,18.433,19.561,18.878,18.849,18.79,17.878,17.344,16.628,15.853,15.248,15.992,15.607,14.946,16.3,14.891,15.33,16.777,16.309,16.989,16.71,17.628,17.636,17.296,16.628,16.932,14.732,12.718,10.004,9.9765,12.41,12.63,12.41,12.376,12.837,11.675,12.275,11.675,12.264,12.498,12.804,13.436,13.312,12.718,13.971,12.309,12.105,13.156,12.663,13.762,12.987,13.302,13.478,13.641,14.304,15.536,14.158,13.187,11.29,4.1067,4.703,5.8078,6.651,7.4732,7.6559,7.1518,7.1518,5.3622,5.8787,4.2392,5.2843,5.6875,6.3534,6.3968,7.8871,9.0004,9.4792,9.9765,10.371,10.209,9.8791,10.357,10.647,10.582,11.326,11.142,9.921,9.9904,8.0261
14.868,17.198,18.104,18.695,18.908,18.695,18.043,18.495,18.126,16.809,16.352,16.352,15.235,15.262,15.968,15.663,15.872,15.968,16.071,16.309,16.71,16.352,18.225,17.397,17.476,17.27,16.685,14.483,12.479,10.772,10.395,12.479,12.622,12.391,12.644,11.88,12.121,12.391,12.357,12.446,13.125,13.62,13.385,14.136,13.781,13.22,12.817,12.988,13.157,13.65,12.785,12.698,13.498,14.282,13.811,13.98,14.625,14.644,13.385,12.121,3.5219,4.7542,6.3871,6.8454,7.5171,7.8927,7.7518,6.8252,6.1451,5.4054,4.953,4.2001,4.953,7.6443,7.3689,8.201,8.9868,9.4649,10.708,10.194,10.03,10.925,10.03,10.925,10.618,9.906,11.309,10.194,9.6523,8.6588
15.339,17.172,19.461,18.805,18.628,18.768,18.827,18.049,17.888,16.839,16.008,16.315,15.756,15.456,14.649,16.222,15.447,15.049,15.8,16.683,16.954,17.172,17.172,17.459,17.228,17.364,16.937,14.593,12.182,10.504,10.504,12.216,12.616,12.822,12.627,12.216,11.626,11.744,12.295,12.918,13.13,13.625,13.786,13.625,13.141,12.714,12.703,13.13,12.876,13.554,12.993,12.822,12.876,13.421,13.297,14.526,15.312,14.335,13.421,11.744,4.2343,4.9825,6.3025,7.0071,8.0169,7.5746,6.8478,7.0659,7.0071,5.681,5.4833,5.583,4.8422,5.872,6.7259,8.4197,9.4683,9.9651,9.8677,10.143,10.143,10.57,10.465,10.815,10.103,10.776,11.079,10.57,9.6843,8.2208
15.047,17.237,18.578,18.391,19.243,18.638,18.481,18.081,17.897,17.467,16.323,15.347,15.904,15.157,15.561,15.455,15.904,16.085,16.323,16.349,16.366,17.052,17.726,16.492,17.491,17.412,16.45,14.61,11.855,10.782,10.108,12.097,12.925,12.622,12.312,12.131,11.75,11.808,12.699,12.49,13.469,13.632,13.642,13.992,13.262,13.51,12.978,13.137,13.168,13.137,13.397,13.179,12.978,13.632,13.51,13.793,14.863,14.149,13.052,11.632,3.7892,4.4588,5.6838,6.6467,7.3753,8.0037,7.1472,6.3275,6.4142,5.4861,5.4101,4.7583,4.8446,7.3566,7.1472,8.4892,9.192,9.5167,10.039,10.039,10.64,10.324,9.3999,10.575,10.972,10.43,10.718,10.149,10.039,8.8085
14.968,17.483,17.633,18.498,19.057,18.415,18.654,18.158,17.951,17.859,16.781,15.179,15.042,15.918,15.07,15.822,15.531,15.822,15.787,16.329,16.706,17.228,17.067,16.904,17.866,17.228,16.133,14.509,12.142,10.44,10.333,11.901,12.501,12.807,12.732,12.142,11.583,12.199,11.993,13.409,13.274,13.409,13.573,13.522,13.316,13.573,12.893,13.064,12.666,13.409,13.715,13.022,12.633,13.022,13.148,14.21,14.67,14.47,13.022,11.642,3.7189,4.9617,5.8801,6.8574,7.1535,7.8186,8.0453,6.6526,5.8801,5.4909,4.7041,5.1799,5.4909,6.4199,7.3254,7.5303,8.3158,10.373,9.8253,10.373,9.5251,9.364,9.4815,10.44,10.519,10.103,10.479,10.982,10.048,8.674
15.641,17.252,18.16,18.754,18.441,18.343,18.463,17.602,17.507,17.147,15.809,16.052,16.018,14.906,14.327,15.355,14.896,15.31,15.382,16.113,16.804,16.738,16.984,18.282,16.861,16.361,16.655,13.904,12.814,10.172,10.806,12.519,13.167,13.167,13.177,12.295,12.216,11.694,11.882,13.209,12.727,13.499,13.663,12.814,13.734,12.662,12.519,12.485,13.029,13.292,13.209,12.684,13.209,13.167,13.261,14.171,15.273,14.327,13.008,11.197,3.3309,4.74,5.3709,6.3637,7.0855,8.0564,7.3167,7.3356,6.3637,5.187,3.7978,4.7692,4.7106,6.6618,6.8669,8.2268,8.9533,8.9688,10.02,9.7112,10.062,10.117,10.226,9.9371,10.226,10.806,10.533,10.387,9.4946,8.3273
14.905,17.313,18.087,18.27,18.786,18.83,18.384,18.148,17.692,17.144,16.007,14.979,15.551,15.833,15.263,16.007,15.825,15.3,15.3,16.111,16.875,16.752,17.369,17.59,17.136,16.949,16.214,14.298,12.025,10.644,10.526,12.025,13.325,13.031,12.287,12.276,11.362,11.386,12.287,12.741,13.2,13.419,13.168,14.162,12.999,13.684,12.51,13.315,13.19,13.02,12.999,12.388,13.158,13.252,13.158,14.044,14.859,14.746,13.725,11.386,4.0083,4.8524,5.8134,6.001,6.3377,7.1587,6.6575,7.0809,6.3377,5.2103,4.2433,4.9653,5.4188,6.5102,7.1587,8.0511,9.0551,9.4884,10.055,9.4737,10.421,10.526,10.85,11.103,10.219,9.7048,11.152,9.7048,9.7048,8.3218
15.308,17.386,18.611,18.796,19.421,18.965,17.889,18.439,17.874,16.86,15.71,16.111,15.551,15.56,14.783,15.38,15.497,15.089,15.99,16.736,16.736,16.154,17.663,17.998,16.827,16.983,16.359,15.061,12.726,10.453,10.019,12.124,13.207,12.91,12.339,12.215,11.834,11.501,12.032,11.775,12.517,13.291,12.813,13.783,12.824,12.824,12.737,12.294,13.081,12.639,12.748,12.91,13.006,13.992,13.207,13.992,15.089,14.257,13.488,11.775,4.2457,4.4685,5.6962,6.9265,6.846,7.4474,7.0259,6.4281,6.5138,5.6962,4.7687,4.9681,5.1865,5.8877,6.1413,8.1752,8.3265,9.3316,9.9361,9.4936,10.13,9.3316,9.8942,10.171,10.373,10.171,10.663,10.019,9.9361,7.4474
14.952,18.168,18.966,19.569,19.298,18.797,18.59,18.138,17.509,16.332,15.789,15.318,16.238,15.639,15.254,15.998,14.766,15.639,16.34,16.775,16.963,16.841,17.39,17.485,17.643,16.939,16.509,14.728,12.47,10.008,10.651,11.762,12.635,12.414,11.995,12.018,11.488,11.379,12.28,12.11,12.722,13.472,13.192,13.023,13.483,13.887,12.712,12.809,13.442,12.646,13.15,13.245,13.066,13.717,13.575,13.524,14.587,14.615,13.676,12.006,4.006,4.7632,5.81,6.6535,7.476,7.5313,7.1545,6.334,5.81,4.9624,4.7632,4.8496,5.2601,7.4389,6.8583,7.5313,8.5628,9.0038,9.306,9.4828,9.6991,9.9942,10.049,10.008,10.104,10.213,11.059,10.375,10.008,8.7545
14.969,17.505,18.28,19.023,19.513,18.752,18.551,18.341,17.505,17.505,16.884,15.38,15.08,15.55,15.272,15.308,16.536,15.595,15.807,15.657,17.015,16.042,17.322,17.663,17.912,17.37,16.452,13.783,12.031,10.061,9.9359,12.031,12.294,12.339,12.649,11.549,12.158,11.27,12.008,12.517,12.953,12.517,13.59,12.682,12.248,13.207,12.66,12.856,12.682,13.038,13.26,12.123,13.322,13.207,13.692,14.383,14.829,14.325,13.176,11.109,4.0105,4.7686,6.4064,6.7438,7.5948,7.969,6.8661,6.6611,6.1637,6.0042,4.53,4.2456,4.968,7.1626,6.0042,7.5948,8.3263,9.2118,9.7101,9.6672,9.8378,9.894,9.894,9.9916,10.598,10.663,10.346,10.532,10.061,8.4912
15.064,17.22,19.077,19.085,18.909,19.092,18.88,18.321,16.73,16.336,16.488,15.164,16.156,15.553,15.355,14.971,15.082,15.355,15.844,16.268,16.862,16.079,17.508,18.554,16.887,16.862,16.655,14.181,12.684,10.226,10.388,11.777,13.209,13.49,12.397,12.022,11.883,11.694,11.694,11.941,13.167,13.407,14.23,13.825,12.486,13.167,11.836,12.296,12.75,12.651,12.662,12.651,13.49,14.376,13.083,13.704,15.382,14.327,13.673,11.503,3.798,5.3711,6.3202,6.6621,6.3421,6.3639,7.1637,7.0858,5.8174,4.4691,4.3431,4.7108,4.7108,6.4074,6.5993,7.6686,8.2439,8.0567,9.4949,9.3329,9.9374,9.6111,9.7969,10.226,10.117,10.547,10.858,9.8393,10.348,8.3276
14.592,17.03,18.314,19.058,18.585,19.066,19.022,18.314,17.561,17.014,16.045,15.336,15.516,15.227,15.381,15.3,15.906,15.659,15.739,15.81,16.766,16.184,16.516,17.185,16.558,16.758,16.566,14.195,12.54,10.825,10.01,11.522,12.316,12.146,12.361,11.714,11.571,11.654,12.451,12.684,12.271,12.977,13.564,13.615,13.697,12.749,12.977,12.54,12.361,13.231,13.189,13.051,12.977,13.231,13.848,13.928,14.63,14.592,13.43,11.179,3.8408,4.5076,4.864,6.3747,6.8584,7.1757,6.8584,6.4182,6.6104,5.196,4.3505,3.8044,5.196,6.1751,6.8787,7.5537,8.3416,8.5882,9.0767,9.2136,9.9122,9.0151,9.5109,9.4375,10.189,10.392,10.392,9.6273,9.3337,8.8437
15.095,17.942,17.911,18.142,18.707,19.428,18.506,17.896,17.919,17.88,15.839,16.057,14.984,15.359,15.386,15.883,15.716,15.813,16.407,16.34,16.407,16.34,16.767,17.393,17.701,17.005,16.16,14.533,12.013,10.809,9.4972,11.602,12.025,12.958,12.665,12.128,11.506,11.78,12.162,13.011,12.958,13.327,12.742,13.544,13.17,13.544,13.011,12.829,13.212,12.489,12.915,12.861,12.818,13.086,13.265,14.027,14.331,14.331,13.828,12.162,3.6877,4.9977,6.1661,5.9601,7.1654,7.4502,7.8316,5.8899,5.8899,4.3442,4.1145,4.8569,4.9977,5.4238,5.8899,8.229,8.4454,8.5758,10.023,8.9402,9.4972,10.065,9.4972,10.43,10.023,10.12,9.8416,10.497,9.3202,9.4972
15.519,16.975,18.207,18.865,19.288,18.638,18.539,18.478,17.893,17.182,16.189,16.013,15.978,14.99,15.224,16.189,15.131,15.519,16.224,16.189,16.224,16.501,17.694,17.166,17.166,16.908,16.004,15.065,12.415,10.239,10.1,12.427,12.797,12.797,12.138,12.289,12.068,12.289,12.472,12.874,12.563,13.931,13.931,13.881,13.466,12.874,12.797,12.415,13.168,13.147,13.168,13.147,13.049,13.434,13.685,14.053,14.332,14.914,13.339,11.71,4.1574,4.5479,5.4284,6.9403,7.1415,7.5278,6.733,6.2303,5.7576,4.9075,4.761,4.579,5.3229,6.775,6.4317,8.1077,8.7788,10.043,10.169,9.4172,10.128,9.815,9.5813,10.646,10.857,10.712,10.961,10.699,10.043,8.5333
15.316,17.538,17.945,18.887,19.178,18.997,18.628,18.022,17.259,16.661,16.024,15.17,15.17,14.381,14.986,15.361,15.206,15.316,16.162,16.342,16.536,17.024,17.514,17.443,17.514,17.283,16.468,14.138,12.568,9.8991,10.378,12.015,12.689,12.568,12.164,12.732,11.507,11.84,12.3,12.015,12.689,13.412,13.172,13.087,12.732,13.433,12.568,12.689,13.045,12.656,12.345,13.339,13.013,13.678,13.203,14.187,15.069,14.313,13.203,11.603,4.2478,4.8575,5.8195,6.1669,6.706,6.8494,7.0294,6.3444,5.7956,4.4707,4.3447,4.8575,5.6007,6.3444,6.0073,7.5437,8.0251,9.0032,10.378,9.6865,9.8991,9.2015,10.378,10.603,10.176,10.668,12.015,10.066,10.135,8.9723
15.271,17.321,18.617,18.677,18.817,19.483,17.903,18.011,17.693,16.627,15.487,14.894,15.189,15.334,14.894,15.06,15.415,15.06,15.594,15.92,16.015,17.249,17.152,17.911,17.249,16.883,15.92,15.307,12.123,10.597,10.115,11.833,12.736,12.293,12.516,11.774,12.008,12.282,12.66,12.855,12.394,13.005,13.942,13.005,12.812,13.589,12.909,12.561,12.909,13.66,13.497,12.952,13.005,13.196,13.671,13.902,14.753,14.324,13.196,11.833,4.3422,4.7683,5.37,5.8872,7.0843,7.667,7.0253,5.9575,5.8162,4.8547,3.7234,4.5297,5.1861,6.0038,6.4276,7.8986,8.1915,9.5366,10.224,10.345,10.224,10.856,9.8934,10.662,10.856,9.9353,11.597,10.856,10.129,9.4929
15.298,17.107,17.722,18.639,19.385,19.096,18.773,18.048,18.14,17.429,16.069,15.298,15.397,16.129,14.581,15.078,15.895,16.034,16.343,16.069,17.002,16.554,17.525,17.556,17.405,17.107,16.352,14.476,12.697,11.27,10.596,12.296,12.296,12.228,12.697,12.137,11.61,12.307,12.137,12.838,12.967,13.021,13.18,13.211,12.827,13.021,13.18,12.74,12.74,13.042,14.038,13.347,13.053,13.19,13.798,14.244,14.658,14.341,13.042,11.514,4.2504,4.8605,6.4352,5.8942,7.6761,8.5821,7.5483,6.8535,6.3701,4.9735,4.5044,4.4734,4.8605,6.521,7.4928,8.4351,8.9468,10.017,10.465,10.031,10.465,10.031,10.544,10.557,10.072,11.084,11.282,11.171,10.504,9.2071
15.323,17.523,18.57,18.771,18.682,18.697,18.154,18.177,17.404,17.267,15.937,14.58,15.823,15.504,15.369,14.984,15.369,15.673,16.418,16.418,16.942,16.877,18.116,17.267,17.72,17.267,17.146,14.58,12.923,10.674,10.126,12.044,12.75,13.094,12.53,11.787,12.021,11.846,11.893,12.574,12.826,13.179,13.867,13.501,13.336,13.471,12.53,13.44,13.512,13.019,13.44,13.336,13.21,13.336,13.44,13.917,14.475,14.542,13.685,11.928,4.7149,4.86,5.8225,6.6679,7.092,7.3422,7.6753,6.3476,6.8731,4.5346,3.7275,4.4729,5.6775,6.8528,7.8365,7.9247,8.9459,9.0232,10.463,10.14,10.235,10.357,10.235,10.752,10.609,11.083,11.379,10.463,10.002,9.72
14.797,17.897,18.451,18.481,18.711,18.946,18.637,17.935,17.85,16.848,15.454,15.047,15.517,16.007,15.32,16.085,15.383,15.597,15.808,16.221,17.285,16.7,17.396,17.625,16.962,17.237,16.323,14.6,12.709,10.82,10.522,11.982,12.698,12.633,12.256,11.75,11.994,12.301,12.301,13.168,12.882,12.828,13.702,12.655,12.978,13.293,12.925,12.785,13.052,13.137,13.793,13.304,13.262,13.137,14.1,14.294,15.454,14.722,13.428,11.572,3.7892,5.2547,5.8749,6.8512,7.8116,7.4683,7.3753,7.3,7.1471,5.9912,4.8446,5.2547,5.8749,5.8749,5.8749,8.1574,8.3083,9.1769,10.364,10.324,11.047,10.833,10.108,10.64,11.282,10.324,11.245,10.522,9.3998,8.4239
15.446,17.203,18.628,19.432,18.768,18.936,18.65,18.628,17.339,16.716,15.791,15.267,15.375,15.878,15.149,15.668,15.588,15.553,15.878,15.973,16.491,16.491,17.482,18.768,17.949,16.912,17.403,14.799,12.821,10.827,10.143,11.744,13.045,12.626,12.484,12.216,11.802,11.518,12.484,12.789,12.45,13.13,13.875,13.503,12.713,13.39,12.821,12.484,12.249,13.786,13.865,12.971,13.172,13.655,13.655,14.287,14.602,14.19,13.161,11.602,4.2342,5.1725,6.7257,7.1433,7.6469,8.0338,7.8075,6.9078,6.5806,6.4962,3.7872,4.7558,5.2519,5.8718,6.3023,8.5494,9.5838,9.468,9.5838,11.362,10.827,10.102,10.318,11.079,10.634,10.318,11.362,10.517,9.3948,8.4684
14.825,17.394,17.803,18.301,18.97,18.86,18.142,18.407,17.996,17.178,16.027,14.974,15.176,16.386,15.075,15.828,15.828,15.536,15.828,15.474,16.386,16.844,17.394,17.178,17.234,16.47,16.001,14.769,12.844,10.536,10.377,12.112,12.417,12.147,12.941,11.823,12.009,12.383,12.844,12.638,13.393,13.195,12.844,13.84,12.801,13.414,13.153,13.069,13.414,13.185,13.195,13.486,12.725,13.016,13.89,13.93,14.825,14.117,13.247,11.539,4.2418,5.1817,5.9987,6.4222,7.4405,8.3188,6.8598,6.8598,6.6965,6.4006,4.1092,5.1817,5.2612,5.6909,7.0587,8.3188,8.4835,9.3229,10.12,9.8288,9.9269,10.731,10.107,10.12,10.948,10.215,10.363,10.12,10.575,8.9904
14.959,17.133,17.807,18.328,18.426,18.538,18.267,17.69,17.643,16.716,15.477,15.796,15.699,14.959,15.324,15.069,15.152,15.549,16.143,16.516,16.322,16.724,17.807,17.238,18.016,17.133,16.339,14.678,12.652,10.218,10.054,12.386,12.815,13.072,12.115,11.931,12.115,12.285,12.115,12.674,13.323,13.893,12.804,13.581,12.997,13.25,13.156,12.674,13.417,12.641,13.417,12.728,13.072,13.323,13.156,13.773,14.517,14.169,13.018,11.873,3.3282,4.7653,6.402,7.3108,6.4236,7.4422,8.237,6.5938,6.1595,6.3368,5.6678,4.8517,5.9537,6.9216,6.6565,7.7699,9.1904,8.8214,10.366,10.163,10.379,9.831,10.379,10.849,10.656,11.101,10.446,10.988,9.9847,8.8214
15.022,16.899,18.292,18.662,18.744,18.201,17.946,17.546,17.29,16.666,16.574,15.344,15.344,15.533,15.115,15.747,15.344,15.344,16.498,15.667,16.899,16.766,17.696,17.946,17.806,16.899,16.924,14.407,12.767,10.41,10.688,11.908,13.069,12.767,12.886,11.803,12.368,12.152,11.967,13.058,12.767,12.854,13.353,13.227,12.843,13.037,12.69,12.546,12.767,13.29,13.457,12.679,12.777,13.364,13.945,14.212,14.675,13.734,13.037,11.624,4.2555,5.1985,5.6109,7.0816,7.9175,8.057,8.2619,7.0422,6.443,6.1781,4.8664,5.2783,5.3829,6.6766,7.4647,7.9876,8.9576,8.9732,9.7328,10.153,10.983,10.675,10.41,9.8607,11.135,11.284,10.882,9.5595,9.6897,8.4618
14.781,17.561,18.191,18.585,19.455,18.734,17.851,17.914,17.734,16.89,15.659,15.226,15.089,15.836,14.866,16.071,15.588,15.809,16.183,16.045,16.38,17.473,17.851,17.249,18.191,17.013,16.481,14.696,12.316,10.876,10.037,12.305,12.584,12.705,13.062,12.237,11.937,12.145,12.705,12.316,12.451,12.933,13.221,13.051,12.18,13.45,13.199,12.705,12.672,13.189,14.077,13.315,13.051,13.221,13.346,13.757,13.807,14.254,13.03,11.618,4.2533,4.8638,6.0151,6.6731,7.6814,7.8427,8.3414,6.8582,6.8785,5.682,4.7186,4.977,5.8271,6.1523,8.0528,7.6814,9.4372,10.01,10.392,10.189,10.189,10.189,10.189,10.189,10.876,10.682,10.604,11.29,9.699,8.984
15.246,17.699,18.635,18.635,18.959,18.907,18.635,18.297,17.465,16.514,16.228,15.767,15.722,15.153,14.917,15.477,16.114,15.982,16.333,16.514,17.384,16.676,18.173,17.85,18.336,17.145,17.244,14.326,12.141,10.542,10.461,12.292,12.475,12.246,12.8,12.257,12.43,12.35,12.418,13.15,12.656,13.343,13.48,13.311,13.469,12.656,12.878,12.43,13.182,13.48,13.74,13.172,13.574,13.574,13.823,13.812,15.031,14.726,13.182,11.282,3.8761,4.5801,5.6598,6.7347,8.6673,8.6673,7.9151,7.4158,6.9215,6.4333,4.2926,4.5801,5.2438,6.5858,6.942,8.6016,9.5985,9.4346,10.046,11.282,10.976,10.781,10.609,10.963,11.382,11.194,11.469,10.859,10.172,8.4184
15.323,16.827,18.582,18.582,19.182,18.642,18.95,18.214,17.352,16.369,16.302,15.35,16.08,15.6,15.767,15.323,15.278,16.302,15.985,15.776,17.503,16.851,17.503,17.87,17.978,17.471,15.959,14.537,12.371,11.174,10.205,11.575,12.46,12.928,12.371,11.37,11.346,11.997,12.799,12.493,12.928,13.14,13.706,13.513,12.831,12.885,12.46,12.981,13.296,12.712,13.916,13.265,13.234,13.876,13.182,13.564,14.801,14.297,13.4,11.634,3.7164,4.8456,6.5855,6.7308,7.6526,7.9535,8.1762,6.5011,5.8762,4.8456,5.587,4.7302,5.6607,7.3205,6.8528,7.8134,8.9349,10.041,10.525,10.041,10.525,9.6627,9.4605,10.784,10.564,10.835,10.642,10.151,10.433,8.7
15.487,17.71,17.909,18.371,18.836,19.305,19.539,18.028,17.869,17.181,16.23,16.177,15.669,15.533,15.732,16.23,16.027,16.107,16.653,16.203,16.593,17.476,17.782,17.476,17.613,16.99,16.729,15.012,12.265,10.508,10.178,12.02,12.472,12.426,12.54,11.972,12.664,11.793,12.426,12.3,13.583,13.33,13.446,13.18,13.362,13.191,12.886,13.158,12.974,13.319,13.749,12.886,12.809,13.33,13.319,14.473,14.335,14.394,13.614,11.733,3.7672,5.4331,6.0744,6.8227,7.9201,7.628,7.9915,6.9464,6.4153,5.8604,4.5206,4.0574,5.3276,6.0744,6.9464,8.6728,9.3196,9.8237,10.655,10.178,10.178,9.6045,10.344,10.248,10.788,11.389,10.983,10.137,10.508,9.057
15.075,17.688,18.022,18.871,19.162,18.152,18.417,17.759,17.813,16.345,15.545,15.837,15.652,15.303,14.777,15.915,16.106,16.071,15.985,16.73,16.821,16.952,17.009,18.129,16.854,16.788,16.53,14.378,12.424,10.369,9.9882,12.004,12.733,12.278,12.323,12.244,12.153,12.016,11.877,13.076,12.678,13.421,13.687,13.034,12.948,12.513,12.557,12.21,12.29,13.727,13.421,13.255,13.002,12.905,13.452,13.938,14.223,14.301,13.421,11.067,3.7961,5.496,5.8146,7.0234,7.1602,7.3133,7.4448,7.8259,6.8435,5.2642,4.767,4.0091,4.8534,6.4042,7.5373,8.5047,8.7615,9.4903,9.9326,9.9882,10.594,9.8344,10.126,9.6782,10.126,10.737,11.192,10.016,9.6639,8.4228
15.307,17.369,18.817,18.854,19.073,19.022,18.55,18.012,17.575,16.801,16.153,15.487,15.92,15.352,15.78,15.307,15.334,15.797,15.832,15.656,16.459,16.957,17.249,17.818,17.055,17.193,15.832,14.459,12.952,10.532,10.115,12.008,12.157,12.561,12.214,12.428,11.656,11.549,12.483,12.293,13.037,13.731,13.487,13.027,12.812,12.682,12.736,13.006,13.006,12.66,12.855,13.206,12.682,13.425,13.589,14.051,15.06,14.218,13.902,11.257,3.7972,4.2454,5.6714,6.7435,6.598,7.0254,7.0844,6.8657,6.0039,5.8162,4.8548,4.0103,4.7392,5.5976,6.0039,8.0551,8.764,9.493,9.3754,8.9673,9.7096,9.6091,11.108,9.8373,10.386,10.492,10.662,10.005,10.115,9.1963
15.162,17.536,18.796,18.135,19.081,18.393,18.423,17.764,17.385,16.735,15.806,14.987,15.079,15.353,15.416,16.358,15.595,15.55,16.154,16.333,16.256,16.333,17.433,17.912,17.819,16.958,16.851,14.179,12.737,10.386,9.8375,11.915,12.394,12.248,12.726,12.327,11.834,12.02,12.008,13.165,12.214,12.682,13.691,13.08,12.484,13.027,12.561,12.157,12.293,13.207,14.022,12.91,13.196,12.823,14.13,13.992,14.46,14.257,14.022,11.633,3.7973,5.1863,5.8875,5.8875,6.8659,6.8659,6.4062,6.7436,6.3191,5.5977,4.2455,4.5299,6.141,5.8164,6.141,7.5396,8.9984,9.1965,9.8937,9.6812,10.373,10.373,9.9914,10.597,9.9914,10.663,11.561,10.584,9.7951,9.0138
14.872,17.511,18.126,18.195,18.913,18.684,18.993,18.256,17.455,16.865,15.882,15.715,15.803,15.645,15.085,15.847,15.847,15.847,15.085,15.847,16.741,16.262,16.658,17.535,17.98,16.865,16.159,13.947,12.012,10.133,10.376,11.637,12.566,12.332,12.521,12.127,11.885,11.838,12.521,12.741,12.665,13.201,13.827,12.957,12.687,13.17,12.687,12.127,12.298,13.787,13.492,12.687,13.17,13.337,14.233,14.233,14.646,13.997,12.914,11.347,4.0118,5.1882,5.5998,6.1433,7.165,7.4498,7.0871,6.0062,5.8896,4.9975,4.7117,4.741,4.9696,6.1658,6.9287,7.165,8.8305,9.6704,9.4234,10.174,11.075,9.6848,9.6704,9.995,10.39,10.549,10.86,10.667,10.228,8.8305
14.904,17.516,17.706,18.45,18.764,18.808,18.712,18.024,17.54,16.546,15.808,15.29,15.318,14.383,14.574,15.39,15.887,15.281,15.817,16.061,16.936,16.462,17.776,17.204,16.895,16.462,16.361,14.188,12.302,9.8441,10.748,11.842,12.864,12.658,12.69,12.165,11.923,11.605,12.016,12.918,12.961,13.507,13.014,13.67,12.69,13.014,12.525,12.734,13.434,13.036,13.299,13.268,13.046,13.741,13.791,14.266,14.978,14.698,13.014,11.783,3.5348,4.5329,5.6015,7.1672,7.396,7.4892,7.1672,6.1677,5.4252,4.999,4.8582,4.1155,4.8582,6.6026,6.3452,7.9041,8.9735,9.4996,9.6877,10.012,10.459,9.4996,9.2177,10.657,9.8017,10.591,10.433,11.003,9.6877,8.4967
14.49,17.147,18.665,18.16,18.754,18.433,18.62,17.914,17.276,17.057,15.8,15.94,15.659,15.273,14.181,15.561,15.561,15.309,16.156,16.044,16.654,16.737,16.96,17,17.276,16.861,16.078,13.663,12.125,10.387,10.494,11.94,12.662,12.329,12.43,12.216,11.835,11.882,12.284,12.518,12.954,13.323,12.954,13.007,13.208,13.039,12.64,12.684,13.261,12.749,12.911,13.458,13.427,13.458,13.944,14.229,14.746,14.461,13.198,11.835,3.3722,4.246,6.4071,6.8668,6.8465,7.0854,6.8465,6.1418,6.599,4.9963,4.8555,4.8555,5.3709,6.599,6.1418,8.4921,9.2127,8.8284,9.4211,9.9926,10.374,10.171,10.171,10.599,11.502,11.11,12.113,10.226,10.374,8.7653
14.936,17.466,18.24,18.592,18.51,19.241,17.537,17.78,17.466,17.155,15.763,16.015,15.463,15.596,15.028,15.798,16.365,15.798,16.084,16.075,16.945,16.961,17.155,17.973,17.49,16.888,16.084,14.797,12.131,10.469,10.202,12.005,12.267,12.267,12.622,12.267,11.607,11.982,11.854,13.168,13.178,13.468,13.882,12.881,13.702,12.632,12.698,12.255,13.396,14.197,13.136,13.396,13.303,13.702,14.021,14.428,14.342,14.119,13.509,11.524,3.8253,5.3585,5.3585,6.4138,7.578,8.0377,8.0033,7.3186,6.1501,6.4994,4.2362,4.3329,5.175,6.8509,6.8307,8.7451,9.0705,9.4725,9.5884,10.832,10.832,9.914,10.639,10.107,10.972,11.084,11.607,11.146,9.8161,9.3552
15.305,17.383,18.368,18.837,18.615,18.991,18.955,17.534,17.447,17.191,15.874,15.654,16.331,15.305,15.305,15.839,15.548,15.332,16.525,16.22,17.085,16.733,17.247,18.315,17.15,16.533,16.356,14.836,12.121,10.596,10.385,12.121,13.004,12.951,12.393,12.426,11.499,12.018,12.006,12.246,13.004,13.424,13.004,13.496,12.292,13.205,13.078,12.811,13.004,13.163,13.424,12.822,13.689,14.177,13.9,14.827,15.059,14.78,13.659,12.121,3.6856,5.2914,6.8447,7.4832,7.7739,7.9153,8.1907,7.6662,6.3619,6.0032,5.4208,5.7917,6.1402,5.8866,7.39,8.325,9.7085,9.4919,10.994,10.385,9.7085,10.596,9.99,10.842,10.854,12.006,11.595,11.107,10.128,8.9663
15.77,17.044,19.069,19.018,18.865,19.076,18.865,17.9,17.206,17.142,16.254,15.585,16.441,15.796,14.479,15.796,15.585,16.109,15.823,16.04,17.493,16.525,17.565,18.328,17.924,17.134,16.725,13.983,12.739,10.849,10.379,11.625,12.739,12.509,12.728,12,12.115,12.206,12.285,13.251,12.847,12.901,14.121,12.997,12.63,13.156,12.728,12.728,12.509,13.019,14.316,13.773,13.396,13.693,13.813,14.248,15.261,14.45,13.683,11.625,4.2428,4.2428,6.4237,6.8615,8.4856,8.711,7.77,8.0501,6.4237,5.4942,5.183,5.4181,6.4021,6.5939,7.1578,7.9113,9.054,9.4871,10.525,10.538,10.446,9.9988,10.525,11.163,11.262,10.578,11.188,11.25,10.366,8.4365
15.691,17.975,19.116,18.61,19.517,19.289,18.166,18.655,17.172,16.994,16.022,16.022,15.97,15.531,15.918,15.778,15.478,15.611,16.202,16.507,16.978,16.707,17.483,18.098,17.89,17.252,16.632,14.811,12.667,10.333,10.212,12.017,12.721,13.409,12.278,11.819,11.678,12.323,12.142,12.645,13.159,13.765,13.715,13.471,12.721,13.149,12.546,12.199,13.064,13.149,13.409,13.159,13.471,14.288,13.806,14.201,14.95,14.307,13.522,11.993,3.829,5.3636,6.3333,6.8373,7.8188,8.6742,8.316,7.3067,6.8575,5.9967,4.9896,5.18,5.2595,7.438,8.011,8.316,9.4817,9.1853,10.65,10.212,10.65,9.8255,10.65,10.727,11.256,11.045,11.993,10.65,10.212,9.1853
14.865,17.314,19.251,18.962,18.97,18.816,18.551,17.314,17.637,16.407,15.66,15.826,16.068,15.887,15.791,15.965,15.438,15.5,16.102,15.73,16.682,16.599,17.645,17.606,17.449,16.682,17.266,14.48,12.288,10.419,10.028,12.477,12.868,12.996,12.355,11.981,11.97,11.796,12.62,12.696,13.123,13.617,13.778,13.868,12.696,14.124,12.609,12.299,13.738,13.039,13.738,13.039,13.165,13.444,13.658,13.778,15.286,14.782,13.362,11.843,3.9976,5.3531,6.3208,7.3112,7.4234,7.8034,7.5156,7.4234,5.8687,6.1215,5.2491,5.2491,5.8687,7.0424,7.0619,7.9433,8.7363,9.8061,10.34,10.353,10.313,10.353,10.821,10.923,11.073,11.16,11.221,10.96,10.028,8.2996
15.079,17.9,18.358,17.892,18.687,18.621,18.449,17.877,16.848,17.493,15.796,15.37,15.406,15.179,15.179,15.927,15.699,15.787,16.373,15.796,16.749,16.322,16.373,17.366,16.946,16.483,16.483,14.517,11.873,10.446,10.218,12.115,12.475,13.188,12,12.274,11.873,12.475,12.319,12.509,13.417,13.489,13.448,13.662,13.282,12.804,12.274,12.997,12.997,12.944,13.417,12.997,12.804,13.893,13.251,13.723,14.977,14.819,13.417,11.649,3.1575,5.3667,6.1596,6.3368,7.3298,7.9112,8.5667,7.1577,7.5347,5.3667,5.6922,5.2887,5.418,6.6566,7.3675,8.2202,9.4724,9.3103,10.054,9.7035,10.013,10.109,10.577,10.054,10.577,10.218,11.151,10.339,10.054,7.8232
14.615,17.39,18.373,18.53,18.966,18.53,17.861,16.939,17.682,17.198,16.239,15.64,15.824,15.063,14.738,15.622,15.781,15.622,15.816,16.383,16.865,16.433,17.037,17.231,16.939,16.517,16.383,14.473,12.144,10.586,10.104,12.144,12.503,12.414,12.624,11.926,12.098,12.28,12.144,13.39,12.668,13.807,14.212,13.411,13.483,12.47,12.992,12.503,12.712,13.307,14.115,12.809,12.938,13.483,13.676,13.897,14.813,14.212,13.411,11.257,3.1996,5.3644,5.4918,6.4209,7.8903,8.4818,7.3266,8.3171,6.3341,6.7363,4.8497,4.7049,5.8811,6.5065,7.8903,8.563,8.6273,8.9423,10.441,10.638,10.52,10.213,10.651,9.8268,11.331,11.294,10.573,10.52,9.6564,8.3171
15.267,17.857,18.65,18.915,19.44,18.65,18.65,17.834,17.655,16.179,15.447,15.896,15.615,15.231,15.8,14.564,15.294,14.864,16.068,15.756,17.01,16.492,17.459,18.502,17.459,17.172,17.228,13.696,12.918,10.622,10.622,11.999,12.822,13.13,12.261,12.125,12.261,12.091,11.907,12.876,13.256,13.635,13.866,13.287,13.13,12.627,12.703,12.822,12.876,12.484,13.655,12.972,13.625,14.142,13.696,13.786,14.63,13.985,14.219,11.362,3.9998,4.518,5.9882,7.1435,8.4196,7.5746,7.8077,7.1435,6.8478,5.9882,4.6976,4.9548,5.7772,5.9882,7.2964,8.0341,8.7411,9.3066,9.6415,10.712,11.079,10.319,10.198,11.228,10.929,10.465,11.999,10.198,10.517,9.4682
14.945,17.613,18.802,18.625,18.743,18.97,18.409,18.198,17.977,17.225,15.893,16.606,16.414,15.613,15.613,16.211,15.945,15.736,16.447,15.971,17.105,16.935,18.13,17.55,16.812,16.754,16.439,15.237,12.248,10.515,9.866,11.659,12.82,12.969,12.123,11.659,11.847,11.801,12.482,12.701,13.633,13.693,12.991,13.419,12.393,13.222,13.044,12.646,13.388,12.078,13.001,13.17,13.001,13.663,14.11,14.265,15.046,14.333,13.663,11.986,3.1942,4.9817,5.871,6.6836,7.5185,8.4673,7.4263,7.6458,6.8265,5.871,4.9817,5.2774,5.9873,6.3232,7.5185,7.5185,8.9732,9.6542,10.101,9.6827,9.6399,10.317,9.9079,10.62,10.397,10.62,11.077,10.344,9.9772,9.1858
15.333,17.411,18.527,18.407,19.143,18.882,18.675,17.347,18.134,17.347,16.631,15.917,15.636,15.251,16.133,15.53,15.689,16.201,15.995,16.379,16.337,16.379,16.837,17.514,16.96,16.705,16.705,14.209,12.412,11.094,9.6973,11.818,11.993,11.582,12.323,12.198,11.923,12.107,11.923,12.893,12.989,13.01,13.674,13.48,13.684,12.666,12.796,12.72,12.807,12.989,13.643,13.148,13.148,13.315,14.151,14.355,14.612,14.584,13.242,11.534,3.3262,4.7039,5.5905,6.6523,6.9173,7.8887,7.3251,7.0165,6.8571,6.1556,4.7039,5.2591,5.8799,7.1532,7.4746,8.4801,9.0481,9.0022,10.211,9.481,10.842,10.006,9.6973,10.006,9.6973,11.156,11.377,10.116,9.0787,8.8159
15.299,17.263,17.652,18.178,18.975,18.975,18.622,17.901,17.526,17.439,16.442,16.391,16.391,15.789,15.55,16.032,15.55,15.771,15.832,16.247,16.517,17.005,17.423,17.359,17.263,16.874,16.006,14.451,11.685,10.526,9.9856,12.001,12.286,12.718,12.275,11.768,12.013,12.001,12.013,13.157,12.945,13.49,13.653,13.49,13.199,12.653,13.157,12.675,12.675,12.331,13.252,13.157,13.324,13.283,13.844,14.161,14.774,14.365,12.998,11.554,3.3699,4.243,4.9928,6.8619,7.5353,8.3213,7.4428,7.0609,6.3591,5.884,4.8521,4.5273,5.3671,6.4241,6.5943,8.1701,8.9468,8.6797,9.3258,9.1912,9.4877,9.4145,9.6756,10.591,10.486,10.526,10.539,10.837,9.4877,8.9468
14.333,17.155,17.774,18.145,19.324,18.673,18.381,17.665,18.381,17.227,15.999,16.274,15.947,14.903,15.568,15.719,15.639,15.425,16.06,16.334,16.461,16.992,16.967,17.065,17.547,16.861,15.639,14.497,11.887,10.498,9.7155,11.556,12.402,12.96,12.524,12.038,11.508,11.699,12.221,12.301,13.215,13.172,12.667,13.669,12.689,12.164,12.863,12.524,12.733,12.744,12.82,13.088,12.646,13.91,13.34,14.236,14.791,14.649,13.679,11.922,3.0723,4.8577,5.1893,6.8497,7.599,7.544,7.544,6.7063,6.9302,5.216,4.9986,5.8909,4.8577,5.2952,5.8198,8.2304,8.496,9.7155,10.011,9.6869,9.5425,9.3811,9.615,9.9415,10.498,10.392,11.077,10.432,9.8432,8.9727
14.747,17.441,18.384,18.978,18.978,18.743,18.542,18.248,18.384,17.52,15.834,16.644,15.587,15.054,15.072,16.008,15.649,15.543,16.146,16.95,16.325,17.433,17.313,17.52,16.917,16.851,16.325,14.558,11.592,10.056,10.527,12.152,12.321,12.555,12.676,11.91,11.592,11.933,12.676,12.85,12.806,13.159,13.936,13.284,13.284,12.288,12.741,12.152,12.654,13.201,13.419,12.676,12.741,13.253,13.583,13.725,14.634,14.318,13.419,11.153,3.8318,4.2435,4.8526,5.6933,7.3122,7.9127,7.3122,7.3122,5.3677,5.419,4.9933,3.7218,5.5951,6.8425,7.159,8.0343,7.8247,9.1922,9.1922,9.6767,9.2072,9.9867,10.124,10.341,10.658,11.103,11.165,10.341,9.6049,8.6807
15.018,17.587,18.086,18.611,18.626,19.276,19.099,18.094,18.32,17.683,15.967,16.003,15.509,15.753,15.654,16.082,16.275,15.789,16.003,16.43,16.499,16.661,17.155,17.755,17.319,17.171,15.491,14.313,11.667,10.329,9.7654,12.246,12.611,12.689,11.751,12.06,11.171,11.715,12.281,13.213,13.394,13.625,13.562,13.872,13.562,13.728,12.866,13.299,12.943,12.555,12.811,13.213,12.866,12.877,13.309,14.373,15.14,14.713,13.562,11.895,3.1917,4.9044,5.2391,7.1567,6.6654,6.9358,7.3901,7.3901,6.4056,5.6547,4.817,4.7579,5.4768,7.2354,6.7707,7.997,9.0588,9.4262,9.3054,9.5899,10.274,10.478,10.274,9.5159,10.758,11.667,11.108,11.618,10.163,9.1829
15.361,17.228,18.639,19.396,18.415,18.963,19.396,17.68,17.131,17.172,15.468,15.531,15.996,15.042,14.67,15.288,15.822,15.061,15.637,16.236,16.506,16.936,17.633,17.951,17.483,16.772,15.822,14.307,12.278,10.212,10.048,11.866,12.644,13.064,12.097,12.323,12.097,11.924,12.108,12.323,13.243,13.885,13.316,13.274,12.721,13.316,12.732,12.666,13.022,12.633,13.064,13.316,12.84,13.925,13.148,14.288,14.894,14.161,13.011,11.353,3.7189,4.7334,6.5055,7.1535,6.1334,7.3819,7.5852,6.59,6.3983,4.337,4.9895,5.2856,5.2594,7.3819,6.5055,7.5303,9.4815,9.6692,9.1851,9.6692,10.584,9.6692,10.36,11.057,10.83,11.76,11.901,10.636,10.982,9.5974
15.573,17.864,18.133,18.292,19.12,19.192,18.232,17.74,17.794,16.836,15.758,15.537,15.313,15.609,15.313,15.286,15.331,15.313,15.785,16.088,16.429,16.336,17.512,17.481,17.361,16.327,15.82,14.734,12.141,10.21,10.047,11.581,12.643,12.806,12.719,11.992,12.015,12.003,12.5,12.73,13.713,13.763,13.241,13.571,13.147,13.407,12.643,12.719,13.272,12.643,12.806,13.178,12.892,13.469,13.314,13.883,14.957,14.583,13.438,11.817,4.1071,5.2586,5.9958,7.3809,6.419,6.8564,7.3809,6.7343,6.3322,5.59,4.2397,4.493,5.9958,6.8564,6.5046,7.5841,9.3183,9.4802,10.21,10.21,10.005,10.102,10.57,11.533,11.056,10.841,12.276,11.291,10.115,9.7816
15.14,17.55,18.313,17.793,18.79,18.959,18.672,17.986,17.424,16.835,16.436,15.039,15.176,15.527,15.687,15.853,15.634,16.301,15.992,16.334,17.12,17.384,17.12,16.859,16.933,16.628,15.818,14.506,11.991,10.411,9.8793,12.196,12.41,12.499,12.642,12.002,11.327,11.816,12.23,13.146,12.987,13.008,13.271,13.762,12.718,13.802,12.934,12.707,12.805,12.465,13.519,12.837,12.718,12.664,14.285,14.304,14.807,14.304,13.406,11.64,3.1985,4.7031,5.2054,6.3318,6.3969,7.5287,7.4734,6.8559,6.8559,5.9953,4.1068,4.8479,4.9606,6.8559,8.0436,9.0466,9.0007,10.101,10.53,10.046,10.046,10.437,10.004,11.179,11.055,11.58,11.64,11.142,10.789,8.8144
15.185,17.428,19.017,18.627,19.068,18.545,19.307,18.251,17.657,17.188,16.854,15.652,15.59,15.802,15.634,16.353,16.114,16.106,16.722,16.821,16.821,17.657,17.5,17.657,17.991,16.993,15.056,13.697,12.278,10.529,10.126,12.48,12.678,12.656,12.678,11.594,12.634,11.594,12.391,12.949,12.722,12.656,13.728,12.733,12.949,13.422,12.656,12.424,12.645,13.034,13.328,12.557,12.82,13.494,14.126,13.818,14.862,14.455,13.171,11.771,3.0696,4.4979,5.7908,7.5374,7.0825,8.0529,7.3135,7.3324,6.8437,6.1618,5.2114,5.8857,6.1392,7.5924,7.0235,8.9494,9.1938,10.126,10.489,11.068,10.66,10.489,10.126,10.853,10.954,11.364,11.653,10.66,10.016,9.1938
14.807,17.492,18.947,19.386,18.638,19.279,19.294,18.242,18.219,17.844,16.493,15.956,15.809,16.493,15.8,16.086,15.464,15.455,16.188,16.493,16.824,17.214,17.333,17.782,17.373,17.157,17.117,14.149,12.268,10.324,9.8732,12.257,13.148,12.71,12.132,12.491,12.132,12.257,12.369,13.137,13.754,13.398,13.148,13.754,13.398,13.963,13.169,12.883,13.137,12.656,13.011,13.148,13.053,13.824,13.874,13.703,14.882,14.657,13.294,11.856,3.3648,5.4103,6.3929,7.011,7.1475,7.8121,7.9522,7.8121,7.3757,5.9453,5.359,4.9575,5.4103,7.9522,8.3088,7.9522,9.1924,10.628,10.203,10.718,10.51,9.6897,10.364,10.833,11.668,11.668,12.268,10.973,10.324,9.1774
14.995,17.333,18.758,19.005,19.589,19.063,18.823,18.343,17.933,17.357,15.772,16.278,16.151,15.737,14.801,15.737,15.641,15.641,16.253,16.049,17.428,17.013,17.294,17.174,17.585,16.785,16.851,14.31,12.681,9.8923,10.407,12.161,13.139,13.149,12.273,12.195,12.195,11.956,12.374,12.627,13.428,13.792,13.672,13.931,13.672,13.367,12.853,12.681,13.367,12.97,13.53,12.627,13.023,13.367,13.96,13.881,14.995,14.165,13.53,11.582,3.3159,4.2269,6.335,7.4146,7.6338,8.1391,8.2897,7.8643,7.0536,6.3133,6.1142,5.5733,6.3133,6.8359,7.1311,8.9744,9.6674,9.9753,10.017,9.4517,10.017,10.017,10.071,10.808,11.06,10.693,11.956,11.023,10.616,9.0506
15.015,17.648,17.973,18.621,18.849,19.024,18.103,18.554,18.134,17.381,16.444,15.043,14.933,16.002,15.441,15.512,15.993,16.105,16.216,16.173,17.036,16.577,17.476,17.452,17.381,16.931,16.284,14.282,11.995,10.194,10.194,11.514,12.698,12.256,13.292,12.817,12.177,12.301,12.6,13.447,13.219,13.125,14.009,13.62,13.125,13.69,13.041,12.644,12.709,12.988,13.416,12.785,12.967,12.211,13.95,14.136,14.33,14.262,13.861,11.223,3.0613,4.8403,5.25,7.5169,7.8047,7.8047,7.3125,6.5783,6.8452,6.8452,4.9806,5.1707,5.9397,7.0044,8.1503,8.9251,9.1688,9.9058,10.315,10.566,10.461,9.9058,10.823,10.631,10.962,11.514,11.983,10.552,9.6806,8.9866
14.788,16.968,17.886,18.131,19.036,18.825,18.343,17.77,17.401,16.747,15.789,15.614,15.833,16.178,15.763,15.798,15.311,15.667,15.763,15.798,16.755,16.607,17.863,17.614,17.009,17.098,16.305,14.788,12.647,10.197,10.62,11.998,12.647,13.296,12.917,12.483,12.215,12.124,12.449,12.625,13.389,13.954,13.624,13.954,13.785,13.694,13.044,12.777,13.864,12.874,12.97,12.991,12.248,13.785,12.97,13.744,14.487,14.14,13.634,11.975,3.0621,5.1721,5.9876,6.8471,7.4267,7.6463,8.0161,7.8947,6.4103,5.8714,5.6804,5.8005,5.8714,6.8269,7.8772,8.5488,9.5109,9.4673,10.965,10.344,9.4673,10.344,9.964,11.041,11.041,11.226,11.517,10.318,10.464,9.1713
14.875,17.278,17.719,18.203,19.025,18.938,18.748,17.928,18.346,17.341,15.975,15.975,15.758,15.232,15.766,15.67,15.59,15.457,16.009,16.291,17.085,17.333,17.085,17.341,17.23,17.46,16.61,14.192,12.363,10.505,10.199,12.485,12.877,13.005,12.092,11.908,12.092,11.908,12.704,12.823,12.877,13.626,12.973,13.657,13.047,13.667,13.131,12.877,12.92,12.92,12.994,13.422,12.78,13.453,13.697,13.867,14.651,14.143,12.715,11.52,3.5235,4.2347,5.2787,6.8283,7.8788,8.0348,7.5205,7.047,6.644,5.1731,5.4078,4.7273,5.2525,7.5205,7.4282,8.5505,10.103,9.7703,11.142,10.505,10.557,10.035,10.518,10.777,10.505,10.426,11.472,10.636,10.199,9.1732
15.201,17.391,19.001,19.676,18.891,18.891,19.377,18.407,17.676,16.748,15.392,15.819,15.722,15.21,14.316,15.669,15.364,15.642,15.669,16.166,16.74,17.263,17.287,18.111,16.665,16.362,16.345,14.032,12.648,9.6743,10.461,12.692,13.467,13.332,12.258,12.167,11.843,11.642,12.303,12.303,12.962,13.702,13.508,13.742,12.822,12.735,12.962,12.822,13.048,12.224,12.571,12.833,13.175,13.742,13.342,13.913,15.091,14.384,13.436,11.701,3.7264,4.2488,6.6032,7.9049,7.031,7.8343,7.5454,7.5454,6.8712,6.0087,5.3743,5.602,5.3743,6.8509,6.7076,8.4975,9.3829,10.5,10.137,10.381,10.671,10.137,10.864,11.278,10.658,10.54,11.51,11.315,10.606,9.0668
15.493,18.336,17.992,18.658,19.279,19.018,18.673,17.907,17.884,16.978,16.218,15.706,15.776,15.349,14.75,16.115,16.107,16.072,16.489,16.731,17.01,16.329,17.429,17.907,16.855,16.953,16.329,14.175,12.245,10.222,10.058,12.425,12.82,13.162,12.425,12.29,12.017,12.324,12.028,12.481,12.809,13.899,13.256,13.779,13.204,13.003,12.733,12.733,13.422,12.646,13.162,12.906,12.017,13.494,13.422,13.819,14.9,14.778,13.162,11.168,3.7964,5.9562,5.4203,7.4453,8.0188,7.5927,7.8969,8.0361,6.9245,5.6946,5.2646,4.7088,5.4203,7.4453,7.8969,8.8251,9.6646,9.8351,10.841,10.49,10.383,10.49,10.37,11.546,12.245,11.156,11.267,11.068,9.7928,9.5346
14.669,17.693,17.935,18.55,18.906,18.876,19.312,18.119,18.027,17.128,15.832,15.92,15.656,15.989,15.061,15.334,15.559,15.55,16.11,16.451,16.924,16.451,18.096,18.012,16.982,16.793,16.924,14.903,12.031,10.115,10.346,12.338,13.207,12.855,12.293,12.123,12.111,12.008,12.394,12.517,13.196,13.027,13.405,13.164,12.157,13.29,13.207,11.938,13.027,12.517,13.732,13.259,13.037,13.782,13.29,13.942,15.061,14.257,13.822,11.88,3.3718,4.7099,6.1635,7.3909,7.8282,8.1747,7.7748,7.5395,6.3627,6.0039,5.2129,5.6714,7.0254,7.0844,6.8455,8.2423,9.4197,9.8373,10.843,10.06,10.426,10.545,10.532,11.257,11.392,12.008,12.123,11.108,10.115,8.5721
14.863,17.333,18.778,18.392,18.946,18.954,18.924,18.241,17.372,17.108,16.366,15.764,15.808,16.008,15.239,15.799,15.676,15.562,16.492,16.791,16.7,16.492,17.468,17.959,17.396,17.108,15.982,14.021,11.809,10.108,10.43,11.983,12.633,12.828,12.622,11.913,11.75,11.809,11.809,12.978,12.71,12.49,13.561,13.231,12.222,12.978,12.132,12.535,12.655,13.376,13.231,12.402,13.137,13.179,13.469,13.873,14.657,14.198,13.179,10.934,3.7893,4.7584,5.3588,7.7585,8.473,7.8996,7.1472,7.319,7.3001,5.9913,4.4588,5.3588,5.6595,6.4142,7.3754,8.7456,9.8167,9.6464,10.972,11.047,10.47,9.8728,10.575,11.632,10.575,10.64,11.477,11.525,10.562,8.7456
14.956,17.657,18.983,19.128,19.379,18.837,18.661,17.975,17.413,16.366,15.384,15.518,16.008,15.562,15.057,15.809,14.798,16.324,16.366,16.758,17.02,16.767,17.468,18.332,16.963,16.767,16.89,14.534,12.491,9.6611,10.324,11.573,12.656,12.829,12.786,11.573,11.573,12.098,12.132,12.797,12.979,13.304,13.398,12.71,12.369,13.053,12.623,12.098,12.491,13,13.053,12.623,13.561,13.643,13.179,13.663,14.807,14.149,13.398,12.006,3.7158,5.4103,5.9916,7.011,7.8121,8.1579,7.7589,7.3193,6.3496,4.9853,5.255,4.8448,6.8516,6.6885,7.3004,8.1579,8.9334,8.995,10.04,9.9982,11.246,10.108,10.575,10.64,10.833,11.048,11.525,11.135,10.51,9.4004
14.821,17.591,18.179,18.003,19.158,19.538,18.003,18.018,17.685,17.136,15.798,16.324,15.649,15.622,14.97,16.256,15.48,15.649,15.542,16.214,16.949,16.451,17.685,16.973,17.079,17.144,16.644,14.633,12.208,9.7902,10.54,11.686,12.719,12.654,11.828,12.388,12.242,12.025,12.654,12.555,12.73,13.419,12.632,13.815,12.946,12.73,12.741,12.632,12.422,12.511,12.719,12.477,12.511,13.48,13.252,13.895,14.452,14.595,13.284,12.014,3.7954,4.466,6.1379,6.403,7.5358,7.4804,7.3873,7.1588,6.5102,5.2632,4.7661,4.4969,5.693,6.3378,7.0614,8.2382,8.8228,8.7122,10.165,9.9306,9.7049,10.526,10.54,10.526,10.54,11.19,10.735,10.592,10.124,9.4151
15.321,17.238,18.58,19.273,19.042,18.144,18.393,17.937,17.11,16.948,16.018,16.502,16.325,15.563,15.465,15.678,15.276,15.625,16.825,15.983,17.35,15.983,17.35,17.899,17.627,16.451,16.493,14.724,12.711,10.524,10.471,11.914,12.883,12.7,12.926,12.133,12.223,12.302,12.492,12.711,13.295,13.17,14.023,12.979,13.398,12.257,12.133,12.7,12.223,13.138,13.429,12.787,13.138,13.232,13.46,13.914,14.602,13.884,13.674,11.538,2.9728,4.4901,5.4866,6.3933,7.7592,7.5792,7.9003,7.5792,5.9919,5.4106,4.7297,4.2369,6.1286,6.8318,7.8125,8.0389,8.9184,9.474,9.6902,9.9987,10.405,10.51,10.04,11.048,10.783,11.086,11.283,11.048,10.04,8.9339
15.039,17.909,18.108,18.583,18.878,18.959,17.986,18.396,17.855,17.168,16.503,16.326,15.897,16.377,15.757,15.992,15.966,15.897,16.436,16.769,16.859,17.511,17.424,17.511,16.834,16.511,16.469,14.648,12.729,10.647,10.101,12.196,12.933,12.707,12.805,12.718,12.465,11.991,12.543,13.156,13.019,13.156,13.57,13.519,13.762,13.019,12.631,12.105,12.805,13.802,13.712,13.313,12.663,13.145,13.406,14.236,15.249,14.352,13.187,11.58,3.828,5.2582,5.9953,6.7338,7.8169,8.1629,7.8169,7.3615,7.4362,5.784,4.4926,4.2393,6.3317,7.1519,7.5835,8.5597,9.3619,9.5953,10.437,11.055,10.789,11.055,11.58,11.154,10.84,11.616,11.898,11.675,10.114,9.4793
15.756,17.666,19.708,19.63,19.397,18.993,18.604,17.422,17.247,17.029,16.197,16.51,16.426,15.284,15.065,15.632,15.782,15.463,16.239,16.468,16.956,16.709,17.791,17.946,17.509,17.477,15.965,14.147,11.638,10.045,10.646,12.319,12.889,13.405,12.263,12.793,11.815,11.862,12.104,12.889,12.986,13.518,14,13.65,12.793,13.144,13.239,12.274,12.619,13.405,13.144,12.662,13.155,13.801,13.67,14.206,15.175,14.466,13.801,11.638,4.1064,5.6871,5.9947,7.8866,7.3231,8.1791,7.9564,7.3231,5.8783,6.154,4.9879,5.2049,6.3311,7.0735,7.054,7.8162,10.113,10.113,11.483,10.826,10.633,10.209,11.24,11.252,11.054,11.989,11.638,10.476,11.153,8.9844
15.254,18.964,18.811,20.051,19.444,16.923,19.101,18.125,18.92,17.64,16.276,15.96,16.594,14.852,17.702,16.735,13.213,15.725,16.569,15.576,16.8,18.094,19.592,18.186,16.8,17.189,17.601,14.178,12.44,9.9841,10.39,11.839,13.119,11.897,13.129,12.638,12.638,12.638,12.605,13.358,13.119,12.616,12.692,12.616,11.792,12.982,12.692,12.351,12.385,13.286,14.178,12.172,11.556,13.654,13.774,13.804,14.852,14.786,13.654,11.267,3.9964,5.4786,6.1421,7.801,8.4614,7.6405,7.9928,7.8713,6.902,4.9505,5.3514,5.9831,4.9505,8.4124,7.5681,8.2971,9.8032,13.623,10.025,11.651,12.385,11.02,11.132,11.032,12.992,13.129,11.509,9.901,10.547,8.6862
15.246,18.91,19.235,21.142,19.349,19.462,19.069,16.816,17.076,17.379,15.986,15.647,15.734,15.291,16.469,17.747,13.646,14.582,16.469,17.466,15.743,17.434,17.84,18.183,17.809,16.284,16.469,14.723,12.954,10.183,10.331,12.289,12.165,12.467,12.199,12.772,12.674,12.467,12.467,13.371,12.108,14.122,13.886,14.122,13.371,12.954,12.975,12.433,13.154,12.609,13.856,12.278,13.143,14.402,13.402,15.101,14.61,14.695,13.646,11.346,4.0963,5.9799,6.6341,8.9314,8.7918,8.4569,7.9367,7.0561,6.3155,6.8383,4.9756,6.1163,7.0365,7.6364,7.0561,7.4172,12.378,10.02,11.55,10.02,11.867,12.244,12.289,10.088,12.074,8.9775,12.278,11.971,10.607,9.7557
15.231,17.772,19.118,20.85,19.024,19.031,17.364,16.757,18.472,17.204,16.416,15.668,15.791,13.746,16.683,18.442,14.132,15.122,16.683,14.855,18.937,17.616,18.805,18.856,16.222,16.913,15.896,13.866,12.484,10.089,10.034,11.977,13.503,12.627,12.616,12.627,12.649,12.714,12.261,12.822,12.779,13.985,13.635,14.335,12.261,13.172,12.649,12.876,13.625,13.13,12.295,12.451,12.993,13.696,13.462,13.866,15.518,14.422,13.39,11.849,4.102,5.1727,6.908,8.662,8.204,8.4033,8.017,7.5199,7.5199,4.8422,4.9826,6.1474,5.1993,8.5498,7.1436,7.3153,12.616,8.944,11.042,12.25,10.712,9.9096,10.622,10.635,11.567,12.703,11.744,10.143,10.034,9.1724
15.427,17.374,19.753,17.182,22.23,18.322,19.344,17.958,16.916,17.594,15.954,17.206,16.892,15.954,17.374,14.855,17.594,14.075,16.057,17.508,16.662,17.633,15.745,17.078,17.594,18.087,17.15,15.03,12.859,10.09,9.7994,12.234,12.859,13.145,13.27,12.468,12.987,12.468,12.468,13.373,12.11,12.611,12.246,14.269,13.156,13.145,12.955,13.208,13.404,13.114,13.799,12.468,15.13,15.293,14.327,14.075,14.508,14.846,13.486,11.647,3.7091,4.4817,7.3624,5.9808,9.5,7.798,8.793,8.2938,7.3624,6.3164,4.0968,3.3175,4.6917,6.5726,7.4182,9.9802,9.6722,8.539,12.859,10.412,11.115,10.332,10.763,9.7994,10.346,11.788,12.611,10.346,10.185,9.0247
15.588,16.912,18.568,18.2,18.936,18.972,18.449,18.2,17.331,17.227,16.691,15.999,16.221,15.553,15.764,15.799,16.449,16.315,15.834,15.973,16.839,16.491,17.717,17.926,17.099,17.552,16.814,14.864,12.692,10.504,10.102,11.743,12.778,13.39,13.172,12.305,12.261,12.249,12.483,13.502,13.13,13.745,14.131,13.224,13.39,13.045,13.14,12.821,12.483,13.13,13.984,12.648,13.39,13.745,13.695,14.014,15.446,13.665,13.865,11.141,3.3628,4.9546,6.324,7.0461,9.0356,7.8952,9.0356,8.5494,8.0166,5.8008,5.5828,4.842,6.324,7.8074,7.315,8.6615,9.4679,11.141,10.504,11.041,11.884,11.554,11.079,11.47,11.276,11.976,11.976,10.556,10.504,8.5494
15.322,17.565,17.541,18.803,19.274,19.13,19.044,18.122,18.122,17.784,16.224,16.224,15.168,15.767,15.049,15.984,16.122,16.122,15.775,16.702,16.924,17.022,17.351,17.729,17.869,17.183,16.594,14.498,12.492,10.041,10.472,11.984,12.787,12.459,12.492,12.492,12.133,12.536,13.306,13.054,13.149,13.755,13.233,13.875,12.98,13.233,13.795,13.149,13.054,13.001,12.927,12.492,12.98,14.102,13.644,14.151,14.64,14.659,13.012,11.634,3.3652,4.958,6.1514,6.8322,8.0222,8.4743,7.6521,7.0706,7.3765,5.9922,5.9922,6.1514,6.3285,6.8523,7.3201,9.4013,10.15,10.365,10.472,11.284,10.472,10.642,11.235,11.087,11.345,11.538,11.81,10.835,10.041,9.3128
15.291,18.237,18.598,19.068,19.313,18.598,19.263,18.478,17.854,17.391,16.033,15.86,16.102,14.444,15.182,15.173,15.693,15.471,15.999,16.518,16.964,16.939,17.231,17.885,17.199,17.037,15.999,14.164,12.381,10.651,10.159,12.11,12.799,12.939,12.939,12.144,12.712,11.821,12.712,13.193,13.677,13.677,13.808,13.411,13.767,12.325,12.723,12.842,12.381,12.939,14.164,12.712,12.712,13.193,13.677,13.646,14.962,14.134,13.808,11.537,3.3682,5.4158,5.9976,7.3832,8.2336,8.3172,7.9079,7.4763,7.6591,6.8586,5.3645,5.2074,6.157,6.8586,7.4392,9.0807,9.6995,10.214,10.214,10.729,11.097,10.844,11.097,10.481,11.059,11.294,11.762,11.184,10.335,8.927
14.535,17.286,18.242,18.242,18.918,18.713,18.512,17.975,17.99,17.468,16.299,15.677,15.562,15.057,15.624,16.299,16.367,15.8,15.598,16.459,16.451,16.618,16.922,17.618,16.767,16.947,15.982,14.798,12.132,10.203,10.203,12.491,12.883,13.053,12.612,12.268,12.132,11.983,12.491,12.926,14.15,13.794,12.979,13.511,12.535,12.979,13.179,12.257,12.491,12.656,12.623,12.721,12.268,13.263,13.137,13.884,14.43,14.12,13.398,11.573,3.3648,4.9853,6.3279,7.524,7.1476,7.4317,7.3005,7.3194,7.0503,5.4864,5.4104,5.8043,6.3496,6.6471,6.8517,9.041,8.9951,10.51,10.628,10.641,10.718,10.935,10.833,11.048,11.135,11.283,11.148,10.782,9.6897,8.6188
14.841,17.519,17.551,18.536,19.184,18.633,18.295,17.708,18.112,17.288,16.549,16.089,15.347,15.793,15.67,16.346,16.414,15.293,16.414,15.82,16.807,16.873,17.159,17.424,17.4,16.346,16.235,13.416,12.834,10.069,10.501,12.304,12.349,13.038,12.963,12.041,12.041,11.666,12.494,13.038,13.017,13.55,13.176,13.343,13.017,13.333,13.207,12.527,13.017,12.292,13.343,12.866,12.747,13.176,13.343,13.302,14.681,14.191,13.416,12.018,3.2058,4.5029,5.8923,6.7492,8.5794,8.1816,7.9054,7.3972,6.7492,6.3462,5.6024,5.3746,5.6762,7.0708,6.9319,8.9749,10.027,10.069,10.027,11.18,11.607,11.205,10.069,10.435,10.593,11.316,11.843,10.658,9.6892,8.5794
14.88,17.52,18.8,19.301,18.969,18.682,18.837,18.682,17.512,16.843,16,16.026,16.207,16.207,14.815,15.765,15.544,16.138,16.343,16.966,17.177,16.868,17.872,17.918,17.583,17.353,16.999,14.311,12.637,10.215,10.01,11.997,12.994,12.648,12.724,12.505,12.02,12.237,12.146,13.152,12.67,13.025,13.719,13.152,12.844,12.67,12.282,12.146,12.549,12.811,13.485,12.472,13.413,13.889,13.719,14.551,14.446,14.117,13.719,11.822,3.5291,4.464,5.8819,7.384,8.4993,7.8914,7.8914,7.8209,6.335,6.335,5.3651,5.4926,6.335,6.8594,8.3182,8.2346,8.8189,9.9263,10.846,10.522,11.247,10.522,11.06,10.443,11.048,11.538,11.681,10.587,10.376,9.2028
15.345,18.003,18.787,19.353,18.69,19.065,18.422,17.965,17.136,16.917,16.042,15.408,15.912,15.702,15.489,15.702,15.825,15.649,15.869,16.008,16.851,17.12,18.429,17.591,17.241,17.209,17.08,14.747,12.478,10.54,9.9865,12.287,13.532,12.511,13.19,12.511,12.014,12.511,12.025,12.946,12.321,12.478,14.044,13,12.903,12.849,12.654,12.242,12.817,13.158,13.725,12.903,13.158,13.326,13.481,14.172,15.072,14.366,13.685,11.301,3.7217,5.4189,5.8846,6.8626,8.0169,8.2216,7.3875,7.895,7.0222,6.0011,5.2896,4.8526,6.5104,7.331,7.8245,7.536,9.3711,9.474,10.421,10.579,11.165,11.066,11.165,11.066,11.591,10.644,11.301,10.592,10.014,9.4154
15.663,17.771,18.64,19.147,18.884,18.67,18.625,17.662,16.989,17.151,16.458,15.813,15.804,15.601,15.601,15.277,15.286,15.386,17.151,15.813,16.659,16.964,17.224,17.919,16.833,16.365,16.365,14.33,12.332,10.86,10.377,11.262,12.298,12.742,12.433,12.298,12.013,12.116,12.343,12.522,12.287,13.327,13.997,12.742,13.431,12.287,12.522,12.522,13.17,12.643,13.431,13.337,13.202,13.327,13.697,14.388,15.313,14.9,13.788,11.372,3.2044,3.8352,6.4304,6.6008,7.902,7.7781,7.5426,8.1781,6.8686,6.3653,6.0064,4.47,6.0064,7.0678,8.1951,8.4452,9.0634,10.064,11.113,10.745,10.667,10.35,11.554,11.075,10.174,11.554,11.311,11.372,10.064,8.8308
15.173,17.475,18.786,18.786,18.823,18.467,18.601,18.43,17.859,16.831,15.63,16.432,16.195,15.054,15.327,16.092,15.85,15.613,16.297,15.63,16.954,16.023,17.356,17.475,16.373,16.954,15.754,14.757,11.988,10.002,10.207,11.53,12.137,12.639,12.984,12.888,12.262,11.988,12.228,12.496,12.802,13.403,14.028,12.54,12.888,12.54,12.639,12.228,12.463,13.005,13.268,13.31,13.403,13.153,13.759,14.233,15.164,14.155,13.31,11.814,3.7909,5.2042,5.4125,6.3955,7.527,7.4346,7.9031,7.1504,7.0138,6.5871,5.2833,4.5223,6.1533,7.0531,6.6912,8.4768,9.3007,8.9525,10.408,10.527,10.408,10.002,10.838,11.052,10.408,10.527,11.373,11.14,9.6936,9.4773
15.065,17.501,17.999,18.81,18.847,19.109,18.603,18.409,17.246,16.898,15.355,15.912,16.094,15.851,15.283,15.632,15.781,15.964,15.781,16.324,16.332,16.601,17.572,17.358,16.425,16.626,16.709,14.945,12.803,10.208,10.356,12.104,12.716,12.464,12.229,12.375,12.001,11.989,12.263,12.138,12.716,14.029,13.175,12.889,12.792,13.059,12.716,12.319,12.662,12.64,13.154,13.017,13.154,13.384,13.68,13.999,15.138,14.029,13.8,11.756,3.3665,5.1781,5.489,6.8348,8.0253,7.4724,7.4353,6.4177,6.8348,5.8781,5.1781,4.96,6.855,6.6918,6.5877,8.3129,9.1819,9.878,9.8219,10.113,10.723,10.099,10.633,10.839,10.515,10.839,10.978,11.325,9.6944,9.4782
14.978,17.525,17.643,18.479,18.975,18.539,18.74,17.494,17.877,16.914,16.849,16.1,15.079,15.549,15.271,16.39,16.323,15.788,15.867,16.348,16.988,16.971,16.849,17.077,16.873,16.783,15.832,13.983,11.931,9.9851,10.218,12.286,12.652,12.815,12.115,11.873,12.24,12.024,12.998,12.944,13.019,13.448,12.804,13.072,13.156,12.718,12.718,12.509,13.282,12.206,12.652,12.674,12.674,13.324,13.581,13.199,14.141,14.364,12.998,12.206,3.3697,4.4655,6.1372,6.8414,6.8414,8.2204,7.8939,6.7394,7.0212,6.1372,5.2888,4.9647,5.8838,6.0003,6.7394,8.6793,9.789,9.1907,10.849,9.6033,10.379,9.9851,10.379,10.339,10.951,11.36,10.798,10.578,9.8875,8.4366
15.39,16.986,18.602,19.187,19.057,18.809,18.999,17.982,16.954,16.424,15.85,16.024,15.39,15.462,14.879,15.684,15.327,15.569,16.5,16.195,16.954,17.293,17.404,17.633,16.6,16.357,16.323,13.648,12.273,9.0753,10.208,12.137,12.661,12.791,13.174,12.496,12.228,12.011,12.011,12.802,12.463,12.802,14.107,13.143,12.318,12.715,11.988,11.755,12.54,12.888,12.984,13.006,13.174,13.648,13.434,13.83,14.503,14.541,13.648,11.349,3.8273,4.7022,6.3305,6.8545,7.9556,7.3224,7.582,6.3305,5.9941,6.3305,5.2044,5.7829,5.9941,6.8343,6.8545,8.9217,8.9989,9.4775,10.723,10.369,11.482,10.825,11.14,11.288,11.288,11.239,11.53,11.239,9.9748,9.3158
14.941,16.796,18.584,18.216,19.104,19.391,18.761,17.941,17.848,16.927,16.43,14.886,15.769,15.628,15.778,15.681,15.891,15.848,16.021,16.303,16.73,16.303,17.473,17.346,17.113,16.705,15.813,14.299,11.088,9.7773,10.206,11.812,12.713,12.637,12.135,11.986,12.101,11.917,12.192,12.832,13.514,13.172,12.982,13.666,13.014,12.659,12.832,13.141,12.702,12.461,13.003,12.982,13.235,13.797,13.183,14.202,14.538,14.576,13.266,11.998,3.0649,4.0031,6.3294,7.5259,7.8845,7.9542,7.5807,7.1493,6.3512,5.4117,5.4117,4.3345,6.4161,7.6533,7.3776,8.5566,9.4759,10.042,10.001,10.433,10.526,10.785,10.721,11.576,10.526,10.407,11.088,11.286,10.367,9.0433
14.833,16.74,18.346,18.033,18.623,18.683,18.323,18.705,17.77,17.255,16.115,15.635,15.846,16.27,14.973,16.363,15.661,15.838,16.055,16.338,16.798,16.987,17.279,16.74,16.963,16.532,16.329,13.917,11.837,10.132,9.6123,11.837,12.342,13.211,12.565,12.012,12.023,12.161,12.565,13.43,12.86,13.336,13.736,12.913,13.594,12.664,13.2,12.521,13.01,13.43,13.696,12.956,13.169,13.461,13.675,14.387,14.636,14.749,13.01,12.115,3.7247,4.5006,6.3429,7.3179,7.9188,7.5419,8.0405,7.3933,5.9595,5.7943,5.6977,5.1879,6.6629,6.868,7.3745,9.0626,9.4961,10.456,10.548,11.199,10.588,10.859,11.174,10.961,11.371,11.31,11.565,11.6,10.228,8.9702
15.311,17.984,18.589,19.189,19.304,18.847,18.589,17.969,17.674,17.126,16.051,15.57,16.025,15.773,15.632,15.991,15.817,15.895,16.085,16.426,16.857,16.734,17.35,17.861,17.029,16.501,16.459,14.351,12.319,10.113,10.154,12.375,13.017,13.239,12.717,11.989,11.989,12.138,12.274,12.629,13.144,13.405,13.435,13.67,13.144,13.761,12.717,12.986,13.97,13.186,12.932,13.007,13.569,13.71,13.881,14.351,14.88,13.97,12.889,11.989,3.1546,5.1782,6.4178,7.0539,7.3795,8.4941,7.3231,7.6553,7.3042,6.5034,4.9879,5.6871,5.7835,7.8865,7.3042,8.5589,9.7799,10.045,10.941,10.633,11.178,10.515,11.531,11.567,11.153,11.091,11.815,11.815,10.33,9.3166
15.227,18.094,19.522,19.968,18.634,18.426,19.245,18.072,17.093,15.96,15.934,15.96,16.469,16.276,15.655,15.254,14.916,15.778,16.394,16.402,17.475,16.825,18.568,18.374,17.632,16.955,17.189,14.514,12.779,10.025,10.547,12.205,13.244,13.654,12.811,12.473,12.081,12.25,11.651,12.638,12.638,13.684,14.514,13.654,12.681,13.161,12.284,12.239,12.473,12.811,13.379,13.119,14.207,13.774,13.804,13.973,15.786,14.637,14.1,11.839,3.8203,4.9505,6.679,7.9928,8.4124,7.9928,7.9928,7.9409,6.3189,7.3652,5.4027,6.1421,6.8218,8.1969,7.6405,9.0282,8.5423,10.495,10.547,11.156,11.556,10.767,11.592,11.509,11.592,11.651,12.115,11.328,10.767,8.7964
15.444,17.884,18.319,19.493,19.365,19.114,18.129,18.379,17.613,17.201,15.797,16.688,16.21,15.665,15.444,15.444,15.97,15.515,16.605,16.48,17.096,16.91,17.977,18.069,17.83,17.169,16.754,14.712,12.526,10.555,10.825,12.123,12.448,12.969,13.128,12.247,11.8,12.292,12.247,12.873,13.043,13.138,13.743,13.295,13.633,12.393,12.701,12.646,13.222,13.253,13.128,13.17,13.622,14.139,14.139,14.139,14.796,14.796,13.222,11.311,3.9991,5.2511,6.9067,7.8063,7.9982,8.0326,8.5481,7.8941,7.8766,6.8465,5.9871,5.4063,6.4952,7.4632,7.1422,9.1706,9.3934,10.825,11.04,10.633,11.077,10.317,11.238,11.6,10.927,11.335,11.986,10.568,10.62,8.4833
15.233,17.849,19.225,19.977,18.374,19.424,18.782,18.62,17.451,16.775,15.993,15.793,16.676,15.547,15.44,16.061,15.44,15.152,16.308,16.808,16.93,17.316,17.919,17.972,17.451,17.003,16.684,14.709,12.698,10.421,10.552,12.445,13.25,13.125,12.708,12.357,12.301,12.12,11.902,12.086,12.621,13.66,14.482,13.219,12.784,12.966,12.87,12.708,13.219,13.78,13.66,13.364,13.69,13.78,14.184,14.106,15.369,14.558,13.25,11.272,3.7122,5.1705,6.6819,7.5166,7.8747,9.0321,8.4813,8.0307,7.0629,5.7986,4.9527,6.3434,6.4937,5.9857,7.6438,8.69,9.1684,10.193,10.823,10.354,10.823,10.354,11.333,11.656,11.074,11.514,12.256,11.272,10.63,9.9053
15.067,17.491,18.662,18.483,18.84,18.891,18.536,18.166,16.944,16.911,16.371,15.82,16.345,15.829,15.34,15.295,16.32,16.106,16.098,16.252,16.514,16.722,17.203,17.687,17.139,17.68,16.345,14.629,11.824,9.7873,10.484,12.317,12.672,13.154,12.329,13.196,11.906,12.148,12.845,13.154,13.196,13.65,13.154,13.579,13.154,13.186,12.715,12.65,13.477,13.165,13.415,12.802,12.995,13.487,13.415,13.487,14.62,14.294,13.415,11.492,3.7206,4.4956,5.9529,7.7688,7.9101,8.3195,8.0488,7.8221,6.3577,6.1587,5.8828,5.5933,5.667,7.8221,7.8925,9.0066,9.7873,10.641,11.261,10.732,10.834,9.9834,10.847,11.297,11.334,11.334,11.552,11.162,10.444,9.1892
14.587,16.939,18.598,18.59,18.82,18.373,18.237,18.077,17.255,17.557,16.634,15.693,15.533,16.136,15.816,15.998,15.781,15.622,16.315,16.033,16.964,16.841,17.391,17.486,17.486,16.709,15.998,14.242,12.992,10.05,10.159,12.415,12.723,13.182,12.503,12.81,12.018,12.235,12.81,13.182,13.524,14.007,13.318,13.887,13.808,13.182,12.81,12.81,13.897,13.013,12.415,13.318,13.473,13.717,13.473,13.927,14.358,13.887,13.245,11.537,3.3682,4.9625,6.5066,7.9079,8.0294,8.3172,8.4819,8.2168,6.9188,6.3342,5.7863,5.2603,6.157,7.1547,7.8904,9.0041,9.6994,10.534,10.844,10.534,10.793,10.008,11.183,11.059,11.183,11.68,11.549,11.294,10.729,8.7073
15.232,17.55,17.87,18.361,18.84,18.33,17.988,18.787,18.168,17.486,16.168,15.644,15.453,16.488,15.805,16.071,16.263,15.453,16.488,16.607,17.217,16.961,16.894,17.413,17.83,16.953,15.983,14.51,13.129,10.485,10.322,12.227,12.399,12.273,12.945,13.332,11.671,12.41,12.456,12.769,12.868,13.459,13.584,13.332,13.3,13.954,12.512,13.553,13.075,13.151,13.29,13.3,13.553,13.459,13.719,14.075,15.204,14.353,13.129,11.803,3.7589,4.7843,6.5754,8.2696,8.7672,8.1317,8.4052,7.6112,7.5553,6.9311,6.6608,5.9433,6.4012,8.1144,8.1144,7.9915,10.525,10.645,11.302,10.645,10.552,10.751,11.062,11.61,11.214,11.993,11.803,11.695,10.211,9.7006
15.328,17.357,18.846,19.281,19.388,17.983,18.956,17.844,16.298,16.425,15.807,16.196,16.196,15.781,14.617,15.328,15.246,15.246,16.766,15.851,16.832,16.897,17.983,18.431,17.906,17.341,17.476,14.617,12.716,9.6941,10.645,12.103,13.435,12.931,12.497,11.815,11.989,11.756,11.638,12.138,12.931,13.649,13.71,13.404,12.541,12.889,12.228,12.497,13.143,12.408,12.792,12.727,13.679,14.503,13.154,13.465,15.055,14.36,13.999,11.756,4.2386,4.2386,6.1536,7.8861,8.4936,8.9992,8.5584,8.0423,7.0535,5.8779,5.9481,5.8779,6.3525,7.3227,7.3791,8.6228,9.989,10.409,11.053,10.838,11.578,10.838,11.09,13.017,12.138,11.578,12.274,11.053,10.515,9.4779
15.061,17.354,19.054,18.666,19.448,19.133,18.872,17.872,17.186,16.984,16.012,15.134,16.303,16.455,15.778,15.611,15.769,15.987,16.295,15.987,16.829,16.829,17.544,18.39,17.669,17.113,17.113,14.462,12.713,10.578,10.097,11.612,12.982,12.832,12.659,11.917,11.576,11.917,12.101,12.659,12.615,13.014,13.667,13.014,12.494,12.494,12.494,12.494,12.703,13.141,13.887,13.141,13.432,13.797,13.877,14.576,14.867,14.143,13.298,11.249,3.8267,4.7307,6.5017,6.1299,8.621,7.9543,8.2275,8.7483,7.9543,7.1494,5.8058,6.1299,7.0521,6.3295,7.7609,8.9974,9.3587,9.476,10.042,10.001,11.986,11.754,11.671,11.859,11.998,11.528,11.754,11.15,11.138,9.3587
15.298,17.753,18.146,18.001,19.479,19.069,18.539,18.419,17.651,17.182,16.914,16.39,15.796,15.051,15.343,16.617,16.642,15.343,16.441,16.348,17.117,16.84,17.117,17.398,16.947,16.988,15.831,15.261,11.873,10.446,10.446,12,12.509,12.739,12.641,11.908,12.15,12,12.206,12.728,12.652,13.188,12.718,12.998,12.652,12.804,12.848,12.652,12.944,12.944,13.53,13.723,12.901,13.479,13.251,13.581,14.679,14.479,13.479,11.826,3.5302,4.7655,5.7888,6.8413,7.5898,8.4856,8.7586,7.6624,7.6624,5.668,5.6923,5.2888,6.594,6.4022,7.3864,9.3697,10.123,10.446,10.578,11.188,11.101,10.849,11.051,11.164,11.59,10.951,11.494,11.542,10.525,8.7111
14.96,17.44,18.6,19.078,19.53,19.273,18.652,18.125,18.307,17.495,16.256,15.586,16.041,15.929,15.701,16.213,15.407,16.007,15.929,15.911,17.005,16.518,17.208,18.178,17.495,16.973,16.973,14.886,12.151,10.055,10.42,11.768,12.51,12.945,12.653,12.241,11.768,11.874,12.002,12.631,12.002,12.902,12.945,12.945,12.675,13.283,13.158,12.32,12.275,13.168,13.48,12.805,13.189,13.2,13.49,13.895,14.858,14.317,13.815,11.337,3.5305,4.7659,6.0008,6.3375,8.1704,8.68,7.8945,7.9121,7.0807,6.0008,5.1835,5.8842,7.0218,6.8419,6.6987,8.9626,9.676,9.5317,10.526,10.735,10.592,10.657,10.657,11.555,11.495,11.555,11.827,10.85,10.85,9.4148
15.554,17.968,18.849,19.478,18.981,18.871,18.79,18.251,16.73,16.071,16.149,15.837,16.952,15.985,15.375,15.705,15.084,14.982,16.037,16.251,16.647,16.722,17.649,18.129,17.428,17.244,16.755,14.56,12.819,9.7068,9.9326,11.067,13.286,13.318,13.203,12.513,12.244,12.004,12.278,12.21,12.743,12.645,13.401,13.171,13.161,12.278,12.21,12.29,13.171,12.424,12.905,13.002,13.493,14.174,13.421,14.174,15.33,14.223,13.778,11.689,3.7224,5.4961,5.6698,6.7003,7.6649,7.8259,8.634,7.37,6.339,6.339,5.2643,4.4978,5.8146,6.7415,7.8259,8.3235,9.417,10.369,10.659,10.659,9.8907,10.167,11.105,11.497,11.105,10.992,12.153,11.689,11.067,9.057
14.919,17.72,18.458,19.354,18.86,18.926,19.006,17.467,17.555,17.428,15.673,15.849,15.726,15.513,14.844,16.093,15.726,15.646,15.214,16.819,16.753,17,17.523,17.72,17.267,16.901,16.975,14.398,12.17,9.6771,10.14,11.846,12.695,12.75,12.739,12.17,12.044,11.846,11.561,12.739,12.837,13.44,13.019,13.21,12.662,12.351,12.75,12.574,12.923,12.75,12.673,12.497,13.336,13.917,13.336,13.746,14.844,14.243,13.221,11.609,3.7275,5.1918,6.413,7.3988,7.6026,7.3233,7.4549,7.8365,5.8225,5.7019,5.3758,5.7019,5.8936,6.3695,7.092,8.4343,9.72,9.547,10.14,10.752,10.397,10.867,11.12,10.503,11.083,11.083,12.407,11.561,10.357,9.0693
15.434,17.616,19.066,19.214,19.557,19.214,18.94,17.68,17.447,17.053,16.548,15.461,16.701,15.867,15.044,15.814,14.893,15.814,17.152,16.08,17.317,16.522,17.68,18.154,17.68,17.317,16.794,14.321,12.553,10.477,10.757,12.371,12.687,12.864,12.809,12.233,12.058,12.337,12.687,12.952,13.082,13.56,14.469,13.136,12,13.082,12.451,12.787,12.687,12.864,13.921,13.297,13.623,13.466,13.87,13.991,14.711,13.921,13.798,11.22,3.3639,5.0177,6.0643,7.0961,8.1361,8.274,7.6153,6.7278,6.4267,6.0643,5.3453,5.6539,5.7285,6.0643,7.9781,8.6583,9.0575,9.7058,10.77,10.327,11.068,10.848,10.231,11.952,12.371,10.965,12.553,11.182,10.952,9.5885
15.084,17.158,18.255,18.802,19.576,17.91,18.527,17.825,17.582,16.658,16.021,15.194,15.715,15.358,15.715,15.313,15.662,15.838,16.406,15.803,17.134,16.338,17.605,17.582,17.447,16.963,16.406,14.33,12.252,10.228,10.349,11.884,13.042,12.914,12.488,12.252,12.252,12.161,12.488,12.521,13.461,13.543,13.594,13.543,13.01,12.914,12.488,12.828,13.211,12.488,13.032,12.741,13.032,13.736,14.056,14.135,14.843,13.787,13.169,11.696,3.3316,4.7116,5.6979,6.43,7.3935,7.831,7.9015,7.3935,6.3431,5.294,4.8566,4.7701,5.1881,7.5422,7.9714,7.9015,9.4964,10.429,11.062,9.7131,11.062,10.808,11.589,11.943,11.174,11.838,12.035,11.696,10.86,9.6126
15.302,16.951,18.386,18.899,19.161,18.454,18.626,17.928,17.928,16.976,16.216,16.216,15.074,15.774,14.823,15.482,15.704,16.01,16.035,15.651,16.01,16.992,17.243,17.498,17.427,16.951,15.931,14.164,11.652,10.801,10.541,12.118,12.947,13.16,13.285,12.289,12.015,12.153,12.721,12.732,13.022,12.851,13.696,13.033,12.947,13.022,12.556,12.118,12.677,13.847,13.907,12.655,13.202,12.947,13.817,14.125,14.597,14.046,13.4,11.497,3.5311,4.5282,5.6938,6.8633,8.0177,7.8254,8.4387,7.1597,6.5111,6.3386,5.2902,6.3604,6.5956,6.8633,7.3128,8.5041,10.166,11.067,10.369,11.545,12.027,11.557,10.736,10.659,12.39,11.557,11.829,11.876,10.801,9.193
14.871,17.247,18.581,19.189,18.964,19.189,18.722,18.67,17.674,16.709,16.333,15.991,15.685,15.808,16.017,15.817,15.817,16.231,15.817,16.231,17.126,17.166,16.988,17.477,17.501,16.858,16.197,14.843,12.138,10.581,10.529,12.409,12.706,12.793,12.64,12.104,12.274,12.104,12.319,12.793,12.986,13.405,13.436,13.144,12.717,13.405,12.629,12.662,12.662,12.409,13.312,12.986,13.007,13.64,14.029,14,14.731,14.945,12.986,11.579,4.0042,5.2577,6.1315,6.9155,7.6554,8.559,7.4355,7.5279,6.835,6.6506,5.4892,4.9601,5.7835,8.0256,7.8866,9.1822,9.6519,10.33,11.325,11.141,10.839,10.476,11.531,11.531,11.483,12.104,11.615,11.579,10.646,9.6662
15.119,18.198,18.933,18.853,18.198,18.743,18.933,17.605,17.455,16.688,16.108,15.506,15.444,15.97,15.612,15.832,15.753,15.97,16.312,16.688,16.48,17.104,17.168,17.853,17.923,17.144,16.48,15.372,13.253,9.4664,9.8097,11.882,12.787,12.99,12.646,12.646,11.882,12.123,12.304,13.138,12.646,13.169,13.449,13.169,12.448,13.284,12.526,12.787,13.159,13.128,13.873,12.99,14.139,13.5,13.863,14.712,15.018,14.139,13.222,11.311,3.7866,5.9871,6.3448,6.9066,7.5183,8.9422,8.1518,7.6456,6.7246,6.3231,5.4062,6.6421,7.045,8.0153,8.0325,9.29,10.515,11.164,11.659,10.812,11.8,10.567,11.997,11.468,12.526,11.564,12.304,11.624,11.139,9.1855
15.542,17.446,18.615,18.967,19.017,18.901,18.188,17.914,18.279,17.391,16.346,15.745,15.962,15.823,15.436,15.578,15.542,15.867,16.48,16.48,16.346,17.216,18.036,18.196,17.264,17.446,16.396,14.844,12.286,10.704,10.095,11.899,13.163,12.475,12.813,12.173,12.082,12.353,12.519,12.78,12.909,13.452,13.452,13.163,13.163,12.64,12.77,12.694,13.121,12.683,14.083,13.277,13.411,14.277,13.866,14.62,15.111,14.592,13.736,11.653,3.997,4.4533,6.4064,6.9031,8.9683,8.5436,8.5436,8.4626,7.31,6.5761,5.3522,5.2483,7.0021,7.5144,8.1981,8.4137,10.082,10.614,11.354,11.071,11.794,11.133,11.558,12.252,11.979,11.618,11.618,10.921,10.614,10.082
15.707,18.025,18.607,19.331,19.735,18.748,18.903,18.254,17.66,17.438,16.151,16.151,15.628,14.827,14.629,16.039,16.151,15.628,16.533,16.449,17.383,17.19,17.446,17.886,17.901,16.856,16.491,14.667,12.336,10.854,10.059,12.212,12.724,12.724,12.392,12.559,12.515,11.655,12.734,13.33,13.78,13.205,13.423,13.536,12.81,12.68,13.205,13.288,13.82,13.205,13.73,13.33,13.82,13.689,13.78,14.225,14.562,14.371,13.205,11.583,3.7967,5.8154,6.1626,7.483,8.5059,7.9675,8.2243,7.9151,7.4459,6.8446,6.14,5.695,6.9251,7.4459,8.2411,9.6078,10.128,10.739,11.268,11.773,11.547,11.057,11.937,11.631,12.336,12.121,12.68,11.169,11.341,9.5354
14.846,17.594,18.367,18.36,19.094,19.494,18.539,18.247,18.3,17.151,16.463,15.49,15.928,15.57,15.437,16.202,15.781,15.49,16.27,16.27,16.949,16.949,17.843,18.322,17.943,17.127,16.337,15.021,12.076,10.333,10.346,11.973,12.6,13.114,13.374,11.973,11.835,12.076,12.687,12.988,13.649,14.115,13.156,14.173,13.405,13.486,13.114,12.633,13.353,12.633,13.114,13.281,13.239,14.124,12.956,14.404,14.911,14.25,13.608,12.076,4.097,5.1663,5.8648,6.9985,8.1603,8.7933,8.2941,7.8684,7.9381,5.9809,5.9809,5.1663,6.7177,7.9381,8.6831,8.6831,10.801,11.115,11.73,11.115,11.505,11.612,10.814,11.505,11.985,11.835,11.893,11.588,10.557,10.544
15.318,17.986,18.564,18.676,19.102,18.623,19.102,18.201,18.148,17.517,16.13,15.818,16.061,14.988,14.988,15.668,16.344,15.721,16.122,16.496,17.027,17.517,16.969,17.334,17.229,17.205,16.471,14.575,12.017,10.433,10.67,12.658,12.756,13.036,12.962,12.166,12.57,12.166,12.669,12.691,13.466,14.002,13.216,13.466,13.269,13.206,13.015,13.174,13.174,12.691,13.435,13.342,13.206,13.507,13.701,13.912,14.14,14.575,13.435,11.842,2.687,5.2959,6.6028,7.8338,8.4478,8.7227,8.0264,7.8338,7.7805,6.6656,5.5016,6.3454,6.6656,8.0437,8.1976,9.5437,11.203,11.179,12.132,10.864,11.569,10.864,11.557,11.783,12.04,11.783,12.257,11.783,9.688,9.0047
15.028,17.663,18.057,18.952,19.177,18.659,18.622,18.33,16.79,16.945,16.187,15.763,15.274,15.981,14.834,15.623,15.981,15.807,16.041,16.499,16.822,16.424,17.561,18.24,16.945,16.921,16.591,14.495,12.633,10.43,10.202,11.749,13.23,13.009,13.23,12.401,12.131,12.267,12.085,12.401,13.303,13.702,13.136,13.882,13.009,13.147,12.654,12.785,13.702,12.3,13.662,12.698,13.293,14.342,13.641,13.631,14.834,13.396,13.376,11.982,3.7155,5.175,5.8037,7.6506,8.5536,8.5536,8.2245,8.0033,7.6506,5.6592,6.1277,6.4994,6.6878,7.5232,8.0378,9.4726,10.107,11.084,11.476,11.245,11.343,10.934,11.233,12.534,11.855,11.994,12.698,11.233,10.781,8.8081
14.801,17.495,17.495,18.396,19.247,18.782,19.045,18.154,18.123,16.95,16.319,15.985,15.812,15.278,14.885,15.768,16.37,15.777,15.985,16.852,16.728,16.327,17.241,17.217,17.185,17.056,16.302,15.324,12.404,10.353,10.525,11.997,12.537,13.14,12.723,12.493,12.404,12.27,12.404,12.712,12.831,13.826,13.4,13.234,12.702,13.297,13.171,12.799,12.702,12.702,13.002,12.712,13.14,13.171,13.472,13.472,15.16,14.201,13.171,12.089,3.5258,4.8457,6.329,7.5254,7.9537,8.0228,8.7001,7.6528,7.4701,6.9131,5.9927,5.9927,5.9927,8.4749,8.04,8.9505,10,10.784,11.087,11.575,11.611,11.575,11.236,11.997,11.635,12.304,12.537,11.05,10.577,10
14.73,17.5,18.34,19.108,18.992,18.408,18.31,17.998,17.571,16.832,16.733,15.328,16.196,15.684,15.391,15.631,15.255,15.989,16.433,16.196,16.6,17.06,17.221,17.665,16.897,16.766,16.832,14.301,12.273,10.838,10.528,12,12.716,12.716,13.059,12.137,11.919,12.273,12.541,12.307,12.496,13.404,13.517,12.541,12.273,12.716,12.307,12.307,12.985,13.238,13.8,13.185,13.404,13.709,13.465,14.234,14.888,14.028,13.476,11.349,3.1979,4.5225,7.073,7.5273,8.1615,8.5583,9.0755,7.7623,7.6548,6.7326,5.8779,5.948,7.3226,6.8345,7.8156,8.9529,10.044,11.053,11.177,11.578,11.919,11.09,11.989,12.194,11.989,12.137,11.919,11.239,10.645,9.5937
15.328,17.999,18.521,18.648,18.876,18.993,18.935,17.86,17.945,17.166,15.851,15.355,15.782,15.99,15.055,15.817,16.016,15.632,15.99,16.128,17.19,16.988,17.477,18.129,17.548,17.118,15.817,15.31,12.319,10.633,10.113,12.104,12.541,13.186,12.497,12.104,11.756,12.263,12.497,12.229,12.64,13.435,12.803,12.932,12.319,13.144,12.64,12.104,13.06,12.716,12.835,12.889,13.568,13.517,13.568,14.283,14.542,14.302,13.144,11.483,3.7177,4.8473,6.1539,7.0734,7.816,8.4286,8.5588,8.0426,7.7628,6.5033,6.3528,6.8551,7.1511,7.3794,8.0426,9.92,10.33,10.839,11.531,10.646,11.325,11.815,11.289,11.483,11.543,11.614,11.531,10.33,10.978,9.6945
15.131,17.626,18.984,19.38,19.042,18.356,18.639,18.098,17.469,16.792,16.232,15.563,16.418,15.844,15.049,15.049,15.303,15.598,16.426,16.367,17.414,17.158,17.35,18.242,17.937,17.214,16.451,13.754,12.721,10.04,10.576,11.668,12.656,13.398,11.995,11.633,11.369,11.234,11.573,12.623,12.721,13.305,13.704,13.138,12.656,13.378,12.189,12.979,12.979,12.7,13.18,12.634,13.874,13.704,13.398,14.276,14.873,14.15,13.001,12.133,3.1531,5.8755,6.4148,7.8828,7.9003,8.9338,8.6989,7.5243,7.1478,7.0113,6.3499,6.5847,6.3062,8.3092,8.2257,9.6901,9.9155,11.234,10.935,11.148,11.668,11.573,11.526,11.573,11.526,11.573,12.536,11.32,10.834,9.3122
15.255,17.22,18.226,17.882,19.136,18.631,18.579,18.158,18.646,17.188,16.499,15.63,15.524,16.126,16.023,16.432,16.092,15.39,16.508,15.989,16.929,17.116,16.831,17.905,17.507,17.851,16.466,15.246,11.988,10.408,10.002,11.755,12.407,12.617,12.318,12.273,11.988,11.613,11.919,12.617,13.016,13.153,13.058,13.668,13.143,12.931,13.143,12.54,12.791,12.661,12.628,13.016,13.143,13.759,13.679,14.145,14.663,14.464,13.058,12.137,3.5266,4.2384,5.9477,6.5871,7.9554,8.7495,8.4931,8.1612,8.0246,5.8776,5.8776,4.9595,6.3304,7.4717,8.8125,9.1811,10.207,11.373,11.482,10.838,11.238,10.939,11.09,11.578,11.052,11.152,12.374,11.53,10.838,9.4773
16.024,17.39,18.819,18.679,18.944,18.834,18.885,17.884,17.414,16.315,15.998,15.692,16.247,15.824,15.336,16.101,16.093,15.613,15.824,16.247,16.634,16.717,17.884,18.259,17.485,17.23,16.634,14.511,12.144,10.844,9.6563,12.11,12.235,12.547,12.144,12.668,11.584,11.925,12.144,13.411,12.722,13.15,13.767,12.842,12.381,12.991,12.798,12.11,12.201,12.991,13.524,12.842,13.927,13.472,13.717,13.807,15.182,14.309,13.39,11.355,4.2081,4.7632,6.1568,6.7362,8.0292,8.5628,7.5862,7.7664,7.4389,5.9974,5.881,6.5909,7.0572,7.1545,8.2165,8.9576,10.049,10.844,10.831,10.983,11.331,11.059,11.146,11.096,12.201,11.158,12.28,10.651,10.414,8.8175
15.339,17.878,18.668,18.823,18.757,18.963,18.255,17.391,17.198,16.93,16.405,15.312,16.02,15.312,14.833,15.811,15.846,15.357,16.115,15.925,16.74,17.093,17.886,17.198,17.02,17.254,16.765,14.833,12.398,10.495,10.228,11.552,13.01,13.031,12.127,12.218,11.696,12.398,12.565,12.521,12.487,13.01,13.502,12.521,12.127,12.751,12.161,12.432,12.398,12.74,13.996,12.956,13.211,13.695,13.906,14.607,14.464,14.154,14.183,11.174,4.114,5.5994,6.0058,7.3932,8.2449,8.228,8.4935,7.3178,6.8477,6.4297,5.2937,6.0058,7.5418,6.8679,7.4865,9.0164,9.798,10.228,9.6698,10.859,11.31,10.744,11.395,11.504,10.601,11.346,11.504,10.808,10.228,8.9701
15.33,17.139,18.13,18.612,19.076,18.515,18.365,17.991,17.148,17.436,16.217,16.071,15.705,15.084,14.636,15.492,15.625,16.217,16.071,16.217,17.696,16.328,17.499,17.968,17.444,17.268,16.522,14.825,12.557,10.542,10.646,12.005,12.949,13.255,12.29,12.29,11.935,12.211,12.119,12.211,13.287,14.047,13.287,13.421,12.424,12.733,12.852,12.809,12.852,12.391,13.002,12.513,13.002,13.848,13.483,13.171,14.75,14.175,13.203,11.771,3.7225,4.1116,6.3391,7.1603,7.5374,7.8965,8.5048,8.0529,7.0824,6.4043,5.6943,6.0023,6.8436,7.5374,7.3701,9.3136,10.581,10.853,10.992,10.383,10.489,10.659,11.546,11.155,11.105,11.105,11.935,11.155,10.646,8.9957
14.804,17.116,18.49,19.136,19.251,18.991,18.249,18.4,17.475,16.823,15.989,15.806,15.771,15.683,14.869,15.683,15.327,15.63,15.806,15.613,16.823,16.732,17.356,17.905,17.633,17.188,17.059,14.729,12.463,10.527,10.632,12.273,13.299,13.299,12.984,12.374,12.261,11.988,11.999,12.704,12.984,13.403,13.648,12.715,12.194,13.268,12.374,11.999,12.984,13.143,13.889,13.005,13.567,13.31,13.567,14.028,15.054,14.155,13.678,11.542,3.7909,4.5223,6.1532,6.8342,8.0245,8.7495,7.3786,8.2118,6.9146,6.7323,5.8066,6.1307,7.3222,7.5269,7.8152,8.9524,10.408,10.002,10.838,11.673,11.53,11.613,12.273,12.137,11.53,11.755,11.999,10.825,11.09,8.702
15.682,17.981,17.981,18.458,17.981,18.644,17.88,17.857,17.474,16.83,16.598,15.77,15.389,15.353,14.662,15.326,16.194,15.603,16.082,16.33,16.598,16.83,17.379,17.569,16.83,17.122,16.83,14.434,11.86,10.328,9.4766,12.373,13.057,12.638,12.801,11.813,12.136,11.999,12.373,12.714,13.515,13.267,13.402,13.708,13.267,13.402,12.539,12.79,13.142,12.79,13.142,13.236,13.057,13.758,13.708,14.463,14.3,14.539,13.402,11.918,3.6797,5.4121,6.1303,7.885,7.8146,8.5572,9.3,7.9548,7.3028,6.6492,6.4166,5.8062,5.9472,8.4271,8.7013,9.1803,10.354,10.976,12.539,10.566,11.25,11.577,11.529,12.616,11.987,11.987,11.323,11.577,11.237,9.3
15.668,17.529,18.441,19.117,18.906,19.03,18.411,17.552,17.529,16.912,16.314,15.973,15.266,15.266,14.799,16.179,15.588,15.455,16.491,16.357,16.357,17.363,17.489,17.615,17.654,17.171,16.179,14.854,12.294,10.425,10.398,11.743,12.626,12.821,12.615,12.648,12.125,12.395,12.483,12.971,12.789,13.39,13.655,13.461,13.785,12.702,12.821,12.992,12.918,13.461,13.461,13.161,13.634,12.527,13.39,13.875,15.121,14.141,13.369,11.47,3.8234,5.278,5.988,8.2036,8.9281,8.9281,8.2036,7.6467,7.7542,7.5194,5.988,6.324,7.1432,8.153,7.9474,9.6553,10.102,10.827,11.661,11.976,11.743,10.827,11.079,12.305,11.743,11.53,11.802,11.47,10.776,9.3062
15.211,17.749,18.026,18.678,18.589,19.093,18.766,17.811,17.624,16.988,15.736,15.875,15.736,15.953,15.648,16.013,15.648,16.013,16.286,16.462,17.301,16.891,17.926,17.585,16.891,17.317,16.661,15.13,12.687,10.412,10.076,12.279,12.762,13.029,12.346,12.435,11.834,11.972,12.468,12.687,12.976,13.404,13.113,13.404,12.762,13.434,12.687,12.512,12.859,12.955,12.976,13.404,13.485,13.858,13.996,14.172,15.247,14.317,13.678,11.972,3.7824,5.6493,6.899,8.7926,8.1933,8.9631,8.9631,7.8679,7.8853,6.6761,6.3811,7.0568,7.51,7.51,8.6028,10.021,10.076,11.729,12.234,11.961,11.729,11.504,11.299,11.972,11.834,11.961,11.551,12.234,10.345,9.383
14.69,17.827,18.041,18.883,19.085,18.824,18.773,18.441,17.896,17.804,16.152,15.808,15.589,15.738,15.773,15.483,16.422,15.851,16.556,16.464,16.811,17.119,16.811,17.617,17.804,17.143,16.288,15.205,12.682,10.499,10.085,12.195,12.374,12.071,12.982,12.595,11.864,12.627,13.429,12.757,13.398,13.612,13.842,13.439,13.642,13.368,13.15,12.507,12.971,13.439,13.602,13.612,13.398,12.854,13.961,13.991,14.54,13.852,12.595,11.724,3.7075,5.1639,6.3136,8.1396,8.9749,10.072,8.7892,9.3793,8.2069,7.7415,6.6322,6.7146,6.8963,7.8648,9.1718,10.301,10.617,10.694,11.783,11.829,11.956,11.724,11.343,11.122,11.642,11.318,11.783,10.796,9.9758,9.3793
15.34,17.372,18.483,18.84,18.647,19.073,18.378,18.408,17.648,17.179,16.311,16.106,16.209,15.829,15.259,16.522,15.34,15.829,16.813,16.968,17.236,17.68,17.921,17.874,17.959,17.804,16.813,14.676,12.672,10.654,9.9834,11.999,12.672,13.154,12.284,12.418,12.113,12.329,12.899,13.186,13.196,13.981,13.579,13.771,12.715,13.446,13.528,12.672,13.165,12.995,13.311,12.813,12.995,13.771,13.415,13.721,14.553,14.553,13.196,11.623,3.3691,4.851,6.5084,7.5336,8.9294,9.7021,8.9449,8.9912,8.0144,7.5336,6.8604,6.8604,7.3287,6.8604,8.0488,9.6592,10.216,10.364,11.54,11.647,12.272,12.284,11.588,11.623,11.162,11.576,12.329,11.647,11.334,9.6017
15.245,17.746,18.023,18.917,18.107,19.069,18.205,17.901,18.318,17.019,16.393,15.985,15.218,15.245,15.487,16.156,16.292,15.873,15.985,16.267,17.075,17.339,17.801,17.307,17.862,16.929,15.977,15,12.685,10.812,10.183,12.466,12.685,12.985,13.205,12.696,12.062,12.244,13.205,13.846,13.616,13.606,13.268,13.636,13.35,13.205,13.535,12.609,12.674,12.9,13.616,13.237,13.278,12.631,13.676,14.17,13.994,14.544,12.804,11.261,3.7819,4.8352,5.769,7.9883,9.2786,9.6705,8.4566,8.6813,7.9883,7.9883,6.337,6.8381,7.4539,7.9364,8.9772,9.7554,10.088,11.224,11.645,12.696,12.108,10.761,12.074,11.125,12.062,11.645,10.697,12.199,10.183,9.6277
15.502,17.332,19.274,19.022,18.56,18.56,18.404,17.545,17.003,16.905,15.368,16.07,16.35,16.401,15.793,16.206,15.115,15.305,15.305,16.476,16.774,16.905,17.764,18.201,17.451,17.14,17.1,14.415,11.971,10.552,10.354,12.074,13.156,12.913,13.384,12.39,12.177,11.656,12.256,13.25,12.987,13.69,14.135,12.966,12.708,13.166,12.708,12.61,12.256,13.135,13.384,13.166,13.86,12.773,13.86,13.69,14.596,14.444,12.87,11.621,3.7121,5.2497,7.0432,7.4242,8.6898,8.9399,8.6101,8.658,7.5164,7.312,6.5779,6.4935,7.8042,7.6437,8.0305,10.098,9.6515,10.823,11.739,11.797,11.797,10.823,11.525,11.844,11.656,12.12,12.643,11.621,10.707,9.3025
15.109,17.273,18.464,18.88,18.343,17.936,18.516,17.726,17.529,16.508,16.372,15.21,15.301,16.038,15.802,16.176,15.374,15.437,16.558,16.355,16.783,17.401,17.529,18.464,17.624,16.882,17.038,14.48,12.754,10.239,10.871,12.299,12.667,12.765,12.677,12.299,12.231,11.955,12.699,13.444,13.277,13.309,13.69,12.97,12.677,13.183,12.355,12.534,13.214,13.516,13.841,12.578,13.351,13.098,13.751,14.585,14.585,14.393,13.024,11.124,4.1185,4.5361,6.5225,8.3376,8.6486,9.0107,8.519,9.6802,7.55,8.0491,5.8955,6.5225,7.4945,7.55,8.6967,9.0722,10.239,10.239,11.517,11.285,11.708,11.565,11.613,11.565,11.613,11.708,12.231,11.322,10.677,9.2242
15.367,17.711,19.041,18.718,19.68,18.014,18.206,18.206,17.719,16.974,15.857,15.936,15.367,15.286,15.176,15.213,16.543,15.511,16.135,16.374,17.161,16.9,17.553,17.952,17.906,17.161,16.501,15.367,12.135,10.854,10.356,11.95,13.272,13.018,12.169,12.031,11.892,12.02,12.135,12.305,13.272,13.178,12.922,12.965,11.95,13.22,12.76,12.529,12.965,12.26,12.922,12.76,13.22,14.163,13.178,13.796,14.843,14.193,13.438,12.02,3.5359,4.8596,7.0324,7.4543,8.6451,8.7251,9.0071,8.3342,7.9765,6.7502,6.8523,7.0324,6.7089,8.4992,8.4992,10.396,10.66,11.28,12.305,11.28,12.169,11.181,11.069,12.694,12.123,11.927,12.169,11.845,11.317,9.3254
15.73,17.626,18.62,19.408,19,18.825,18.08,18.412,17.626,17.248,15.947,16.28,16.007,16.153,16.465,14.766,15.739,15.774,17.12,16.942,16.885,17.079,17.587,17.688,17.524,16.787,17.176,15.024,12.595,10.797,10.539,12.43,13.234,12.595,12.693,12.162,11.888,12.105,12.241,12.071,12.628,13.203,13.763,13.275,11.957,12.375,12.241,12.241,13.109,12.982,12.628,12.693,13.883,13.962,13.368,14.167,15.739,14.398,13.603,11.642,3.7077,5.1642,6.6738,7.9866,8.4548,9.3357,8.6794,8.471,7.7418,7.5074,5.8623,6.4004,7.4153,7.7949,8.2073,9.6399,10.127,11.024,11.607,11.512,11.452,11.258,12.105,12.23,12.241,11.888,12.595,11.642,11.5,9.3357
15.59,17.404,17.773,18.293,19.09,19.284,18.27,17.95,17.396,16.816,16.035,16.069,16.035,16.069,17.1,16.316,16.18,16.035,15.948,16.684,17.277,16.291,17.396,18.134,17.491,17.617,17.277,14.489,12.627,10.425,9.7698,11.744,12.126,12.306,12.649,12.092,12.183,12.092,12.779,13.131,12.876,12.972,13.504,13.162,13.747,12.306,12.704,11.977,12.704,12.529,13.391,12.822,12.779,13.131,13.696,13.747,14.422,14.631,13.391,11.471,3.5233,4.7271,6.3246,7.5201,8.6144,8.5501,8.4853,8.3046,7.8959,7.4278,6.3027,6.4112,6.828,8.469,8.2043,9.4541,10.359,10.319,11.042,11.803,11.744,11.989,10.967,11.803,11.228,11.167,12.262,11.314,10.505,9.9655
15.132,17.022,18.818,18.781,18.781,18.95,18.244,18.395,17.415,16.62,16.079,15.6,15.959,15.529,14.498,17.352,15.609,15.776,16.761,15.907,17.24,17.022,17.565,17.877,17.9,17.336,16.62,14.2,12.37,9.691,10.366,12.19,12.404,12.635,12.798,11.996,11.321,12.008,12.224,12.493,12.712,13.399,13.563,13.181,12.712,13.139,12.008,12.459,12.884,12.831,13.306,12.657,13.139,13.012,13.675,14.2,15.05,14.574,13.563,11.752,3.7163,4.7592,7.3014,7.1485,7.8131,8.6679,8.5556,8.4091,8.2096,7.4326,5.5868,6.3287,7.525,8.2264,7.9533,8.9501,10.564,10.835,10.524,11.149,11.61,11.174,11.149,11.985,11.61,11.174,11.752,11.527,11.37,9.8745
15.396,17.195,18.407,18.414,18.317,18.675,18.317,17.951,18.256,17.363,16.43,16.09,15.786,16.021,16.862,15.69,16.837,16.244,16.312,16.133,16.96,16.606,17.066,17.741,17.679,17.299,16.329,14.622,12.278,10.842,10.333,12.311,12.666,12.096,12.666,12.622,11.923,12.278,12.989,12.989,12.807,12.989,13.242,12.323,12.807,12.644,12.545,12.142,12.644,12.893,13.179,12.989,12.807,12.989,13.408,14.004,14.161,14.161,13.148,11.292,3.7188,4.4934,5.5905,6.8369,9.0022,9.3636,9.0787,8.0277,8.0449,6.8571,5.2854,5.9963,7.0559,7.6574,7.8887,8.9868,10.116,9.9785,11.292,11.329,11.486,10.584,10.727,11.181,11.677,11.255,11.865,11.057,10.373,9.6545
14.742,17.179,18.536,17.921,19.066,18.78,17.959,17.866,17.687,17.491,15.907,15.925,14.901,15.259,15.067,16.252,16.639,16.252,16.209,17.074,17.042,17.371,17.235,16.968,17.308,17.139,16.438,14.966,12.715,10.121,10.052,12.238,12.418,12.102,12.672,12.726,11.54,12.639,13.027,13.248,12.737,12.899,13.186,13.154,12.639,13.394,12.628,12.418,12.283,12.474,13.487,13.196,12.942,13.311,13.901,13.311,14.477,14.313,12.726,11.683,3.2005,4.5262,7.0788,7.3286,7.9623,8.3194,8.8201,7.5335,7.3097,6.8401,6.6555,6.7382,6.8401,6.7382,8.2189,9.3237,10.216,10.732,10.378,11.248,10.949,11.871,10.949,11.248,11.683,11.765,11.54,11.824,9.4856,9.4856
15.219,17.399,19.188,19.48,18.779,18.779,18.499,17.528,16.594,17.006,16.19,16.014,16.155,15.935,14.302,16.129,15.917,15.979,16.406,16.129,17.593,16.881,17.536,18.091,17.293,16.637,16.492,14.272,12.935,10.543,10.689,12.536,13.322,13.78,13.311,12.626,12.124,12.112,12.389,12.77,12.847,13.14,13.573,13.279,13.902,12.858,12.263,12.4,12.748,12.4,13.279,13.151,13.322,14.292,13.82,14.768,15.622,14.449,13.521,11.601,3.7559,5.011,5.4168,8.038,7.1263,8.3984,7.9851,7.6606,7.2246,6.9051,5.9386,6.3961,6.3961,7.6606,8.5648,9.7653,10.476,10.463,11.758,11.205,11.984,11.491,11.984,12.112,10.637,11.794,13.14,11.091,11.293,9.7653
14.725,17.399,17.992,17.899,18.243,18.839,18.122,17.159,17.961,16.948,15.81,16.326,15.906,16.018,16.793,15.528,16.452,16.317,16.494,16.594,16.924,17.111,17.239,17.215,17.627,16.924,15.984,14.612,12.303,10.511,9.916,11.996,12.099,12.314,12.787,12.83,12.19,12.722,12.624,13.399,13.181,13.139,13.915,12.98,13.139,12.624,12.635,12.657,12.099,13.295,13.634,13.181,13.295,12.711,14.296,14.345,14.574,14.431,13.012,11.345,4.1047,5.6603,5.8049,7.8128,8.2093,8.1587,8.8098,7.8832,7.5247,6.5851,6.1514,5.8049,7.0705,7.4324,8.0393,10.204,10.204,10.365,11.345,11.81,11.857,11.369,11.086,11.369,11.149,11.538,12.007,11.984,10.783,9.818
14.935,17.601,19.101,18.612,18.456,18.276,18.956,18.185,17.388,16.734,15.777,15.994,15.777,15.602,16.469,15.504,15.786,16.199,15.602,15.985,16.955,16.668,17.443,17.632,17.325,17.756,16.677,14.842,12.517,10.508,10.336,12.171,12.811,13.45,13.119,12.811,12.351,12.517,12.351,13.409,12.616,13.613,13.774,12.44,12.703,13.161,12.638,12.069,12.638,13.129,13.774,12.692,13.854,13.734,14.119,14.207,15.433,14.129,13.213,11.509,3.7105,4.9782,6.1195,8.1631,7.8009,8.9822,7.8009,7.9408,7.7478,6.8217,5.676,5.796,7.421,7.9408,7.5132,9.46,10.625,11.032,11.978,11.461,11.734,11.966,11.792,11.734,11.556,12.081,12.703,12.115,11.218,9.46
12.762,15.621,15.979,16.195,16.715,16.724,15.943,15.833,15.943,14.783,14.131,14.704,13.725,13.976,13.372,13.976,14.038,14.131,14.929,14.997,15.322,14.929,15.5,15.906,15.416,14.89,14.09,12.943,11.241,9.4019,8.9599,10.78,11.085,11.098,10.901,10.618,10.901,11.098,11.357,10.98,11.953,12.038,11.42,11.856,10.901,11.819,11.621,11.098,11.305,11.098,12.038,12.098,11.917,12.522,12.796,12.038,12.671,12.965,11.953,10.341,3.1391,4.3403,5.6206,6.8521,7.8385,8.3575,7.6514,7.5369,6.8943,6.4602,5.7228,6.5049,6.659,7.3224,6.9986,8.4265,9.0244,9.6303,10.214,9.8975,10.604,10.115,10.115,10.397,10.355,10.604,10.453,10.659,9.75,8.8296
13.492,15.638,16.712,17.324,16.362,16.755,16.148,15.638,15.216,14.957,14.152,14.121,14.565,13.695,12.594,14.294,13.789,13.492,14.694,14.485,14.986,15.159,15.822,16.264,15.149,14.88,14.986,13.189,11.091,8.6243,9.1455,10.759,11.551,11.31,11.613,11.091,10.88,10.759,10.973,11.349,10.569,11.811,11.909,11.551,11.437,11.848,10.278,10.773,11.437,12.478,12.268,11.501,11.945,12.029,12.697,12.42,13.449,12.42,11.613,9.6984,4.0971,4.8715,5.2984,7.2377,8.1941,8.141,8.5061,7.9975,7.7026,6.6543,5.0752,6.0147,7.6081,6.6543,8.3516,8.4206,8.6912,9.6984,10.39,10.893,10.61,10.569,10.61,10.569,11.194,10.236,10.678,10.05,9.9197,8.6912
15.021,17.403,18.827,18.827,19.089,19.031,18.45,17.888,18.412,17.228,15.974,15.765,16.609,15.999,16.716,15.312,15.756,16.307,16.913,17.172,17.459,17.172,17.276,17.655,17.387,17.717,17.1,15.04,12.79,10.712,10.425,12.779,12.692,13.162,13.39,12.528,12.993,12.216,12.484,13.287,12.972,13.297,13.452,13.141,12.692,12.703,12.993,12.714,13.141,13.39,13.816,13.696,13.462,13.655,14.142,14.564,15.158,14.929,13.746,11.362,3.7873,5.3561,6.4965,7.5747,8.9285,9.0665,9.2919,8.4687,8.3043,7.4276,6.7259,6.4965,7.6471,8.7412,8.6619,10.57,10.712,11.079,11.471,11.988,11.626,12,12.972,12.295,11.519,11.519,11.977,12.714,10.622,9.7694
15.453,17.497,18.621,19.276,19.125,19.44,18.951,18.419,17.56,17.41,16.014,16.364,16.723,16.296,16.448,15.273,16.615,15.98,16.789,17.155,16.96,17.155,17.465,17.956,17.489,16.821,16.92,15.045,12.654,10.363,10.323,12.266,13.135,13.292,12.827,12.708,12.096,11.854,12.533,12.489,13.426,13.64,13.167,12.977,12.654,13.375,12.654,12.719,13.302,13.135,12.998,13.167,13.64,13.63,14.147,14.293,14.749,14.721,13.177,11.981,3.8251,5.5852,6.5834,7.9509,8.3075,9.6881,8.9474,9.0395,8.3075,7.2992,6.646,7.4304,7.4304,8.7446,8.3075,9.8155,10.819,10.832,12.221,11.807,12.004,12.004,11.523,12.221,11.475,11.666,12.096,12.4,10.639,10.508
15.332,17.552,18.652,19.514,19.543,17.888,18.652,18.368,17.194,16.63,15.332,15.994,16.429,15.776,16.311,15.529,15.689,15.689,16.336,16.738,17.386,17.513,18.003,17.576,17.362,16.771,16.975,14.469,12.665,9.9779,10.583,12.198,13.063,12.892,12.467,12.643,12.544,12.277,11.923,12.632,12.73,13.314,13.713,13.479,12.632,13.469,12.277,12.003,12.708,12.806,13.894,12.719,13.804,14.209,14.15,14.209,14.893,14.032,13.479,11.617,4.005,5.7847,6.3542,9.0476,9.0016,9.6682,9.8804,8.1639,7.5844,7.5295,7.0554,7.4742,7.9057,8.3149,8.0272,11.156,10.518,11.617,11.581,11.569,12.277,11.617,12.322,12.141,12.277,11.617,13.407,11.992,11.328,10.006
14.635,17.473,18.424,18.454,18.683,18.889,18.183,17.909,17.947,17.386,15.653,16.265,15.582,15.741,16.467,14.578,15.932,15.749,16.163,16.592,16.567,17.187,17.307,17.598,17.598,17.082,17.082,15.279,11.837,10.624,10.188,11.895,12.959,12.614,13.117,12.636,12.383,12.249,12.809,13.377,13.149,13.772,13.611,13.449,12.636,12.636,13.128,12.383,12.98,12.959,13.274,12.438,12.959,13.449,13.642,14.079,14.924,14.474,13.622,11.507,3.3184,4.9499,6.4046,7.4202,8.1453,9.2826,8.5412,8.4603,7.6395,7.7469,6.9011,7.0589,7.3643,8.7325,7.8703,10.188,11.265,11.837,11.519,11.614,11.732,11.614,11.976,11.614,11.507,11.732,12.35,11.507,10.454,9.6462
15.137,17.852,18.22,18.669,19.303,18.956,18.809,18.128,17.165,16.708,16.093,16.332,15.684,16.509,14.541,16.425,15.807,15.631,16.374,15.772,16.832,16.955,18.787,18.588,17.634,17.571,16.856,14.35,13.175,9.9196,10.356,12.274,12.661,13.404,12.835,12.374,12.408,12.629,12.274,13.311,12.835,13.143,13.476,13.404,12.716,12.835,12.497,12.307,12.985,13.185,13.383,13.154,13.143,13.311,14.156,14.156,14.73,14.234,13.568,11.614,3.8274,5.2836,6.8346,7.1508,9.5215,9.6513,9.4779,8.1617,8.3127,8.0078,6.8346,7.0731,7.9559,8.7025,9.3013,10.003,10.409,11.053,11.919,12.792,12.727,11.756,12.463,11.989,12.262,12.497,12.835,12.103,10.94,9.5215
14.951,17.485,18.007,18.611,18.774,19.059,18.796,18.589,18.167,17.413,16.807,16.708,16.203,16.339,15.971,16.782,16.331,15.29,16.314,16.238,17.485,17.197,17.485,17.884,17.125,17.853,16.716,14.97,12.667,11.145,9.9243,12.711,13.244,12.667,12.2,12.547,12.2,12.324,12.667,12.667,13.15,14.153,12.667,13.807,13.441,12.895,13.15,12.667,13.023,12.667,12.841,12.798,13.275,14.163,13.275,13.837,14.51,13.926,13.676,12.2,3.7929,4.9621,6.5061,8.1655,8.1824,9.6987,8.4976,8.4813,7.531,7.1542,6.6533,6.6533,6.858,9.0034,8.7542,9.6701,11.293,11.867,11.548,11.354,11.761,11.643,11.293,11.643,11.548,11.761,12.279,12.279,10.843,9.526
12.664,15.598,16.642,16.84,16.564,16.943,16.097,15.57,15.561,15.024,14.084,13.992,14.802,13.961,13.457,14.448,13.92,13.753,13.92,14.966,15.186,15.262,15.671,16.106,15.671,15.449,14.734,13.328,11.281,8.9304,9.3862,10.583,11.281,11.319,11.281,11.062,10.798,11.204,11.049,11.204,11.521,11.719,12.058,11.878,11.319,11.408,10.852,11.01,11.281,11.01,11.281,11.01,11.817,11.768,11.853,12.353,13.066,12.526,11.817,9.894,3.0353,4.947,6.1179,6.9961,7.4543,7.7386,8.0665,7.2982,7.0575,6.2575,5.472,6.9961,6.4389,7.7386,7.4543,8.1729,8.8819,9.5985,9.894,11.319,10.321,9.894,10.785,10.651,10.209,10.307,10.865,9.894,9.894,9.1847
15.185,17.749,19.007,19.014,19.346,18.602,18.142,18.407,17.749,16.967,16.479,15.793,15.546,16.336,15.474,17.13,16.208,15.828,16.513,16.479,17.647,16.638,17.647,17.997,17.679,17.363,16.638,15.294,13.195,10.12,10.364,11.87,12.736,13.016,12.715,12.506,12.009,12.147,12.113,12.384,12.845,13.248,13.414,13.69,12.812,13.185,12.384,12.736,12.671,13.027,13.69,12.736,13.321,12.995,14.361,14.312,14.741,13.89,13.195,11.587,3.8303,4.7644,7.0589,7.4778,8.6773,9.3232,9.4851,8.4837,7.8216,7.9096,6.86,7.6607,8.0139,9.052,8.6773,9.2036,10.986,10.377,11.491,11.823,11.358,11.297,11.358,12.238,11.998,12.113,12.147,11.928,11.491,9.7015
15.222,17.835,18.782,18.95,19.352,19.288,18.247,17.634,16.99,16.588,15.954,15.859,16.671,15.859,15.737,16.16,15.859,16.049,16.295,16.563,17.183,17.087,17.595,18.065,17.812,17.438,16.671,15.021,12.633,10.609,10.544,11.985,12.698,13.208,12.513,12.612,12.436,11.962,12.688,13.114,12.688,13.619,12.956,12.612,12.698,12.167,12.806,12.347,12.956,12.774,13.609,13.114,13.146,13.769,13.405,13.799,15.213,14.124,13.619,11.962,3.1908,4.9765,6.4032,7.5655,8.3931,8.9177,8.7306,8.9331,8.5394,6.3167,6.6767,6.3167,7.5655,8.6514,8.9792,8.5394,10.609,10.916,11.457,11.517,11.115,11.505,11.115,11.3,11.505,11.457,11.505,12.347,11.457,10.185
15.034,17.323,18.357,19.019,18.962,18.684,18.551,17.947,17.441,16.896,15.44,15.749,16.765,16.467,15.992,16.265,16.061,15.88,16.299,16.434,17.187,17.441,18.092,18.838,17.947,17.315,17.465,14.55,12.636,10.335,10.624,11.555,12.959,12.906,12.614,12.238,11.791,11.988,12.68,12.614,13.149,13.377,13.772,13.284,13.612,12.283,12.777,12.238,12.766,12.991,13.128,12.636,13.284,13.852,13.377,13.772,14.691,14.273,13.642,11.555,3.0594,4.7222,6.9012,6.7193,8.4766,9.5747,9.2827,8.4603,7.8703,6.8411,6.3181,6.9012,6.8209,8.009,8.4114,9.0271,9.6748,11.229,10.611,10.918,11.217,10.804,11.118,11.507,11.965,12.079,12.17,11.555,10.956,9.6463
15.032,17.315,18.619,18.604,18.927,19.224,18.56,18.192,17.856,17.091,16.273,15.59,15.26,15.608,15.305,16.172,15.966,15.792,16.434,16.774,16.675,16.962,17.646,17.646,17.607,17.091,16.299,15.032,12.3,10.193,9.9602,12.356,13.04,12.621,11.994,12.445,12.289,12.21,12.783,12.686,13.649,13.859,12.965,13.649,12.255,13.659,12.997,12.119,13.124,12.478,13.249,12.869,13.249,13.496,13.249,14.261,14.866,14.783,13.124,11.465,3.1931,4.3289,6.1219,7.804,7.6434,8.6577,8.9396,8.9396,8.7369,6.4933,7.1401,7.368,6.7226,8.0302,7.9439,9.1829,10.46,11.525,11.124,11.036,10.34,11.513,11.124,11.797,11.982,11.843,11.878,11.843,11.62,10.314
15.258,16.96,18.038,17.815,19.078,19.085,18.334,18.099,17.823,17.033,15.886,15.606,15.231,16.067,17.033,16.17,15.869,15.825,16.348,16.805,17.48,17.353,17.48,17.854,17.48,17.194,16.204,14.518,12.175,10.498,10.192,12.209,12.695,12.996,12.641,12.388,12.608,12.254,13.164,12.814,13.495,13.154,13.454,13.858,13.362,13.738,12.814,11.969,12.685,12.911,12.985,13.248,12.695,13.382,13.164,14.123,13.897,13.858,13.248,11.981,3.0606,4.9518,6.3856,6.4926,7.8734,8.9847,9.1819,8.9694,8.4799,6.8236,6.8438,5.8685,7.0617,8.0293,8.5446,9.6785,11.073,10.821,10.55,11.512,10.511,11.512,11.035,11.9,11.595,12.641,11.135,12.695,11.27,10.353
15.233,17.326,17.836,18.204,19.092,18.83,18.445,18.143,17.39,17.278,16.216,15.802,15.802,15.52,16.36,14.49,15.793,15.671,16.36,16.079,16.883,16.751,17.366,18.234,17.618,17.174,16.182,14.221,12.218,10.104,10.426,12.127,12.877,13.005,13.226,12.716,12.263,12.397,12.781,13.392,12.65,13.392,14.192,13.005,13.289,12.694,12.001,12.127,12.705,12.781,13.556,12.781,13.048,13.299,13.868,14.144,14.829,13.987,13.174,11.663,3.0629,4.8428,5.2528,7.0473,8.2051,9.0677,8.8053,8.018,7.4286,7.2974,6.1482,5.9891,6.8488,7.8088,8.018,10.199,10.199,11.081,11.168,12.127,11.886,11.031,11.52,12.618,11.568,12.184,12.694,11.532,11.031,9.6428
15.178,17.849,17.857,18.652,18.398,18.255,19.258,18.072,18.095,17.226,16.243,15.82,15.636,15.785,16.513,16.054,15.968,16.234,16.463,17.129,16.959,17.481,17.226,17.481,17.639,17.88,16.437,14.545,11.818,10.841,10.635,11.533,12.141,12.5,13.179,13.147,12.232,12.708,12.806,13.273,13.314,13.407,14.199,13.02,13.884,13.01,13.571,12.107,12.665,13.314,14.16,13.147,13.189,12.708,14.469,13.642,13.884,13.923,13.02,11.485,3.326,5.5902,5.4143,6.8566,9.1841,9.0476,9.0781,8.9554,7.9057,7.8882,6.5048,6.6519,8.0272,8.4796,8.7049,10.359,11.759,11.533,10.841,12.015,12.311,11.545,11.992,12.003,12.5,12.988,12.311,12.5,11.156,9.9779
15.316,17.344,18.795,19.094,19.72,18.655,18.941,17.969,17.152,17.463,16.488,16.184,16.613,16.072,16.226,15.044,15.513,16.454,16.446,16.294,17.621,16.613,17.66,17.838,18.236,17.015,16.696,14.291,12.706,10.932,10.52,11.806,13.425,13.228,13.007,12.619,12.63,12.083,12.264,13.176,13.79,13.699,13.869,13.75,13.134,12.531,12.264,12.399,13.176,13.007,13.699,13.394,13.228,14.194,14.223,13.75,14.339,14.096,13.699,11.747,4.2354,4.9561,5.9436,7.1454,10.2,8.9463,9.0688,8.4872,8.2229,7.0482,6.149,6.1265,7.8976,8.552,8.4872,10.105,11.132,11.522,11.98,11.991,11.98,11.365,12.128,12.094,12.782,13.049,12.706,11.534,12.253,9.9121
15.336,17.643,18.403,18.478,18.973,19.053,18.657,17.954,17.58,17.358,16.383,15.399,15.789,15.824,14.728,15.693,16.383,15.903,16.717,16.467,16.717,16.996,17.892,18.168,17.134,17.366,16.841,14.006,12.712,10.52,10.213,11.536,12.547,13.192,13.411,12.635,12.733,12.381,12.992,13.676,13.483,13.887,13.411,13.15,12.809,13.192,12.712,12.381,12.325,13.686,13.887,13.318,13.182,13.307,13.887,13.977,14.887,14.29,13.473,11.762,3.6821,5.6653,6.334,7.1546,8.5629,9.6992,9.0039,9.2015,7.8198,7.4761,6.8584,7.0768,8.2334,8.1659,9.0499,10.049,10.52,11.679,11.995,11.867,12.006,12.144,11.644,11.821,12.018,12.314,12.723,12.11,9.6992,10.213
15.126,17.846,18.349,18.145,19.551,19.094,18.633,17.869,17.846,16.811,16.362,15.271,15.343,15.9,16.311,15.025,16.496,16.184,16.942,16.72,17.893,17.152,17.408,17.344,17.97,17.112,16.753,14.942,12.129,10.624,9.9677,12.63,12.996,13.176,12.706,11.98,11.991,12.129,13.394,12.975,13.466,13.629,13.134,13.629,12.706,13.988,13.394,13.165,12.975,13.176,12.922,13.29,12.706,14.018,13.629,13.79,14.794,15.025,13.176,12.094,3.3226,4.8434,6.5825,8.0362,8.0018,8.3064,9.9953,8.6163,8.552,7.8802,7.3736,7.4665,7.6491,8.9308,8.9463,10.624,11.569,12.706,12.399,11.747,12.094,11.747,11.98,12.365,11.806,12.793,12.793,12.399,11.082,9.4708
15.114,17.832,18.758,18.462,19.316,19.079,18.492,18.758,17.855,16.961,16.773,15.304,16.281,15.114,14.481,16.307,15.331,15.783,15.66,15.965,17.33,16.806,18.078,18.551,18.222,17.481,17.267,14.847,12.815,9.9874,10.459,12.254,13.123,13.123,13.039,12.609,12.254,12.598,12.997,13.658,13.383,13.688,14.124,13.688,13.618,13.628,12.696,12.62,12.696,13.28,13.618,12.62,13.618,13.628,13.977,14.26,14.921,14.443,13.383,11.796,3.9977,5.1965,6.7223,8.149,9.0616,9.346,9.6791,9.3017,8.2998,8.0298,7.0426,6.493,8.2164,8.9237,9.9874,10.393,10.512,10.923,11.843,12.696,11.97,11.513,12.477,11.796,12.085,12.696,13.039,12.783,11.738,9.8624
14.844,17.541,18.332,18.843,18.959,18.377,18.57,18.036,17.216,16.925,16.396,15.754,16.346,15.823,16.438,16.43,15.657,16.304,16.572,16.737,16.925,17.216,17.446,18.196,17.596,17.759,16.737,14.844,12.286,10.095,10.549,12.386,12.962,12.866,12.813,12.694,12.705,12.77,13.411,13.452,13.866,14.44,13.646,13.277,13.131,12.994,12.694,13.121,13.493,13.163,13.646,13.163,13.152,13.776,13.615,14.44,14.779,14.18,13.736,11.968,3.7111,4.9512,7.0609,7.5144,10.457,9.6489,9.1658,9.6346,8.2983,8.0112,7.5144,5.9378,8.0284,8.1981,8.9221,10.549,11.522,11.462,12.962,11.968,12.519,12.353,11.232,12.866,12.241,11.794,13.277,12.386,11.133,9.3444
15.277,17.415,18.818,18.122,18.803,19.051,18.357,17.961,17.399,16.965,15.889,15.845,15.626,14.865,15.81,15.277,16.326,15.608,16.503,16.494,17.62,17.159,18.153,18.357,17.784,17.659,16.826,14.612,12.492,10.511,10.642,12.657,13.139,13.512,12.459,12.133,12.536,12.133,12.635,13.181,12.98,14.151,13.634,13.399,12.624,13.705,13.139,12.98,13.264,12.712,13.012,12.657,13.264,13.795,12.712,14.297,15.159,13.825,13.055,11.478,3.5255,5.2818,6.8322,7.813,8.0395,9.4014,9.4014,8.3098,8.0223,8.005,7.6522,7.813,7.9531,8.747,8.919,11.037,11.526,12.099,11.915,11.669,11.81,13.002,12.459,12.303,12.008,12.303,12.98,12.19,11.173,10.326
15.337,16.968,18.047,18.581,19.166,19.373,18.108,18.32,16.78,17.393,15.292,15.876,16.414,15.265,15.737,16.211,15.038,16.448,16.22,16.581,17.041,17.202,17.202,18.267,17.862,17.202,17.337,14.713,12.69,10.196,10.196,12.214,12.701,13.002,12.647,12.712,12.647,12.647,12.614,12.647,13.744,14.285,13.501,13.694,13.254,13.694,13.002,13.139,13.128,12.482,13.16,12.788,13.17,13.864,13.46,14.14,14.591,14.266,13.128,12.18,4.1014,5.4066,6.9071,7.9467,8.9427,8.9889,9.3939,9.3939,8.8029,7.7535,7.5188,7.6461,8.1692,9.467,9.467,10.357,11.127,12.214,12.97,12.449,12.293,11.742,12.625,13.874,12.625,12.482,13.16,11.601,10.927,9.5106
15.051,16.794,18.396,18.921,18.245,18.515,18.245,17.901,17.471,17.376,15.768,15.305,15.627,15.776,14.66,16.495,14.958,15.458,16.495,15.985,17.16,17.376,17.839,18.95,18.245,17.023,17.16,14.603,12.658,10.353,10.472,12.134,13.14,13.14,12.636,12.614,12.315,11.858,12.46,12.928,13.645,13.995,13.706,13.756,13.4,13.002,12.723,13.14,13.564,12.636,13.472,12.928,13.4,13.796,13.182,13.756,14.801,14.726,13.182,11.985,4.2374,5.2821,7.5801,8.4911,8.9504,9.2986,9.073,8.7475,7.5253,7.47,7.4329,7.1488,7.3206,9.5911,9.3578,9.6628,11.285,11.321,12.493,11.752,12.371,12.404,12.712,13.379,12.088,12.636,13.234,12.712,11.321,9.3578
15.23,17.203,18.826,18.972,19.325,18.568,18.701,18.132,17.646,16.356,15.667,15.266,15.973,15.895,15.799,14.714,15.973,16.007,16.314,16.715,17.363,17.098,17.887,18.568,17.458,17.394,17.615,14.789,12.821,10.102,10.556,11.987,13.42,13.224,12.626,12.079,11.907,12.181,12.395,12.992,13.161,13.954,13.865,13.624,12.615,12.395,12.483,12.45,12.483,12.789,12.971,12.361,13.451,13.695,13.865,14.334,15.148,14.141,13.389,11.625,4.2014,4.9822,7.0655,8.9742,9.0659,9.7688,9.0659,8.6932,7.8073,7.5194,7.9473,7.8073,8.1529,8.928,9.3505,11.079,11.661,11.041,12.713,12.125,12.648,12.615,13.369,12.604,12.26,13.296,12.971,12.294,12.26,9.3061
15.233,17.474,18.201,18.381,19.53,19.26,18.336,19.03,17.6,16.675,16.601,15.732,16.282,15.992,15.966,15.758,15.966,16.274,16.333,16.282,17.818,16.308,18.284,18.223,17.849,17.918,16.807,14.586,12.522,10.341,10.512,11.983,13.25,12.599,12.643,12.255,12.086,12.255,12.39,13.166,13.446,13.218,13.04,13.81,13.415,12.12,13.384,12.966,12.966,12.697,13.124,12.445,13.124,14.329,13.78,13.649,14.858,14.174,13.415,12.086,3.1933,5.4049,7.0627,7.7511,10.029,9.765,9.3909,8.8001,8.6101,7.9442,6.8447,7.1403,7.6436,9.8632,9.9882,10.084,12.086,11.902,12.12,11.561,12.177,12.39,12.12,12.966,11.971,13.166,12.966,11.561,11.983,9.9882
15.687,17.863,19.003,19.335,18.673,18.155,18.524,18.071,18.094,17.12,16.242,15.634,15.466,15.331,14.285,16.503,16.088,15.993,16.31,16.991,17.637,17.128,18.109,17.971,18.465,17.064,15.775,14.439,12.231,10.21,9.6961,12.276,12.642,12.499,12.718,12.14,12.014,12.231,12.31,13.272,13.313,13.062,14.208,13.019,12.934,13.652,12.543,12.197,13.019,13.188,14.002,13.009,12.934,13.478,13.883,13.972,14.159,14.285,13.57,11.676,3.8282,5.2056,7.3053,8.4135,9.1835,9.4798,9.6961,9.3031,7.8877,8.1802,7.0156,7.3053,7.764,8.479,9.1985,10.21,10.828,11.991,11.758,12.31,12.499,12.014,12.14,11.29,11.817,12.708,12.106,12.664,10.517,9.5234
15.32,17.897,18.096,18.946,18.924,18.637,18.511,18.511,17.726,17.664,16.315,15.886,15.981,16.187,16.699,15.32,15.955,16.23,17.116,16.45,17.284,17.404,17.726,18.391,17.34,17.78,16.699,14.797,12.256,11.047,10.509,12.131,13.178,12.534,13.178,12.633,12.097,12.267,12.655,13.137,13.231,13.137,14.342,12.72,13.168,12.785,12.828,12.188,12.312,13.137,13.753,12.611,13.052,13.178,13.753,13.702,15.157,14.148,13.231,11.524,4.0018,5.8748,6.3925,8.6182,9.4729,9.4583,9.0404,8.8083,8.3083,7.8115,7.147,6.3925,8.1742,8.9483,9.1768,10.35,11.085,11.476,11.536,12.267,11.536,11.855,11.808,12.368,11.913,12.097,12.534,12.301,11.233,9.6605
15.074,17.883,17.813,18.671,18.417,19.133,18.545,18.022,18.006,17.244,15.801,16.148,15.157,15.801,15.871,15.801,15.836,15.554,16.036,16.993,16.796,17.364,17.968,18.006,16.952,17.436,16.53,14.522,12.323,10.801,10.057,11.935,12.819,13.317,12.278,12.513,12.244,12.721,13.16,13.002,13.848,13.818,13.171,13.421,12.721,12.905,13.16,12.645,13.034,12.732,12.732,13.317,12.721,13.656,13.317,14.125,14.378,14.683,13.4,12.153,3.7223,4.5284,6.8637,7.4447,8.5046,9.4901,7.9662,9.3133,8.4227,7.0822,7.4447,7.3322,7.5921,9.0108,9.1935,10.489,10.84,11.155,12.027,11.067,11.83,12.016,12.39,11.83,11.364,12.278,12.513,11.364,10.801,9.1935
15.269,17.15,17.761,18.615,18.793,18.155,18.315,18.186,17.66,17.012,15.839,15.557,15.485,16.074,13.85,15.918,16.013,15.918,16.625,16.074,18.009,16.65,18.178,18.277,17.932,16.799,16.955,14.827,12.28,10.543,10.451,12.325,12.811,13.403,13.33,12.854,12.212,12.426,12.212,13.78,13.173,13.423,13.689,13.036,13.423,13.004,12.724,12.393,12.559,12.735,13.82,12.647,13.036,13.173,13.78,13.78,14.177,14.381,13.257,11.547,3.3713,4.9949,5.8155,7.3334,8.571,8.8259,8.506,9.2102,8.054,8.0368,6.6599,7.5385,8.7629,8.4242,9.4185,10.648,10.661,11.773,12.121,11.631,11.832,11.69,12.121,11.69,12.68,12.155,12.121,11.832,10.648,9.4918
15.356,17.221,17.698,18.442,19.027,18.185,18.435,17.508,18.016,16.887,16.019,15.356,15.491,15.338,15.356,15.311,15.88,15.801,16.739,16.268,17.508,17.221,17.508,17.916,17.156,17.389,16.863,14.463,12.251,10.665,10.348,11.836,12.75,13.178,13.083,12.685,12.296,12.296,13.293,13.168,13.694,14.386,13.168,14.025,12.912,13.428,13.694,12.52,12.858,12.739,13.041,12.739,12.564,13.325,13.199,14.492,14.182,14.26,13.168,12.296,3.2038,4.9968,6.7451,7.5413,7.9181,9.0618,9.0157,8.2442,7.6689,6.5996,7.3739,6.7451,7.6689,8.0225,8.5741,10.587,10.807,11.173,12.564,11.26,11.309,11.161,12.52,11.777,12.034,12.52,12.739,11.695,11.198,10.227
14.819,17.651,18.739,18.146,18.806,18.108,18.268,18.001,18.016,17.262,15.486,15.62,15.7,15.796,16.525,14.773,16.005,15.796,16.005,16.848,17.133,17.374,17.493,17.962,17.517,17.004,16.617,14.555,12.815,10.054,10.366,12.728,12.739,12.652,13.489,12.728,12.509,12.717,12.24,13.813,13.903,13.662,14.17,12.901,13.581,13.53,13.188,12.319,13.198,12.944,13.019,12.997,13.417,12.739,13.933,14.17,14.857,14.042,13.029,11.493,2.6834,4.9924,5.8837,7.08,8.3207,8.6791,8.6311,8.4364,7.4423,7.3863,6.0002,5.4942,8.0156,8.711,8.4364,10.849,11.064,11.188,12.674,12.33,12.115,11.188,12.104,12.285,12.149,12.274,12.815,12.652,11.188,9.8312
14.614,16.339,18.964,18.677,19.994,17.484,20.54,18.529,17.035,16.962,16.203,14.886,16.33,16.937,13.926,16.057,14.162,16.057,17.484,17.173,18.296,16.782,17.035,18.971,19.994,17.641,16.507,14.736,12.469,11.058,10.65,12.623,13.645,12.721,12.667,12.732,12.634,13.022,13.149,13.149,13.716,14.308,15.18,12.84,14.443,13.926,13.181,12.2,12.279,13.16,14.211,13.766,13.766,13.685,12.645,14.736,14.821,14.356,13.16,11.293,3.5283,5.2597,8.4973,8.7538,11.678,9.9934,10.049,9.9795,9.4088,7.5307,7.9593,8.6745,9.3646,8.4319,11.058,10.843,11.33,10.334,11.994,11.354,13.41,13.191,13.44,11.058,14.133,11.354,13.275,13.645,11.045,9.882
15.271,16.892,18.363,17.878,19.465,18.806,18.6,17.483,17.917,17.412,16.564,15.334,16.178,16.263,15.226,17.182,15.792,16.364,16.314,16.77,17.84,17.102,17.483,17.724,17.724,17.786,16.297,14.75,12.451,10.437,10.541,12.217,13.105,12.937,12.937,12.937,12.451,12.417,13.251,13.588,13.599,14.104,13.599,14.104,13.868,13.659,13.354,13.126,12.937,12.658,12.937,12.755,13.354,13.599,13.588,14.591,14.61,14.094,13.467,11.875,3.7772,5.238,7.4996,8.446,9.3259,10.318,9.7853,9.6299,9.4429,8.9199,7.857,8.9199,7.1244,10.541,10.798,11.535,11.535,12.615,13.095,12.329,12.495,12.228,12.669,11.817,12.217,13.426,13.095,12.593,11.197,10.747
15.91,18.189,18.57,21.604,18.892,16.8,17.188,16.319,17.188,17.846,16.319,15.195,13.42,15.798,15.702,12.684,16.073,17.512,17.575,16.453,15.754,17.923,17.059,18.607,15.763,17.235,17.059,15.419,13.099,10.802,10.174,12.619,13.256,13.603,13.39,12.333,11.96,12.962,13.593,13.256,13.593,13.593,14.416,13.39,12.962,14.492,13.714,11.634,13.099,13.359,13.833,13.141,13.593,12.76,15.473,13.593,13.922,14.492,13.266,11.879,4.3208,6.7101,7.2793,11.016,9.8446,8.9229,10.079,10.065,8.7834,8.9075,6.3095,9.0148,9.5616,9.3731,9.3291,11.634,11.14,12.266,11.25,12.097,14.254,11.948,12.063,13.603,11.214,14.492,13.471,13.714,11.716,10.065
15.821,16.739,20.457,21.05,18.728,18.941,18.728,17.951,17.483,15.856,16.772,17.034,17.252,14.47,14.033,15.252,15.995,15.288,15.856,16.514,17.889,17.483,18.415,18.226,16.439,18.135,16.961,14.726,12.989,10.532,11.243,13.021,12.807,13.148,12.468,12.379,13.274,12.501,12.468,12.989,12.989,13.674,14.441,13.885,14.441,11.993,13.305,12.72,13.674,13.011,13.274,12.796,12.644,14.441,14.307,13.315,16.244,15.288,13.765,11.057,3.7188,5.5906,7.0756,10.479,10.649,10.518,10.006,9.6975,10.006,8.5614,6.5053,7.4377,8.7531,8.3156,9.6975,11.057,10.413,13.714,14.151,12.199,11.9,11.582,13.388,13.684,11.993,14.546,12.267,11.546,11.582,10.116
15.783,17.511,18.682,18.748,18.121,18.549,18.748,17.636,17.089,17.129,15.783,16.272,15.251,15.651,16.162,15.43,16.196,16.952,16.466,16.919,17.589,17.636,17.945,18.302,18.325,17.305,16.698,15.023,12.613,9.5738,10.558,12.169,12.7,13.488,13.158,12.471,11.975,11.964,12.808,13.731,13.376,13.651,13.731,13.158,12.776,13.116,13.21,12.989,13.126,12.7,12.765,12.689,13.272,13.448,14.126,13.851,14.272,14.511,13.21,11.649,3.9955,5.2464,7.5117,9.2818,8.965,10.453,9.6311,9.5738,8.9034,8.0254,8.0083,8.0083,9.1624,8.9343,9.2966,11.03,10.955,12.471,13.272,12.203,12.471,11.79,12.437,12.613,12.203,12.471,13.116,12.293,11.649,9.3409
14.893,17.906,18.089,18.898,18.977,19.186,17.487,18.028,17.487,17.106,16.25,15.577,15.935,15.727,14.893,17.321,15.935,15.753,16.318,16.452,18.066,16.912,18.33,18.81,17.51,17.821,16.568,14.31,12.672,10.119,10.902,12.454,12.844,13.358,13.662,12.618,12.585,12.683,12.672,13.388,13.254,13.832,14.763,13.47,13.521,12.961,12.42,13.14,12.596,13.223,13.14,12.972,13.14,13.521,14.3,14.252,15.23,14.491,13.254,11.491,4.092,5.8577,7.3537,7.7887,10.01,10.531,10.333,9.284,8.4643,9.15,7.5562,7.335,8.593,10.119,9.9684,10.75,11.538,12.231,12.618,12.596,12.672,12.683,12.844,12.42,12.748,12.498,12.585,12.683,12.096,10.01
15.86,17.439,19.096,19.009,19.002,18.915,18.725,17.837,16.271,16.195,15.598,15.721,15.929,15.571,13.8,15.571,15.878,15.86,16.991,16.894,17.596,17.533,18.391,19.009,17.697,16.951,16.894,14.773,12.775,10.186,10.764,12.168,13.447,13.115,13.126,13.031,12.602,12.247,12.077,12.989,12.591,13.031,14.174,13.73,13.157,13.447,12.202,12.112,12.514,12.861,13.539,12.764,13.437,13.282,13.969,13.62,14.81,13.969,13.73,11.227,4.0973,5.35,7.3445,8.9183,10.492,10.091,9.6305,10.132,8.652,8.9183,7.7989,7.7457,9.3845,9.501,9.6305,10.544,11.067,11.731,11.894,12.602,12.612,12.066,12.989,13.65,13.115,12.47,13.157,12.236,12.112,9.7583
15.207,17.58,18.315,18.554,18.943,18.775,17.952,17.936,16.91,16.722,15.216,15.983,15.87,15.74,16.382,16.39,15.591,15.74,16.722,16.39,17.619,17.588,18.043,18.02,18.539,17.502,17.12,15.025,12.596,10.553,10.81,12.769,13.369,12.983,13.109,12.983,12.596,12.376,12.758,12.683,12.769,13.844,13.369,13.764,13.43,13.276,12.683,12.769,13.634,12.508,13.151,13.025,13.109,13.724,13.674,14.09,14.72,14.841,14.07,12.072,3.7078,5.8626,7.4157,9.1577,10.181,10.018,9.7538,9.2918,10.086,8.6481,7.8655,7.883,8.291,8.79,9.5688,9.6404,12.106,11.888,12.596,12.242,12.106,11.888,12.163,12.694,12.163,12.607,13.151,12.072,11.98,9.8938
14.836,17.436,18.321,18.92,18.545,18.299,17.749,17.842,17.365,16.462,16.462,15.498,15.927,15.745,15.534,16.387,16.395,15.736,16.471,16.793,17.507,16.793,18.389,18.178,18.11,17.842,17.021,15.248,12.468,10.543,10.814,12.11,12.346,12.987,13.207,12.805,12.245,12.379,12.687,13.029,13.648,13.373,13.638,14.094,13.638,13.155,12.676,13.113,13.404,12.346,12.698,12.687,13.768,13.678,13.435,13.888,15.248,14.403,13.648,11.787,4.4508,5.8645,6.8391,8.2936,8.9016,10.305,10.13,9.6291,8.5388,8.1935,7.7977,7.7446,7.9894,9.7991,10.076,10.09,10.915,12.11,12.245,12.632,12.245,12.064,12.245,13.113,13.029,13.28,13.373,12.234,12.076,10.09
15.493,17.908,18.371,18.786,18.961,18.303,18.25,17.598,17.09,16.74,15.957,15.991,15.749,15.991,15.134,16.797,15.431,16.399,16.699,16.797,17.472,17.346,17.472,18.393,17.823,16.993,16.895,15.573,12.079,10.348,10.624,12.079,13.117,13.851,12.862,12.515,12.766,12.636,13.127,12.701,13.283,13.682,13.621,13.611,13.732,13.158,13.117,12.979,13.376,12.69,12.862,13.117,13.158,14.098,13.682,14.098,14.84,14.321,13.611,12.079,3.9957,5.9359,7.7997,9.0571,9.6458,9.8015,9.9548,9.3855,8.653,7.512,7.512,6.9999,7.7997,9.502,8.795,10.493,11.649,11.964,12.169,11.895,12.113,11.895,12.603,12.636,12.113,12.614,12.636,12.515,11.732,10.187
15.325,17.964,18.425,18.919,18.373,18.685,18.552,17.756,17.308,16.742,15.442,15.433,16.3,15.601,14.437,16.954,16.275,16.275,16.468,16.275,18.544,17.639,17.933,18.633,17.443,17.474,16.938,15.144,12.637,10.188,10.415,12.171,12.615,13.542,13.16,12.992,12.604,12.25,12.604,13.118,13.285,12.81,13.893,13.409,12.702,13.803,12.295,12.08,12.992,13.285,13.439,13.285,13.243,13.285,13.972,13.803,15.584,14.513,13.773,11.838,3.7104,5.4783,6.3185,7.8709,9.0277,10.025,9.9005,10.134,8.796,8.2966,7.0399,8.2966,8.1965,8.412,9.4596,9.8587,10.817,11.303,12.439,12.615,11.977,11.46,12.439,12.981,13.15,12.767,12.615,12.767,11.989,10.093
15.03,17.877,18.558,19.084,18.925,18.691,18.22,17.846,17.448,16.473,15.729,15.79,16.473,15.79,14.734,16.739,16.482,16.067,17.194,16.747,17.448,17.377,18.333,18.845,17.831,17.089,16.598,15.222,12.619,9.6784,10.352,12.597,12.91,12.52,13.164,12.641,12.597,12.254,12.641,13.382,12.118,13.546,14.327,13.122,12.619,13.248,12.254,12.52,12.868,12.964,13.627,13.248,13.382,13.546,13.808,14.48,14.929,15.113,13.738,12.118,4.0995,4.8392,6.9038,8.012,9.4625,9.5061,10.096,9.3894,8.5445,7.8733,7.423,7.57,8.4798,8.6884,9.6784,10.55,11.159,11.221,11.524,11.969,12.476,11.795,11.512,11.981,12.354,12.641,13.289,12.476,11.969,9.4625
15.303,17.214,18.639,19.5,18.838,18.801,17.975,17.782,17.214,16.767,15.809,15.983,16.299,14.836,14.882,16.367,16.367,16.324,17.157,17.02,17.657,17.373,18.302,18.393,17.975,16.701,16.459,14.882,12.491,10.782,10.149,12.189,13.053,13,12.926,12.491,12.223,12.302,12.458,12.883,13.263,13.913,13.138,13.305,12.71,12.979,12.699,12.699,13,12.402,13.305,13.138,13.703,13.754,13.18,13.794,15.562,13.963,13.794,12.006,3.5252,5.2812,7.0503,7.8121,9.5895,9.4736,9.6898,8.949,7.8121,7.8825,7.0699,7.0111,8.0042,8.3089,9.5895,10.833,11.048,11.914,12.098,11.172,11.573,11.914,11.085,12.313,12.132,11.525,13.398,12.699,12.098,9.8733
14.949,17.123,17.482,17.85,18.676,18.816,18.165,18.294,17.506,17.227,16.631,15.575,15.333,15.575,15.179,16.936,16.838,16.056,16.329,17.171,17.299,17.482,17.171,18.074,17.482,17.123,16.133,14.508,12.142,10.439,10.413,11.993,12.379,12.278,13.242,12.545,11.993,12.266,13.01,13.274,13.654,13.179,13.521,13.408,12.72,13.064,13.158,12.731,13.242,12.839,13.924,12.731,12.796,13.47,13.765,13.765,14.546,14.47,13.021,11.993,3.7924,4.9893,6.3329,7.8183,9.3044,9.6974,9.3193,8.3155,9.4665,7.8183,7.9063,7.4747,8.6737,8.4802,9.3637,10.333,11.546,11.642,11.534,11.642,12.501,11.76,10.479,11.546,12.893,13.064,12.796,12.311,11.993,10.479
15.33,16.957,17.792,18.463,18.131,18.23,17.738,17.985,17.55,16.198,15.686,15.783,16.018,16.308,14.505,16.859,16.359,16.376,16.095,16.435,17.36,17.03,17.908,17.908,18.252,16.71,16.989,14.619,11.675,10.437,10.114,12.139,12.837,13.302,12.804,12.718,12.498,12.013,12.707,13.145,12.986,13.405,13.882,13.239,13.177,13.302,12.933,12.707,12.498,13.271,13.312,13.061,13.156,13.385,13.671,14.505,14.955,14.361,13.271,11.757,3.3255,5.2843,6.5039,7.8167,8.985,9.5951,8.9542,10.004,8.6239,7.8871,6.3315,7.436,7.7634,9.1978,10.529,10.437,11.675,11.58,11.568,12.275,11.58,11.921,11.757,12.105,12.793,12.275,13.187,13.177,11.375,10.827
14.801,17.46,18.384,18.112,19.263,17.866,17.866,17.773,17.149,17.206,15.758,15.793,16.009,15.457,16.308,15.269,16.283,16.751,17.012,16.759,17.61,16.914,16.971,18.563,17.61,17.341,16.291,14.288,12.485,10.828,10.636,12.617,13.131,13.131,12.92,12.628,12.092,12.183,13.005,13.226,13.257,14.288,13.391,13.391,13.173,12.973,12.791,12.791,13.257,12.704,13.005,13.226,13.422,14.288,14.094,14.452,14.594,14.337,13.787,11.978,3.5235,4.7564,6.8283,8.5505,8.5505,9.6567,9.1732,8.6627,8.0177,7.8085,7.6478,7.4282,7.8963,8.4695,9.2927,11.03,10.4,11.603,12.396,11.745,12.251,11.627,12.693,12.452,12.485,12.92,13.657,12.363,11.908,10.636
15.294,17.508,18.36,18.745,18.914,18.088,17.943,17.461,17.696,16.917,15.428,15.719,16.422,15.781,16.588,16.917,15.57,16.16,17.183,16.588,17.843,17.255,17.594,17.943,18.05,17.319,16.295,14.327,12.111,10.801,10.557,12.111,13.114,13.114,13.156,12.469,12.677,12.111,13.146,12.763,13.114,13.729,13.374,13.649,13.639,12.903,12.977,12.513,13.208,12.988,13.156,13.435,13.374,14.404,13.487,13.968,15.221,14.584,13.639,12.291,3.8189,4.7211,7.3064,7.7982,9.1612,9.4568,9.7575,9.4568,8.5393,7.9381,7.1349,7.1349,7.5106,9.1762,9.5724,10.801,11.835,11.788,12.469,12.513,11.962,11.973,11.788,12.903,12.774,12.956,13.799,13.03,11.612,11.152
15.409,17.066,18.538,18.927,18.759,18.3,18.337,17.487,17.844,17.297,16.368,16.14,16.182,16.401,16.896,14.985,16.41,16.174,17.345,16.651,17.604,16.896,17.798,18.405,17.921,17.416,16.443,14.386,12.05,10.544,10.801,12.332,12.596,12.585,12.683,12.152,12.618,12.672,12.791,13.429,13.429,13.842,14.3,12.972,13.429,12.596,12.791,12.585,13.358,13.47,13.832,13.358,13.47,13.419,14.233,14.491,14.819,14.828,13.358,11.633,3.5146,5.2654,7.2786,8.9067,9.9546,9.7456,10.173,9.8437,8.6408,8.593,7.3349,6.8311,8.2007,8.7826,9.4452,10.94,11.503,11.774,12.265,12.42,13.358,11.633,12.05,13.358,12.574,14.078,13.192,13.662,11.97,10.064
15.22,17.553,18.798,18.914,19.436,18.444,18.077,17.717,17.15,16.44,15.785,15.567,15.716,15.292,15.22,15.924,16.557,16.307,17.436,17.286,17.771,17.286,18.526,18.332,17.174,17.054,17.054,15.22,12.739,10.471,10.895,12.75,12.836,13.703,12.577,12.609,12.054,12.609,12.144,12.664,13.593,13.833,13.613,13.743,12.609,13.183,12.782,12.588,12.878,12.878,13.349,13.214,13.703,14.146,14.223,14.557,15.111,14.781,13.941,12.178,3.7022,5.3905,7.871,8.2784,9.3219,9.6542,9.8787,10.112,8.4586,8.2784,7.992,8.3935,9.0079,8.5231,9.4388,11.327,11.625,12.268,12.664,11.87,13.1,12.223,12.609,13.328,13.089,13.349,14.604,13.131,12.782,10.071
15.454,17.814,18.036,18.299,18.895,18.895,18.859,18.217,18.574,16.688,16.002,16.973,15.392,14.868,16.002,15.445,16.884,16.155,16.746,17.853,17.891,17.853,18.058,18.157,18.374,17.077,16.868,14.655,12.166,9.9928,10.591,12.564,12.865,12.651,12.651,12.597,12.132,12.769,13.17,13.076,13.335,13.809,13.243,13.639,12.918,13.243,13.498,13.17,13.809,13.118,12.95,13.609,12.95,13.639,13.729,14.276,14.987,15.204,13.087,12.166,3.7717,5.7772,6.8796,9.1496,9.1496,9.9928,10.047,9.2684,8.658,8.4501,7.7227,8.4339,8.8764,9.4728,9.6161,11.927,11.939,12.939,13.201,12.211,12.769,13.335,12.769,13.17,12.95,13.639,13.201,13.108,12.041,11.034
15.824,17.827,18.726,18.966,18.586,18.966,17.919,17.903,17.344,16.124,15.5,15.26,16.234,15.746,14.238,16.879,16.124,15.893,17.089,16.724,16.912,17.595,17.888,18.379,18.048,16.952,17.041,14.739,13.085,10.163,10.739,12.573,13.117,13.127,12.948,12.927,12.253,12.649,12.649,12.584,12.353,13.769,14.552,14.142,13.241,13.578,12.831,12.67,13.619,13.699,13.649,13.508,14.093,13.818,14.401,14.543,15.5,14.439,13.769,11.935,4.4412,5.4645,7.4021,9.005,9.1559,10.585,9.26,9.4358,9.005,8.3908,8.1759,8.5204,8.4559,9.1559,9.4358,10.891,11.299,11.762,12.584,12.927,12.831,12.874,12.927,13.127,13.416,13.117,14.372,12.605,12.735,9.6511
15.457,17.627,17.876,18.221,19.445,19.445,18.334,18.356,18.084,18.243,16.768,16.19,15.775,16.121,16.948,15.626,16.891,16.76,16.85,17.11,17.899,17.159,17.992,17.783,17.666,17.845,17.11,15.304,12.492,10.974,10.641,12.224,12.624,13.139,13.139,12.7,12.635,11.996,13.139,13.43,14.023,13.994,13.399,13.875,12.884,13.885,13.139,13.17,13.181,12.98,13.399,13.139,13.885,14.023,14.345,14.354,15.168,14.498,13.399,11.915,3.5255,5.2554,7.32,8.9497,8.7468,10.576,9.5903,10.04,9.4598,8.1755,7.9529,8.3096,7.8128,8.9805,8.9188,11.574,11.984,12.133,12.403,11.752,11.574,12.19,12.83,12.711,13.634,13.471,13.795,12.657,11.984,10.405
15.115,17.227,18.18,18.397,18.883,18.561,17.876,17.275,18.059,17.051,16.445,15.746,15.224,15.928,14.608,17.099,16.445,16.311,16.767,17.051,17.48,17.597,17.409,17.504,17.814,17.504,16.261,14.409,12.226,10.435,10.435,12.091,13.352,12.613,13.414,12.743,12.613,13.093,13.352,13.352,14.102,13.597,13.617,14.053,13.187,13.516,13.352,12.882,12.656,12.956,14.247,13.135,13.332,14.179,14.485,14.15,14.832,14.381,13.424,11.11,4.3187,5.7847,7.0264,7.5532,9.9644,9.8815,9.4415,9.2803,9.3686,8.6691,8.1303,8.1808,8.9646,9.8815,10.396,10.074,11.134,12.613,12.226,13.103,13.009,12.613,12.678,13.26,13.827,13.135,13.352,12.839,11.769,11.11
15.267,17.595,17.344,18.447,19.269,19.032,17.719,17.912,18.056,17.556,15.718,15.507,15.294,15.267,15.267,16.242,16.887,15.9,16.642,16.732,17.336,17.057,18.056,18.178,17.835,17.352,16.863,14.379,12.089,10.473,10.486,12.491,12.665,12.665,13.33,13.102,12.589,12.568,12.965,13.133,13.007,13.775,13.514,13.775,13.351,13.514,13.351,12.676,13.133,12.965,13.705,13.745,13.705,14.148,13.775,14.09,14.746,14.293,13.655,12.18,3.1852,5.1574,7.1224,8.668,9.0396,10.059,10.434,10.315,8.9021,8.668,8.4598,8.4436,8.4436,8.5885,10.113,11.243,12.089,12.214,12.447,13.123,12.589,12.933,12.954,13.655,12.837,14.148,13.625,12.414,12.055,10.315
15.175,17.295,18.604,18.469,18.67,18.633,18.957,17.736,17.223,16.956,16.094,15.284,16.197,15.817,15.808,17.166,16.307,16.767,16.956,17.061,17.984,16.956,17.627,18.394,18.251,16.767,16.375,14.815,12.542,10.37,10.476,12.138,13.017,12.662,12.409,12.793,12.64,12.138,13.06,13.405,13.64,13.477,13.67,14.157,13.311,13.71,13.301,13.301,13.435,13.311,13.405,13.186,13.144,13.921,14,14.437,14.618,14.196,13.71,12.138,4.0042,5.2839,7.7629,8.7506,9.5944,9.1972,9.6947,9.4053,9.6662,8.0083,8.0427,8.5589,7.4355,9.9202,10.839,10.529,12.64,13.239,13.017,13.186,12.836,12.889,12.986,13.477,13.435,13.405,13.466,13.144,12.263,11.041
15.469,18.258,18.883,18.655,18.677,18.528,18.318,17.388,16.74,16.863,15.638,16.44,17.067,16.091,16.381,16.203,15.334,16.031,16.863,16.773,17.365,17.515,17.952,18.832,17.349,17.132,16.937,14.811,12.99,10.637,10.212,12.279,13.655,12.99,12.721,12.279,12.267,12.645,12.469,12.71,12.502,13.886,14.471,13.18,13.243,12.84,12.894,12.721,13.149,13.806,13.896,13.655,14.005,14.034,13.715,14.811,15.144,14.736,13.715,11.678,3.7191,5.9968,7.1538,9.1854,9.6696,10.103,9.4672,9.7833,9.0794,8.2157,7.3821,6.7355,8.165,9.2005,9.0489,11.058,11.678,12.721,13.149,13.243,13.064,12.721,13.064,13.836,13.275,13.975,12.99,13.149,12.143,10.65
15.228,17.295,18.094,19.439,19.069,18.924,17.919,18.003,17.602,17.16,15.725,16.441,16.07,16.566,16.91,15.933,16.441,16.265,16.894,16.374,17.919,17.359,17.414,18.365,17.508,17.672,17.128,14.251,12.584,10.172,10.49,11.772,12.66,12.96,13.222,12.23,12.671,12.263,12.757,13.222,12.746,13.356,13.63,13.097,13.661,13.19,12.97,12.094,12.496,13.919,13.428,13.128,13.978,13.751,14.183,14.489,15.001,14.299,13.387,11.772,3.7043,5.4693,6.6677,7.9275,9.7865,10.063,9.4295,9.6311,8.921,8.592,8.0135,7.1253,8.9056,9.5596,9.3711,11.489,11.772,11.248,12.594,12.419,13.263,12.681,12.584,12.97,12.584,13.356,13.87,12.419,11.957,9.8842
15.114,18.045,18.893,19.395,19.074,19.217,18.302,17.908,17.575,16.743,15.763,16.653,16.412,15.728,16.545,16.277,16.776,16.644,16.914,16.653,17.731,17.816,17.731,17.885,17.489,17.044,16.653,14.756,12.619,10.295,10.545,12.942,13.1,13.1,12.963,12.674,11.949,12.499,12.233,12.619,12.587,13.714,14.157,13.016,13.359,12.455,12.942,12.674,12.619,13.624,13.421,13.714,13.523,13.266,13.664,14.302,14.821,14.904,12.942,11.634,3.9906,5.9744,6.628,8.0155,9.7468,9.6334,9.942,9.0151,8.9693,8.285,7.127,8.1345,8.7209,8.6419,8.4491,10.61,12.221,11.599,12.221,12.455,12.888,12.598,12.663,12.455,13.844,12.749,12.973,12.846,11.287,10.079
15.48,17.823,19.46,19.332,19.132,18.467,18.615,18.038,16.906,16.685,15.762,16.461,16.419,15.489,15.944,15.346,15.56,15.918,16.66,16.652,17.426,17.011,18.015,18.77,17.172,16.66,17.116,14.762,12.69,10.179,10.615,12.505,13.116,13.365,12.679,12.283,12.592,12.625,12.238,12.894,12.894,13.61,14.115,13.2,13.396,12.894,12.339,12.625,13.147,13.106,13.478,12.894,13.85,13.988,13.958,14.395,15.735,14.115,13.988,11.449,3.8164,5.5725,6.4842,8.6457,9.6661,10.084,9.6234,8.9579,8.9117,8.019,7.7931,8.019,9.1701,8.469,9.4505,11.341,11.316,11.722,12.461,11.977,11.977,11.449,13.106,13.2,13.84,13.272,13.85,12.461,11.316,9.7932
15.237,17.581,18.768,18.87,19.402,18.709,18.339,17.93,17.361,17.29,16.451,15.282,15.942,16.249,16.937,16.182,16.275,16.451,17.581,17.306,17.581,16.576,16.977,17.891,17.914,17.574,16.459,13.789,12.459,10.601,10.691,12.459,13.104,12.591,13.02,12.101,12.237,12.58,12.978,13.271,13.425,13.364,13.849,13.608,13.198,12.978,13.115,13.425,13.364,13.364,13.629,12.946,12.893,13.928,13.849,14.422,14.602,14.259,13.669,11.639,3.7065,4.8326,7.1295,8.4521,9.4497,9.0182,10.123,9.6368,9.3767,7.984,8.0183,6.8344,7.8801,9.2736,9.6226,10.806,11.254,11.953,11.34,11.826,13.23,12.967,13.104,12.338,12.797,12.967,12.946,12.797,11.544,9.8901
15.489,17.932,18.198,18.901,18.77,18.901,18.534,18.415,17.308,17.497,15.418,15.866,15.311,15.347,16.726,15.918,16.453,15.771,16.453,17.426,16.906,17.583,17.932,17.855,17.932,17.575,16.66,14.846,12.461,10.807,10.946,12.625,12.969,13.437,12.798,12.679,12.372,12.238,12.798,13.273,12.948,13.478,13.529,13.365,13.478,13.106,13.365,12.372,13.2,13.427,13.67,12.979,13.64,13.72,14.241,14.688,14.92,14.622,13.365,11.827,3.5167,5.5727,7.1303,8.9734,9.2894,9.6664,9.4942,8.725,9.2894,8.2055,7.5059,7.4507,7.8809,9.2746,8.9119,11.108,11.449,11.509,12.339,12.069,12.238,12.069,12.679,12.625,12.592,13.106,12.603,13.106,11.497,10.445
15.3,17.326,18.812,19.296,18.457,18.487,18.035,17.539,16.997,16.899,15.656,15.726,16.277,15.603,16.344,15.363,15.866,16.055,16.924,17.262,17.373,16.94,17.85,18.096,17.468,17.35,17.214,14.619,13.286,10.337,10.92,12.081,13.41,13.162,12.617,12.693,12.285,12.682,12.441,13.12,12.518,13.214,14.591,13.162,12.908,12.908,12.617,12.385,12.638,13.359,13.644,13.035,13.894,13.685,13.624,14.703,15.255,14.917,13.276,11.509,3.3603,4.3275,6.4912,7.8718,9.3876,9.6765,9.2844,9.0592,7.8718,7.8892,7.8718,7.5138,8.655,8.7341,8.5429,11.521,11.652,11.793,12.474,12.24,12.474,12.961,12.116,12.682,12.779,13.41,13.805,12.296,11.461,9.648
15.3,17.134,18.554,18.554,18.217,18.921,17.874,17.389,17.326,16.94,16.2,15.752,15.363,15.961,14.081,16.166,15.866,16.302,16.344,16.997,18.096,16.94,18.073,17.758,18.073,17.086,16.736,14.208,12.908,10.496,10.613,12.206,12.961,12.769,12.812,12.769,12.24,11.793,12.779,13.855,13.13,13.379,13.805,13.865,13.379,13.13,12.812,12.779,13.276,13.543,13.735,13.359,13.894,13.41,13.944,14.333,15.282,14.703,13.12,11.033,3.6735,4.8383,6.6794,7.9933,9.5764,9.3435,9.4461,9.2844,8.4619,8.1974,7.8015,7.1379,8.6071,9.0592,10.31,11.353,10.548,12.617,12.595,12.704,11.735,12.518,13.276,12.474,12.682,13.644,13.276,12.081,11.593,10.094
15.282,17.811,17.31,18.613,18.635,18.487,18.194,18.034,18.057,16.57,16.209,14.778,14.935,15.3,14.926,16.47,16.166,15.505,16.595,16.47,17.381,17.093,17.134,17.757,17.262,17.029,16.268,14.41,12.441,10.626,10.613,12.251,12.474,13.161,13.151,12.982,12.474,12.206,12.779,13.245,13.286,13.441,13.644,13.735,13.379,13.624,12.961,12.638,12.616,13.213,13.973,12.982,13.379,13.644,14.552,14.438,14.581,14.256,13.119,11.218,3.1921,5.9833,5.9833,7.4214,9.8596,9.7613,9.504,8.9365,8.9211,8.5427,6.9023,8.0103,8.214,10.094,10.135,10.818,12.206,11.793,12.961,12.961,13.161,12.908,13.276,12.908,13.451,13.644,13.864,12.693,11.557,10.31
15.003,17.563,18.513,19.253,18.879,18.572,18.857,17.406,16.829,16.558,15.752,15.471,16.558,15.221,15.462,15.221,16.02,15.96,16.756,16.358,17.152,16.886,18.386,18.505,17.718,17.429,17.351,14.829,12.446,10.367,11.008,12.213,13.704,13.329,12.578,12.224,12.224,12.413,12.179,12.954,13.411,13.624,14.147,13.462,13.184,13.329,13.184,13.122,13.35,13.35,13.744,13.132,13.513,14.244,14.05,14.902,15.462,14.605,13.744,11.963,3.3116,5.9702,6.9859,8.7774,8.5239,10.004,10.004,8.9629,8.9169,8.3942,8.1959,8.6674,7.8717,8.8861,8.6674,11.94,11.328,12.089,13.006,13.101,13.411,12.954,13.35,13.614,12.446,13.824,14.05,11.813,12.224,11.095
15.124,17.72,18.234,18.859,18.793,18.631,18.347,18.143,18.143,17.11,15.767,16.586,15.269,15.758,16.216,15.88,16.309,16.182,17.461,17.102,17.334,17.102,17.342,17.829,18.452,17.485,16.486,14.94,12.716,11.229,10.571,12.184,12.65,12.781,13.163,12.486,12.53,12.184,13.048,13.667,13.556,13.908,13.987,13.957,13.142,13.748,13.698,13.257,13.289,13.788,13.878,13.637,14.192,14.192,14.134,14.792,15.151,14.95,13.505,11.978,4.0004,5.8728,7.6482,8.9452,9.1736,10.347,9.1886,10.32,8.9298,8.3054,8.0008,8.1714,8.4209,8.9452,9.6429,10.714,11.99,12.184,13.132,13.299,13.556,12.705,13.392,13.667,14.114,13.698,13.257,12.973,11.978,10.32
13.418,15.712,16.464,16.853,17.208,16.429,16.324,15.931,15.629,15.19,14.321,14.291,14.58,14.501,14.767,13.684,13.955,13.955,14.452,14.951,14.884,14.951,15.453,16.577,15.794,15.565,15.629,13.578,11.385,9.8965,9.4955,10.947,11.373,11.168,11.808,11.385,10.748,11.012,11.322,11.917,11.385,11.917,12.758,12.061,11.917,11.856,11.411,11.284,11.411,12.391,12.239,12.001,12.803,12.633,12.803,12.926,13.288,12.633,12.391,10.027,3.4367,4.5857,6.4629,7.6846,9.234,9.1871,8.9327,8.997,9.1714,7.9788,6.725,7.0594,8.3493,9.1399,8.6709,10.324,10.801,10.572,11.783,11.373,12.001,11.722,12.251,11.881,12.518,11.917,12.53,10.947,10.183,9.2651
15.485,18.421,18.474,18.908,19.403,19.002,18.241,18.762,17.745,17.432,15.715,16.282,15.423,16.29,16.666,15.026,16.282,16.583,16.332,17.073,17.305,17.432,18.384,18.555,17.837,17.313,17.25,14.916,12.242,10.303,10.618,12.597,12.073,12.77,13.442,12.276,11.97,11.831,13.11,13.121,13.765,13.795,13.533,13.614,13.725,13.725,13.725,13.401,13.442,13.635,13.855,13.993,14.169,13.635,14.466,14.683,15.316,14.627,12.77,12.163,4.0957,5.863,7.5083,9.2777,10.449,10.95,9.1733,9.5695,9.7545,8.5367,9.1583,8.1915,9.4974,10.073,9.8527,11.958,12.509,13.277,13.11,13.675,13.845,13.204,12.984,13.675,12.984,14.169,14.169,13.614,12.107,10.182
13.486,15.677,15.96,16.176,16.695,16.565,16.212,15.631,16.132,14.873,14.073,14.627,13.825,13.281,13.571,13.981,14.873,13.991,14.448,14.518,15.594,15.603,15.228,15.677,15.96,15.677,14.677,12.95,11.085,9.5738,9.1412,10.768,11.633,11.085,10.714,11.072,10.714,10.821,11.583,11.394,12.274,12.262,11.805,12.131,11.189,12.262,12.274,11.903,12.285,11.072,12.131,11.805,11.608,12.379,12.131,13.006,12.781,12.656,11.793,11.085,3.4431,4.9575,6.5416,7.3137,8.5021,8.6704,9.1254,9.157,8.7534,7.5472,7.6045,7.8293,7.6989,8.3476,9.1412,9.915,10.808,11.842,11.343,11.432,11.305,11.432,11.305,11.842,11.495,11.633,12.285,11.495,10.273,9.5284
15.267,17.204,18.907,19.539,18.98,19.031,18.613,18.375,16.815,16.815,15.765,16.008,16.492,15.765,15.615,16.357,15.267,15.835,16.608,16.954,16.913,17.276,18.14,18.827,18.322,17.616,17.083,14.422,12.789,10.556,10.635,12.528,13.655,12.822,12.779,12.395,12.125,12.261,12.649,12.972,13.786,13.866,14.093,14.141,13.985,13.503,12.972,13.161,14.014,13.003,13.696,13.452,14.014,15.049,13.786,14.335,15.158,14.132,13.746,12.091,4.2343,5.942,7.5197,9.5118,9.6842,10.198,10.345,9.6557,8.4849,8.6618,8.3042,7.8955,8.4686,10.319,10.034,11.519,11.566,12.649,13.172,12.972,12.993,12.703,13.462,13.866,12.972,13.625,14.014,12.306,12.649,10.198
15.613,18.249,18.786,19.049,18.991,18.823,18.15,17.789,17.22,16.929,16.507,15.683,16.831,15.613,16.499,15.461,16.049,16.195,17.059,16.507,17.356,17.116,18.519,18.49,18.104,17.672,16.305,14.435,12.715,10.645,10.435,12.496,13.005,13.465,13.153,12.273,12.091,12.273,12.103,13.567,13.403,13.889,14.54,13.403,13.799,12.628,13.016,13.237,12.984,13.516,14.106,13.475,13.668,13.403,14.155,14.155,14.878,14.233,12.834,11.613,4.5223,6.3521,7.4346,8.702,10.044,10.632,9.8771,9.9745,8.3121,9.181,8.7495,7.4346,8.5579,9.4627,10.475,11.814,11.482,12.261,12.639,12.463,13.648,13.174,12.888,12.463,12.802,13.668,13.709,12.661,12.407,10.112
13.311,15.238,16.611,17.519,16.759,16.462,15.971,15.314,14.488,14.488,13.99,13.495,13.99,13.792,12.959,14.032,14.083,13.99,14.083,14.568,15.238,15.153,16.143,16.339,15.998,15.39,15.219,13.103,11.44,9.5349,9.2105,10.762,12.032,11.947,11.415,10.815,11.041,10.775,11.44,10.775,11.801,11.887,12.199,12.423,11.313,12.092,11.313,11.402,11.801,11.801,12.092,11.801,12.092,12.79,12.294,12.79,13.366,12.562,12.092,10.448,3.7666,5.1047,7.6097,7.3188,8.6764,8.8253,9.02,7.8346,8.2135,7.3188,7.0158,7.3188,8.5079,8.2135,9.7451,9.9218,10.224,10.681,10.882,11.516,10.882,11.197,11.093,12.032,11.402,11.752,11.85,11.415,10.392,8.7594
15.479,17.674,18.855,19.291,18.73,18.943,18.229,17.915,17.517,16.832,15.998,15.859,15.902,15.181,16.441,15.78,15.263,16.365,16.865,16.84,17.953,17.58,17.953,18.612,17.892,17.366,16.939,15.335,11.679,10.638,10.52,12.109,12.938,12.381,13.15,12.722,11.995,12.381,13.182,12.991,12.711,13.41,14.163,13.646,13.244,12.991,13.15,12.938,13.192,13.927,14.006,13.837,13.41,14.241,14.153,14.289,14.887,14.367,13.317,11.33,4.208,5.6652,7.4388,8.9883,10.334,10.441,10.118,10.374,9.8265,8.7544,7.9598,7.8196,8.8174,9.0497,10.104,11.572,11.584,12.109,12.646,12.624,13.39,13.15,12.668,12.635,13.41,12.722,13.15,12.809,11.762,9.4826
15.679,17.667,18.424,19.245,19.445,19.281,18.839,18.663,17.659,17.415,15.679,15.906,15.457,16.503,16.594,15.775,16.594,16.768,16.826,16.768,17.335,17.159,18.152,18.281,18.084,17.876,16.694,15.322,12.657,10.095,10.204,12.459,13.149,12.83,12.635,12.7,12.98,12.7,13.471,13.17,13.295,13.634,13.512,13.634,13.705,13.461,13.705,13.139,13.306,13.705,14.659,14.151,14.023,13.705,13.915,14.2,14.229,14.345,13.705,11.752,4.5209,6.3284,6.3502,8.9959,10.204,10.109,9.5904,9.6906,8.4742,9.2979,8.4252,7.8832,8.3097,8.7469,9.4745,11.149,11.538,11.634,11.996,12.303,12.927,12.492,12.7,12.927,13.001,13.054,13.149,12.536,11.81,9.8742
15.709,17.312,18.573,19.039,19.487,18.887,18.335,18.147,17.288,16.699,15.848,16.131,15.753,15.463,14.885,15.744,16.309,16.367,17.288,17.153,17.602,16.641,18.056,18.079,17.834,17.873,17.602,14.755,13.101,10.314,10.744,12.224,12.933,13.216,12.741,11.941,12.325,12.213,12.751,12.447,13.122,13.913,13.943,13.705,12.213,13.247,13.133,13.122,13.463,13.091,13.625,12.965,14.177,14.885,13.705,14.445,15.195,14.379,14.099,12.358,3.7027,5.3912,8.3945,8.9018,10.167,9.9629,10.059,9.5555,9.1599,8.0101,7.8546,7.9241,7.7314,9.627,9.44,11.108,11.046,12.269,12.055,11.941,12.741,12.358,12.837,13.513,12.741,12.269,13.615,12.358,12.258,9.6554
15.305,18.957,18.949,19.382,20.082,18.986,18.715,17.628,16.495,16.826,15.6,15.984,16.62,16.503,16.453,15.679,16.495,16.461,16.949,16.965,17.216,17.216,18.084,18.462,18.244,17.471,16.826,15.241,13.296,10.835,11.149,12.723,13.181,13.399,12.314,12.624,12.314,12.657,12.657,12.788,12.723,13.825,13.994,13.233,13.512,12.98,13.512,13.139,13.233,13.399,13.675,13.399,13.675,14.141,14.2,14.2,14.958,14.659,13.012,11.985,4.2372,5.876,7.4326,8.8101,10.326,10.784,9.9719,10.352,9.9163,8.3099,7.5249,7.3014,8.4745,9.3574,9.313,11.049,11.857,11.37,12.884,12.537,12.884,12.099,11.752,13.055,12.657,12.657,13.399,12.701,11.985,10.642
15.63,17.564,18.523,18.897,18.977,18.456,18.604,18.027,17.673,17.603,15.795,15.934,15.795,16.037,15.994,15.417,16.708,16.249,16.317,16.838,17.603,16.968,17.603,18.404,18.156,16.895,16.871,14.557,13.098,11.052,11.052,12.186,12.617,12.971,13.192,12.275,12.061,12.231,12.672,13.223,13.254,13.139,13.831,13.601,13.752,13.357,13.662,12.758,12.758,13.388,13.782,13.752,13.632,13.712,14.155,14.453,14.753,14.107,12.886,11.334,4.2238,6.3086,7.6281,8.2836,9.6318,10.293,10.333,9.1496,9.4448,8.9525,7.5558,7.3533,7.8585,9.044,9.6603,11.138,11.573,11.538,11.538,12.231,12.585,12.275,12.152,12.79,13.192,12.617,13.621,12.939,12.264,10.399
15.227,17.358,19.495,18.981,19.039,18.52,18.887,17.795,16.314,16.705,15.227,15.966,16.272,16.365,15.724,15.758,15.932,15.758,16.398,16.909,17.35,17.562,18.513,18.296,18.184,17.413,17.159,14.592,13.334,9.9389,11.05,12.059,13.589,13.127,12.329,12.274,12.229,11.772,12.451,12.418,13.252,13.839,13.918,14.056,13.71,13.106,12.615,12.583,13.417,13.262,13.386,13.468,14.104,14.611,13.66,14.298,15.557,14.384,13.918,11.713,4.4448,5.342,7.9269,8.4464,9.6162,10.49,10.008,9.5589,8.9051,8.013,7.0279,7.408,7.445,8.9665,10.292,11.05,11.441,11.713,12.262,11.713,12.756,11.957,12.756,13.355,12.659,12.959,13.417,12.67,12.884,9.9665
15.004,17.929,18.48,18.922,18.48,18.783,18.112,17.32,17.509,17.128,15.747,15.65,15.955,15.747,15.989,15.747,15.955,15.877,16.161,16.672,16.738,17.438,17.375,18.323,17.627,17.32,16.473,14.81,12.347,9.9535,10.622,12.436,12.634,13.354,13.125,12.634,12.077,12.292,12.247,12.688,13.446,13.446,13.405,14.125,13.968,13.115,13.157,13.157,13.619,13.436,13.125,13.354,13.209,14.585,13.375,13.85,15.222,14.174,13.271,11.87,3.5191,5.5765,7.6382,8.0247,9.6445,9.1616,10.802,9.4573,8.4588,7.6382,7.1352,7.363,8.4588,9.8002,9.9811,10.764,11.553,11.505,12.601,11.963,12.247,12.236,12.111,13.609,13.271,13.146,13.282,12.988,11.73,10.764
15.223,17.635,18.915,18.886,18.361,19.096,18.09,17.256,17.152,16.763,15.25,15.929,16.297,15.955,14.319,16.288,15.747,15.929,16.664,16.934,16.894,16.934,18.354,18.112,17.821,17.439,16.672,14.698,12.112,10.023,10.545,12.904,12.807,13.115,12.381,12.247,11.963,12.112,12.247,13.126,12.634,13.157,14.116,14.252,13.488,13.406,12.861,12.381,13.157,12.989,13.64,13.375,13.65,14.174,13.68,14.472,14.921,14.548,13.68,11.518,3.8192,5.2723,7.4561,8.4591,9.443,10.186,9.1619,9.2961,8.9184,8.1441,7.307,7.307,8.54,9.6448,9.4575,11.518,10.954,11.518,12.112,12.236,12.348,12.689,13.115,13.241,13.375,13.031,13.65,12.514,11.506,11.067
15.602,17.941,19.184,19.533,18.224,18.93,18.216,17.473,17.496,16.828,16.497,15.681,16.328,15.681,14.727,16.43,16.021,16.328,16.371,16.303,17.856,16.43,17.496,18.457,17.979,17.162,17.338,14.299,12.316,10.63,10.578,12.405,12.886,13.183,12.982,12.192,12.101,12.271,11.986,13.235,13.141,13.757,14.538,14.279,13.797,14.357,12.982,12.929,13.473,13.401,14.153,13.401,14.357,14.153,14.347,14.433,15.243,14.661,13.141,11.48,4.0031,5.5875,7.7608,8.9511,9.4759,10.407,9.5918,9.6493,9.1797,8.0062,7.6533,8.0062,8.6689,10.513,10.721,11.249,11.237,12.659,12.615,13.056,12.713,12.832,13.401,13.636,13.473,13.141,13.797,12.886,12.135,11.15
15.222,17.606,18.491,18.897,19.107,18.969,18.558,18.432,18.551,17.266,16.432,15.659,15.869,15.545,15.869,15.607,16.674,15.607,16.204,17.162,17.378,17.939,17.855,18.1,18.062,17.855,17.194,14.327,12.609,10.353,10.616,12.685,12.707,12.598,13.123,12.772,12.299,12.118,12.62,13.133,13.444,13.808,14.182,13.898,14.006,13.858,13.217,12.996,14.172,13.383,13.688,13.546,13.898,13.688,13.808,14.594,15.231,14.413,13.383,11.655,4.3285,5.7978,8.4639,8.9234,9.4629,9.8621,10.821,9.8061,9.3898,8.799,7.8033,8.4639,8.5449,10.028,9.3014,11.307,12.782,12.911,13.279,13.154,13.279,12.685,13.627,13.383,13.279,13.688,14.182,12.815,12.288,11.233
15.743,18.085,18.946,19.412,19.141,18.349,18.319,18.624,17.505,16.726,16.259,15.646,15.646,15.951,14.468,16.816,16.054,16.157,16.914,16.585,17.924,17.363,17.583,18.296,17.924,17.434,16.791,14.723,12.9,10.489,10.331,12.511,13.122,13.028,13.278,12.378,12.598,12.244,12.244,13.143,13.154,13.767,14.401,13.727,14.073,14.122,13.443,13.237,13.676,13.727,14.199,13.237,13.767,14.122,14.325,14.61,15.101,14.401,13.122,11.502,4.3249,6.3154,7.9885,9.5707,9.7557,10.951,10.331,10.45,9.1595,9.455,7.4541,8.4079,9.0233,10.555,11.064,10.489,11.727,13.237,12.975,14.073,13.767,13.443,13.371,13.767,13.402,14.43,13.935,12.953,12.598,10.812
15.86,18.066,18.951,19.211,19.907,18.607,18.805,17.929,17.596,17.256,15.782,15.981,15.782,14.576,14.773,15.747,16.288,15.491,17.588,16.893,17.635,17.635,17.751,18.547,18.547,17.439,17.184,15.598,13.031,10.622,10.802,12.688,13.65,13.538,12.612,12.436,11.836,12.381,12.688,12.634,13.64,13.73,13.68,13.85,12.688,13.998,13.24,13.209,13.77,13.126,13.85,13.282,13.538,14.405,13.85,14.838,15.58,14.319,13.64,11.648,4.326,6.6771,7.0383,9.4574,9.7582,9.8564,10.453,10.622,9.5731,9.0256,8.652,8.7939,9.1768,10.091,10.347,11.457,11.789,12.612,13.146,12.978,13.375,12.957,14.077,13.939,13.146,13.282,14.116,13.157,12.202,10.544
15.798,17.488,18.825,18.648,19.323,19.259,17.924,18.267,17.653,16.968,16.481,15.516,14.563,15.445,15.596,15.833,15.971,16.279,16.338,16.288,17.081,17.401,17.962,18.108,17.456,17.337,16.878,15.516,12.647,10.463,10.62,12.304,12.917,13.223,12.647,12.614,12.259,12.078,13.368,13.139,13.744,13.664,14.13,14.188,13.654,14.14,14.343,13.17,13.654,13.388,13.633,14.091,13.953,14.14,14.14,14.14,15.265,13.744,13.17,11.742,4.7262,5.6559,7.4266,8.9273,10.555,10.927,10.633,10.633,10.633,8.6608,8.74,8.9736,9.467,9.1862,10.317,11.565,12.078,12.625,12.647,13.044,13.223,13.552,12.777,13.419,13.285,13.46,13.552,12.614,12.214,10.555
15.27,17.462,18.941,19.122,19.494,18.809,17.62,17.969,18.053,17.047,16.454,15.768,16.115,15.125,14.858,15.977,16.183,16.183,16.612,16.31,17.399,17.111,17.93,18.349,17.152,17.462,16.941,14.802,12.619,10.817,11.082,12.094,12.974,13.175,13.29,11.991,12.002,12.297,13.164,12.878,13.988,13.819,13.393,14.193,13.658,13.869,13.789,13.424,12.878,13.393,14.184,13.393,13.699,14.135,14.271,14.53,14.718,13.988,13.393,11.664,4.8432,5.6579,7.4292,8.7431,9.9673,11.23,10.83,9.9949,9.6579,8.9459,8.1721,8.1552,9.8138,8.9304,9.5862,11.242,11.664,11.979,13.227,12.531,14.145,12.706,13.506,13.258,13.3,14.29,14.193,12.825,12.002,11.242
15.241,18.243,18.949,19.109,19.181,18.817,18.061,17.494,17.335,16.924,15.749,15.049,15.277,15.241,15.626,14.874,15.906,16.368,15.775,16.826,17.335,16.948,17.783,18.334,18.484,16.924,16.826,14.2,12.007,10.095,10.834,12.492,13.295,13.17,12.884,12.98,12.492,12.133,12.83,13.181,13.399,14.345,14.431,13.964,13.149,13.875,13.399,12.927,13.634,13.512,13.795,13.139,14.2,14.536,14.431,14.151,14.874,14.345,13.399,11.478,4.7006,6.3502,7.953,8.9343,9.4745,10.041,10.834,10.524,8.9498,8.5553,8.2261,8.2261,8.5553,9.6906,9.4013,11.235,11.984,12.099,13.012,13.233,13.264,13.001,13.885,13.964,13.875,13.644,14.151,12.787,12.657,11.478
14.859,18.274,18.237,19.029,18.942,18.774,18.092,17.954,17.153,17.464,14.868,15.9,15.62,16.286,16.116,15.978,16.184,16.32,17.015,16.413,17.408,17.153,17.931,18.297,18.237,17.621,16.762,14.194,12.253,10.507,10.97,12.487,13.373,12.707,13.134,12.365,12.717,11.57,13.007,13.228,13.456,13.507,13.629,14.146,13.7,13.75,13.669,13.259,13.507,13.87,13.87,13.659,13.165,13.79,13.989,13.639,14.568,14.597,13.144,11.991,4.1031,6.3261,7.8099,9.0385,10.037,11.082,11.045,10.468,10.105,8.0019,8.0019,7.8803,8.931,9.2944,10.105,11.231,12.253,12.879,13.259,13.301,13.134,12.879,13.394,13.228,13.79,13.301,13.165,13.88,11.605,11.045
15.452,17.103,18.939,19.485,19.307,18.37,18.129,17.643,17.399,16.488,15.831,15.752,15.55,15.585,14.284,16.412,15.443,16.412,16.073,16.488,17.768,16.687,17.922,18.438,18.265,17.96,16.933,14.627,12.303,10.316,11.126,11.974,13.043,12.872,13.169,12.213,12.481,11.997,12.689,13.284,13.622,13.783,15.045,14.011,13.862,13.294,13.252,13.387,13.158,13.783,13.872,13.284,13.862,13.952,14.796,14.523,15.263,13.743,13.652,11.139,3.7864,5.7997,7.8058,9.2896,9.9627,10.195,10.502,10.515,9.682,9.466,7.8058,7.9459,9.3488,10.141,10.554,10.926,12.776,12.711,12.872,13.551,13.632,13.158,14.138,13.622,14.138,14.138,13.783,13.169,12.213,11.077
15.954,18.804,19.007,18.913,18.913,19.245,18.352,17.812,17.633,17.183,15.737,15.815,15.579,15.876,16.159,16.295,15.954,15.988,16.819,16.695,16.819,17.866,17.866,18.179,18.427,17.461,16.463,14.92,12.291,10.699,10.953,12.774,12.987,12.633,12.806,12.86,11.504,12.6,13.374,12.763,13.239,13.618,14.327,13.638,13.649,13.435,13.888,12.687,13.27,13.938,13.967,13.799,13.114,13.679,14.114,14.202,14.697,14.432,13.374,11.612,4.6918,6.3165,7.5105,9.0248,10.543,10.346,10.814,9.8555,9.6438,9.3835,7.7981,7.7981,8.4093,9.4566,10.185,11.028,13.435,12.633,13.03,13.156,14.114,14.202,14.173,13.729,14.471,13.649,13.849,13.618,12.469,10.452
15.657,17.936,19.531,19.839,20.115,18.813,18.548,17.952,17.913,16.941,16.21,15.604,15.988,15.301,15.229,14.516,16.278,16.345,16.802,16.396,17.327,17.071,18.376,19.017,18.331,16.957,17.952,13.736,12.962,10.704,10.807,12.442,13.131,13.12,12.475,12.442,12.116,12.241,11.84,12.386,13.215,13.776,14.257,14.516,13.277,13.645,13.645,12.962,13.152,13.12,13.411,13.493,13.974,14.411,13.686,14.44,15.111,14.592,13.686,11.653,4.6941,5.5789,7.5143,9.5049,9.6772,10.338,9.8044,9.4613,9.0598,8.1979,8.6556,8.6873,8.6873,9.4613,8.9374,11.558,11.898,12.116,13.736,12.607,13.736,13.12,14.102,14.18,13.442,13.625,15.029,13.442,12.607,11.354
15.306,17.848,19.327,19.625,19.561,19.284,18.805,17.964,17.161,16.705,15.769,15.279,15.628,15.324,14.299,15.891,15.908,16.021,16.828,16.762,17.473,17.567,17.63,18.307,17.902,16.828,16.463,14.802,12.659,10.473,10.836,12.372,12.659,12.789,13.266,12.372,12.101,12.626,12.637,12.886,13.266,13.646,13.666,13.401,12.659,13.565,12.886,12.713,13.183,13.514,13.877,13.235,13.757,13.666,14.143,14.202,14.885,13.401,13.666,11.611,4.1053,5.2825,8.0061,8.6209,10.042,10.206,10.643,9.973,9.4026,8.9356,7.3211,8.3108,9.5917,9.9174,10.836,12.271,11.917,12.135,13.38,13.183,13.797,13.757,13.877,13.401,13.266,13.183,14.124,13.235,12.226,11.051
15.911,18.362,19.387,19.564,19.049,18.845,18.362,18.104,17.475,16.699,15.63,15.754,15.533,15.63,16.765,15.85,16.195,15.989,16.831,16.507,16.624,17.027,17.982,18.954,17.905,16.97,16.465,14.54,12.496,10.044,10.838,12.802,13.016,12.715,13.174,12.137,12.103,11.86,12.834,12.715,13.058,13.709,14.145,13.153,13.403,13.403,12.802,12.715,13.516,13.434,13.759,13.058,13.678,13.759,13.759,14.301,14.663,14.644,13.465,11.324,4.0036,5.8066,7.3033,9.0445,9.181,10.355,10.112,9.6935,8.6221,9.075,7.7619,8.493,8.493,9.4772,9.075,11.755,11.238,11.672,13.185,13.058,13.237,13.465,13.919,14.301,13.709,14.145,14.435,12.496,12.407,11.052
15.765,18.219,19.049,19.789,19.451,18.926,18.595,17.875,16.726,16.501,15.888,16.12,16.299,15.983,16.501,15.321,15.456,16.009,16.693,16.825,17.214,17.214,17.238,18.757,18.385,17.469,17.334,14.497,13,10.783,10.563,12.458,13.169,12.369,13.138,12.268,11.809,11.477,12.007,13.429,12.369,13.794,14.724,13.377,13.398,12.883,13.562,12.623,13.398,13.511,14.15,13.295,13.47,14.101,14.022,14.15,14.956,13.794,13.46,11.32,3.8258,5.6599,7.4689,8.8092,10.325,10.431,8.9491,10.095,8.9491,8.5547,8.667,7.5242,8.6988,9.3121,9.1927,10.834,11.751,12.223,13.295,12.979,13.643,13.704,13.398,14.295,13.704,13.874,14.022,13.47,12.403,10.576
15.066,18.033,18.683,19.174,18.963,18.757,18.102,17.699,17.668,16.963,15.943,15.385,15.276,14.918,15.167,15.715,15.811,15.715,16.532,16.227,16.658,17.15,17.255,18.164,17.51,17.824,16.338,14.636,12.286,10.389,11.174,12.398,12.664,13.169,12.127,12.297,12.161,12.432,12.817,13.295,13.543,13.917,13.326,13.907,13.43,13.706,13.787,13.263,13.907,13.43,13.665,13.326,13.211,13.696,13.43,13.827,14.759,14.759,13.01,12.127,3.7985,5.6733,7.3934,8.4937,9.7982,10.022,10.228,8.8301,8.7194,7.542,8.3288,8.4446,8.6395,8.9703,9.7129,11.395,12.012,12.127,13.43,12.286,13.031,12.565,13.543,13.01,13.169,13.43,13.917,13.211,12.012,10.588
15.256,17.956,18.352,18.777,18.733,18.442,18.261,17.956,17.582,16.611,15.535,14.851,15.974,15.904,16.333,14.588,15.764,15.826,16.206,16.443,17.519,17.392,17.487,17.894,17.519,17.558,16.719,14.889,12.099,10.119,10.574,12.471,12.993,12.8,13.152,12.281,12.27,12.145,12.811,12.843,13.319,13.768,14.213,13.474,13.443,13.246,13.025,13.194,13.576,14.311,13.678,13.412,13.928,13.474,14.243,14.155,14.814,13.898,12.939,11.681,3.8298,5.8816,7.891,8.1667,9.9814,9.7002,9.4838,9.6716,9.4692,9.307,7.5321,7.8205,9.0508,9.0048,9.8839,11.538,11.645,12.27,12.504,13.474,13.768,13.025,13.688,14.55,14.291,13.768,14.767,14.008,12.504,10.442
15.326,17.904,18.667,19.055,19.3,18.763,18.518,17.545,17.569,17.115,15.892,15.682,15.523,15.326,14.203,16.091,15.281,15.77,16.431,16.623,17.219,17.498,18.149,18.719,17.881,16.928,16.304,13.918,12.406,10.631,10.837,12.66,12.887,13.402,12.93,11.987,12.704,12.01,12.801,12.983,13.005,13.267,14.281,13.878,13.474,13.878,13.184,12.801,13.433,13.828,13.878,13.184,13.402,13.678,14.125,13.678,15.035,13.968,13.402,10.976,4.2381,5.6861,6.854,7.9549,9.6501,9.9184,9.5927,9.6644,8.4272,8.2113,8.4763,8.2281,9.6644,9.8204,11.372,11.151,11.987,12.714,13.142,13.309,14.435,13.402,13.997,14.539,14.615,14.193,14.203,12.801,12.887,10.837
15.313,17.843,19.119,19.119,19.032,18.414,18.384,17.719,17.205,16.181,15.766,15.801,15.313,15.67,15.67,14.856,15.757,15.457,16.816,16.493,17.491,17.333,17.491,18.05,17.617,17.397,16.816,14.094,12.529,10.346,10.828,12.262,12.791,13.636,13.131,12.65,11.908,12.126,12.307,13.225,12.715,14.269,14.528,13.173,12.973,13.626,13.288,12.973,13.504,13.422,13.504,13.422,13.907,14.143,13.787,14.346,14.865,14.716,13.163,11.555,3.714,6.1253,7.4651,9.173,9.685,10.399,10.103,9.6565,9.6565,8.9754,7.5203,8.6146,8.9907,10.035,10.319,12.251,11.977,12.396,13.298,13.391,14.191,14.133,14.716,14.528,14.423,14.094,15.05,13.656,12.973,11.03
15.497,18.048,17.956,18.802,19.286,17.941,18.544,17.694,17.181,17.085,15.952,16.192,16.09,16.2,16.561,14.696,15.648,15.952,16.947,16.76,16.89,16.947,17.841,18.063,17.81,17.864,16.858,14.545,12.805,10.332,10.952,12.29,12.686,12.686,13.269,12.675,12.773,12.234,12.858,13.029,13.155,13.728,14.171,12.986,13.607,13.485,13.238,13.155,13.372,13.728,14.583,13.728,13.403,13.996,14.316,14.507,14.909,14.201,13.857,12.075,4.8357,6.4024,7.5646,8.9166,10.345,11.515,10.698,10.49,9.4557,9.1751,8.6504,8.2932,10.184,10.089,10.345,11.961,12.2,12.773,12.2,14.123,13.847,13.768,14.123,14.431,13.847,14.77,14.583,13.677,12.234,11.015
16.431,18.075,18.884,19.107,18.767,18.554,18.316,17.777,17.715,16.305,15.923,15.845,16.17,16.238,16.238,14.882,15.246,15.923,16.638,16.761,17.427,18.075,18.569,18.443,18.014,17.403,16.916,14.973,13.099,10.78,10.78,12.143,13.348,12.738,13.213,12.143,12.222,12.576,13.088,13.244,12.93,14.048,14.376,13.822,13.911,13.244,13.652,13.182,13.348,13.97,14.29,13.612,13.46,13.94,13.702,14.556,14.992,14.29,13.582,11.326,4.5036,6.3042,7.4958,8.9154,10.523,10.894,10.932,10.536,10.286,9.7383,8.9001,8.5866,9.4381,9.9333,10.057,11.938,12.488,13.088,13.612,14.29,14.603,13.94,14.743,14.556,15.191,14.882,14.992,13.582,12.411,10.601
15.476,18.519,19.066,19.38,18.578,18.519,18.061,17.878,17.916,16.397,15.573,15.757,16.178,15.626,15.835,15.253,16.397,15.956,16.737,16.638,16.908,17.101,18.061,18.038,17.607,17.157,17.037,14.999,12.593,10.291,10.541,12.614,13.095,13.095,12.883,12.658,12.417,12.45,12.787,13.189,12.968,13.628,14.833,13.261,13.749,13.828,13.189,13.333,14.152,13.415,13.779,13.659,13.749,14.306,13.917,14.525,14.999,14.487,13.779,11.63,4.8291,6.3721,7.6264,10.007,11.099,10.937,10.899,10.593,9.8828,9.5582,9.1625,8.9043,9.0419,10.397,9.7851,12.417,12.261,12.937,13.618,14.103,14.306,14.591,14.297,15.081,14.306,14.306,14.487,13.749,12.744,11.209
15.109,17.809,18.886,18.062,19.21,18.696,18.452,17.932,17.794,16.794,15.965,15.792,15.405,16.025,14.815,16.712,16.263,16.564,16.025,16.564,17.054,17.608,17.561,17.412,18.062,17.84,16.272,15.468,12.571,10.606,10.331,12.217,13.105,12.937,12.658,12.755,12.451,12.451,13.426,13.354,13.749,14.297,14.412,15.009,14.23,14.152,13.709,13.947,13.868,12.937,13.977,13.385,13.599,13.385,13.977,14.383,14.676,13.947,12.884,12.059,4.4754,5.9261,7.7869,9.4284,10.331,10.786,10.683,10.397,10.489,9.63,8.92,8.591,8.446,11.246,11.332,11.63,13.518,13.354,13.659,13.251,13.589,13.749,14.525,14.788,13.749,14.383,14.666,14.249,12.658,11.771
15.75,17.908,19.25,19.107,19.222,18.709,18.767,17.715,18.03,16.556,15.539,15.845,16.696,15.741,15.897,15.219,14.992,16.026,17.348,16.663,17.277,18.143,18.331,18.525,17.923,17.599,17.093,14.222,12.673,10.523,10.601,12.323,13.702,13.255,12.93,12.952,12.356,12.608,12.962,13.182,13.409,13.861,14.546,13.592,14.145,13.348,13.702,13.511,13.742,14.097,13.582,13.592,13.94,14.29,13.742,14.29,15.101,14.097,13.255,11.434,4.5036,6.806,8.458,9.0073,10.523,10.601,11.094,10.601,9.6251,9.1432,8.2778,8.2778,9.4817,9.6535,10.07,12.323,12.488,12.738,13.409,13.702,14.48,13.622,14.087,14.668,14.808,14.743,14.817,13.911,12.323,11.094
15.926,17.505,18.779,19.091,18.954,18.357,18.476,17.817,17.316,16.693,16.792,15.594,15.813,15.425,16.293,14.629,16.157,15.874,16.157,16.914,17.316,17.076,17.902,18.244,18.417,17.623,17.379,14.325,13.112,10.62,11.027,12.109,12.804,12.772,13.112,13.403,12.467,12.434,12.772,13.847,12.954,13.936,14.544,13.936,14.112,13.206,13.433,12.761,12.954,14.122,13.857,13.268,13.847,13.444,14.073,14.122,15.001,13.677,12.901,11.551,3.7821,6.4875,6.9975,9.671,11.027,10.697,10.812,11.064,9.3381,9.4988,8.1927,8.9777,9.7559,10.184,10.607,11.96,11.833,12.074,13.372,13.965,14.506,13.143,14.506,14.073,14.61,13.767,14.582,13.154,12.199,10.503
15.432,17.909,19.477,19.477,18.838,18.684,18.115,17.63,16.476,16.299,14.933,15.503,15.494,15.025,15.432,14.933,15.503,15.503,16.937,16.741,18.115,17.465,18.032,18.918,18.093,17.442,17.026,14.177,12.906,9.983,10.415,12.17,13.377,13.377,12.98,12.516,12.777,12.959,11.976,12.863,12.383,13.652,14.099,12.636,13.117,13.541,13.212,12.991,13.733,13.852,13.49,13.612,13.852,14.273,13.612,14.273,14.813,13.862,13.159,11.507,4.5136,7.0395,8.4605,9.7599,9.8582,11.217,10.415,10.507,10.024,8.9353,7.7471,9.1634,9.8021,10.079,9.9554,12.68,12.114,13.159,14.079,13.942,13.862,14.128,14.85,13.892,14.273,14.128,14.128,14.128,13.159,11.266
15.232,18.03,18.783,18.893,19.395,19.073,17.731,17.567,17.823,17.068,16.644,15.411,15.114,15.798,14.531,16.57,16.403,16.252,17.108,16.743,17.614,17.908,18.28,17.792,17.846,17.363,16.644,14.109,12.097,10.174,10.493,12.942,12.499,13.142,12.684,12.674,11.88,12.052,12.973,13.664,13.016,13.664,13.834,13.873,14.388,13.952,13.873,13.016,13.142,13.359,13.11,13.421,13.664,13.1,14.186,13.714,14.756,14.765,13.39,11.775,4.8309,5.8584,8.1849,9.3734,9.9695,11.336,10.174,10.321,10.321,9.4463,8.7836,9.3734,9.6619,10.751,11.599,11.717,12.76,13.359,14.913,14.559,14.254,15.014,14.109,14.559,14.302,14.099,14.186,12.888,12.063,11.054
15.498,18.478,18.948,19.351,18.589,18.803,18.087,17.834,17.585,16.462,15.436,15.987,15.22,15.427,16.294,15.355,16.387,15.736,16.727,17.507,17.182,17.436,17.182,17.942,17.942,17.341,16.387,14.771,12.346,10.621,10.451,12.379,13.207,12.805,13.113,12.687,12.166,12.632,12.6,13.434,12.976,13.373,13.638,13.768,13.434,13.373,13.404,12.955,13.27,14.123,13.678,13.352,13.728,13.113,13.888,14.269,14.724,14.094,12.976,11.552,4.1962,6.7172,8.2102,9.4561,10.184,11.115,10.813,9.855,10.13,9.855,8.7299,8.4088,9.6718,9.5717,10.021,12.611,13.155,12.611,14.172,14.508,14.403,13.967,14.403,13.858,13.996,14.696,14.317,13.352,12.346,11.552
15.727,17.913,18.636,19.503,19.247,18.614,18.436,17.828,17.327,16.736,15.256,15.657,16.167,15.497,13.855,16.303,15.328,15.779,16.736,16.269,17.445,16.794,18.188,19.075,17.642,17.374,16.479,14.516,12.475,9.762,10.627,12.082,12.693,13.645,12.983,12.519,12.475,11.979,12.78,13.645,12.909,13.277,13.865,13.895,13.246,14.411,12.962,13.277,13.38,13.855,13.945,13.411,14.004,13.544,14.004,14.582,15.506,14.516,13.359,11.329,4.0989,5.8676,7.0018,9.0292,10.562,10.549,10.417,10.026,9.762,9.4611,8.5433,9.5047,9.1804,9.3881,10.509,11.51,12.606,13.036,13.655,13.776,14.209,13.442,13.685,14.918,14.325,14.582,14.62,12.866,12.617,10.457
15.595,18.177,19.092,19.855,19.286,18.626,18.185,17.748,16.891,16.947,15.779,15.978,16.669,16.09,16.336,15.744,15.577,15.744,16.694,16.294,17.205,17.181,18.086,18.418,18.448,17.077,16.669,14.928,12.632,10.698,10.698,12.29,13.637,13.28,12.632,13.123,12.245,12.599,12.632,13.113,12.986,13.678,14.113,14.249,13.857,13.269,12.901,13.269,13.372,13.637,13.637,13.444,13.847,13.768,13.857,14.403,15.211,14.507,13.617,11.961,4.1961,6.3377,7.7974,8.9628,10.184,11.225,10.952,10.332,9.8964,9.2944,8.6822,8.2099,9.2944,10.332,10.503,11.225,12.588,12.245,12.686,14.171,13.798,13.678,13.768,14.074,14.123,13.372,14.113,12.245,11.961,10.698
15.974,18.111,18.346,18.945,19.025,19.097,18.473,18.111,17.109,16.223,16.18,15.15,15.897,16.358,15.74,15.519,15.268,15.801,16.938,16.585,17.483,16.692,17.927,18.27,17.951,17.341,16.282,14.594,12.704,10.103,10.505,12.485,13.391,13.37,13.173,12.715,12.092,12.628,12.617,12.715,13.298,14.288,13.636,14.594,13.787,13.697,13.004,13.173,13.453,13.391,13.162,13.288,13.391,14.142,13.391,14.288,14.423,14.191,13.986,12.126,4.4876,5.9886,7.6476,8.6624,9.6849,10.622,11.277,10.144,9.4689,8.9753,8.2213,8.6624,8.9445,10.518,10.346,11.531,12.628,12.693,13.131,12.919,12.628,13.162,13.636,14.594,13.463,13.956,13.986,13.173,12.396,11.142
16.395,17.935,19.481,19.65,18.614,18.33,18.36,17.602,16.736,15.822,15.603,15.753,16.064,16.479,14.515,16.67,15.935,16.471,16.595,16.201,17.758,16.957,18.073,18.732,18.187,17.602,16.957,15.327,12.866,10.026,10.92,12.206,13.685,13.543,12.961,12.285,12.474,12.206,12.474,12.908,13.452,13.162,14.131,14.082,13.655,13.359,13.13,13.036,13.685,13.38,13.214,13.12,13.735,13.855,13.655,14.121,15.028,14.334,13.441,11.793,4.9786,5.5787,7.8016,10.026,9.1802,10.095,10.704,9.6483,9.0594,8.6073,7.8894,9.2846,8.4131,10.095,11.071,11.219,12.24,12.617,14.082,13.162,13.452,13.855,13.775,15.037,13.805,13.359,14.41,13.38,12.386,11.304
15.326,18.361,18.518,18.399,19.135,18.873,17.942,16.969,17.411,16.706,15.163,15.389,15.245,15.254,14.154,16.048,16.321,15.893,16.598,16.83,17.419,17.569,17.996,17.788,17.474,16.797,16.928,14.803,12.704,10.566,10.207,12.495,13.464,13.142,13.058,12.714,12.66,12.627,12.66,12.79,12.833,13.918,13.637,13.798,13.142,13.758,13.184,13.142,13.402,12.93,13.668,13.668,13.637,13.798,13.433,14.3,14.644,13.997,13.678,11.813,4.0034,5.8063,7.3029,8.3117,9.4622,10.644,9.8205,9.974,9.4036,8.9365,8.812,8.6218,9.5204,9.7782,10.644,11.348,11.813,13.005,13.464,13.309,13.798,13.828,13.878,13.758,14.3,14.154,14.105,13.888,12.627,11.052
15.616,17.834,19.262,19.326,18.856,19.312,18.141,17.772,16.938,16.45,15.312,15.8,15.267,15.616,16.29,14.874,15.756,15.598,16.815,16.358,17.364,17.228,17.616,18.11,17.865,17.53,16.749,15.122,12.703,10.57,10.425,12.295,13.297,13.004,12.779,12.703,12.362,12.25,12.876,13.554,12.779,13.554,13.816,13.554,13.635,13.162,13.13,12.451,13.287,13.655,14.093,12.972,13.39,13.655,14.345,14.093,14.855,14.527,13.462,11.567,3.7874,6.125,7.0072,8.5498,9.6844,10.198,10.635,9.9097,8.9902,8.3043,8.5498,7.9998,8.6938,9.9652,10.828,11.602,12.627,12.649,13.046,14.22,14.132,13.816,13.866,14.422,14.335,14.631,14.422,13.37,12.79,11.141
15.035,18.264,18.967,19.083,18.821,18.437,18.082,17.65,17.167,16.949,15.308,15.371,14.522,14.711,13.862,15.308,15.943,15.145,16.579,17.223,17.398,17.548,17.921,18.377,16.81,16.965,16.604,14.711,12.246,9.9759,10.462,12.48,13,13.22,13.126,12.358,12.392,12.645,12.623,13.22,13.448,13.386,13.621,13.631,13.137,14.108,13.137,13.126,13.499,13.168,13.862,13.458,13.417,14.01,13.981,14.137,15.035,14.588,13.692,11.74,4.2331,5.7755,7.9973,9.0333,9.9897,11.273,10.14,10.462,9.6386,8.9258,8.4824,8.2015,9.9897,10.501,10.631,11.334,12.818,13.386,14.417,14.264,14.283,14.215,13.386,14.264,14.925,14.417,15.263,13.621,13.168,10.811
15.752,18.33,19.049,18.868,19.071,18.568,18.516,17.821,17.234,16.65,16.072,15.761,16.174,15.409,15.302,16.275,15.63,16.896,16.14,15.857,17.844,17.297,17.782,17.936,18.33,17.612,16.317,14.984,11.97,10.609,10.531,12.186,12.94,13.098,12.972,12.747,12.79,12.152,13.014,13.108,13.752,13.622,12.972,13.632,13.592,13.357,13.429,13.832,13.752,13.223,13.871,13.662,13.871,13.95,13.871,14.3,15.23,14.233,13.419,12.152,4.3203,6.6271,7.7355,9.6178,9.9682,11.334,11.286,10.609,9.8852,9.1498,8.2006,8.6724,9.0442,10.544,11.052,12.672,12.747,13.098,13.14,13.712,14.185,14.078,14.155,14.491,14.707,14.386,15.003,13.782,12.683,11.633
15.72,17.324,18.519,18.527,19.642,18.93,18.408,17.847,17.324,17.3,16.032,15.014,16.253,15.412,15.72,15.859,15.277,16.27,16.404,16.446,17.237,17.348,17.419,18.519,18.046,17.49,16.678,14.493,11.949,10.295,10.401,12.75,13.142,13.132,12.846,12.5,12.598,12.663,12.663,12.963,13.664,13.267,13.755,14.187,13.624,13.36,13.982,13.523,13.111,13.36,13.785,13.225,13.604,14.061,14.417,14.766,15.005,14.1,13.785,11.949,4.5077,6.3316,7.8776,9.1664,11.017,11.202,11.492,9.9562,10.752,9.4902,8.5944,8.1348,9.7893,10.545,11.116,11.717,12.963,13.39,14.109,14.061,13.923,13.624,14.597,14.597,13.624,14.531,14.616,13.755,12.846,11.214
15.615,18.169,19.052,18.908,18.908,18.872,18.409,17.336,17.888,16.158,15.893,15.456,14.988,14.665,14.372,16.166,16.124,15.711,16.251,16.879,17.903,17.145,17.657,18.564,17.803,17.422,16.634,14.739,12.485,10.992,10.739,12.441,12.948,12.67,13.609,13.001,12.573,12.605,12.562,13.739,13.096,13.001,13.699,13.818,13.649,13.966,13.649,13.252,13.406,13.096,14.083,13.619,13.699,13.619,15.179,14.739,15.536,14.296,13.699,11.479,4.2198,6.8244,8.4397,9.6227,11.103,11.189,11.491,10.778,10.429,10.31,8.6639,9.4358,10.163,10.52,11.004,12.441,12.408,13.457,13.937,15.106,14.813,14.887,13.818,14.887,14.439,14.693,14.665,13.818,12.14,11.479
15.394,17.903,19.245,19.102,19.93,18.379,18.259,17.711,16.855,16.895,16.124,15.259,15.918,15.259,13.738,16.021,15.322,15.614,16.234,17.43,16.952,17.169,18.07,18.638,17.826,17.169,16.895,14.238,12.605,10.429,10.79,12.831,12.959,13.251,13.21,12.831,12.67,12.605,12.959,12.735,12.778,13.588,14.295,13.818,13.179,13.818,12.831,13.116,13.608,13.588,14.969,13.699,14.064,14.132,14.476,14.664,15.614,14.988,14.093,11.621,5.1813,6.474,8.632,9.6225,10.52,11.238,11.274,10.929,10.777,10.068,8.2756,9.7357,9.9994,10.323,10.468,12.14,12.67,13.648,14.438,14.17,14.822,14.141,14.552,14.804,14.141,14.655,14.476,13.456,13.127,10.585
15.845,18.324,18.731,18.443,19.265,19.107,18.443,17.403,17.34,16.638,15.828,14.891,16.026,16.264,15.949,15.074,15.75,16.389,16.238,16.63,17.221,16.859,17.893,18.384,17.716,17.285,16.989,14.518,12.609,10.071,10.484,12.488,13.582,13.182,13.005,12.565,12.222,12.609,13.005,12.835,13.511,13.348,13.832,13.97,13.862,13.005,13.652,13.327,13.612,13.822,13.862,13.822,13.592,14.817,13.97,14.974,14.669,14.242,13.612,11.625,4.3172,6.6223,8.2779,9.3654,11.106,11.53,11.434,11.241,10.111,9.8365,8.7762,8.7135,9.4383,11.482,10.793,11.939,13.348,13.419,14.097,13.419,14.518,14.097,14.3,14.518,14.743,14.669,14.669,13.822,12.931,10.894
16.27,17.924,19.267,19.564,18.608,18.571,18.526,17.419,16.719,15.937,14.895,15.729,16.04,14.904,15.859,15.232,15.205,15.633,15.937,15.997,17.568,17.109,17.237,18.747,17.793,16.776,16.801,14.389,12.674,10.174,10.803,13.36,14.08,13.715,13.1,12.75,12.62,12.576,13.421,13.472,12.674,13.431,14.913,13.132,13.36,13.39,12.76,12.942,13.844,13.664,14.821,13.664,14.254,14.389,14.389,14.109,15.304,14.672,13.225,11.635,4.9435,6.3099,7.7899,9.7471,11.017,11.504,11.599,11.017,10.12,9.3737,8.1348,8.1516,9.6622,11.054,10.401,11.576,12.233,13.194,14.1,14.303,15.014,13.604,14.061,14.913,14.303,14.493,15.115,13.142,12.793,10.532
15.977,18.196,19.081,19.732,18.9,18.347,18.098,17.737,16.782,15.847,15.865,15.638,15.734,15.585,14.065,16.08,15.238,15.265,16.284,16.551,17.448,17.171,18.614,18.9,18.105,17.01,16.807,13.849,12.504,10.794,10.755,12.46,13.609,13.839,13.105,12.978,12.581,12.978,12.624,13.23,12.851,13.669,14.761,13.599,13.344,13.639,12.602,13.147,13.528,13.879,14.114,13.105,14.065,13.928,13.839,14.259,15.726,14.687,13.395,11.532,4.6885,6.113,8.4523,9.1546,11.12,11.12,11.058,9.9458,9.9458,9.4499,8.0014,9.0489,10.378,10.601,10.945,11.508,12.602,12.893,13.759,13.849,14.919,13.599,14.259,14.065,14.602,13.928,15.12,13.105,12.504,10.497
14.9,17.796,18.566,18.779,19.234,18.425,18.328,18.064,17.571,16.248,16.07,15.111,15.273,15.933,14.761,16.541,15.407,15.725,15.933,16.837,17.508,17.414,17.726,18.003,18.335,16.764,16.138,13.83,12.23,9.8425,11.113,12.275,12.595,13.138,13.128,12.938,12.263,12.671,12.746,13.711,13.097,13.097,14.489,13.83,14.076,13.107,13.519,13.253,12.938,14.299,14.105,13.519,13.62,13.751,14.752,14.565,15.228,14.565,13.6,11.854,4.8298,6.8102,7.4086,9.5596,11.014,11.501,10.685,10.477,9.5596,10.332,8.9518,9.1489,10.063,10.594,11.819,11.537,12.151,13.417,14.154,14.451,14.678,14.096,14.299,14.678,14.9,14.983,15.201,13.949,12.595,11.489
15.262,18.262,19.376,19.17,19.369,18.874,18.284,17.891,17.338,16.727,15.748,15.217,14.99,15.396,13.968,16.388,16.253,16.16,16.058,15.947,17.33,17.219,17.597,18.501,17.659,17.043,16.955,14.298,11.937,10.6,11.006,12.487,13.129,12.929,13.087,12.876,12.321,12.487,12.737,13.346,13.129,13.326,14.221,13.087,13.651,13.968,13.212,12.607,12.961,14.173,14.24,13.771,13.651,13.968,14.374,14.806,15.217,14.741,13.346,12.086,4.8263,6.7039,8.1938,9.4372,11.325,11.276,11.092,11.043,10.677,10.325,8.277,8.4571,10.325,11.006,11.276,11.937,12.876,13.243,14.047,14.24,14.779,13.909,14.779,14.583,14.751,14.99,15.289,14.173,12.651,11.529
15.713,18.283,18.88,19.665,19.027,18.799,18.161,17.658,17.508,16.738,16.53,15.082,15.783,15.49,14.568,16.887,15.66,16.361,16.019,16.336,17.508,16.928,17.697,18.396,17.915,17.389,16.887,14.606,12.75,9.495,11.173,12.43,13.428,13.262,13.04,12.684,11.941,12.16,12.341,13.209,12.662,13.178,14.172,13.694,13.694,13.994,13.209,13.209,13.324,13.428,13.5,13.428,14.327,13.905,14.182,14.99,15.49,14.832,13.428,11.111,4.9966,7.1637,8.1934,9.8956,10.534,11.694,10.998,9.9932,10.131,9.9932,8.7183,9.333,10.172,11.111,12.216,12.43,13.209,13.825,14.221,13.825,13.785,14.327,14.462,13.734,13.825,15.165,14.757,13.704,12.955,11.635
15.725,17.965,19.217,19.102,18.964,19.217,18.73,17.029,17.085,16.301,15.787,15.496,15.725,15.787,13.973,16.996,15.865,15.787,16.47,16.594,17.373,16.768,17.133,17.593,17.325,17.317,15.865,14.618,12.172,10.337,10.35,12.605,12.961,13.451,12.616,12.239,11.989,12.284,12.692,13.119,12.703,13.213,14.514,13.13,13.451,13.614,12.982,13.119,13.734,13.774,13.654,13.035,13.734,13.973,14.409,14.917,15.227,14.59,13.276,11.897,4.8381,6.1422,7.5135,10.08,10.818,10.818,11.07,10.508,10.026,8.9364,8.2972,8.6546,9.1646,10.495,11.218,11.352,12.351,13.41,14.13,13.41,14.275,13.151,14.275,14.323,14.13,14.13,15.227,13.774,13.119,11.509
16.682,17.449,18.692,18.904,19.315,19.013,18.963,17.855,17.449,16.871,15.438,16.102,15.286,15.304,15.367,14.819,16.205,15.791,16.171,16.306,17.09,16.83,17.544,18.492,17.878,16.806,16.748,14.819,12.254,10.459,10.629,12.62,13.445,13.648,12.62,12.598,12.299,11.843,12.685,12.444,13.29,13.779,13.134,13.445,11.982,13.688,13.362,13.217,12.965,12.685,13.496,13.547,13.658,14.519,13.739,14.183,15.232,14.921,13.628,11.901,4.9521,5.8688,7.9954,9.1824,10.029,11.16,10.551,10.083,9.5067,9.2868,9.5067,9.6506,8.7364,10.029,10.629,11.993,12.62,13.688,13.809,13.039,13.658,13.362,13.739,14.279,14.007,13.977,14.735,13.383,13.383,11.56
15.264,17.479,18.786,19.085,18.94,19.492,17.884,17.923,17.55,16.836,15.612,15.309,15.875,15.797,16.354,15.228,15.753,16.005,16.354,16.176,17.2,16.754,17.612,17.961,17.336,16.746,16.303,14.284,12.258,10.462,10.515,12.247,12.969,13.222,13.043,12.613,11.974,12.258,12.525,12.787,12.969,12.916,14.139,13.693,13.387,13.159,13.284,12.787,13.159,13.387,13.783,13.138,13.743,13.693,14.523,14.74,15.228,14.011,13.284,11.742,4.3301,6.3881,7.1421,8.9728,10.619,11.516,11.139,11.238,10.462,9.3491,8.4179,8.2023,9.3047,9.8657,10.423,11.077,13.001,12.123,13.387,14.216,13.982,13.903,13.693,14.011,14.419,14.332,14.871,13.743,13.169,11.564
15.129,17.625,18.511,19.321,18.99,18.637,17.935,17.835,17.372,16.724,15.773,15.238,15.275,15.623,15.981,15.129,15.32,15.955,16.492,16.315,17.625,16.79,17.18,17.866,17.625,17.092,16.458,14.657,12.267,10.203,10.575,12.655,12.978,12.978,13.137,12.534,12.49,12.256,12.368,12.925,12.796,13.397,13.662,13.179,13.397,13.179,13.376,13.179,13.052,13.823,13.992,13.397,13.702,13.51,13.992,14.751,14.881,14.149,12.999,11.476,4.104,5.8749,7.5235,9.6891,10.35,11.667,10.782,10.627,9.9145,9.5888,8.208,8.4729,9.3556,10.203,9.6891,12.097,12.131,13.168,13.137,14.1,14.294,13.397,14.149,13.873,13.397,13.912,14.862,14.342,12.301,11.233
15.772,17.935,18.33,18.755,18.982,18.398,18.21,17.873,17.091,16.323,15.346,15.463,15.516,15.129,15.247,14.936,15.382,15.596,16.961,16.221,16.79,17.18,17.663,18.096,17.332,17.236,16.823,14.599,11.667,10.107,11.084,12.709,13.631,13.822,12.312,12.131,12.097,12.368,12.924,12.698,13.293,13.882,13.396,13.792,12.633,13.662,12.924,13.509,13.872,13.147,13.396,13.23,14.294,14.021,14.148,14.533,15.346,14.722,13.702,12.131,4.8444,6.4994,7.8817,8.4889,9.6888,10.403,10.039,9.6888,9.0706,8.174,8.4236,9.3995,9.1765,9.6888,9.9141,12.368,12.097,13.136,13.168,13.136,13.396,13.662,14.148,14.571,13.662,14.148,14.599,14.75,13.702,11.749
15.213,17.751,19.001,18.606,19.346,18.539,18.119,17.087,17.375,16.092,15.5,14.93,15.781,15.022,14.688,15.003,15.294,15.737,16.338,16.472,16.99,16.795,17.343,17.82,17.509,16.663,16.015,14.173,12.677,9.9808,10.916,12.469,13.209,13.77,13.374,12.688,12.347,12.381,13.281,12.381,13.156,13.73,13.639,14.096,12.956,13.938,13.374,13.115,13.405,13.374,13.849,13.8,14.173,14.772,14.585,15.022,15.5,14.404,14.173,12.235,4.482,6.3168,8.6516,9.5727,9.6728,10.622,10.333,10.802,10.091,8.0074,8.2943,10.131,9.457,10.186,10.346,12.246,11.962,12.86,14.27,14.251,13.436,14.251,15.321,14.726,14.471,14.404,15.031,14.318,13.679,11.974
15.129,18.167,18.437,18.791,18.995,18.197,18.34,17.8,17.823,16.577,15.969,15.238,15.011,15.238,14.115,16.75,15.943,15.524,15.848,16.326,17.457,17.307,17.808,17.307,17.115,16.276,15.77,14.26,11.639,10.405,10.692,12.603,13.105,12.668,13.147,13.436,12.271,12.679,13.365,13.021,13.116,13.021,14.308,14.115,13.76,14.192,13.344,13.272,13.67,13.928,14.115,14.066,13.988,14.26,14.827,14.993,15.524,15.093,13.528,12.193,4.8329,6.5683,7.4503,9.4937,10.326,11.255,10.807,10.484,9.5658,10.178,8.7873,9.2889,10.614,9.4502,11.108,11.965,12.338,12.947,13.879,14.574,14.308,14.105,14.163,14.085,14.687,14.901,14.91,13.629,12.947,11.509
15.639,18.32,18.885,19.828,19.405,18.44,18.657,17.954,17.109,16.84,15.639,16.315,15.363,14.549,15.692,15.044,16.517,16.032,16.441,16.101,17.39,16.775,17.556,18.403,17.977,17.35,16.775,14.549,12.646,10.334,10.844,12.668,12.895,13.676,12.722,12.895,12.47,12.144,12.47,12.991,12.991,14.367,13.976,13.717,13.767,13.887,13.524,13.646,13.807,13.646,14.367,13.976,14.357,14.472,14.587,14.587,15.824,15.29,14.036,11.995,4.7632,7.1545,8.6272,9.5264,9.9803,11.584,11.158,9.306,10.638,9.0498,9.4681,9.4827,10.118,9.6562,10.104,12.722,13.411,13.192,14.309,13.927,14.549,13.837,15.044,15.399,14.887,14.472,15.47,14.625,12.798,12.325
16.086,17.875,19.97,19.557,19.508,18.513,18.393,17.875,17.11,16.89,16.018,15.384,15.348,14.724,14.15,15.625,15.774,15.809,16.325,16.502,17.782,16.89,17.837,18.58,17.406,17.493,16.825,14.101,12.83,10.641,10.641,13.169,14.199,13.429,13.663,12.133,12.926,12.634,12.711,12.797,13.429,13.398,14.344,14.15,13.232,13.562,13.398,13.138,13.398,13.562,14.864,14.296,13.914,14.873,14.799,15.625,15.456,14.724,14.353,11.668,4.845,6.3281,8.6989,9.9987,11.283,12.098,11.086,10.783,10.325,10.51,8.8093,9.4739,11.573,10.405,11.525,12.223,13.138,12.979,14.344,14.611,14.276,14.497,14.714,15.348,15.167,14.573,15.321,14.199,12.926,11.609
15.97,17.455,18.498,20.72,16.934,18.976,16.219,19.995,17.384,17.651,15.797,15.309,15.506,16.354,16.219,18.137,17.336,14.646,16.934,17.384,19.308,17.384,19.738,18.266,16.811,17.455,18.371,14.342,12.602,10.1,10.317,12.481,13.449,13.169,13.982,13.127,13.127,11.742,12.711,13.663,12.624,14.217,14.284,13.294,13.294,13.159,13.294,14.129,13.663,14.109,14.187,14.109,12.776,14.187,15.832,15.665,15.237,14.419,13.873,11.8,5.4062,6.8263,8.3026,11.659,9.8097,11.8,10.632,10.825,11.8,11.077,7.8062,10.423,9.4518,10.087,10.463,11.986,11.974,12.292,12.123,13.982,13.632,15.264,15.155,16.21,14.945,13.449,15.264,14.926,12.916,11.238
16.191,17.855,19.283,19.383,16.621,19.979,17.096,17.416,17.839,16.893,16.046,15.985,17.055,15.305,16.369,15.242,14.754,14.298,16.596,16.496,18.486,17.055,16.704,18.245,17.376,17.055,18.154,14.866,11.985,10.205,10.629,12.723,13.297,12.981,13.876,11.985,12.928,13.14,12.701,13.171,13.472,12.831,13.706,14.201,12.981,13.876,13.965,13.472,13.886,13.916,14.613,14.23,16.369,14.717,15.242,15.323,15.032,14.959,13.826,11.634,5.2559,7.7602,9.2986,11.05,9.6914,11.916,12.089,11.527,8.9967,11.149,8.7001,6.5856,9.4752,10.472,10.835,12.191,12.259,14.959,16.02,15.803,13.876,14.866,14.103,14.346,13.796,14.754,16.046,12.799,13.916,10.72
15.47,17.593,18.593,19.437,18.504,18.415,17.871,17.663,16.991,16.13,15.462,15.568,15.95,14.993,15.847,14.883,15.328,15.829,16.763,16.632,17.554,17.601,17.554,18.016,17.925,17.047,16.399,14.098,12.588,9.7815,11.279,12.675,13.256,13.583,13.421,12.932,12.257,12.413,12.75,13.215,12.223,13.744,14.176,13.349,13.613,13.246,13.349,12.953,13.823,14.698,14.444,14.147,14.088,14.176,14.088,14.67,15.292,14.745,14.098,11.303,5.2359,7.4967,9.3223,9.4392,11.495,11.708,11.193,10.794,9.962,9.3223,8.6353,8.1955,10.327,10.287,11.327,12.223,13.09,13.256,13.942,14.604,14.548,13.971,14.548,14.482,14.67,14.224,16.027,14.098,13.246,10.794
16.336,17.538,19.432,19.034,20.922,17.008,18.832,17.763,18.309,16.269,15.245,16.108,16.741,14.955,13.494,14.272,17.382,14.128,16.535,15.998,17.57,17.755,18.421,16.936,18.121,17.809,16.684,13.815,12.55,9.866,11.092,13.331,13.228,13.362,12.593,13.072,12.207,12.473,12.072,13.595,12.396,13.444,13.635,14.205,14.799,13.228,13.403,13.362,14.079,14.538,14.205,14.128,13.166,15.164,14.272,13.725,14.205,14.529,13.805,11.61,5.3836,6.3182,9.9488,10.78,12.915,11.504,12.207,11.551,8.8892,8.3827,9.866,9.147,8.2677,10.767,11.516,13.331,10.471,12.647,15.826,14.358,14.205,15.272,13.844,14.272,13.166,15.547,16.765,13.805,13.565,11.031
15.783,18.848,19.631,19.821,18.313,18.411,18.965,17.223,16.627,16.973,16.24,15.818,15.756,15.057,13.467,15.809,14.609,17.383,16.768,17.423,15.756,17.296,16.989,16.018,18.767,17.248,16.627,14.438,12.105,10.045,10.357,13.061,12.793,12.986,13.145,12.717,13.145,12.105,12.728,13.681,14.148,15.783,14.206,14.438,12.498,14.03,13.436,13.971,13.882,14.666,13.711,14.03,14.732,13.156,12.836,16.308,15.607,14.816,13.156,11.544,5.3621,9.3172,7.1517,9.0767,12.986,11.58,8.6717,11.092,10.41,8.9849,7.7634,4.9604,10.004,12.196,14.438,11.326,16.502,10.789,14.76,12.89,15.057,9.4058,12.275,19.518,15.633,13.008,16.026,16.801,14.352,10.114
15.516,18.248,18.584,18.569,18.985,19.393,17.922,17.417,17.922,16.897,15.552,15.258,14.595,15.472,14.234,15.995,16.03,15.727,16.569,16.651,16.643,17.235,17.613,17.417,18.226,17.002,15.727,14.387,12.673,10.609,10.531,12.683,12.454,12.597,13.521,13.265,12.421,12.265,13.141,13.592,13.358,13.521,14.156,13.713,13.592,14.108,13.389,12.748,13.358,13.633,14.253,13.981,14.108,13.753,15.004,14.912,14.829,14.68,13.521,11.634,5.2656,7.2977,8.1507,10.44,10.801,11.139,11.015,11.139,9.4456,9.6611,8.3995,9.1653,9.6327,10.596,11.335,12.232,12.941,13.255,13.592,13.922,14.108,14.301,14.912,13.592,14.912,14.595,14.829,13.713,13.015,11.634
15.518,17.237,18.19,18.46,18.894,19.726,18.608,17.285,17.886,16.972,15.972,15.206,14.987,15.764,15.206,15.972,16.253,15.972,15.799,15.842,17.419,16.899,16.777,17.165,18.008,17.061,16.379,14.532,12.793,9.8455,10.441,12.598,12.974,13.142,13.101,12.233,12.62,12.064,12.685,13.473,14.061,13.625,13.924,14.389,14.389,14.11,13.755,13.924,14.11,13.36,13.755,13.635,14.158,13.874,14.255,14.303,15.233,14.682,13.391,12.064,4.5078,6.375,8.2022,9.7474,10.533,10.904,11.445,10.546,10.121,9.8455,9.046,8.9238,9.4904,11.493,10.803,11.054,13.36,13.101,13.755,13.715,13.953,13.983,14.11,14.418,14.303,13.983,14.987,14.149,13.391,12.064
15.47,17.812,18.403,18.925,19.12,18.758,18.087,17.603,17.36,16.674,15.229,16.139,15.256,15.76,15.301,15.856,15.274,15.908,17.129,16.641,16.911,17.438,17.486,17.727,17.415,17.129,16.895,14.706,11.946,10.595,11.014,12.671,13.139,13.357,13.139,12.617,12.573,11.946,12.843,12.453,13.621,13.601,13.831,13.711,14.057,13.357,13.357,13.013,14.155,13.418,14.106,14.057,13.831,13.92,14.385,15.002,15.229,15.229,13.781,12.264,5.3426,7.0482,8.2001,9.488,11.113,10.595,11.333,10.8,10.172,9.488,8.5283,8.5283,9.1493,10.543,10.53,11.714,12.453,13.831,13.92,13.92,14.299,13.979,13.52,14.299,14.566,14.901,14.827,14.594,13.264,10.939
16.176,18.348,18.784,18.526,18.93,18.526,18.407,17.3,17.165,16.57,15.633,15.842,15.42,15.842,16.776,15.729,15.633,16.185,16.653,16.185,17.677,16.776,17.939,18.16,16.899,16.874,16.719,14.187,11.972,10.174,10.335,12.587,13.594,13.131,13.267,13.016,12.063,12.278,12.62,13.421,13.267,13.953,14.493,13.1,13.225,13.36,13.664,13.267,13.421,13.664,14.158,13.664,14.099,13.714,14.158,15.124,15.005,15.115,14.187,11.949,5.1874,7.2985,7.86,8.9081,10.61,11.017,10.48,11.103,10.12,9.4466,7.9986,7.9296,10.066,10.011,11.017,11.492,12.422,12.598,14.389,13.982,14.681,14.235,14.569,13.664,14.08,14.821,15.014,14.109,12.587,11.336
15.317,18.106,18.74,18.601,18.945,18.799,18.205,17.629,16.929,16.658,15.272,14.842,14.833,15.317,13.766,16.198,15.136,15.486,16.584,16.417,17.433,17.122,16.79,18.777,17.861,17.203,16.266,14.4,12.377,10.019,11.149,12.856,13.111,13.027,13.153,12.288,12.597,12.608,12.586,12.63,13.205,13.111,14.314,14.121,13.964,13.483,13.236,13.205,13.37,14.169,14.111,13.675,14.169,13.675,14.467,14.693,14.999,14.429,14.505,11.609,4.9474,6.8377,8.0222,9.2929,10.76,11.644,11.063,11.297,9.9503,9.8531,8.4724,8.791,9.67,11.025,11.112,12.277,12.684,13.111,13.142,13.766,14.072,13.766,14.842,14.266,13.964,13.726,15.592,13.483,13.483,11.454
15.72,17.346,18.773,18.449,18.89,17.875,17.775,17.29,17.035,16.311,14.978,15.251,15.694,15.694,15.331,16.445,14.997,15.928,15.954,16.734,17.566,16.403,18.059,18.059,17.814,17.346,16.889,14.561,12.26,10.005,11.048,12.656,13.657,13.866,13.009,12.613,12.785,11.942,12.415,12.656,13.465,13.945,13.707,14.447,14.304,13.915,13.383,13.259,14.447,13.657,13.515,13.465,13.586,14.785,14.589,14.785,15.465,14.896,13.707,12.591,4.6842,6.8283,8.7163,10.074,10.005,10.746,11.048,10.06,10.526,9.2654,8.9031,8.7163,9.3684,10.797,11.628,12.091,13.124,12.753,13.586,13.616,14.589,14.053,14.608,15.545,14.608,15.006,15.079,14.485,13.331,11.281
16.055,18.587,19.161,19.624,19.405,19.331,18.587,17.644,16.986,16.579,15.17,15.18,15.841,15.283,14.13,15.868,16.091,15.514,17.111,16.605,17.078,17.376,18.216,18.679,17.893,17.384,17.506,15.029,12.686,10.266,11.144,13.214,13.721,13.68,13.845,12.686,12.448,12.831,12.897,13.127,13.501,13.845,14.886,13.638,13.084,14.211,13.203,12.908,13.501,13.876,14.32,14.009,14.1,14.886,14.828,14.867,15.696,14.838,14.498,11.85,5.3369,7.1602,9.0884,10.362,10.806,11.105,10.727,10.593,10.196,9.8407,8.5557,8.7532,10.126,10.74,12.076,11.79,12.076,13.385,13.968,14.419,15.114,13.886,15.095,14.981,15.587,15.403,15.769,14.655,13.385,11.717
15.006,18.168,17.825,17.732,18.572,18.748,18.07,17.166,17.42,16.571,15.799,15.197,15.341,15.554,15.233,15.799,15.938,15.799,16.571,16.654,17.109,17.069,16.875,17.237,17.616,16.9,16.679,14.494,12.098,10.175,10.611,12.793,13.111,13.101,13.36,12.943,13.143,12.234,13.111,12.793,14.11,13.595,13.36,14.757,14.255,13.983,13.835,13.36,14.11,13.835,13.635,13.715,13.785,14.831,13.983,14.831,14.303,14.822,13.36,12.685,5.2665,6.7109,7.999,9.9566,10.066,10.942,10.322,9.4471,9.8457,9.7897,8.7216,8.924,8.7216,10.942,11.054,12.234,13.143,14.1,13.785,13.953,13.755,13.835,14.313,14.794,15.088,15.015,15.124,14.494,13.715,12.064
15.808,17.664,19.148,18.439,18.753,18.394,17.905,17.82,16.486,16.351,15.808,14.979,15.711,15.281,14.18,16.257,15.163,15.089,15.991,16.266,17.656,17.194,17.82,17.913,17.194,16.983,16.402,13.993,12.294,10.171,11.171,12.726,13.591,13.702,13.426,13.26,12.339,12.124,12.661,12.683,13.591,13.853,14.022,14.18,13.333,13.823,13.692,13.406,14.306,13.166,13.853,13.591,13.823,14.131,14.326,15.089,15.354,14.566,13.823,11.916,4.4995,6.8663,8.3267,9.4939,10.585,10.663,11.502,10.373,9.8944,9.6819,8.6853,9.3763,9.0144,11.196,11.307,11.502,12.953,13.323,15.308,14.326,15.308,13.823,15.808,15.991,15.08,16.017,15.497,14.17,13.823,11.55
15.531,17.89,19.065,19.26,18.941,18.408,17.859,17.68,16.805,16.236,15.54,15.288,15.637,15.996,14.876,16.772,15.261,16.363,16.313,16.739,17.388,16.937,17.123,17.882,17.641,17.428,16.515,14.365,12.097,10.373,10.944,12.666,13.885,14.004,13.19,12.666,12.623,12.278,13.159,13.022,13.159,14.132,13.685,14.509,13.674,14.585,13.481,13.674,14.365,13.481,13.674,13.674,13.885,14.365,14.307,14.885,15.288,15.042,14.112,12.108,4.8489,5.8802,8.9564,9.6693,10.944,11.157,11.292,9.8815,9.8253,9.6549,9.4815,8.7058,9.6549,11.243,11.678,11.678,13.409,13.685,14.894,14.239,14.547,13.765,15.468,14.811,14.585,16.245,15.397,14.21,13.885,12.546
15.556,18.113,19.329,18.572,19.034,18.631,18.143,18.09,17.611,16.694,15.741,15.296,16.036,15.458,15.511,15.802,16.002,16.002,16.292,16.444,17.279,17.15,17.952,17.952,17.658,16.883,17.15,15.124,12.364,11.131,11.131,12.486,13.748,13.299,13.698,12.995,13.258,12.781,13.132,12.618,13.372,13.698,14.289,13.748,14.016,13.556,13.818,13.392,13.657,14.192,13.908,14.144,14.652,14.595,14.792,14.595,15.314,14.529,13.788,12.263,4.9555,7.4286,8.8053,9.6572,10.623,11.52,11.278,11.131,10.816,9.9665,8.695,9.1737,9.9942,11.242,10.968,12.297,13.657,13.868,14.289,14.144,14.801,14.144,14.567,15.52,15.618,15.314,15.458,14.114,13.637,11.886
15.049,18.209,18.569,18.827,19.376,18.45,18.201,17.34,17.888,16.358,16.008,15.896,14.489,15.765,14.335,16,16.442,15.8,16.683,17.108,17.396,17.204,17.647,17.865,17.553,17.459,16.18,14.527,12.484,10.504,10.57,12.822,13.297,13.39,13.625,12.876,12.703,12.993,13.696,13.786,13.876,14.014,14.093,14.142,13.746,14.19,13.906,14.19,13.746,13.786,14.706,14.112,13.666,14.19,14.743,14.865,15.122,14.527,13.786,12.261,5.2783,7.5747,8.3043,9.5842,11.519,11.567,11.567,10.929,10.712,10.635,9.5842,10.425,9.979,10.828,11.744,13.172,13.287,13.625,14.65,13.625,15.04,15.021,14.855,14.874,15.765,15.021,15.122,14.527,13.046,11.228
16.578,18.726,19.124,19.072,18.748,19.384,18.711,17.951,17.043,16.845,15.635,15.839,15.874,14.933,14.707,15.238,15.848,15.118,16.578,16.443,17.645,17.55,18.388,18.144,17.748,17.748,16.671,14.952,12.039,10.087,11.137,13.241,13.367,13.818,13.294,13.199,12.715,13.072,13.21,12.781,13.888,14.497,13.707,14.167,13.072,14.792,13.522,13.46,14.669,14.028,13.939,14.42,14.362,14.942,14.603,14.669,15.599,15.118,14.186,12.189,5.6863,6.7612,9.5179,10.087,10.833,11.806,11.591,11.373,10.4,9.3555,9.6921,10.572,11.225,11.1,11.397,13.491,13.199,15.393,15.017,14.497,14.411,14.679,14.821,15.751,14.933,15.229,15.883,14.603,13.072,11.687
15.862,17.975,18.457,19.495,19.09,18.075,18.683,18.321,17.566,16.585,15.897,15.141,15.03,15.114,14.946,15.141,16.279,15.406,16.686,16.86,17.31,17.756,17.042,17.936,18.16,17.764,16.711,14.806,12.073,10.687,11.432,13.221,13.951,13.78,13.253,13.083,12.726,12.726,13.253,13.126,13.306,14.692,13.83,14.375,13.243,14.229,13.961,13.991,14.071,14.423,14.278,13.83,13.871,14.356,14.071,14.375,15.897,14.956,14.307,12.901,5.7159,7.0897,8.9989,10.409,10.26,11.674,11.638,10.778,10.894,10.206,10.422,10.165,9.8295,10.096,10.894,13.073,13.78,13.901,15.114,13.901,14.692,14.946,15.325,15.334,14.965,15.551,15.613,14.956,13.253,11.875
15.552,18.355,18.873,19.167,18.955,18.597,18.048,16.929,17.321,16.056,16.323,15.623,15.142,15.123,14.109,15.845,15.721,15.907,16.082,16.417,17.321,17.577,17.321,18.087,17.288,17.321,16.995,14.815,12.778,10.267,11.304,13.092,13.481,13.481,13.748,13.06,13.06,13.251,13.728,13.96,13.789,14.228,14.89,14.287,13.345,14.109,13.646,13.23,13.839,14,14.965,14.238,13.96,14.73,14.928,14.73,14.965,14.365,13.96,11.824,5.3141,7.5708,8.6724,10.171,11.597,11.154,11.93,11.242,10.589,10.707,9.2345,9.7213,10.707,10.06,12.299,12.208,12.778,14.238,14.442,14.928,15.224,14.9,14.749,14.433,15.552,14.928,14.663,14.433,13.88,11.93
15.27,18.348,18.453,18.705,18.617,19.121,18.091,17.462,17.486,16.818,15.768,15.297,15.042,15.125,13.668,15.618,16.293,15.618,16.293,16.719,17.868,17.103,17.93,18.386,17.611,16.957,16.36,14.652,12.486,9.9669,11.364,12.695,13.175,13.454,14.017,13.164,13.133,13.164,13.133,13.556,14.017,13.258,14.27,13.868,13.638,14.595,13.133,13.393,13.465,14.453,14.567,13.958,14.338,14.453,14.567,14.83,15.042,15.234,14.017,11.886,5.4843,7.4659,9.174,9.5136,11.242,12.002,10.467,11.664,10.558,11.242,9.0681,9.9114,10.347,11.131,11.569,12.607,13.372,13.658,14.529,14.746,15.618,14.858,14.605,14.858,14.867,15.315,15.161,14.858,13.3,11.143
15.609,17.609,18.262,18.797,18.929,18.561,17.857,17.819,16.808,16.808,15.889,15.306,15.116,15.609,16.07,15.306,15.44,16.3,16.435,16.775,17.648,17.38,17.942,18.621,17.85,17.092,16.709,14.643,12.784,10.193,11.161,12.988,13.63,13.25,13.74,13.04,12.87,12.966,13.281,12.966,13.619,14.136,14.184,14.262,14.087,13.86,13.78,13.548,13.74,13.364,13.74,13.86,14.008,14.587,14.444,15.306,15.369,14.483,14.008,12.301,5.4051,7.1406,9.1686,10.139,11.075,11.037,11.514,11.075,10.5,9.4498,10.421,9.5802,9.6375,11.739,12.177,12.523,14.008,13.69,15.152,14.329,14.625,14.625,15.306,16.283,15.306,15.261,15.547,14.483,13.292,11.562
15.17,18.486,18.642,18.627,18.951,18.223,17.847,17.785,17.472,16.926,15.467,15.161,15.17,14.81,15.033,15.768,15.627,15.768,16.729,16.827,17.096,17.377,17.901,17.629,17.408,16.696,16.37,14.726,12.46,10.643,10.473,12.371,13.462,13.645,13.182,12.702,12.702,12.799,12.928,12.799,13.172,14.152,13.266,14.537,13.706,14.152,14.152,13.297,14.103,13.666,13.796,13.635,13.796,14.604,14.298,15.051,15.06,14.23,14.298,12.134,5.5872,7.6529,8.5562,10.433,11.635,11.986,12.1,11.088,10.784,10,10.433,10.11,10.353,10.643,11.563,13.38,13.706,13.756,14.754,14.201,14.23,14.866,14.801,15.033,14.432,15.986,15.75,14.754,13.14,12.191
15.551,17.644,18.558,19.493,19.114,19.265,17.652,17.854,17.321,16.48,16.065,15.146,15.156,15.146,14.139,16.065,15.971,15.945,16.91,17.273,17.455,16.934,18.228,17.885,17.4,16.91,16.489,14.333,12.482,10.317,10.62,12.82,13.388,13.743,13.783,12.873,12.969,12.482,12.701,13.501,12.969,13.633,15.046,13.952,13.449,14.217,12.646,13.17,13.388,14.217,14.486,13.653,14.486,14.217,14.926,15.037,15.797,14.926,13.388,11.905,5.8709,8.0326,8.7396,10.101,11.552,11.529,11.517,10.317,10.423,10.032,9.3493,9.5101,10.196,11.469,12.089,12.526,14.012,13.873,14.945,14.139,15.046,14.647,15.586,14.787,15.228,15.971,16.21,14.712,13.743,11.238
15.53,17.66,19.183,19.276,18.841,18.583,18.516,17.472,16.762,16.37,15.351,15.387,16.046,15.458,13.756,15.242,15.251,15.61,16.827,16.729,17.345,17.096,17.94,18.819,17.978,17.289,16.504,14.801,12.981,10.11,11.137,12.723,13.4,13.666,13.172,13.14,12.225,12.799,12.702,13.172,12.636,13.4,14.537,13.706,13.513,13.706,13.645,13.172,13.472,13.297,14.346,13.645,14.432,14.66,14.604,15.133,16.123,14.613,14.279,11.67,5.7816,7.3019,9.3581,9.6916,11.322,11.37,11.15,10.406,10.564,10.042,8.9507,9.6916,11.137,11.137,11.527,12.134,13.013,13.182,13.4,13.676,14.885,14.23,15.986,15.324,15.351,15.17,16.302,14.876,14.201,12.1
15.185,18.324,18.823,19.006,18.734,18.646,18.594,17.896,17.137,16.967,15.827,16.062,15.696,15.536,15.474,15.294,16.207,16.001,16.637,16.844,16.967,17.489,17.489,17.686,17.394,16.942,15.766,14.244,11.823,10.535,11.161,12.844,13.649,13.719,13.068,12.801,12.417,12.801,13.279,12.801,14.009,14.038,13.279,14.447,13.279,14.552,13.89,13.84,13.577,12.898,13.444,13.413,14.312,14.36,14.955,14.741,14.89,14.59,13.719,12.725,5.4928,7.1559,8.6289,9.8848,10.535,11.098,11.823,10.846,10.522,9.6007,9.0516,9.8286,10.161,10.653,10.575,13.475,13.32,13.719,14.166,13.444,13.81,14.37,13.979,14.475,14.89,15.294,15.366,14.656,12.725,12.237
15.376,17.897,19.03,18.849,18.849,18.886,18.327,17.472,16.932,16.282,15.197,15.526,15.718,15.269,15.805,16.232,15.805,15.822,17.069,16.282,17.806,17.449,18.298,18.148,17.775,16.606,16.762,14.221,12.634,10.151,11.115,13.236,13.891,13.92,13.236,12.944,13.111,12.763,12.205,13.359,13.226,14.028,13.592,14.076,13.683,13.633,13.39,13.236,14.355,13.4,13.4,13.802,13.723,14.269,13.891,14.759,15.438,14.722,13.802,12.126,4.932,6.6949,9.4681,10.416,10.879,10.991,11.513,11.176,10.586,8.5104,8.9028,8.9028,9.308,11.09,11.69,11.921,13.752,13.07,13.752,14.221,14.269,14.221,14.154,15.269,14.269,15.242,15.926,14.355,13.683,11.795
15.586,17.902,18.421,19.481,19.481,18.608,18.27,17.4,17.527,15.798,15.299,15.19,15.551,15.08,15.071,16.214,15.479,15.833,16.726,16.989,18.11,16.973,18.003,17.495,17.964,17.144,16.817,14.746,12.208,10.219,11.152,12.999,13.48,14.22,13.48,13.168,12.741,12.388,12.555,12.999,13.158,14.171,14.366,14.519,13.895,13.984,13.583,13.725,13.398,12.73,13.418,13.684,13.815,14.746,14.171,14.896,15.326,14.858,14.171,12.276,5.2631,6.4029,8.5028,10.657,11.065,10.952,11.165,10.526,10.055,10.11,8.9628,8.9628,8.9936,10.85,11.103,12.151,12.946,12.817,14.171,13.189,13.775,13.48,14.774,14.905,14.746,14.557,15.408,14.452,13.449,12.555
15.086,17.487,18.338,18.723,18.891,18.605,18.301,17.002,17.163,17.163,15.762,15.472,15.003,14.912,15.969,14.819,15.84,15.762,16.444,16.569,17.107,17.566,16.897,17.791,17.107,16.774,16.897,14.301,12.051,9.1652,11.015,12.672,13.521,13.602,13.43,12.887,12.454,12.94,12.887,13.981,13.521,13.14,14.098,13.622,13.832,13.592,13.753,13.663,13.265,13.753,14.156,13.358,14.233,14.253,14.754,14.838,15.23,14.829,13.592,11.633,5.1868,6.6274,7.5017,9.2695,10.801,11.821,10.903,11.015,9.6326,9.489,9.0142,9.1503,9.4455,10.609,10.173,12.421,12.845,12.94,12.962,12.94,14.614,14.301,14.416,14.529,15.122,14.68,15.753,14.985,13.622,12.062
15.275,17.13,18.898,18.7,18.992,18.523,18.187,17.186,16.839,16.368,15.275,15.23,14.819,14.491,14.3,14.902,15.995,15.121,16.443,16.41,16.896,17.416,17.906,18.277,17.416,17.058,16.25,13.782,11.947,10.01,11.2,13.254,14.453,13.872,13.592,12.94,13.14,12.265,13.14,13.254,13.357,13.921,13.357,13.921,12.618,13.662,13.357,13.192,14.156,13.357,13.951,13.872,13.951,14.902,14.567,14.679,15.409,14.595,14.3,11.97,4.9427,6.3089,8.4642,9.6322,10.173,10.94,11.212,9.9545,9.6607,9.4306,8.8913,10.078,10.333,10.94,11.052,12.365,12.152,13.388,13.98,13.842,13.921,13.592,14.595,15.085,15.012,14.233,16.368,14.911,13.98,11.598
15.35,18.055,18.24,18.635,18.363,19.161,18.202,17.743,17.465,17.059,15.781,15.35,15.45,14.525,14.115,16.123,16.475,16.088,15.87,16.475,16.961,17.222,16.928,17.584,17.528,16.878,15.852,14.849,12.178,10.106,11.159,13.723,13.518,13.319,13.845,13.764,13.097,12.74,13.651,13.733,13.518,13.382,14.554,13.723,13.393,14.39,14.006,13.723,13.754,13.885,14.698,14.631,14.39,14.37,15.037,15.046,15.157,14.906,13.319,12.086,4.7314,6.3698,8.5296,9.7109,11.159,11.65,11.308,11.159,11.046,10.271,9.1317,9.3587,10.271,10.433,11.65,12.794,13.097,13.764,14.631,14.812,14.962,14.849,15.037,14.849,15.341,15.35,15.258,15.914,13.915,11.887
15.529,18.045,18.846,19.073,19.543,18.727,18.48,17.936,17.495,17.003,15.375,16.299,15.128,14.934,15.128,15.119,15.751,15.421,16.402,17.19,17.551,17.432,18.442,18.305,17.622,16.838,16.402,14.217,12.281,9.8211,11.592,13.461,13.889,14.265,13.738,13.072,12.944,12.77,13.04,13.707,13.523,14.265,14.207,13.979,13.461,14.187,13.768,13.768,14.029,14.029,14.217,13.819,14.565,15.393,14.68,15.538,16.495,15.321,14.059,12.326,5.3062,7.4669,8.8507,11.398,11.225,12.19,11.225,11.2,10.48,10.032,9.4006,10.156,9.7356,10.885,10.691,13.2,13.04,13.889,14.265,14.793,15.008,13.889,15.672,15.375,15.591,15.375,15.962,14.793,13.523,11.806
16.072,18.205,19.51,20.044,18.485,19.048,18.463,17.913,16.906,16.423,15.854,16.141,15.731,15.328,14.168,16.355,15.328,15.615,16.675,17.168,17.998,17.528,18.643,18.304,17.623,16.906,16.38,14.858,12.699,9.6942,11.186,13.557,14.011,14.479,13.801,13.443,12.83,12.873,13.045,13.443,12.97,13.689,14.924,14.392,14.392,14.849,13.71,13.931,14.07,14.344,14.802,13.801,14.802,14.66,14.849,14.933,15.828,15.21,13.921,12.024,5.4288,7.4943,9.1025,11.086,10.87,12.174,12.355,11.383,10.677,10.143,9.3288,9.5497,10.858,11.565,12.139,12.31,12.754,13.505,14.998,15.21,15.099,14.651,14.849,15.571,15.099,15.731,15.828,15.081,14.198,12.024
13.909,16.846,16.716,16.169,16.716,16.924,16.392,16.178,15.851,14.975,14.147,13.311,13.741,13.909,13.474,13.772,13.635,14.462,14.829,15.187,15.177,15.713,15.961,15.741,15.639,15.713,14.946,12.98,10.465,9.1781,10.353,11.967,12.112,12.72,11.869,11.82,11.331,11.433,11.331,11.458,11.967,12.72,11.967,12.29,12.112,12.686,12.408,11.967,12.29,12.408,12.582,12.396,12.957,12.946,12.98,13.645,13.982,13.506,12.408,10.846,4.8206,6.5788,8.2444,9.5503,9.5351,10.9,10.465,9.7162,9.9086,8.7071,8.9213,8.0122,8.5216,10.833,10.367,10.226,11.833,12.29,12.57,12.811,12.57,12.29,13.603,14.711,14.147,13.485,13.772,12.811,12.408,10.616
15.801,18.28,19.099,19.171,18.901,19.344,18.212,18.212,17.935,17.239,16.515,15.65,14.848,14.932,14.401,16.515,16.036,16.036,16.979,16.481,17.527,17.935,18.273,17.958,18.143,17.175,16.01,13.92,12.309,10.545,11.173,13.607,13.8,13.75,13.84,13.92,12.926,12.872,13.276,14.168,13.276,14.246,14.584,13.92,14.187,14.246,13.84,13.349,13.75,14.688,15.006,14.857,14.069,14.343,15.099,15.209,15.218,14.688,13.505,12.264,5.8239,7.3251,9.0715,10.032,12.035,12.264,11.173,11.849,11.79,10.857,9.2084,9.7224,10.87,10.663,12.533,12.5,14.069,14.04,14.478,15.209,15.327,14.932,14.773,14.913,16.379,15.818,15.73,14.622,13.308,11.321
16.051,18.298,18.592,18.882,18.882,18.741,18.793,18.068,18.32,16.963,15.833,15.387,15.094,15.745,16.147,14.597,15.912,15.692,16.395,17.183,16.963,17.231,17.544,17.424,17.858,16.53,16.437,14.083,12.035,10.369,11.575,12.884,13.762,13.943,13.933,13.853,12.981,12.852,13.035,13.933,13.702,14.405,13.702,14.053,14.405,14.664,14.083,13.691,14.023,14.635,14.211,14.211,14.635,15.02,14.899,15.342,15.629,14.927,13.056,12.321,5.8294,8.056,9.08,11.133,11.096,12.15,12.765,10.829,10.568,10.829,9.4998,9.08,10.014,11.575,10.829,12.677,13.853,13.732,14.673,14.337,15.002,14.862,15.342,15.973,15.223,15.692,16.025,14.201,13.973,12.035
15.363,18.162,18.945,18.323,18.617,18.345,18.565,17.599,17.512,16.28,15.651,15.606,14.92,15.543,16.51,14.741,16.315,16.099,16.212,16.586,17.432,17.311,17.206,17.311,17.568,17.076,16.28,14.279,12.063,10.055,11.211,12.956,13.546,13.71,14.425,13.639,12.956,13.244,12.562,14.376,13.639,13.832,14.22,14.308,13.872,14.072,13.902,13.832,13.751,13.952,14.617,13.71,14.92,14.541,15.134,15.216,15.713,14.512,13.741,12.063,5.692,7.1882,9.0462,10.207,11.433,11.639,10.844,11.211,11.236,10.583,9.4094,9.2296,9.5274,10.57,10.53,13.474,12.869,13.254,14.435,14.376,15.143,15.253,15.543,15.552,15.977,15.766,16.099,14.957,13.781,11.817
15.377,17.952,18.975,19.091,18.829,18.829,18.143,17.15,17.11,16.693,14.949,16.001,15.041,15.449,16.079,14.016,15.88,15.449,16.485,16.452,17.206,16.817,17.929,18.135,17.102,17.013,16.915,14.289,12.184,10.199,11.339,13.132,14.134,13.748,13.697,13.288,12.973,12.877,12.823,13.226,13.392,14.192,14.114,13.667,14.143,14.143,13.637,13.257,13.818,14.192,14.27,13.748,14.708,14.49,14.717,14.49,15.041,14.632,13.556,12.217,5.2527,7.4284,8.9758,11.167,10.713,12.001,11.532,11.663,10.93,9.513,9.6427,9.3963,10.32,11.363,10.829,12.973,12.994,13.877,14.423,15.023,14.94,13.986,15.041,14.866,15.377,16.359,16.359,14.566,13.257,11.745
16.036,18.332,19.368,19.368,19.368,18.872,18.446,17.372,17.484,17.006,16.036,15.233,15.324,16.062,16.062,14.501,16.166,15.843,16.097,16.583,17.436,17.713,17.579,18.233,17.65,16.9,16.583,14.032,12.329,10.02,11.4,13.075,13.578,13.7,13.943,13.731,12.697,12.597,13.297,13.444,12.773,13.329,14.22,13.943,13.822,13.892,13.629,13.043,13.537,14.22,14.501,13.862,14.269,13.862,15.397,15.352,15.324,14.683,13.36,11.95,5.3074,8.0439,8.597,10.68,11.376,12.054,11.027,11.425,11.29,10.416,9.4471,9.1166,8.597,10.771,10.887,13.118,13.822,13.464,13.731,15.315,14.872,15.233,15.242,15.595,16.269,16.7,15.984,15.424,14.22,11.95
16.4,18.019,19.412,19.768,19.035,18.68,18.508,17.981,17.025,16.493,15.346,15.679,16.4,15.099,15.392,15.237,15.099,15.978,17.644,16.442,17.581,16.968,18.387,17.809,17.95,16.77,16.442,14.264,12.279,9.8201,11.224,13.293,13.532,13.767,13.767,13.071,12.769,12.46,12.845,13.039,13.356,14.419,13.938,13.356,13.817,13.888,13.624,13.573,13.948,14.525,14.904,13.938,14.525,15.127,14.525,14.904,15.59,14.867,13.522,11.805,5.4354,7.1807,9.0368,10.399,11.627,12.188,12.039,11.199,10.871,10.017,9.0829,8.9904,11.421,10.768,10.677,12.37,12.845,13.624,14.293,14.678,15.346,15.007,15.873,15.838,15.634,16.056,17.001,15.016,14.602,11.805
15.493,18.472,19,18.949,19.703,18.796,18.111,18.412,17.828,17.176,15.731,15.242,14.905,15.134,14.691,16.722,15.206,16.051,16.664,16.656,17.248,17.359,17.92,18.111,17.92,17.454,16.289,14.167,12.275,9.6685,11.061,13.119,13.843,14.119,13.368,13.109,12.508,13.203,12.606,12.682,12.951,13.932,13.44,14.312,13.794,14.119,13.44,13.265,14.398,13.673,14.089,14.245,14.691,14.923,14.569,15.269,15.564,15.242,13.764,11.83,5.2435,7.9867,9.4964,11.548,10.81,11.98,12.672,11.607,10.81,9.8517,9.6685,10.382,9.4964,11.258,11.5,12.628,13.368,13.794,14.691,14.119,14.775,14.923,15.774,15.484,14.264,15.973,16.196,15.431,13.724,11.957
16.203,18.336,18.964,19.227,19.933,18.608,18.913,18.083,17.654,16.586,15.678,15.643,15.598,15.4,15.855,14.686,15.925,15.969,16.787,16.409,17.051,17.303,17.819,18.176,17.99,16.911,16.4,14.223,11.952,10.022,11.403,13.446,13.713,14.223,13.703,12.949,12.765,12.556,13.046,12.992,13.58,14.065,13.373,14.213,12.699,14.035,13.945,13.205,13.774,13.895,14.213,13.734,14.571,14.875,14.571,14.79,15.758,14.875,13.865,11.917,5.9056,7.1845,8.9641,10.889,11.193,12.045,11.728,11.585,11.143,10.092,9.5664,9.449,10.202,10.525,10.256,12.852,13.632,13.895,14.065,14.095,14.95,14.875,15.135,15.245,15.678,16.451,16.065,15.126,14.035,11.811
15.749,18.125,19.109,18.964,19.6,18.818,18.605,18.336,17.38,17.1,15.732,15.608,15.115,15.511,14.783,16.35,15.224,15.591,16.282,16.708,17.395,17.14,18.125,17.647,17.857,17.092,16.741,14.444,12.177,10.341,10.771,12.87,13.629,14.125,13.166,12.816,12.697,12.39,12.697,13.446,13.166,13.78,13.689,14.52,14.281,14.086,13.949,13.86,14.135,13.456,13.86,13.949,14.558,14.624,14.444,15.042,15.305,15.014,13.949,12.3,5.8693,7.1403,9.3024,10.314,10.771,12.478,11.037,10.565,10.822,10.354,8.658,9.3909,8.6898,10.962,11.971,11.656,13.384,13.689,14.848,13.649,14.482,14.261,14.922,16.061,15.758,15.793,15.546,14.482,13.78,12.643
15.603,18.491,19.716,19.583,19.415,18.125,18.335,17.767,16.222,15.907,15.725,15.275,15.23,15.248,14.073,16.222,14.811,15.829,16.112,16.112,17.267,16.939,17.698,18.572,17.767,16.769,16.613,14.083,12.029,9.8682,11.119,12.939,14.083,13.638,13.117,12.991,12.65,12.344,12.574,12.639,12.639,13.578,14.532,14.361,13.365,13.728,13.117,13.568,13.447,13.926,14.275,13.728,14.121,14.811,14.654,14.793,15.769,14.737,13.568,12.199,5.633,7.543,8.4333,10.302,10.59,11.518,10.782,10.667,9.8682,10.06,8.514,8.9525,9.149,10.996,11.033,11.926,12.65,13.396,13.758,13.926,14.361,13.638,15.095,15.444,15.489,15.603,16.213,15.524,13.808,11.518
15.784,18.08,18.801,19.064,19.122,18.86,18.646,17.418,17.202,16.318,15.827,15.827,15.148,15.075,15.923,14.9,15.483,15.474,16.445,16.52,16.967,17.178,17.888,17.584,17.354,17.306,16.437,14.36,12.146,9.8287,11.539,12.898,14.166,13.81,13.689,13.153,12.671,12.327,12.725,13.413,13.164,13.413,14.205,13.393,13.486,13.486,13.89,12.812,13.649,14.166,14.447,14.166,14.447,14.675,14.825,14.853,15.321,14.552,13.526,11.928,5.4167,7.156,8.1676,9.8287,11.185,11.491,11.061,11.061,10.731,9.9268,8.9903,7.8213,10.377,9.8287,9.6583,11.997,12.112,12.801,13.069,14.293,14.628,14.293,15.294,14.731,14.955,15.581,16.512,15.784,13.84,12.327
15.625,17.657,18.981,19.585,19.163,18.605,17.813,17.657,16.328,16.26,14.684,15.483,15.303,15.267,14.834,15.652,14.455,15.492,16.446,16.92,17.123,17.372,17.883,18.493,17.083,16.328,16.488,14.561,12.906,10.113,11.068,13.192,14.224,14.636,13.422,13.002,13.328,13.076,13.171,12.678,13.255,13.586,13.667,14.834,14.165,14.214,13.161,13.848,14.175,13.494,13.988,14.126,14.684,15.185,14.047,14.627,15.652,14.825,13.818,11.83,5.2644,6.5962,8.4885,10.058,9.7923,10.66,11.155,10.66,10.66,9.1938,8.7141,8.5698,9.6784,11.167,11.364,12.005,13.328,13.161,13.848,14.165,14.224,14.522,15.793,16.011,15.276,16.53,16.345,14.862,14.75,12.245
15.767,18.346,19.433,19.289,19.447,19.209,18.618,17.433,16.788,15.899,14.958,15.767,16.281,15.553,15.607,15.767,15.607,15.042,16.074,16.713,17.505,17.06,18.039,18.093,17.568,16.796,17.215,14.28,11.924,10.097,11.675,13.213,14.181,14.425,13.832,13.223,13.085,13.223,13.085,12.783,13.128,14.358,15.116,13.903,14.231,13.339,13.381,13.213,14.358,14.201,14.27,14.221,14.27,15.327,14.28,15.116,15.544,14.883,13.832,11.699,4.3582,6.5373,8.3565,9.7021,10.688,11.236,10.779,11.348,9.9298,8.9846,7.8568,8.3565,9.0002,11.236,10.701,12.372,13.547,13.244,14.377,15.134,14.541,14.425,15.714,15.687,16.074,16.074,17.117,15.134,13.873,11.877
15.925,18.427,19.778,19.023,18.397,18.757,18.487,17.717,17.439,16.451,15.354,15.881,15.969,15.245,16.409,14.61,15.4,16.502,16.586,16.409,17.423,17.302,17.423,18.029,17.034,17.558,16.678,14.427,12.045,9.9241,11.917,12.555,13.945,13.744,13.825,13.216,13.078,13.3,12.787,13.713,12.992,13.733,14.369,13.498,14.417,13.498,13.539,13.539,13.955,14.874,14.959,13.744,14.271,14.828,14.686,14.828,15.318,15.024,13.945,12.195,4.8698,6.8667,7.7989,10.418,11.105,10.991,10.889,11.105,10.378,10.991,8.9951,8.6633,10.022,10.16,10.458,12.721,12.721,14.349,14.369,15.024,15.4,14.733,15.829,16.039,15.354,16.16,16.845,14.874,14.648,12.252
16.031,17.924,18.934,18.787,18.559,18.743,18.499,17.456,17.145,16.414,15.337,15.373,15.147,14.647,15.453,14.486,15.265,15.971,16.812,16.338,17.862,17.145,17.401,17.48,17.769,17.456,16.713,14.524,12.123,10.317,11.312,12.82,13.694,14.139,13.864,12.97,12.69,12.482,12.97,13.388,13.633,13.874,14.012,14.285,13.295,13.874,13.501,14.091,13.953,13.653,13.864,13.953,14.797,14.945,14.825,14.562,15.551,14.486,14.012,11.905,4.7261,6.5798,8.0157,10.555,10.344,11.66,11.226,11.14,9.9774,9.6828,9.4668,10.357,9.9635,11.04,11.164,13.128,12.647,13.663,14.11,14.266,14.871,14.788,15.265,16.414,15.587,15.945,17.105,15.666,14.419,12.304
16.346,18.272,19.564,20.275,19.783,18.453,17.888,17.926,16.414,15.951,15.5,15.854,16.346,15.563,16.029,14.471,14.999,15.092,16.971,17.519,17.543,17.779,18.566,19.046,18.15,17.677,17.159,14.538,13.176,10.069,11.118,13.016,14.85,13.954,13.498,13.343,13.301,13.682,12.736,13.672,13.038,14.336,15.293,13.793,13.914,13.176,13.301,13.218,13.793,14.906,14.916,14.336,14.878,14.878,14.999,14.394,16.269,14.7,14.161,11.666,5.8923,7.4532,8.9593,10.865,11.266,11.558,12.692,11.606,10.137,9.6891,9.0978,8.7237,10.137,10.749,10.394,11.843,13.207,13.703,13.703,15.32,15.347,14.643,16.029,16.235,16.029,15.819,17.029,16.003,14.538,12.167
15.599,18.285,19.368,19.546,19.425,18.97,18.285,17.979,16.864,16.405,14.917,15.357,15.643,15.312,14.991,14.908,15.599,15.492,16.632,16.962,17.769,17.533,18.398,18.845,17.707,17.769,17.149,14.833,12.913,9.9942,11.695,13.429,13.996,14.833,14.025,13.736,13.594,12.297,12.859,13.031,13.665,14.492,14.134,13.695,13.705,14.232,13.786,14.025,14.569,14.635,14.183,13.665,14.87,15.083,14.991,14.635,15.942,14.917,14.183,11.919,5.1878,7.6694,10.118,10.859,10.227,11.552,11.695,10.666,10.349,9.7979,9.6121,10.808,10.132,11.112,10.961,13.336,12.565,13.856,15.634,15.339,15.634,15.599,16.657,16.74,16.02,16.532,16.74,15.275,14.692,12.297
15.722,18.892,18.475,18.869,18.692,19.183,18.565,17.949,17.142,16.371,15.651,15.292,15.283,14.766,14.394,16.278,16.54,14.878,16.54,16.346,16.995,17.263,17.708,18.453,18.026,17.335,16.548,15.5,12.258,10.394,11.278,13.436,13.712,13.6,13.682,13.217,13.217,13.016,13.217,13.913,13.913,14.5,14.19,14.003,13.186,14.18,13.793,14.18,14.239,14.538,15.365,14.239,14.794,15.073,14.384,15.1,15.562,15.319,14.033,12.133,6.0088,7.8345,8.7235,10.013,11.701,11.315,12.303,11.925,11.117,9.7175,9.5445,10.434,11.179,11.278,12.133,13.332,13.436,14.384,14.999,15.1,15.607,14.766,16.028,15.669,15.819,16.235,16.54,15.95,14.033,12.692
16.107,18.459,19.023,19.023,18.854,19.023,17.939,17.915,16.834,16.684,15.58,15.589,14.858,15.118,14.206,16.684,14.593,16.047,16.684,16.288,17.689,17.736,18.047,18.292,17.483,17.226,16.02,15.228,11.571,10.366,11.571,13.482,13.728,14.049,13.697,13.687,13.19,13.482,12.934,13.19,13.809,14.196,14.255,14.923,13.718,14.019,13.939,14.593,14.352,14.811,14.196,14.245,13.809,14.811,14.555,14.782,15.09,14.516,14.078,12.031,5.3024,7.3297,9.5116,10.038,10.683,11.798,11.389,12.031,11.192,9.5116,10.244,9.5116,9.9128,11.279,11.414,12.685,14.206,14.593,14.488,14.206,15.118,15.364,16.296,15.872,15.951,15.968,16.15,15.74,13.697,11.903
15.815,17.784,18.683,19.399,19.24,18.861,17.839,17.839,17.212,16.512,15.824,15.859,15.798,16.008,15.824,14.985,15.325,16.068,16.419,16.878,17.596,17.548,17.839,18.209,17.994,17.932,16.545,14.648,12.696,10.127,11.208,12.531,14.067,13.798,13.798,13.306,13.554,13.306,14.067,13.918,13.958,14.037,14.389,14.341,14.067,14.195,14.067,13.747,14.067,13.928,14.846,14.389,14.195,14.476,14.476,14.581,15.37,14.855,14.037,12.045,4.9734,7.4927,8.8372,9.7208,11.952,12.022,11.171,11.847,10.141,10.236,9.2069,9.2069,10.855,10.868,11.562,12.652,13.838,14.322,14.476,15.096,15.206,15.215,15.824,15.859,16.351,16.82,16.351,15.206,14.195,12.498
15.569,17.431,18.722,19.112,18.929,19.192,18.641,17.295,17.471,16.242,15.515,15.649,15.729,15.578,16.035,14.847,15.506,16.13,16.673,16.756,17.723,17.391,17.996,18.119,17.526,17.526,16.505,14.196,12.665,10.237,11.122,13.191,13.749,14.009,13.688,13.307,13.181,12.968,13.514,13.839,13.749,14.068,14.922,14.323,13.929,14.196,14.009,13.473,13.688,14.772,14.912,14.186,14.772,14.544,14.763,14.583,15.435,14.856,13.929,11.848,5.7029,7.3246,8.4358,11.283,11.575,11.789,11.953,11.611,9.7217,10.017,9.8071,9.3426,11.357,10.61,11.184,12.763,13.799,13.919,15.435,15.817,15.515,15.208,15.217,16.096,16.556,16.471,16.421,15.107,14.649,11.848
15.735,18.309,19.06,19.393,19.17,18.187,18.52,17.532,16.754,16.679,15.575,15.512,16.282,15.186,14.806,15.682,14.768,16.076,16.359,16.787,17.477,17.413,18.647,18.4,17.69,17.532,17.722,14.626,12.177,10.145,11.567,13.048,14.201,14.192,13.228,13.312,12.93,12.876,12.93,13.186,13.28,14.25,14.396,14.348,14.201,13.478,13.343,13.683,14.511,13.228,14.014,14.152,14.89,14.89,14.348,14.927,15.295,14.777,14.626,12.448,5.5065,7.4589,8.8413,10.667,11.567,11.386,11.852,11.41,10.362,9.0742,9.2111,9.4349,9.9094,12.347,11.567,12.142,14.55,13.723,15.682,14.852,14.777,15.521,15.213,16.762,16.041,16.511,17.009,14.664,14.201,12.448
15.74,17.829,19.066,18.885,18.943,18.621,18.353,17.502,18.043,16.854,15.644,15.207,14.906,14.915,14.767,16.466,15.288,15.948,16.78,17.072,17.836,17.463,17.86,17.798,17.898,17.627,15.948,14.767,11.784,9.4533,11.062,12.898,13.235,13.674,13.724,13.12,12.607,12.596,13.109,13.884,13.603,13.441,14.119,14.541,14.197,14.265,13.992,14.313,13.933,14.119,13.854,14.119,13.963,14.245,14.579,14.915,15.025,15.243,13.276,12.275,5.3988,7.36,9.1728,10.087,10.501,11.344,11.584,10.553,10.302,9.3803,9.4968,9.6405,10.018,12.23,11.958,13.151,13.764,14.197,15.948,15.216,15.948,14.692,14.85,15.766,15.573,15.766,15.564,15.493,14.313,12.464
15.652,18.03,19.241,18.771,18.96,18.631,17.946,18.303,16.591,16.591,15.748,15.296,15.215,14.32,14.511,15.215,15.748,15.74,17.306,17.597,17.846,17.753,18.091,17.815,18.068,16.895,16.674,15.251,11.732,10.078,11.154,13.283,14.078,13.851,13.273,13.376,12.679,12.471,12.701,13.127,13.851,14,13.851,13.611,13.21,14.127,14.127,13.772,13.97,13.651,14.117,13.376,14.078,14.549,14.615,15.251,15.296,14.932,13.54,12.203,4.9773,7.8698,8.9346,10.348,11.03,11.837,11.35,10.701,10.623,9.6457,10.308,9.2821,10.61,11.519,10.414,13.158,14.117,14.839,15.133,14.774,14.812,14.784,15.652,15.431,15.537,16.298,15.931,14.33,13.242,12.69
15.804,18.223,18.805,18.584,18.988,18.952,17.902,17.417,16.762,16.328,14.886,14.867,14.876,14.802,15.387,14.886,15.908,16.09,16.597,17.218,17.338,17.218,17.622,18.223,17.473,17.473,16.32,14.153,12.316,9.9731,11.088,12.982,13.636,14.433,13.401,13.151,13.141,12.886,12.713,13.473,13.473,13.636,14.025,13.877,13.308,14.104,13.666,13.297,14.153,13.827,14.202,13.676,14.143,14.867,14.202,14.727,15.628,14.95,13.877,12.135,5.4117,6.8533,8.3109,9.6492,10.042,11.175,11.671,10.206,10.111,9.7772,9.4759,9.9175,9.9731,11.528,11.576,12.713,13.056,14.347,14.727,14.538,14.433,14.661,15.052,15.96,15.522,15.566,16.021,14.279,13.401,12.101
16.107,17.649,18.506,18.265,18.603,18.409,17.867,17.649,17.983,17.42,15.644,15.077,15.186,15.341,16.722,15.177,16.209,16.063,16.337,16.514,17.356,17.805,18.013,17.523,17.921,16.969,16.252,14.742,11.54,10.576,10.796,13.528,13.154,13.415,13.681,13.477,12.672,13.028,13.196,14.138,13.691,14.158,14.246,13.812,13.891,14.04,13.901,13.528,13.579,13.842,14.553,14.294,13.812,13.196,14.553,14.448,14.827,14.62,13.681,12.01,5.4173,7.079,8.6779,9.3239,11.929,11.149,11.062,11.54,10.654,9.6736,9.1893,8.5655,9.7875,11.162,11.766,13.196,13.446,14.676,13.891,14.04,14.892,14.168,14.892,14.883,15.368,15.794,15.049,14.855,13.721,12.507
16.073,18,18.384,19.554,19.055,18.162,18.406,17.568,16.92,16.796,16.134,15.899,15.408,15.606,16.073,15.408,15.899,16.587,17.255,16.796,17.765,17.718,17.883,18.73,18.2,16.787,16.986,14.377,12.372,10.49,11.149,12.793,13.37,13.872,14.23,13.587,13.244,13.37,13.053,13.053,13.474,13.212,14.807,13.453,13.741,13.587,13.639,13.832,13.453,13.902,14.807,13.474,14.435,14.23,14.722,14.722,15.408,14.948,13.474,11.923,5.5176,7.1883,8.2553,8.7161,11.699,10.997,11.098,10.844,10.041,9.8305,9.3649,9.0309,10.423,10.688,11.603,12.562,13.254,14.435,14.042,14.181,15.543,14.425,13.902,15.115,15.552,15.143,15.713,15.134,14.22,12.201
16.287,18.381,18.656,18.943,19.446,18.862,18.575,17.464,16.697,16.295,15.744,15.299,15.154,15.461,15.272,15.805,15.979,16.614,16.697,16.975,17.622,17.464,18.381,18.752,17.847,16.943,16.004,13.87,12.129,9.6874,11.57,12.922,14.426,13.67,14.136,13.301,13.05,13.229,13.394,13.145,13.75,14.224,14.607,14.224,13.79,13.425,14.019,13.26,13.75,13.394,14.195,14.117,13.7,14.493,14.224,14.493,15.044,14.35,14.292,12.488,4.9841,6.3263,8.0022,8.744,10.521,10.638,11.132,10.638,10.349,9.4713,8.4877,8.744,8.9929,10.037,10.468,12.488,13.79,13.87,13.639,14.35,14.795,14.597,14.952,15.514,15.673,15.344,15.84,15.044,13.7,12.455
15.822,18.295,18.971,19.051,18.963,17.99,18.401,17.348,16.781,16.515,14.895,15.779,15.361,15.18,15.857,14.547,15.814,16.515,17.228,16.707,17.483,16.707,18.295,17.882,17.228,16.839,16.44,14.356,12.108,10.373,11.535,13.011,14.132,13.715,14.623,13.836,12.732,13.159,13.409,13.925,13.44,13.975,14.471,13.644,13.836,13.44,13.306,13.481,13.895,14.288,14.547,13.685,14.623,14.356,14.442,14.442,15.691,14.764,13.715,12.108,4.4628,6.3985,8.165,9.6981,10.637,11.095,10.48,10.585,9.6695,9.2004,8.4316,9.0488,10.48,10.585,11.157,12.797,12.732,13.925,14.307,14.67,15.07,15.316,15.54,15.638,15.54,15.97,16.338,14.764,14.442,12.667
15.348,17.96,19.132,19.132,18.668,19.045,17.983,17.921,16.929,16.445,15.84,15.681,15.457,15.672,15.421,15.752,15.752,15.919,16.904,16.445,17.583,18.022,18.168,18.329,17.71,17.296,16.402,14.059,11.807,9.9624,11.422,13.2,13.698,14.168,13.98,13.2,13.062,13.232,13.708,13.462,14.029,13.94,14.642,14.527,14.266,13.769,14.363,13.98,14.498,13.859,14.217,14.168,14.029,14.642,14.906,14.708,15.394,15.348,14.059,12.19,4.9812,6.8843,8.4645,9.9203,10.156,10.573,11.226,10.56,9.8214,10.046,8.9605,9.5626,9.4452,11.188,11.101,13.115,13.819,14.266,14.412,14.68,15.321,15.312,15.348,15.752,14.604,16.308,16.3,15.457,13.524,12.247
16.03,18.174,19.437,20.139,19.615,18.716,18.537,18.174,17.168,16.742,15.212,15.366,14.907,14.54,14.338,14.338,16.271,15.501,16.742,16.874,17.717,17.835,18.387,19.105,17.67,16.874,16.94,14.616,12.439,9.6899,11.205,13.51,14.578,14.182,14.27,13.499,13.219,13.049,12.649,13.092,13.794,14.338,14.064,14.386,13.499,14.27,13.835,13.714,14.578,13.865,14.338,13.955,14.386,15.348,14.386,14.578,16.466,15.366,14.386,12.134,5.0001,6.3466,8.7244,10.355,10.435,10.866,11.785,10.672,10.382,8.8351,9.6755,10.594,10.435,11.081,11.353,12.964,13.683,13.925,15,15.564,14.842,15.821,16.004,16.997,15.856,16.168,16.973,15.812,14.386,12.134
15.362,18.169,18.472,18.998,19.18,19.496,18.404,18.008,17.444,16.836,15.851,15.317,15.207,14.649,15.604,15.362,15.851,16.343,16.495,17.009,17.712,18.023,17.915,17.829,17.829,17.098,16.334,14.468,12.027,9.9416,11.078,13.464,13.71,14.03,13.831,13.204,13.547,13.173,13.34,13.831,14.226,14.178,13.79,15.07,13.74,14.382,14.649,14.236,14.535,13.79,14.03,14.187,14.382,15.171,14.138,14.838,15.639,14.763,14.468,12.69,5.2691,6.8498,8.3311,10.551,11.115,11.556,11.841,11.115,10.862,9.9416,9.8997,10.499,10.459,11.604,12.165,13.215,13.911,14.847,15.362,15.088,15.851,15.816,15.497,15.816,16.662,15.568,16.274,15.317,14.03,12.165
16.011,18.426,18.901,19.478,18.981,18.959,18.628,18.546,16.953,16.731,16.072,15.492,15.916,15.59,15.483,14.684,16.26,16.218,17.083,17.759,17.269,17.969,18.244,18.092,17.697,17.188,16.854,14.175,12.279,10.167,11.34,13.077,13.938,13.688,14.456,13.849,13.586,13.256,13.586,13.778,14.018,13.938,14.637,13.938,13.819,14.018,14.684,13.453,13.422,14.75,14.684,14.018,14.456,14.75,14.825,15.075,15.348,15.267,13.909,12.12,5.8148,7.063,8.965,10.853,10.853,11.546,11.63,10.66,10.489,10.594,10.126,9.7072,10.542,12.29,11.653,14.126,13.422,14.899,15.492,14.964,15.303,14.909,16.32,16.447,15.492,16.011,16.48,15.303,13.728,13.172
15.926,18.327,19.554,19.724,19.362,19.476,18.619,18.484,17.18,16.847,15.26,15.795,15.296,14.967,15.187,14.957,15.795,16.371,16.838,17.492,17.922,17.132,17.891,19.009,18.167,17.42,16.789,14.246,12.273,10.012,11.063,14.011,14.372,14.677,13.892,13.722,13.58,13.932,13.281,13.155,13.892,14.658,13.981,14.62,13.197,14.011,13.529,14.119,14.168,14.168,13.902,14.041,15.05,15.404,14.743,14.554,15.768,15.077,14.295,12.239,5.6673,7.4416,8.7577,11.298,11.1,11.187,11.588,10.949,10.848,9.3687,10.012,10.848,11.766,11.766,11.54,13.691,13.07,14.207,15.645,15.269,14.902,15.269,16.748,16.912,16.004,15.404,17.237,14.372,14.818,11.825
15.597,18.665,19.084,19.678,19.171,19.286,19.142,18.282,16.853,16.403,15.282,15.273,15.809,15.31,14.671,14.831,16.018,15.659,16.738,17.017,17.017,17.195,17.883,18.857,17.907,17.252,16.487,14.756,12.021,10.02,11.503,13.029,14.152,14.69,13.499,13.458,13.324,13.427,13.324,13.209,13.994,14.84,13.994,14.385,13.784,14.22,13.784,13.693,14.152,13.703,13.824,14.259,14.567,14.784,14.529,14.831,15.809,15.091,14.23,12.485,5.9585,7.5407,9.5383,10.857,11.345,11.369,12.01,10.533,10.857,10.651,9.7965,10.546,9.9371,10.651,12.519,13.914,13.824,14.84,15.355,15.164,15.561,15.992,16.018,16.352,16.121,15.8,16.538,15.844,14.259,11.777
15.646,17.954,18.859,18.637,19.332,18.697,18.48,17.523,17.427,16.811,16.477,15.646,14.844,15.797,15.655,14.797,15.937,15.611,16.544,16.51,17.681,17.34,17.923,17.783,17.404,17.404,16.375,14.145,12.17,10.608,11.281,12.695,13.439,13.917,14.066,14.194,13.178,12.966,13.837,14.006,13.927,14.066,14.769,14.272,14.388,13.917,14.504,13.746,13.957,13.501,14.797,13.797,14.272,14.656,14.91,14.984,15.287,15.205,13.706,12.021,4.7149,7.7831,8.9769,9.904,10.854,12.136,11.561,11.645,11.207,11.07,10.235,9.6913,11.355,12.032,11.645,14.036,14.388,14.919,14.475,14.919,15.726,14.646,15.673,16.032,16.006,15.646,16.35,15.396,13.837,12.306
15.431,18.138,18.636,19.042,18.77,18.925,18.636,18.015,16.843,16.543,16.349,14.684,15.323,15.213,14.474,16.031,15.076,16.031,16.552,16.476,17.291,16.349,17.906,18.569,18.275,16.752,16.417,14.035,12.26,10.396,11.608,13.304,13.674,14.32,14.183,13.345,13.093,13.272,13.501,13.715,13.796,14.242,14.541,14.797,14.193,13.705,13.511,14.387,14.339,13.926,14.193,13.745,14.474,14.035,14.703,15.323,15.796,14.797,13.603,12.169,5.4269,7.3984,9.2207,10.396,11.644,11.119,12.169,11.56,10.854,11.006,10.673,9.9035,11.668,11.704,11.182,13.019,13.866,14.655,15.323,15.286,15.813,16.031,15.295,16.4,15.892,15.822,16.752,15.431,14.655,12.306
15.319,17.589,18.505,19.001,19.001,19.008,18.445,17.887,17.399,16.806,15.889,16.234,15.346,15.854,16.062,15.292,15.072,15.722,16.539,17.166,17.206,16.839,18.384,18.407,17.399,17.399,16.665,14.68,12.223,9.999,11.179,13.436,14.68,13.742,13.793,13.498,13.342,13.016,13.037,13.016,13.913,13.833,14.032,14.989,14.642,13.508,13.332,13.671,14.19,13.833,13.702,13.833,14.384,15.499,13.953,14.652,16.345,14.652,14.003,12.348,5.6759,6.7488,9.2035,10.5,11.278,11.594,11.924,11.642,11.204,10.553,9.3828,9.7172,11.079,11.315,11.701,13.175,14.84,14.652,14.989,15.1,15.346,15.1,15.854,16.74,15.499,16.088,17.518,15.283,14.84,12.303
15.82,18.151,19.185,19.04,19.163,19.185,18.507,17.678,17.67,16.997,15.855,15.093,15.855,15.366,15.724,15.321,15.67,15.89,17.208,16.997,17.552,17.92,18.265,18.043,17.989,16.972,16.474,14.034,11.559,9.8038,11.181,13.703,14.24,14.269,13.602,13.683,13.017,13.039,13.302,12.824,13.176,13.744,14.182,14.318,13.925,14.191,14.395,13.437,14.191,13.925,14.191,13.925,14.064,14.191,14.578,14.851,15.564,15.366,13.602,12.168,5.8926,6.9323,8.835,10.866,11.607,11.316,11.785,10.866,11.118,10.355,10.395,10,10.355,11.785,12.225,13.602,14.842,14.578,15.321,14.982,15.89,15.67,14.758,16.415,15.89,15.644,16.347,15.321,13.499,12.225
15.851,18.26,19.687,19.673,19.609,18.711,18.711,17.892,17.098,17.009,15.79,15.362,15.208,15.93,14.678,15.56,15.362,16.36,16.537,17.155,18.763,16.992,17.83,17.673,17.204,16.746,16.025,13.791,12.525,9.3221,11.178,13.434,14.334,14.678,13.204,13.679,13.7,12.96,13.173,13.299,13.791,14.178,14.266,14.65,13.74,13.951,13.831,13.71,14.574,13.434,14.382,13.7,14.334,15.362,14.334,15.317,15.851,15.208,13.434,12.831,5.5011,7.672,9.6872,11.002,11.35,11.399,11.264,10.459,11.078,9.0654,9.8436,9.6872,10.669,12.657,12.027,13.014,14.188,14.139,14.996,14.913,14.903,15.199,15.947,16.545,16.025,16.368,16.662,15.344,14.65,12.525
16.014,17.503,18.904,18.992,19.736,18.616,18.156,18.608,17.215,16.734,15.84,15.306,16.348,15.188,15.333,15.918,15.333,15.548,16.857,17.7,17.653,17.248,17.762,18.338,17.384,17.527,16.483,14.372,12.007,10.059,11.596,13.32,14.563,14.525,13.781,14.02,13.258,12.746,12.735,13.036,13.163,14.148,14.226,14.967,13.911,13.821,13.73,13.941,14.323,13.205,14.168,13.7,14.168,15.279,14.525,14.893,16.074,15.078,14.893,12.03,5.3696,7.0838,9.1956,11.107,11.17,11.5,11.548,11.548,10.994,9.8927,9.8927,10.662,11.268,12.811,12.482,13.163,13.911,14.05,15.628,15.333,15.351,14.686,16.525,16.734,15.708,16.357,16.956,15.486,14.563,12.659
16.015,18.707,18.826,19.343,19.119,19.199,18.647,18.347,17.22,17.042,15.512,15.832,16.486,14.918,16.553,14.853,15.823,15.963,17.172,16.886,17.564,16.952,17.627,18.002,17.533,17.172,15.805,13.934,12.142,9.9095,11.386,13.059,13.447,13.934,14.406,13.519,13.343,13.217,12.833,13.804,13.723,14.25,14.483,13.683,13.509,13.723,13.844,13.56,14.152,14.406,14.348,14.044,14.28,14.192,14.777,15.332,15.44,15.377,13.924,12.027,5.8968,7.8408,9.3312,10.241,11.567,11.324,11.386,10.68,10.873,10.186,9.2111,9.6247,10.822,10.601,11.386,12.581,13.874,14.588,13.804,15.295,15.305,15.332,15.44,15.823,15.44,16.041,16.911,15.512,14.014,11.958
15.147,18.555,18.922,19.103,19.425,19.418,18.187,17.966,17.135,16.867,15.219,14.704,14.515,14.779,13.775,15.656,16.571,16.064,16.479,17.135,17.913,16.9,17.191,17.382,17.263,16.802,15.219,14.003,11.462,10.311,11.219,13.036,13.944,13.625,13.974,13.805,13.12,13.287,13.974,13.775,13.615,13.775,13.645,14.082,13.685,14.179,14.257,13.974,13.493,14.082,14.619,13.855,14.082,14.619,14.553,15.028,15.542,14.862,14.003,12.252,5.4791,7.0017,8.6074,9.461,10.819,11.898,11.593,11.231,10.311,10.819,9.5768,9.2847,11.133,11.353,11.898,12.866,13.544,14.257,14.704,14.257,14.918,15.363,15.656,15.444,15.138,15.935,15.282,15.01,13.805,12.386
15.979,18.388,19.036,19.874,19.334,18.666,18.8,17.622,17.002,16.536,15.6,15.591,15.751,15.751,14.641,15.883,14.669,15.537,17.002,16.928,17.55,17.423,17.935,17.959,17.935,17.189,15.821,13.697,11.627,10.156,11.615,13.625,14.216,14.726,13.492,13.061,13.697,12.759,13.199,12.889,13.294,14.186,14.343,14.792,14.058,14.294,13.818,13.818,14.497,13.533,14.028,13.949,13.889,15.347,13.768,14.603,15.537,14.877,14.167,12.46,5.1999,6.9443,9.4002,10.52,10.69,10.559,11.723,10.833,10.612,10.251,9.0219,9.518,10.142,11.627,11.187,12.314,13.707,13.949,15.017,14.603,14.783,14.933,15.393,16.161,14.933,16.092,15.874,15.229,14.216,12.715
15.886,18.208,19.047,19.474,19.843,18.662,18.208,18.208,16.906,17.029,15.7,15.602,15.35,15.753,15.674,15.54,15.13,15.531,16.31,16.873,17.482,17.2,17.241,17.931,17.648,16.404,16.31,13.699,12.157,9.4461,11.375,13.463,13.821,14.5,13.951,13.535,13.463,13.201,13.042,13.296,13.941,13.77,14.189,13.74,14.218,13.699,13.709,13.328,13.891,13.442,14.257,14.567,14.345,14.681,14.345,14.954,15.395,15.13,14.413,12.316,5.6133,7.5606,8.7089,9.7082,10.77,10.521,11.593,10.886,10.988,9.8649,9.4461,9.5196,10.157,11.301,11.399,12.988,13.709,13.77,14.729,14.908,14.71,15.35,15.204,16.774,15.531,15.531,16.404,15.103,14.218,12.463
16.026,18.321,18.898,19.407,18.222,18.675,18.48,17.576,17.703,16.69,15.532,15.523,14.928,14.598,14.358,16.523,15.233,15.586,16.259,16.565,16.665,17.734,17.449,17.576,16.665,16.865,16.489,13.884,12.036,9.86,11.369,13.363,14.054,13.723,14.211,13.621,13.363,13.621,13.814,14.054,13.884,14.054,14.598,14.054,14.054,14.598,13.763,13.57,14.054,14.493,14.358,14.406,14.674,13.974,14.938,15.021,15.523,14.947,13.57,11.575,5.2249,6.1777,7.9345,9.8175,11.587,11.623,11.575,10.674,10.41,10.765,9.0805,9.5587,10.829,11.096,12.355,12.853,14.162,14.358,15.224,15.012,15.834,14.928,15.834,15.843,15.342,16.259,16.865,15.415,14.406,12.777
15.288,17.994,19.168,18.482,19.103,18.927,18.572,17.389,17.548,17.164,16.24,15.433,14.581,14.771,15.674,15.206,16.129,16.24,16.646,16.812,17.429,17.213,17.525,17.293,17.172,17.341,15.505,14.244,11.788,9.5478,11.646,13.676,14.195,14.273,14.185,13.747,13.42,13.19,13.441,13.868,14.476,14.067,13.928,14.195,13.717,14.581,14.322,14.037,14.195,14.389,14.686,14.008,14.146,14.846,14.619,14.883,15.674,14.771,13.747,12.296,5.4277,6.8737,8.5007,10.236,10.596,11.705,11.27,11.319,10.675,10.141,10.236,10.438,10.557,11.847,11.705,13.222,14.341,14.911,16.24,14.581,16.068,14.799,15.674,15.895,16.377,16.129,16.546,15.106,14.244,12.751
16.251,17.889,19.531,19.806,19.722,18.971,18.602,17.371,17.434,16.746,15.403,15.34,15.828,15.474,15.474,15.186,15.546,16.471,16.984,16.521,17.49,16.779,17.889,18.617,17.395,17.073,16.479,13.811,12.328,10.162,12.021,12.995,14.216,14.157,13.72,13.476,13.164,13.476,13.527,13.891,13.414,14.167,14.157,14.216,13.486,14.167,13.841,13.771,14.245,13.649,14.657,14.476,14.448,15.403,14.553,15.295,16.208,14.816,13.98,12.283,5.2615,6.8601,9.1888,10.121,11.905,11.682,12.113,12.506,11.382,10.536,9.3085,9.7017,10.847,12.01,12.283,12.942,14.854,14.476,15.537,15.581,15.367,15.819,16.002,16.344,16.437,17.371,16.387,15.696,14.854,12.726
15.794,18.808,19.739,19.781,19.329,18.91,18.587,17.983,17.493,16.818,15.6,15.898,15.881,15.556,16.318,14.932,15.767,15.618,16.883,16.182,17.619,17.231,17.619,18.295,17.335,16.818,16.785,14.529,12.263,10.199,11.556,13.258,14.095,14.424,13.868,13.698,13.048,13.908,13.423,13.957,13.392,13.868,15.161,13.423,14.338,13.423,13.788,13.658,13.868,14.338,15.342,14.222,14.491,14.708,15.233,15.767,16.182,14.95,14.652,11.978,6.5819,7.4287,9.1888,10.829,12.263,11.521,11.604,11.978,11.229,11.143,9.9943,9.771,11.473,12.218,12.263,13.698,14.491,15.27,16.011,15.794,16.611,15.976,16.611,15.976,16.494,16.292,17.151,16.182,14.792,12.995
16.184,17.862,19.445,18.942,19.523,19.274,18.942,17.535,17.153,16.362,16.081,15.38,15.883,15.558,15.9,15.026,15.839,16.497,16.421,16.413,17.535,17.048,17.839,18.796,17.621,17.464,16.184,14.349,12.186,10.348,11.534,12.707,14.194,13.989,14.794,13.87,13.659,13.176,13.659,13.88,13.959,14.097,14.654,14.339,14.272,13.558,14.426,13.989,13.507,13.394,14.952,14.804,14.831,15.272,14.952,15.154,15.796,15.344,14.146,12.532,5.8028,7.5768,9.6443,9.9956,12.219,11.747,12.265,12.652,11.57,11.57,10.037,9.7722,11.474,12.253,11.98,13.144,15.026,14.859,15.154,16.073,15.593,15.673,17.048,16.82,16.218,16.227,17.464,15.761,14.635,12.718
15.618,17.891,19.265,19.739,19.265,19.492,19.099,17.72,17.343,16.956,15.741,15.741,15.297,15.881,15.449,15.767,14.83,16.292,16.444,16.309,17.658,16.818,17.929,18.113,17.868,17.658,16.36,14.193,12.127,10.427,11.978,13.006,14.338,14.338,14.347,13.289,13.957,13.627,13.505,13.556,13.748,14.115,14.746,14.932,13.878,13.505,13.788,13.668,14.134,13.908,14.144,14.289,14.567,15.521,14.83,15.315,16.036,14.792,13.788,12.263,5.9892,7.809,10.036,11.339,11.278,12.453,12.878,11.568,11.143,11.081,10.466,10.145,11.364,13.226,11.99,13.868,14.633,15.315,15.802,15.741,16.453,15.767,16.071,17.485,16.694,16.444,17.151,15.378,14.134,12.364
15.793,17.968,18.871,19.669,18.981,18.79,18.252,17.364,17.188,16.953,15.194,14.964,14.825,14.455,13.483,16.328,15.303,15.837,16.48,17.188,18.007,17.244,17.571,17.689,17.05,16.977,16.037,13.938,12.29,9.8347,11.105,13.728,14.379,13.818,14.369,13.667,13.687,13.422,13.848,13.778,13.255,13.908,14.665,14.175,14.321,14.175,13.203,13.728,13.728,14.165,14.89,14.627,14.599,14.825,15.185,14.89,15.802,15.157,13.667,11.772,5.42,7.8966,9.0572,10.992,11.653,12.557,12.809,11.689,11.877,11.34,9.9328,10.581,11.546,11.498,12.645,13.422,14.825,14.017,15.837,15.837,15.554,16.149,16.647,16.455,16.046,16.879,16.217,15.985,14.175,12.809
15.285,17.12,18.79,18.524,19.519,18.606,17.886,17.847,17.886,17.12,16.436,14.882,14.648,15.14,15.775,15.393,15.527,16.469,15.757,16.503,17.128,17.168,16.628,18.108,18.108,17.855,16.377,13.832,12.014,10.634,11.154,13.519,13.971,14.001,14.352,13.882,14.031,13.892,14.467,14.158,14.352,14.031,13.802,14.236,14.362,13.882,14.304,14.304,14.285,13.762,14.352,14.158,14.158,14.352,14.467,15.066,15.057,14.891,13.832,12.837,5.4898,7.4363,9.6957,10.647,11.375,12.62,12.664,12.14,11.921,11.092,11.253,10.725,9.9768,12.23,12.794,13.892,15.474,15.33,15.818,15.536,16.018,16.628,16.233,16.469,16.461,16.503,17.296,16.198,13.712,13.271
15.98,18.041,19.16,19.058,19.058,18.703,18.095,18.188,16.69,17.021,15.653,15.769,15.338,15.698,15.608,15.715,15.365,16.05,16.326,16.411,17.314,17.387,17.979,17.979,17.948,17.257,16.171,14.437,12.475,10.029,12.053,13.309,14.437,14.959,14.427,13.874,13.783,13.476,13.382,13.34,13.995,14.232,13.874,14.686,14.619,13.753,14.203,13.783,14.619,13.995,14.074,13.995,14.232,15.255,14.959,15.474,16.445,15.136,14.044,12.861,5.9095,7.9285,9.1245,10.208,11.435,12.157,12.795,11.925,12.328,10.897,10.999,10.057,10.845,13.256,13.372,13.055,15.546,14.658,16.214,15.365,15.715,15.839,16.889,16.589,16.798,16.922,17.956,15.034,14.724,13.382
15.641,17.917,18.681,19.315,19.343,18.799,18.117,17.979,17.416,16.941,15.826,15.904,15.401,15.256,15.338,15.064,16.206,16.384,15.624,16.843,16.777,16.908,17.676,17.432,16.777,16.908,16.249,14.359,11.621,10.362,11.645,13.809,13.839,14.359,13.809,13.183,13.014,13.277,13.769,13.769,14.214,14.626,14.037,14.116,13.412,14.814,14.311,14.037,14.116,13.412,14.165,14.008,14.243,14.88,14.739,15.256,15.338,15.074,14.116,13.152,5.4924,7.5322,9.7003,11.16,11.822,12.713,12.315,11.763,11.996,10.845,10.119,10.051,11.184,12.281,12.8,14.445,14.359,15.694,15.817,15.624,16.843,15.694,16.443,16.843,15.401,16.384,16.867,15.904,14.165,12.735
16.055,17.912,19.762,19.691,19.487,19.351,18.437,17.912,17.033,17.171,15.287,15.689,15.786,15.36,15.06,14.958,15.467,15.917,16.63,16.514,16.837,16.96,18.096,17.857,17.888,16.779,16.311,14.003,12.467,9.9227,11.992,13.764,14.584,14.612,14.287,13.764,13.242,13.148,13.315,12.989,13.653,14.16,13.974,14.16,12.644,14.238,13.884,13.924,14.441,13.653,13.884,14.65,13.974,15.76,14.364,15.467,15.899,15.26,14.003,12.665,5.4145,7.5847,9.5245,10.842,10.943,12.096,12.322,12.198,11.818,10.116,10.439,11.57,10.943,12.378,12.665,14.16,13.924,15.041,15.574,16.337,15.574,15.467,16.606,16.337,16.328,16.235,17.227,15.333,15.169,12.141
15.991,19.083,19.831,20.019,20.019,19.032,18.612,17.999,17.435,16.486,15.2,15.632,15.309,14.17,14.131,14.375,15.711,15.282,16.762,16.461,17.53,17.251,17.251,17.883,16.861,16.885,16.537,14.49,11.882,10.226,11.369,13.784,14.461,14.84,13.904,13.007,13.672,13.007,13.333,13.039,13.733,13.904,13.672,13.693,13.406,14.258,14.023,13.993,14.384,13.458,14.375,14.17,14.784,15.711,14.83,14.97,15.799,14.97,14.326,12.295,5.6721,7.3353,9.6822,11.172,11.072,12.021,12.661,11.11,10.857,10.171,10.598,10.741,10.806,11.776,11.258,13.733,14.307,14.97,15.282,15.658,15.417,15.489,16.112,16.078,16.017,16.959,16.402,15.273,14.689,12.295
16.08,18.374,19.495,20.022,19.827,19.367,19.317,18.162,16.986,16.336,15.784,15.562,15.338,14.463,13.542,15.81,15.845,16.26,16.531,17.018,17.018,16.489,17.325,18.162,17.768,16.387,16.226,13.995,11.941,9.9935,12.034,13.735,14.221,14.328,14.328,13.199,13.825,13.199,13.03,13.49,13.21,13.785,14.757,13.825,13.459,14.182,13.459,13.785,13.825,14.231,14.916,13.735,14.328,14.898,15.064,14.832,15.274,14.568,13.501,11.778,5.8177,7.164,9.3777,11.073,11.836,11.836,12.16,11.111,10.743,10.665,10.348,10.348,12.285,11.635,12.251,12.663,14.133,13.995,15.092,15.845,16.268,15.491,16.045,16.336,15.81,16.114,17.148,14.898,15.083,12.685
13.751,16.225,16.09,16.615,16.754,16.78,16.189,16.036,15.724,15.111,14.002,14.023,13.045,13.123,12.865,13.992,14.331,14.064,14.188,14.157,15.102,15.255,15.111,15.274,15.111,14.995,14.157,12.452,10.36,9.2163,10.032,11.618,12.695,12.299,12.452,12.228,12.168,11.841,12.12,12.168,12.12,11.915,12.228,11.975,12.168,12.637,11.878,12.228,12.06,11.829,12.311,12.299,12.299,12.51,12.591,13.494,13.056,13.343,12.12,11.441,4.3483,6.4946,8.0179,7.853,9.7232,10.248,10.678,10.262,10.304,9.7679,8.9765,8.4421,9.2321,9.6028,10.624,11.618,12.545,13.484,13.321,12.51,14.116,13.494,12.989,13.58,14.572,13.494,13.729,13.123,12.545,11.377
15.642,18.475,18.855,18.891,19.154,19.392,18.475,17.518,16.872,17.518,15.889,15.392,15.854,15.792,15.651,15.819,15.319,15.95,16.971,17.158,17.833,17.158,16.971,17.463,17.518,16.548,15.571,14.471,11.606,10.233,11.606,13.27,14.394,14.19,14.062,13.913,13.436,13.743,13.833,13.217,13.436,13.833,14.19,14.062,14.471,13.833,14.141,14.394,14.336,14.032,13.863,14.239,14.268,14.924,14.765,15.319,15.722,15.571,13.743,12.493,5.8921,7.6005,9.0208,10.178,11.57,11.117,11.925,11.606,10.966,10.013,10.068,10.749,9.4273,11.167,11.594,13.175,14.239,14.239,14.765,15.392,14.576,15.5,15.607,16.235,16.548,16.028,15.95,15.819,14.384,12.292
15.73,18.842,18.701,19.193,19.193,19.193,17.599,17.912,17.408,16.405,15.3,15.291,15.3,14.246,14.886,14.707,15.57,15.862,16.757,16.354,17.239,17.239,17.842,18.28,16.881,16.979,16.548,13.87,12.139,10.074,11.849,14.069,14.584,14.343,14.343,14.197,13.84,13.213,13.689,13.213,14.01,14.65,14.01,13.92,13.84,14.801,13.8,13.709,14.932,13.719,13.92,14.801,14.66,15.327,14.545,14.914,15.827,14.857,14.275,12.264,5.605,6.522,9.0254,9.8078,10.676,11.79,12.309,11.085,10.676,10.074,10.545,10.018,10.238,11.185,11.272,13.023,13.84,13.93,15.181,15.181,15.862,15.677,15.099,16.515,16.243,15.853,16.14,15.508,14.392,11.849
15.5,17.94,18.991,19.68,19.086,18.435,18.682,18.465,17.509,16.362,15.714,15.846,15.784,15.661,16.337,15.275,15.881,15.634,16.226,16.269,17.509,16.986,17.509,17.978,17.509,17.133,16.226,14.182,11.6,9.6837,11.695,13.906,14.386,14.833,14.328,13.786,14.025,13.168,13.664,13.695,13.325,13.916,14.982,13.593,14.182,13.906,13.695,13.826,14.182,14.309,14.53,14.231,14.53,14.786,14.972,15.311,15.661,14.568,13.995,12.297,5.1876,7.449,8.0401,9.6837,12.297,12.663,11.6,10.455,11.074,10.807,9.5394,8.7664,10.132,11.66,12.011,13.542,14.231,14.463,15.065,14.982,16.531,15.338,16.02,15.846,15.811,16.115,17.149,15.881,14.386,12.16
15.868,18.179,19.728,19.819,19.303,18.83,18.511,17.52,17.567,16.949,14.97,15.182,16.102,15.798,15.3,15.868,14.905,15.345,16.443,16.916,17.591,17.047,17.52,18.149,16.818,16.527,16.392,13.895,12.422,9.6763,11.874,13.985,14.887,14.97,14.366,14.172,13.419,13.491,13.419,13.158,13.654,14.318,14.624,14.821,13.895,13.935,14.014,13.532,14.172,13.815,14.123,13.985,15.072,14.979,14.366,15.072,15.649,14.887,14.172,12.287,5.2632,7.5358,9.3265,10.055,10.735,11.828,12.276,11.165,11.19,10.055,9.7049,9.7049,11.543,11.828,12.117,12.654,13.775,14.557,15.408,15.372,15.408,16.068,16.341,17.184,16.145,16.818,16.644,15.929,15.072,12.676
16.714,17.959,18.971,19.702,18.648,18.862,18.662,17.982,17.203,16.722,15.475,15.177,14.77,14.882,13.65,15.829,14.892,14.966,16.037,16.345,17.491,17.395,17.522,17.435,17.26,16.846,16.639,13.771,12.284,9.7021,12.507,14.01,14.77,14.313,14.817,13.901,13.528,13.28,13.771,13.771,13.721,13.579,15.067,13.901,14.158,13.691,14.158,13.415,13.901,14.477,14.854,13.891,15.186,14.313,15.484,15.618,15.977,14.817,13.477,12.022,6.3359,7.5336,9.0526,11.062,11.824,12.507,11.647,12.238,10.987,11.766,9.6735,10.216,11.929,11.683,11.647,13.721,14.04,15.177,15.582,16.106,16.446,16.037,16.846,16.387,16.345,16.106,16.846,16.32,14.313,12.238
16.194,17.917,19.367,19.589,19.128,19.012,18.294,18.544,17.738,17.024,15.749,15.391,14.563,14.79,13.857,16.297,15.695,16.055,16.194,16.305,17.195,17.476,17.745,18.203,17.738,16.926,16.568,14.668,12.153,9.9603,12.038,13.459,13.857,14.36,14.677,13.766,13.937,13.887,13.623,13.977,14.214,14.214,14.668,14.524,14.819,14.601,13.735,13.816,14.292,14.601,14.866,14.36,14.931,14.79,15.391,15.345,15.916,15.589,14.214,12.768,6.0189,8.1951,9.3989,11.685,12.425,12.691,12.713,11.59,12.038,11.334,10.154,10.478,11.614,12.459,13.695,13.857,15.126,15.695,16.297,16.373,16.373,16.373,16.373,16.526,16.777,17.316,16.901,16.116,14.668,12.515
15.636,18.366,18.801,19.015,19.642,18.956,18.927,17.928,17.575,16.671,15.751,15.848,15.348,16.058,15.457,15.751,15.84,16.093,16.503,17.133,17.811,17.133,17.928,18.021,18.075,16.805,16.671,14.527,12.89,10.885,11.531,13.357,14.603,14.265,14.603,13.819,13.859,13.728,14.207,14.088,13.768,14.527,14.527,13.939,14.868,13.768,14.868,13.939,14.411,14.498,15.42,14.295,14.565,14.821,15.42,14.868,16.444,15.119,14.708,12.77,5.6126,8.0766,9.2209,10.087,12.716,12.155,12.694,12.759,12.063,11.592,10.769,9.7069,11.2,12.052,12.155,13.21,15.312,14.784,15.348,16.058,16.579,15.98,15.848,16.671,16.846,15.98,17.551,15.98,14.167,12.683
15.823,18.511,19.133,19.601,19.883,19.43,19.016,17.584,17.028,16.839,15.849,15.681,15.349,14.681,14.168,15.019,15.231,15.637,16.58,17.028,17.867,17.296,18.473,17.867,17.369,17.004,16.971,14.879,12.891,9.9206,11.866,13.739,14.944,15.12,14.217,14.06,13.98,13.769,13.708,13.698,14.528,14.907,14.217,14.709,13.82,14.344,14.208,13.89,14.794,13.575,14.412,13.86,14.643,15.53,14.879,15.376,15.752,15.394,14.643,12.684,5.7114,7.6153,10.613,11.807,11.139,13.211,13.073,12.847,12.156,10.679,10.885,11.101,11.423,11.807,11.913,13.327,13.98,14.794,16.154,15.231,16.154,16.847,16.781,17.24,16.377,16.698,17.004,15.849,14.671,12.156
16.313,19.028,18.934,19.493,19.309,18.97,18.581,18.409,17.839,16.812,16.074,16.177,15.265,14.628,15.238,15.147,16.066,16.439,16.481,17.273,17.613,16.951,17.48,17.456,17.862,17.145,15.453,13.784,11.975,10.032,11.742,13.388,14.139,14.788,14.871,14.188,13.45,13.388,13.694,13.46,13.784,14.59,13.903,14.524,13.953,14.448,14.59,13.814,14.486,14.217,14.6,14.647,14.333,15.31,14.628,14.825,15.507,15.373,14.11,12.482,5.9873,8.4673,10.142,10.633,11.077,13.044,12.701,11.66,11.742,11.164,11.04,10.813,10.568,11.624,12.82,14.012,14.862,15.613,16.211,15.613,16.481,15.997,15.945,16.219,17.321,15.762,16.211,15.373,14.486,13.128
16.285,18.044,18.913,19.624,18.772,18.824,19.06,18.32,16.949,16.6,15.557,15.412,15.221,14.545,14.283,16.524,15.548,16.413,16.078,17.081,17.501,17.081,17.77,18.389,17.77,17.048,16.182,14.381,12.341,10.533,11.985,13.906,14.185,14.185,13.996,13.785,13.478,13.056,13.056,13.374,13.509,13.906,14.381,14.312,14.439,14.439,13.724,14.516,14.361,13.836,14.802,14.621,14.621,14.688,15.257,15.248,15.938,15.367,14.234,12.341,5.9104,7.9296,9.7476,10.639,12.17,12.17,12.709,12.17,11.239,11.101,10.1,10.386,12.066,12.786,12.862,14.076,14.106,14.961,16.413,15.61,16.557,15.868,16.591,16.8,16.216,16.328,16.524,16.078,15.257,13.478
16.417,18.527,19.403,19.618,20.006,19.237,18.246,18.185,17.639,16.586,16.552,15.837,15.837,15.65,16.28,14.882,16.099,15.837,16.712,17.149,17.828,17.448,17.639,17.591,17.214,17.883,16.417,14.279,12.063,10.041,12.383,13.781,14.425,14.434,14.102,14.23,13.37,12.771,12.771,13.587,13.952,14.357,15.326,13.832,13.872,14.072,13.781,13.832,13.781,14.376,14.617,13.71,14.181,14.23,15.362,15.216,15.713,14.957,14.279,12.292,5.2049,8.6677,8.9997,11.347,12.606,12.201,12.337,11.639,11.236,11.734,10.882,10.701,11.035,12.383,11.923,14.23,14.434,15.713,15.615,15.543,16.323,15.133,16.28,16.595,16.862,16.92,16.586,15.143,14.882,12.292
15.752,18.564,19.533,18.968,19.73,19.491,18.975,18.204,17.398,16.81,15.787,15.969,15.83,14.598,14.56,15.549,16.218,15.943,16.209,16.777,17.454,16.908,18.608,18.287,17.86,17.199,15.761,14.186,12.447,10.031,11.599,13.862,14.925,14.786,14.331,13.458,13.386,13.652,13.168,13.458,14.341,14.341,13.862,14.627,13.742,14.177,14.108,14.186,14.484,13.168,14.128,14.186,14.522,15.236,14.87,15.549,15.734,14.86,14.739,12.968,6.1232,7.4255,9.9623,10.773,12.358,12.291,12.968,11.138,11.515,10.514,11.138,11.076,11.359,11.658,12.258,13.981,14.786,15.505,15.734,15.118,16.209,14.943,16.218,17.006,16.403,16.311,17.199,16.218,14.711,13.158
15.702,18.446,19.049,19.195,20.075,19.085,18.31,18.233,17.436,16.908,15.702,15.541,15.826,15.826,15.021,16.269,15.532,16.303,16.062,16.784,17.745,17.555,17.987,18.552,17.745,16.908,16.575,14.501,12.686,9.9644,12.284,13.982,14.937,14.872,14.366,13.982,13.464,13.213,13.203,13.36,13.731,14.415,14.501,14.956,14.22,14.22,14.062,13.741,14.607,13.982,13.953,14.424,14.872,14.501,15.021,15.532,16.784,15.352,14.415,12.464,6.4464,8.3502,9.2231,11.203,11.203,12.52,12.86,12.054,11.915,10.989,10.048,10.562,10.693,13.203,12.784,13.464,14.415,15.887,15.887,15.852,15.755,15.532,16.448,17.178,16.38,16.842,17.105,15.397,14.171,12.464
16.225,18.654,18.977,20.209,18.794,18.75,18.706,17.868,17.83,16.818,16.344,15.838,15.342,14.941,13.133,15.759,15.672,15.882,16.495,16.916,17.721,17.208,18.114,18.632,17.659,16.818,16.183,14.096,12.651,10.105,12.002,13.988,14.858,14.802,14.348,13.638,13.879,13.133,13.164,13.658,13.175,14.145,14.453,14.348,13.175,14.193,13.699,13.869,14.338,14.145,14.793,14.145,13.789,14.867,15.161,14.718,15.768,15.152,13.628,12.531,6.3907,8.2225,9.6863,10.624,11.805,12.531,12.618,12.651,11.605,11.887,10.519,10.091,12.264,11.082,12.717,13.393,14.867,15.161,15.768,16.072,16.487,15.951,15.768,16.114,16.785,17.208,16.319,15.882,14.453,12.825
15.758,18.547,19.721,20.224,19.735,19.629,18.734,17.756,17.716,16.383,15.4,16.091,16.039,15.4,16.16,15.535,15.758,15.855,17.423,17.246,17.709,17.756,18.067,18.175,17.431,17.439,15.89,14.504,12.376,9.6388,11.728,13.733,14.874,14.609,14.504,14.676,14.094,13.331,12.852,13.865,13.247,14.212,14.271,13.824,14.173,14.369,13.955,13.467,14.064,14.827,14.958,14.799,14.94,14.79,14.958,14.799,15.969,15.4,13.895,12.194,6.3604,8.3516,9.6965,10.617,12.466,12.863,13.046,11.596,11.402,11.596,9.2246,10.022,10.991,11.292,11.87,13.865,14.064,14.733,16.125,16.272,16.125,15.642,15.855,16.065,16.911,16.935,16.168,16.203,14.609,12.699
15.54,19.087,19.485,20.119,19.399,18.859,18.613,17.564,17.015,16.792,15.602,15.404,15.709,15.602,15.647,16.413,15.386,16.311,16.883,16.883,17.275,17.564,18.673,18.455,17.714,17.015,16.413,14.652,12.323,10.163,12.048,13.829,15.249,14.916,14.177,13.717,13.471,13.251,13.367,12.779,13.377,14.276,14.305,14.944,14.431,13.869,14.227,13.899,14.614,14.276,14.217,14.354,14.508,15.249,14.68,15.249,16.104,15.404,14.68,12.681,6.0242,7.6931,10.461,11.033,11.196,12.164,12.198,11.979,11.672,10.567,9.8706,10.633,11.108,12.856,12.164,12.703,14.421,15.037,15.833,15.037,16.311,16.208,16.208,17.015,15.895,15.709,17.145,15.851,14.804,13.251
15.533,18.467,18.668,19.754,19.186,19.705,18.933,17.905,17.546,16.929,16.432,15.354,15.771,15.245,13.668,16.465,16.014,15.63,16.229,16.986,17.404,17.404,17.789,17.943,17.42,16.765,16.126,13.829,11.988,10.044,11.814,14.194,14.607,14.349,14.435,14.54,13.829,13.465,13.829,14.435,13.516,13.709,14.663,13.638,14.54,14.233,14.54,13.668,14.502,14.233,14.888,14.233,14.204,14.281,14.616,15.254,16.195,15.327,14.349,12.496,5.257,7.5269,8.9524,10.368,12.54,12.091,12.318,11.238,10.825,11.755,10.207,10.112,10.786,12.661,12.984,13.638,13.799,15.054,14.841,16.014,16.229,16.126,16.229,15.461,16.331,15.85,16.373,15.461,14.027,12.802
15.698,18.167,18.663,18.84,19.533,19.723,18.417,18.235,17.364,17.132,15.925,15.618,14.976,15.547,15.627,14.818,15.908,16.21,16.252,17.002,17.688,17.491,17.204,17.308,18.144,16.969,16.439,13.812,11.871,10.338,11.54,14.041,14.477,14.168,14.818,13.812,13.322,13.28,13.812,14.372,13.651,14.168,14.63,14.295,13.902,13.681,13.981,13.446,13.772,14.554,14.733,13.415,14.449,14.168,14.554,14.743,15.864,15.296,14.168,12.284,6.1589,8.1856,8.8206,10.848,11.383,12.114,11.93,11.1,11.683,11.063,10.108,9.8301,10.162,12.011,11.624,14.011,13.932,14.62,15.698,14.827,16.481,15.768,16.029,16.514,16.514,15.768,17.236,16.003,14.449,12.329
15.485,18.63,19.538,19.316,19.165,19.488,18.63,17.446,17.271,16.398,16.117,15.305,15.269,14.827,14.686,16.482,15.987,15.804,16.347,16.524,17.367,16.724,17.319,17.652,17.816,16.848,15.918,14.6,11.595,9.4184,11.366,13.78,14.486,14.985,14.322,13.78,13.587,13.78,13.587,13.94,13.454,14.177,14.629,14.667,14.752,14.524,13.699,14.167,14.303,14.638,14.371,14.019,14.562,14.629,14.892,14.966,15.804,15.35,13.659,12.121,5.6706,7.0245,8.5709,9.9897,10.739,11.913,11.631,11.107,10.994,10.841,10.059,10.059,10.543,12.559,12.28,13.025,13.73,14.827,15.305,14.827,16.013,15.654,16.013,17.012,16.151,16.073,16.398,15.485,14.38,12.559
15.802,17.899,19.592,19.507,19.733,19.069,18.672,17.445,16.115,15.802,15.303,15.412,16.261,15.158,13.849,16.011,14.89,15.349,16.489,16.481,17.5,17.01,17.907,18.388,17.65,16.953,16.32,13.728,12.48,9.7926,12.29,13.657,15.349,15.349,14.146,13.688,13.422,13.256,12.852,13.161,13.494,14.369,14.684,14.637,14.321,14.126,13.899,13.668,14.75,13.779,14.523,14.253,14.75,15.194,14.9,15.075,16.855,15.267,14.456,12.154,5.5963,7.5377,8.996,11.689,10.542,11.594,11.689,11.389,10.738,9.7926,9.4908,9.7926,10.66,12.657,11.546,13.329,14.321,13.939,15.349,16.149,16.252,14.983,16.329,16.481,16.037,16.149,16.072,15.349,15.376,12.391
16.027,17.958,19.409,20.034,19.402,18.661,18.444,17.489,16.844,16.369,15.257,15.643,15.402,15.474,15.616,14.964,15.696,15.339,16.105,16.344,17.129,16.91,17.584,17.865,17.418,16.967,15.792,14.009,12.472,9.9268,11.551,13.72,14.89,14.37,14.552,14.312,13.527,13.444,13.153,13.89,13.486,14.166,14.59,13.659,14.156,13.84,14.312,13.527,13.9,14.974,15.066,14.166,15.148,14.59,15.148,15.148,16.062,15.792,14.166,12.112,5.6909,7.7681,8.9595,11.099,11.823,12.112,12.671,11.682,10.948,10.575,10.052,9.7012,11.551,11.646,12.146,13.77,14.244,14.955,15.402,15.784,15.862,15.696,16.445,16.208,16.335,16.242,17.178,15.339,14.955,12.146
15.702,18.21,19.732,19.88,19.012,19.078,18.514,18.687,17.436,16.842,15.46,15.233,15.03,15.397,15.684,14.502,16.062,15.702,16.784,16.776,17.202,17.299,17.42,18.21,17.372,16.701,16.166,14.298,12.054,10.048,12.464,14.032,14.731,15.012,14.825,14.569,13.822,13.629,13.578,14.22,13.953,14.607,14.797,14.269,13.953,13.953,14.22,13.943,14.269,14.956,14.937,14.502,14.53,14.53,14.909,15.397,16.036,15.532,14.269,12.52,5.8332,7.9218,8.8528,11.027,11.583,12.193,12.784,12.25,11.302,11.103,10.483,10.02,11.376,12.318,11.726,14.22,14.22,14.881,16.088,16.088,17.007,16.036,16.85,17.194,16.575,16.541,17.555,16.575,14.269,12.763
16.142,18.023,19.626,19.448,19.448,19.109,18.704,17.727,17.242,16.759,15.864,15.572,15.732,15.083,15.009,16.551,14.85,16.065,17.039,16.551,18.215,17.458,18.023,18.904,17.688,17.53,16.373,14.509,12.311,10.006,12.14,13.922,15.375,14.99,13.872,13.752,13.962,13.184,13.278,13.445,13.721,14.934,14.803,14.99,14.652,14.071,14.042,14.85,14.934,14.248,14.548,14.277,15.083,15.438,14.662,15.856,16.475,14.85,15.009,12.535,6.8758,7.6055,10.144,10.56,12.025,12.175,13.025,12.037,11.517,10.613,10.185,11.174,10.678,12.831,13.025,13.341,14.86,15.51,16.509,15.679,16.039,16.177,16.751,17.844,16.826,17.08,17.169,15.617,15.679,12.412
15.564,18.263,19.029,19.29,19.829,19.094,18.323,17.668,18.164,17.534,15.882,15.276,15.421,15.635,16.055,15.838,15.662,16.465,17.093,17.004,17.668,17.707,17.223,18.002,18.164,17.668,16.389,13.947,12.521,10.132,11.66,13.492,14.261,14.759,14.056,14.183,13.857,13.43,14.232,13.907,14.183,14.378,14.387,14.992,15.066,14.056,13.907,14.607,15.203,14.569,14.749,14.918,14.464,15.194,14.834,15.811,16.021,15.662,14.378,12.86,6.4083,8.0233,10.456,11.112,12.127,12.827,13.01,13.211,12.252,11.884,10.535,11.074,10.666,13.031,13.336,13.787,15.838,16.055,16.406,16.807,16.864,16.021,16.261,17.02,17.223,16.741,17.375,15.312,14.834,13.594
14.187,16.509,17.928,17.789,16.849,16.719,16.403,15.678,14.917,14.033,13.729,13.494,14.239,13.342,12.451,13.813,12.989,12.966,14.572,15.273,15.111,15.64,16.189,16.403,15.34,15.197,14.809,12.416,10.637,8.646,10.304,12.298,12.625,13.483,12.728,12.451,11.975,11.529,11.377,11.261,11.828,12.82,13.32,13.515,12.591,12.728,11.642,12.31,13.32,12.82,12.544,12.298,13.32,13.655,12.865,13.342,14.239,13.32,12.955,10.854,6.0298,7.6272,8.8456,10.133,9.8417,11.066,10.8,10.786,9.8417,10.472,8.646,9.6024,9.9446,10.854,11.975,11.914,13.397,14.064,14.115,14.572,14.157,14.562,14.878,15.101,14.995,14.721,15.197,14.249,12.955,10.854
16.472,18.417,20.043,19.897,19.387,18.93,18.28,18.051,17.527,16.905,15.291,15.827,15.399,15.436,13.96,16.506,15.181,15.108,16.174,16.757,17.527,17.344,18.181,18.12,17.527,17.787,16.848,14.246,12.173,9.6937,11.707,14.148,15.291,15.209,14.688,13.84,13.92,13.515,13.92,14.507,13.443,14.197,14.622,14.885,14.773,14.187,13.719,13.8,14.763,14.913,14.275,14.187,14.801,14.545,14.773,15.08,16.01,15.354,13.8,12.533,6.3491,8.5019,9.5054,11.612,11.085,12.872,12.829,12.698,12.139,10.545,10.545,10.819,11.612,13.308,12.753,13.556,15.327,15.181,16.062,16.506,16.848,16.506,17.392,16.823,17.408,17.912,17.392,16.174,15.291,12.676
16.057,17.294,19.123,19.196,19.412,18.866,18.666,17.55,16.57,16.87,15.118,15.347,15.75,14.792,15.026,15.847,15.026,15.392,16.527,16.031,17.237,17.197,17.95,18.235,17.197,17.318,16.927,14.215,12.314,10.155,12.062,14.058,14.82,15.67,14.362,13.938,13.858,13.491,13.46,13.625,14.294,14.933,14.82,14.602,13.948,14.215,14.264,14.342,15.311,14.264,14.679,14.497,14.792,15.238,14.669,15.118,16.092,15.347,14.877,12.143,6.4228,7.8485,10.479,11.286,12.051,13.23,13.574,12.594,11.805,10.155,10.69,10.196,10.986,13.367,13.039,14.028,14.669,15.026,16.057,15.697,16.083,16.57,16.87,17.478,16.083,16.903,17.739,15.838,15.127,12.682
15.39,18.202,19.595,18.886,19.128,19.186,17.979,17.452,17.547,16.373,15.677,15.317,14.562,14.818,13.53,15.125,15.695,14.874,16.193,17.235,16.693,17.056,17.705,18.438,17.932,17.023,16.567,14.676,12.425,10.478,11.804,14.056,14.865,14.874,15.116,14.213,13.946,14.213,13.946,14.36,13.694,13.856,14.213,14.524,13.725,14.562,14.292,13.816,14.253,14.204,14.865,15.005,14.865,14.949,14.79,15.005,15.748,15.199,14.204,12.187,5.8306,7.794,10.085,11.804,12.357,12.887,12.68,12.368,11.661,11.223,10.61,11.223,12.187,13.197,13.765,14.865,15.597,16.081,15.88,16.373,17.056,16.525,15.88,16.842,17.097,16.424,17.705,16.055,14.676,13.038
15.861,17.903,19.401,19.337,19.337,19.112,18.211,18.416,17.036,17.343,16.285,14.583,15.399,15.327,14.688,16.277,15.006,15.65,16.131,16.556,17.527,16.88,18.119,18.142,17.677,17.527,16.242,14.246,12.035,10.032,12.343,14.069,14.545,14.478,14.391,14.343,14.039,13.96,14.246,14.275,13.8,14.323,14.772,14.848,14.913,14.246,14.763,14.583,14.478,14.478,15.006,14.401,14.401,14.848,15.327,15.372,16.174,15.208,14.275,12.753,5.9652,8.518,9.6215,11.954,12.533,13.022,12.742,12.343,11.576,11.172,9.8499,10.857,10.754,13.84,13.92,14.009,15.57,15.354,15.57,16.37,16.823,16.242,16.979,17.077,17.109,17.391,17.343,16.096,14.236,13.473
16.041,18.781,19.819,20.153,19.798,19.77,18.286,18.347,17.461,16.853,14.862,15.681,15.377,15.002,13.611,14.852,15.512,15.222,17.009,16.762,17.277,17.172,18.369,17.94,17.627,16.853,17.397,14.936,12.347,10.549,12.177,14.044,14.862,15.44,14.172,13.754,13.804,13.723,13.447,13.196,14.172,14.25,14.664,14.806,13.186,14.152,13.844,13.478,14.588,13.924,14.852,14.25,14.852,16.248,15.002,15.377,16.067,15.002,14.936,11.794,6.3729,8.4553,9.6822,11.852,12.177,12.027,12.68,12.757,12.05,11.088,9.9094,11.852,12.757,12.358,12.347,14.201,14.588,15.512,16.486,16.248,17.172,16.145,16.952,17.532,16.359,16.679,17.18,15.867,14.936,13.048
15.961,17.82,19.608,19.103,19.949,19.353,18.398,18.217,17.35,17.07,15.822,15.435,16.437,15.028,14.101,15.779,15.656,16.055,16.021,16.437,17.602,17.262,18.308,18.096,17.758,17.389,16.064,13.775,12.352,10.626,12.296,13.624,14.13,14.591,14.732,13.735,13.685,13.855,13.492,14.082,13.855,14.276,14.853,14.324,14.581,14.439,13.855,13.865,13.895,14.179,14.732,13.735,14.778,14.591,15.028,15.327,15.779,14.917,14.439,12.251,6.4913,8.543,8.9676,11.84,11.875,12.639,12.385,11.735,11.652,11.07,9.6766,10.19,12.206,13.855,13.685,13.775,14.324,15.009,15.443,16.302,16.294,16.209,16.595,16.678,17.262,16.209,16.302,15.603,14.778,12.251
15.77,18.381,18.979,19.552,19.971,18.863,19.239,17.986,17.153,16.943,15.761,15.461,14.72,14.795,13.821,15.979,15.901,16.413,16.321,17.105,17.986,17.234,18.139,17.661,17.464,16.697,15.979,13.96,11.98,10.147,11.522,13.989,14.34,14.34,14.635,14.292,14.097,13.791,13.395,14.097,13.96,13.63,14.654,14.598,14.34,14.292,13.91,13.88,14.146,13.87,15.127,14.097,14.146,14.35,14.832,14.569,14.86,14.879,13.64,11.911,5.3578,8.0023,9.6875,10.625,12.696,12.826,12.129,12.265,11.083,11.17,10.521,10.831,12.366,12.455,12.653,13.75,14.934,15.84,16.185,15.272,16.497,16.074,15.761,16.82,16.489,16.005,16.697,16.346,14.019,12.631
15.738,18.701,19.117,19.117,19.325,19.545,18.804,18.612,17.458,16.69,16.11,15.738,16.11,15.517,15.597,15.834,15.667,16.415,16.178,16.69,17.394,17.275,18.139,17.925,17.887,17.339,16.69,14.18,11.987,9.9921,11.625,13.745,14.648,14.141,14.189,13.665,14.131,13.695,13.451,13.695,13.785,14.334,14.286,14.937,14.421,13.905,13.984,13.905,14.286,12.875,13.984,14.421,14.286,14.742,14.873,14.854,15.973,15.311,14.189,12.09,5.8716,7.8073,10.088,11.041,12.125,11.906,12.483,11.276,11.743,10.966,10.358,9.4677,10.634,12.971,12.615,13.745,15.374,15.02,15.799,15.311,16.11,15.517,15.517,16.953,16.178,16.814,16.912,16.441,14.189,12.702
15.647,17.87,19.408,19.365,19.128,18.688,18.51,17.894,17.494,16.972,15.478,15.541,15.07,15.371,15.07,14.594,16.144,15.55,16.323,16.517,17.311,16.948,17.311,18.412,17.439,17.183,16.484,14.043,12.653,10.34,11.932,13.814,14.556,15.298,14.773,13.894,13.774,13.073,13.199,13.397,14.219,14.904,13.774,14.632,13.448,14.556,14.316,13.844,13.814,13.693,14.161,13.693,14.556,15.344,14.161,14.736,15.788,14.978,14.556,12.001,6.0005,7.8942,10.164,11.626,11.59,11.361,12.476,12.024,11.152,9.9855,10.591,10.734,10.85,12.15,11.768,13.814,13.653,14.82,15.771,14.978,16.247,14.978,16.475,16.484,16.792,15.344,16.391,15.832,13.984,12.286
15.785,18.413,19.307,19.336,19.142,18.96,18.133,17.677,17.987,16.712,15.758,15.177,15.688,14.734,15.141,16.959,15.177,16.097,16.336,16.737,17.887,17.169,17.425,17.512,17.887,17.169,15.466,14.032,11.922,10.478,11.581,14.237,14.353,13.973,14.305,14.353,13.883,13.479,13.713,14.353,13.763,14.286,14.621,14.668,14.874,14.892,14.237,14.002,14.305,14.11,14.11,14.032,14.734,14.762,14.545,14.762,15.359,15.313,13.803,11.759,5.6638,8.027,8.9397,11.093,11.759,12.276,11.376,11.617,11.093,10.726,10.358,10.828,10.047,13.02,13.178,13.407,14.883,14.957,15.04,16.378,15.994,15.25,15.635,15.475,16.513,15.811,16.77,16.088,14.159,12.719
15.325,17.525,18.894,19.471,18.974,18.486,18.268,17.9,17.493,16.348,16.04,15.406,15.91,15.188,14.248,16.44,15.297,15.646,15.787,16.39,17.374,16.749,17.398,17.588,17.358,16.322,16.211,13.723,11.541,10.013,11.873,14.14,15.188,15.152,14.17,14.45,13.723,13.933,13.448,14.315,13.893,14.593,14.977,15.079,14.884,14.315,14.042,13.903,14.479,14.593,14.17,13.983,14.17,14.042,15.079,14.66,15.477,15.477,13.723,11.826,6.1596,7.4422,8.9616,10.988,11.25,11.908,12.104,10.849,10.577,10.446,9.487,9.7887,10.218,13.198,13.072,13.693,14.517,15.796,15.297,15.343,15.261,15.866,16.749,16.848,16.44,16.724,16.946,15.62,14.218,12.475
15.862,18.037,19.235,19.659,19.666,19.213,18.728,17.724,17.494,16.885,15.613,15.711,15.132,14.72,14.277,15.711,15.334,15.711,16.415,16.509,17.51,17.148,17.566,17.764,17.31,16.39,16.86,13.961,12.165,10.26,11.733,13.83,14.72,14.692,14.796,15.021,13.83,13.951,13.901,14.277,13.901,14.375,14.834,14.375,13.871,14.682,14.1,13.504,14.229,14.179,15.039,14.423,14.881,14.956,14.616,15.021,15.888,15.141,14.51,12.291,5.9081,7.5105,8.8582,10.382,12.704,12.561,12.291,11.816,11.541,10.635,10.026,10.7,12.527,13.211,12.901,14.277,14.219,15.361,15.361,15.993,15.976,16.279,16.786,16.21,16.885,16.86,16.943,15.685,14.89,12.325
15.525,18.324,18.723,19.077,19.215,18.923,18.864,17.745,17.412,17.292,16.534,15.597,14.875,15.372,14.36,16.15,15.959,16.029,16.305,16.693,16.999,17.862,17.235,16.776,18.164,16.9,16.115,14.164,11.625,10.154,11.371,13.976,14.6,14.6,14.903,13.936,13.936,14.36,13.946,14.6,13.936,13.816,14.562,14.79,14.524,14.639,14.36,14.495,14.34,14.262,14.79,13.816,13.765,14.262,14.818,15.695,15.345,15.39,13.229,12.153,6.0187,8.3465,9.6329,11.297,12.548,12.548,11.863,11.804,12.037,11.804,10.87,11.371,11.022,13.623,14.214,14.495,15.748,15.845,16.39,16.567,16.9,16.525,16.534,16.305,16.534,16.999,16.892,16.159,14.418,12.887
15.729,18.302,19.565,19.386,19.336,19.105,18.7,18.34,17.463,17.019,15.107,15.217,15.107,14.847,15.515,15.29,15.326,15.326,16.421,16.88,17.076,17.55,18.18,18.415,17.55,16.904,16.822,14.391,12.172,10.237,11.93,14.196,14.706,15.29,14.391,14.039,13.959,13.473,14.068,14.039,13.959,15.079,14.583,14.659,13.959,14.922,14.068,14.391,14.847,14.391,14.706,13.929,15.005,14.649,14.583,14.987,15.826,15.826,13.749,12.297,6.1711,8.2018,10.505,12.229,12.763,12.839,12.839,12.752,11.789,10.676,11.009,11.32,12.172,13.223,13.054,14.763,14.987,15.896,16.978,16.13,16.096,16.242,17.003,16.847,16.173,16.822,17.407,16.378,15.107,13.022
16.118,18.288,20.165,20.192,18.76,18.973,18.641,17.92,16.768,16.891,16.459,15.945,15.196,14.836,14.901,14.901,15.805,16.057,16.408,16.66,17.152,17.393,18.105,18.686,17.912,17.096,16.34,14.466,12.344,10.229,12.22,13.829,15.169,15.495,14.331,14.38,14.028,14.058,13.919,13.998,14.873,14.845,14.836,14.331,13.949,14.38,13.829,14.185,14.38,14.185,14.331,14.38,14.92,15.278,14.92,15.884,16.366,15.169,14.571,12.163,6.3657,8.4457,10.537,12.254,12.22,13.411,12.688,12.434,11.698,10.861,11.076,11.566,12.4,12.254,11.921,14.761,15.278,15.84,16.408,15.805,16.801,16.467,17.702,17.513,16.408,17.393,16.965,15.997,14.695,13.033
15.84,18.885,19.436,19.5,19.292,19.177,19.097,18.143,17.006,16.99,15.997,16.272,15.664,15.557,16.058,14.761,16.391,15.814,16.391,16.34,17.513,17.457,17.702,18.402,18.402,17.394,16.892,14.136,12.344,9.6857,12.129,13.919,14.466,15.287,15.068,15.205,14.466,14.185,14.185,14.466,13.909,14.466,15.495,14.38,14.466,14.331,14.38,13.998,13.909,14.495,14.873,14.185,15.169,14.389,14.61,15.205,16.127,15.36,14.389,12.163,6.1439,8.9562,10.377,11.201,12.4,13.213,12.732,12.299,11.602,11.262,10.391,10.861,11.554,12.958,12.644,15.314,14.761,15.664,15.945,16.459,16.543,16.23,17.152,17.096,16.357,16.834,16.965,15.287,15.314,12.688
15.814,18.57,19.333,19.354,19.333,19.44,19.006,18.268,17.404,16.553,16.032,15.647,15.504,15.369,13.837,16.477,15.396,15.726,17,17.171,17.46,17.673,17.923,18.031,17.106,16.902,15.937,14.618,12.306,9.6914,12.021,14.321,14.854,15.324,14.58,14.769,14.194,13.746,13.837,14.685,14.388,14.58,15.504,14.321,14.398,14.194,14.007,14.194,14.388,14.984,15.369,13.797,14.845,14.34,14.475,14.984,15.814,15.077,14.007,11.609,6.6679,8.6458,10.14,11.846,12.136,13.221,13.44,12.136,11.207,11.609,10.867,11.38,12.497,12.75,13.797,13.917,15.513,15.504,16.367,16.819,17.268,15.647,17.016,16.502,16.239,16.093,17.468,16.067,14.685,12.306
15.664,18.538,19.129,19.468,19.554,19.533,18.74,18.012,18.197,17.018,15.743,16.111,14.491,15.521,14.491,15.34,16.529,15.84,16.024,16.52,17.542,17.124,17.286,17.973,17.423,17.018,16.05,14.776,12.045,10.568,12.034,14.404,14.898,15.222,14.336,13.812,13.721,13.812,13.731,14.199,14.287,14.596,14.404,15.001,13.225,15.112,14.935,13.972,15.093,13.882,14.199,14.336,14.199,14.786,13.852,15.01,15.34,15.121,14.258,12.764,6.0169,8.2432,9.2162,11.019,12.365,13.288,12.883,11.859,11.574,11.182,11.331,12.24,11.294,12.764,13.454,15.194,15.583,15.743,16.393,15.628,16.393,15.972,15.664,17.092,16.436,16.393,16.111,16.994,14.814,12.51
16.05,17.74,19.006,19.325,19.526,19.21,18.531,18.174,17.857,17.23,16.257,15.386,15.386,14.558,14.899,15.112,16.111,15.449,16.085,16.394,17.543,17.423,17.543,17.447,17.732,16.529,16.189,14.259,11.8,10.555,12.057,14.21,14.786,15.521,15.368,13.943,13.972,13.933,14.288,14.18,14.288,14.672,14.082,14.87,14.2,14.777,14.596,14.491,14.052,13.852,14.52,14.404,14.21,15.094,13.972,14.786,15.231,14.701,13.933,12.275,6.3547,8.0382,10.555,11.658,12.309,13.455,12.544,12.275,11.682,11.368,10.62,12.32,11.622,12.677,12.544,15.121,15.368,15.955,15.628,16.257,16.436,16.436,16.394,16.797,16.394,16.487,16.772,16.291,14.786,13.691
15.734,18.217,18.58,19.522,19.45,18.906,18.906,18.346,17.469,17.18,16.041,15.866,16.067,15.331,14.852,16.075,15.377,15.823,17.009,16.984,17.171,17.627,18.056,17.917,17.082,16.984,15.655,13.723,12.267,9.5082,12.027,13.924,14.918,14.936,14.588,13.934,13.693,13.478,13.56,14.044,14.328,14.664,14.805,14.588,14.511,14.152,14.405,14.692,15.331,14.201,14.201,14.073,14.25,14.918,14.347,14.852,16.067,14.927,14.25,12.301,6.8767,9.6821,10.679,12.669,11.852,13.026,12.843,12.581,11.899,11.126,10.679,10.873,11.793,13.844,13.844,13.874,15.823,15.901,17.22,15.858,16.075,16.384,15.681,16.877,16.075,15.619,16.762,16.101,15.304,13.478
15.953,17.953,19.187,19.187,19.303,19.093,18.77,18.114,18.03,17.68,16.092,15.368,16.005,15.645,15.35,16.281,15.177,15.672,16.543,17.266,17.836,17.161,17.836,17.782,17.458,17.031,16.126,14.163,12.02,10.07,11.644,13.916,14.881,15.35,14.193,13.956,13.926,14.006,14.193,13.926,14.065,14.579,14.242,14.928,14.853,14.579,14.768,14.271,14.541,13.796,14.474,13.836,14.397,14.617,14.503,14.853,15.574,14.579,14.541,12.836,6.3691,8.9763,10.673,12.26,12.529,13.178,12.694,11.95,12.169,11.281,11.892,11.082,10.854,13.956,14.193,14.006,15.796,16.057,16.349,15.822,16.005,16.818,16.752,16.669,16.752,16.092,17.522,15.503,15.322,13.019
16.087,18.533,19.066,19.464,19.585,19.406,18.72,17.544,17.945,16.69,16.293,15.594,15.523,15.387,13.884,15.956,15.532,15.224,16.665,16.839,17.694,17.288,17.702,17.576,17.976,16.564,15.816,14.406,11.719,10.042,12.15,13.934,14.816,15.002,15.233,14.406,13.702,13.487,13.569,14.26,13.289,13.854,14.778,14.201,13.934,14.211,14.162,13.702,14.053,14.492,15.002,13.763,14.201,14.26,14.598,14.928,16.113,15.113,13.763,12.276,5.8295,9.0803,10.248,11.096,12.59,13.456,13.195,12.885,11.283,12.31,11.02,11.096,12.31,12.242,13.035,15.012,14.787,16.573,16.259,17.094,16.395,16.052,16.259,16.497,16.831,16.897,16.839,15.692,14.406,12.545
13.537,16.416,16.478,16.229,16.811,16.811,16.416,16.229,16.048,15.152,13.825,13.666,13.276,13.276,12.426,14.372,13.877,13.761,14.534,15.036,15.209,15.362,15.737,15.362,14.968,14.733,14.127,12.237,10.755,9.1601,10.383,12.555,12.426,12.461,13.364,12.966,12.237,11.985,12.13,12.635,12.13,12.555,12.601,12.647,12.332,12.83,12.32,12.069,12.237,12.426,12.739,12.704,12.555,12.83,13.331,13.331,13.761,12.704,12.601,10.605,5.7377,7.5759,8.5344,10.04,11.348,11.677,11.009,10.48,9.9527,9.9234,8.653,9.2864,10.929,11.271,11.985,12.704,12.589,13.494,14.003,14.342,14.534,14.483,14.534,14.075,14.168,14.733,15.036,14.168,13.066,11.627
15.748,18.423,18.839,19.273,19.273,19.043,18.948,17.852,17.35,17.469,15.801,16.018,14.948,14.873,14.724,15.775,15.625,16.3,16.726,16.3,17.469,17.342,17.469,17.937,17.053,16.792,16.078,14.535,11.478,10.04,12.257,13.664,14.344,14.573,14.658,14.296,13.511,13.429,13.643,13.874,14.15,14.354,14.344,14.296,13.562,14.535,14.15,14.296,14.101,13.664,14.296,13.633,14.023,14.43,14.023,14.602,15.81,14.948,13.754,12.492,6.35,8.0218,10.109,12.007,12.257,12.624,13.754,12.133,12.403,11.036,10.783,11.751,11.538,12.302,12.624,14.14,14.752,14.497,15.322,15.24,16.3,15.607,15.775,15.983,16.325,16.189,16.619,15.957,14.883,12.635
16.377,18.307,19.365,19.473,19.133,19.126,18.728,18.549,17.742,17.296,15.85,15.12,15.24,15.102,13.86,15.885,15.823,16.266,16.58,16.403,17.175,17.425,17.552,17.961,17.937,16.505,16.309,14.168,12.156,10.157,12.19,14.218,14.879,15.12,14.794,14.412,14.218,13.86,13.729,14.218,13.98,14.208,14.822,14.364,14.06,14.412,13.462,13.769,14.06,14.364,14.907,13.698,13.98,14.267,14.794,15.349,16.059,14.944,13.94,11.724,6.0204,8.5142,9.6933,11.101,13.369,12.695,13.211,12.695,11.101,11.423,10.374,10.886,12.595,12.684,13.729,13.729,14.869,14.671,15.019,16.58,16.445,16.059,15.876,16.094,16.445,16.445,16.93,16.163,15.203,13.524
16.192,17.622,19.341,19.702,19.298,19.326,18.642,18.336,16.795,16.226,15.324,14.642,14.876,14.95,13.564,16.302,15.521,15.324,16.496,17.185,17.289,17.669,18.154,17.786,17.669,16.328,16.421,14.642,11.236,10.151,12.304,14.152,14.885,14.95,14.604,14.461,13.886,13.513,13.995,13.757,13.797,14.191,14.538,14.23,13.646,15.06,14.025,13.462,13.757,13.757,14.279,14.201,13.827,14.726,14.538,15.033,15.777,14.613,14.152,12.405,5.9466,7.8138,9.0734,11.575,12.494,12.494,12.713,12.371,11.575,11.479,10.367,10.836,11.753,11.575,12.799,13.876,14.801,15.521,15.628,16.012,16.496,15.812,16.012,16.226,16.012,16.454,16.504,15.61,14.801,12.27
15.968,17.911,19.712,19.768,18.851,18.961,18.466,18.11,17.129,16.504,15.475,15.287,14.762,15.899,15.776,14.208,14.893,15.475,16.054,16.132,17.194,17.41,17.795,18.11,17.194,16.975,16.513,14.199,12.467,10.005,12.277,14.15,14.957,15.529,15.332,14.363,14.032,13.571,14.238,13.804,13.923,14.16,15.141,14.305,14.15,13.52,14.111,13.884,14.16,14.621,14.725,13.884,14.16,14.111,14.469,15.287,15.466,14.883,14.208,12.003,5.8795,8.1638,8.5606,11.676,12.5,12.467,12.643,12.232,10.478,10.648,9.7819,10.005,11.922,12.31,11.581,13.407,14.199,13.884,14.809,15.332,16.132,16.504,15.994,16.471,15.994,16.132,16.935,15.529,15.332,12.5
13.967,16.185,17.124,17.098,16.842,16.609,16.185,16.122,15.996,14.695,13.988,13.79,13.579,13.547,12.514,13.79,13.493,13.957,14.295,14.214,15.528,15.227,15.15,15.639,15.406,14.356,14.456,12.03,10.894,8.7581,10.391,12.663,12.957,13.189,13.233,12.594,11.812,11.614,12.09,11.885,12.56,12.386,12.957,12.56,12.663,12.833,11.946,12.56,12.386,11.848,12.479,12.09,12.421,12.514,13.101,13.013,13.717,13.32,12.03,11.091,5.326,6.9941,8.2299,9.9204,10.391,10.72,10.611,10.57,9.4113,9.9204,8.6918,9.1461,9.2874,11.799,12.09,11.311,12.514,13.288,14.204,13.288,13.957,13.45,13.748,14.356,13.957,14.204,14.635,13.78,12.957,11.195
15.701,18.229,18.352,19.453,18.98,19.164,18.684,18.083,17.317,16.926,15.869,15.258,14.186,14.925,14.313,15.718,15.869,16.079,16.389,16.826,17.478,16.926,17.123,18.229,16.801,17.123,16.113,14.047,11.738,9.7194,11.986,14.047,14.43,14.972,15.037,14.689,14.235,13.509,14.235,14.517,14.107,14.517,14.43,14.077,13.592,14.689,14.107,13.967,13.725,13.957,14.727,13.957,14.66,14.235,14.925,15.148,15.413,15.027,14.235,12.477,5.9107,7.8592,9.2479,11.631,12.477,13.259,12.71,12.171,11.738,11.314,10.265,10.639,11.88,11.703,13.132,14.313,15.331,15.869,15.772,16.423,16.113,15.476,15.549,15.772,17.049,17.082,16.414,16.079,14.746,12.732
13.731,15.708,17.412,16.851,17.269,17.202,16.325,15.864,15.257,14.514,14.024,13.752,13.752,13.168,12.3,14.604,13.731,14.035,14.241,14.281,15.754,14.723,15.864,15.726,15.276,15.19,13.752,12.867,10.802,8.9774,10.707,12.627,12.821,13.485,12.957,12.968,12.418,12.229,11.977,12.581,12.122,12.122,13.268,12.968,12.73,12.696,12.312,12.627,12.968,13.046,12.821,12.418,12.957,12.592,12.957,13.731,13.657,13.268,11.842,10.922,5.5008,8.091,9.042,10.473,10.305,11.379,11.379,10.748,10.376,10.473,8.7808,8.6976,10.177,12.122,12.453,12.205,13.496,13.752,13.496,14.159,14.574,13.398,14.281,14.363,14.281,14.574,15.113,14.066,12.821,11.544
16.536,18.997,19.495,19.918,19.15,18.997,19.23,18.13,17.419,17.154,15.947,15.816,15.851,15.496,15.807,14.996,15.851,15.816,16.545,17.154,17.922,17.515,17.515,18.351,16.934,17.138,16.545,13.92,12.289,10.392,12.164,13.597,14.762,14.977,14.986,14.236,13.74,13.433,13.95,14.847,13.669,14.468,14.649,14.762,14.677,14.03,13.74,13.83,14.573,14.611,14.391,14.059,14.977,14.762,14.573,15.361,16.025,15.361,14.187,12.164,7.0296,9.0035,10.23,11.592,12.13,13.172,12.744,12.667,11.568,11.115,10.964,10.862,12.164,13.172,12.917,15.851,15.088,15.496,16.368,16.41,16.803,16.869,17.283,16.545,15.929,16.745,17.283,15.816,14.03,13.34
15.814,18.167,19.493,19.5,19.684,19.09,18.671,18.379,18.167,16.99,16.118,15.805,14.761,14.976,14.638,16.635,15.495,16.366,16.768,16.366,17.608,17.458,17.944,17.92,17.882,17.153,15.788,14.186,12.163,10.668,12.49,13.919,14.752,14.976,15.086,14.911,13.859,13.909,14.789,14.92,13.859,14.186,14.994,14.39,14.534,14.789,13.909,13.545,13.667,14.39,14.836,13.738,14.312,13.829,15.36,15.315,15.602,15.315,13.738,12.288,6.8692,8.9563,9.9405,11.591,13.738,13.504,12.523,13.213,11.662,12.829,10.848,11.638,12.299,12.819,14.985,14.332,15.504,16.127,16.366,16.058,16.341,16.023,16.408,16.058,16.366,17.153,16.468,15.814,15.096,13.171
14.091,16.348,17,17.897,17.111,16.855,16.699,15.502,16.375,14.998,14.214,13.298,14.306,13.967,13.503,13.033,13.1,13.589,14.784,14.784,15.314,15.399,15.697,15.614,15.162,15.171,14.497,12.922,10.356,9.1687,10.768,12.604,13.1,12.944,13.631,13.298,12.147,11.955,12.039,12.967,12.43,12.615,13.471,12.569,12.798,12.099,12.764,11.918,12.099,12.673,13.144,12.569,12.707,13.022,13.46,13.199,14.214,13.298,12.933,10.902,5.4109,7.6522,8.6815,10.286,11.647,12.099,12.301,11.82,10.981,10.619,9.2003,9.2003,10.902,11.623,11.099,13.199,13.895,14.04,14.132,14.626,15.304,14.091,15.304,14.547,14.467,14.626,15.427,13.727,12.922,11.56
16.126,18.636,19.187,18.509,19.616,19.757,18.441,17.898,18.274,17.386,16.272,15.367,14.843,15.075,14.702,15.672,16.751,15.725,16.543,16.551,16.809,17.952,17.29,17.522,17.545,17.169,16.005,14.655,11.892,10.463,11.703,14.183,14.843,14.683,14.387,14.193,13.705,14.143,14.193,14.474,14.271,14.541,13.745,15.075,14.474,14.843,14.983,14.241,14.241,13.552,13.916,14.397,14.502,14.474,15.094,14.918,15.349,15.176,13.5,12.496,6.6673,8.5805,10.125,12.339,12.02,13.177,13.272,13.177,13.272,11.845,11.668,11.668,12.135,12.661,13.438,15.322,15.574,15.795,16.509,16.28,16.031,16.416,15.953,16.416,16.941,17.29,16.238,16.031,15.204,13.469
15.948,18.06,18.524,19.02,19.526,19.115,18.584,18.463,18.213,17.118,16.044,14.995,14.808,14.552,15.189,15.515,16.285,16.018,15.835,16.889,17.28,17.536,17.464,17.248,17.913,16.43,15.966,14.204,12.36,10.682,11.96,14.399,14.514,15.216,14.808,14.175,14.282,14.194,14.282,14.253,14.485,14.485,14.204,14.657,14.253,14.253,14.591,14.78,14.194,13.756,13.756,14.076,13.756,14.714,14.485,15.004,15.298,15.004,13.716,12.835,6.3741,8.2402,10.875,11.902,13.188,14.485,13.927,13.05,12.506,12.179,12.304,12.179,11.57,12.661,13.188,15.335,15.684,15.587,15.87,15.587,16.682,15.578,16.362,15.87,16.07,16.379,16.48,15.905,14.629,13.23
15.594,18.659,19.124,19.584,19.124,18.229,18.434,18.434,17.472,16.386,15.956,15.342,16.051,14.862,14.862,14.597,15.868,15.305,16.496,17.126,17.804,16.839,18.052,18.198,17.288,17.231,16.496,13.943,11.86,9.9579,12.047,13.813,15.002,15.113,14.405,14.357,14.211,13.973,13.853,14.25,14.259,14.721,14.405,14.702,14.25,14.357,13.973,14.161,14.161,13.702,14.053,13.762,14.559,14.862,14.673,15.45,15.692,15.387,13.943,12.139,6.377,9.2171,10.608,11.965,12.184,13.035,13.035,13.194,12.276,11.575,11.393,11.575,12.765,12.456,13.32,14.815,15.342,15.314,16.42,15.387,16.488,16.051,16.395,16.19,16.051,16.386,17.312,15.305,15.223,12.677
15.935,17.952,18.858,18.895,19.158,19.381,18.976,18.297,17.952,16.809,15.848,15.322,15.953,15.502,15.395,16.126,14.983,15.848,16.416,16.34,16.809,16.9,18.358,18.114,17.458,16.974,16.551,14.241,12.529,10.125,12.02,14.319,14.617,15.103,14.474,14.241,13.866,14.339,14.065,13.469,14.339,14.617,14.397,14.881,14.541,13.745,14.339,13.956,14.193,13.511,14.193,14.144,14.339,15.103,14.339,15.322,15.822,14.909,14.655,12.749,7.0718,9.0685,10.866,12.169,12.44,13.177,13.438,12.749,12.573,12.226,11.608,10.555,11.845,13.272,12.922,14.579,16.551,15.813,16.551,15.395,16.551,16.551,16.416,16.974,16.475,17.266,16.543,16.751,15.286,12.406
15.589,18.831,19.414,19.867,19.635,18.854,18.653,18.192,17.735,17.088,16.081,15.336,15.089,14.716,13.284,15.336,15.863,15.66,16.381,16.072,17.25,17.047,17.938,18.526,17.047,17.014,15.907,14.592,12.031,10.135,12.271,13.879,15.336,14.487,14.659,14.592,14.352,14.284,13.43,13.969,13.482,14.018,15.016,14.206,14.206,14.866,13.523,13.697,14.048,14.773,14.941,13.879,14.4,14.352,14.895,15.016,16.296,15.006,14.196,12.18,7.7898,8.7332,10.565,11.571,12.934,13.221,13.232,13.523,12.541,12.146,10.148,11.192,12.837,12.75,13.063,13.728,14.255,14.923,16.684,15.872,16.99,16.072,16.02,16.759,16.684,16.516,16.767,15.872,15.3,13.849
15.692,18.66,18.16,18.86,19.867,19.211,18.321,18.298,18.222,17.733,16.665,15.585,15.387,16.19,16.258,15.868,15.833,16.147,16.69,16.773,17.48,17.037,17.126,17.183,17.929,17.094,16.052,14.211,12.15,10.687,12.276,13.813,14.492,14.521,14.521,13.944,13.722,14.211,14.162,14.357,14.211,13.974,13.853,14.862,14.872,14.211,14.023,13.944,14.211,13.62,14.26,13.813,13.722,14.946,14.787,14.928,15.45,14.872,14.211,12.765,6.4423,8.9721,10.083,10.867,12.545,13.456,14.26,12.765,13.067,12.185,11.718,10.369,11.369,12.754,12.71,14.053,15.868,15.414,15.912,15.522,15.877,15.665,15.63,16.395,16.147,17.232,15.842,15.223,14.636,13.62
16.014,18.276,18.478,19.124,18.98,18.95,18.419,17.894,17.409,16.614,15.3,15.523,15.515,14.86,16.039,14.804,16.312,15.884,16.943,16.722,17.37,17.496,17.465,17.559,17.409,16.722,16.185,14.147,12.4,9.8712,12.095,14.147,14.532,14.607,14.748,14.137,13.395,13.426,13.467,13.791,13.871,14.224,14.493,14.34,13.508,14.532,14.195,13.559,14.147,14.35,14.098,14.019,14.607,14.186,14.879,15.272,15.236,15.381,14.098,12.609,6.8502,8.3071,9.8712,11.853,11.888,13.145,13.791,12.186,12.631,11.046,11.083,11.523,11.981,11.981,12.794,13.96,14.804,15.674,16.082,15.272,15.621,15.272,15.762,15.559,15.884,15.979,16.498,15.797,15.155,13.145
16.06,19.01,19.652,20.322,19.474,18.804,19.193,18.063,17.498,16.582,15.638,16.121,15.7,14.71,16.06,14.87,15.423,15.638,16.848,17.046,17.954,16.906,17.751,18.331,17.241,16.404,16.121,14.644,12.157,10.415,12.157,14.268,14.88,15.603,15.121,14.061,14.219,13.951,13.535,14.219,13.233,13.463,15.103,13.821,13.951,14.423,13.535,13.494,14.091,13.941,14.823,14.189,14.297,14.268,14.87,15.01,15.323,14.5,13.941,12.157,6.3806,8.6609,9.6363,11.581,13.328,13.821,13.117,12.717,12.328,11.089,10.988,11.026,11.808,11.808,12.772,13.941,14.936,15.01,15.638,15.232,15.886,16.121,16.034,16.06,16.539,16.121,16.404,15.35,15.7,13.074
16.191,17.962,19.791,19.382,19.447,19.34,18.921,18.214,16.851,16.62,15.305,15.323,16.234,15.907,15.278,15.323,14.66,16.191,16.327,16.369,17.416,16.925,17.629,18.515,17.471,17.112,16.949,14.346,12.712,10.512,11.997,14.103,14.866,15.242,14.2,14.142,13.756,13.705,13.796,13.14,13.431,14.278,15.242,14.23,14.024,13.461,13.665,13.461,14.024,14.461,14.603,13.916,14.122,14.726,14.297,15.386,15.985,15.251,13.995,12.134,6.8527,8.0227,10.577,11.087,12.27,12.134,13.461,12.191,11.985,11.087,10.096,10.642,11.67,11.37,12.134,12.799,14.81,13.916,14.726,15.251,15.627,14.866,16.045,15.68,15.985,15.811,17.785,15.846,15.278,12.371
16.084,17.905,20.122,19.79,19.252,18.991,19.388,17.905,16.765,15.989,15.772,15.173,15.754,15.327,15.78,14.541,14.953,15.327,16.97,16.708,17.293,16.929,17.967,18.587,17.633,17.116,16.432,14.106,12.103,9.8773,12.103,13.879,15.137,15.309,14.729,14.349,13.567,13.516,13.638,14.106,12.802,13.889,15.471,13.879,14.301,13.185,13.403,13.143,13.998,14.233,14.87,13.709,13.567,14.953,14.436,14.953,15.631,14.87,14.106,12.103,6.4172,8.4279,10.208,11.053,12.888,13.059,13.153,12.103,11.755,11.152,9.5212,10.369,12.011,12.307,11.919,13.403,14.204,13.919,14.879,15.309,16.238,15.309,15.815,16.5,16.5,16.127,16.508,15.78,15.164,12.661
15.548,18.421,18.496,19.079,19.079,19.216,18.01,18.496,17.886,16.923,15.306,15.306,15.378,14.892,13.537,16.117,15.593,15.059,16.109,16.533,17.247,16.799,17.503,17.91,17.191,16.399,16.117,14.381,12.213,9.8925,12.03,14.323,14.371,14.371,14.601,14.177,13.911,13.669,13.659,14.177,13.69,13.69,14.667,14.601,13.781,14.563,14.304,13.588,13.851,14.177,14.177,13.911,13.821,14.371,14.323,15.628,15.278,15.059,13.901,12.122,5.3695,7.8274,8.9355,10.855,11.832,13.163,12.648,12.292,11.631,11.194,10.018,11.169,12.007,12.482,12.426,13.851,13.73,14.458,15.187,14.976,15.486,15.196,15.918,15.84,15.548,16.733,16.22,16.014,14.177,13.036
16.419,17.971,19.499,20.113,19.896,18.769,18.499,18.095,17.45,16.462,15.364,14.809,15.545,14.743,13.309,15.697,14.809,15.437,16.521,16.282,17.062,16.864,17.947,17.885,16.988,16.856,15.768,14.542,12.053,10.029,11.819,13.256,15.117,14.809,14.968,13.783,13.833,13.309,13.537,13.722,13.245,13.548,14.884,14.232,13.589,14.232,13.874,13.742,13.712,14.103,14.619,14.31,14.222,14.837,14.695,14.837,15.715,15.034,14.922,12.26,6.7687,7.9984,9.8741,10.998,13.224,13.054,13.589,12.328,11.544,11.311,10.624,11.212,12.958,12.076,12.729,13.752,14.581,14.31,15.364,15.997,16.419,15.768,16.325,16.555,16.588,17.314,18.079,16.394,15.688,13.752
15.866,18.649,19.631,19.588,19.913,19.026,18.431,18.173,17.691,17.699,15.52,16.075,15.874,15.193,16.418,14.403,15.831,15.971,16.392,16.57,17.422,17.541,17.573,17.941,17.309,16.687,15.874,14.199,12.183,10.081,12.319,14.413,14.671,14.813,14.935,14.355,14.208,13.567,13.76,13.971,13.515,14.86,14.595,13.73,13.931,14.159,13.72,13.689,14.355,14.208,14.595,13.618,14.403,14.595,15.448,15.221,15.689,15.23,14.179,12.033,6.3542,9.2156,9.858,12.364,11.799,12.752,12.587,13.054,11.416,11.018,10.866,10.619,12.183,11.858,12.936,14.355,14.49,15.831,15.448,16.57,15.91,15.412,16.494,16.894,16.367,17.229,17.541,16.187,15.412,13.234
15.819,17.998,19.339,19.822,19.245,19.107,18.643,18.037,18.121,17.111,16.372,15.58,16.038,14.849,15.819,14.849,16.278,16.278,16.176,16.549,16.65,17.111,18.206,18.282,17.679,17.345,16.381,14.765,12.036,10.019,11.955,14.325,15.1,14.393,14.998,14.344,13.841,13.444,13.921,14.344,14.344,14.325,14.585,14.276,13.516,14.041,14.393,13.801,14.774,14.661,14.708,13.921,14.198,14.344,14.623,15.183,16.064,15.374,14.247,12.265,6.67,9.3291,10.239,12.036,12.445,13.72,13.423,12.655,11.565,12.14,11.124,10.184,10.755,12.873,12.534,14.623,15.008,15.374,16.064,16.012,16.287,16.244,15.819,15.898,16.558,17.687,17.005,16.278,15.437,13.71
16.043,18.753,19.74,19.571,19.148,18.701,19.083,17.936,17.13,16.926,16.052,15.878,15.921,15.2,13.943,15.658,15.309,15.658,16.334,16.402,17.913,17.601,17.936,18.988,17.82,16.86,16.453,13.854,12.661,10.225,12.158,14.17,14.979,14.867,15.309,14.18,14.18,13.672,13.913,14.384,14.18,14.384,14.83,14.374,14.374,14.755,13.943,14.18,13.823,13.692,15.08,13.993,14.374,14.83,14.839,15.163,15.843,14.97,14.374,12.748,6.1641,9.332,10.453,11.502,13.672,13.823,13.703,13.081,12.911,11.55,10.546,11.94,12.009,12.738,13.081,14.258,15.062,15.878,16.12,16.402,17.194,16.926,16.402,16.926,16.959,17,17.016,16.223,15.309,13.292
16.038,18.495,19.33,19.593,20.117,18.674,18.696,18.614,17.318,17.19,16.038,15.838,15.838,15.35,15.35,14.891,15.83,16.012,16.355,16.397,17.572,16.798,18.009,18.487,17.815,17.382,16.524,14.019,12.679,9.7932,12.017,14.225,15.085,14.835,14.779,14.147,13.699,13.402,13.729,14.166,14.225,14.562,14.826,14.524,13.668,14.6,14.322,14.6,14.486,14.37,14.176,13.454,14.486,14.835,14.562,15.304,16.355,15.304,14.457,12.723,6.8645,9.058,11.255,13.003,13.423,13.85,14.37,12.514,12.155,11.547,12.325,11.654,11.773,13.319,13.035,14.751,14.891,15.803,16.116,16.456,16.355,15.707,16.798,17.815,16.823,16.798,16.856,16.073,15.304,12.734
16.371,18.15,19.299,19.507,19.606,19.184,18.633,18.332,17.716,17.669,15.563,15.854,15.643,16.029,15.819,14.003,16.055,15.793,16.54,16.741,17.336,17.447,18.203,18.506,17.102,16.897,16.549,14.19,12.692,9.9017,12.224,13.914,14.766,14.756,14.653,14.471,14.239,13.793,13.834,14.239,13.834,14.268,14.577,14.99,14.19,14.239,14.317,14.181,14.229,14.538,14.268,14.239,14.063,14.471,15.091,15.5,15.819,15.073,14.19,12.348,6.8714,9.6171,10.671,12.758,12.303,14.141,13.217,12.834,13.207,11.666,11.352,11.117,12.224,12.303,12.167,14.615,15.365,14.878,15.854,16.269,16.055,15.174,16.498,16.346,16.666,16.996,17.158,15.652,15.854,13.048
15.424,18.799,19.58,19.283,19.432,19.824,18.996,18.265,17.377,16.691,15.811,15.29,15.592,15.29,15.733,14.916,15.486,15.099,16.425,16.459,16.467,17.456,17.504,18.045,16.667,16.417,16.198,13.675,12.377,9.5699,12.232,14.072,14.916,15.208,14.693,14.091,14.198,13.845,13.483,13.845,14.072,14.505,14.581,14.247,14.324,14.072,13.993,13.845,14.159,14.266,14.121,14.072,13.845,14.925,14.842,15.136,15.244,15.017,13.795,12.276,6.8175,8.4561,11.26,12.107,13.35,13.205,13.964,13.37,12.803,11.585,10.76,11.211,11.296,13.635,13.205,13.401,14.768,15.026,16.459,16.425,15.95,16.559,15.733,16.392,15.984,15.872,17.018,16.266,15.136,13.615
15.46,18.484,19.144,19.368,19.078,19.019,19.078,17.555,17.65,16.974,15.702,14.797,15.424,15.021,14.825,15.843,15.397,15.352,16.38,17.194,17.436,17.555,17.46,17.194,17.713,16.533,16.123,14.259,12.318,9.506,12.147,14.502,14.645,14.502,14.607,14.269,13.526,13.298,13.629,13.578,14.171,14.22,14.22,14.881,14.872,14.683,13.983,14.415,14.53,13.943,13.943,14.366,14.22,14.415,14.366,14.73,15.352,15.397,13.741,12.52,6.8858,8.9935,10.416,11.594,12.158,13.118,13.464,13.234,13.065,12.158,11.203,11.582,11.141,12.597,12.597,14.415,15.424,15.46,16.097,15.922,16.097,15.852,16.809,16.38,16.431,15.922,16.85,16.303,15.021,12.553
15.869,18.014,18.919,19.528,19.635,19.363,18.919,18.66,17.544,17.481,15.745,15.387,16.026,15.342,15.692,15.912,15.342,16.37,16.086,16.922,17.639,16.773,18.014,17.544,16.897,17.576,16.259,14.023,11.575,9.8597,12.15,14.162,15.224,14.778,14.26,14.598,14.211,13.702,13.944,13.974,13.763,14.598,14.357,14.862,14.492,13.974,14.211,14.083,14.664,13.854,14.406,14.211,13.692,14.357,13.944,14.406,15.306,15.233,14.357,12.545,7.1786,8.461,11.183,12.366,12.765,13.226,13.692,12.841,12.366,11.719,10.982,11.907,11.575,11.683,12.711,13.813,14.815,15.414,16.773,15.833,15.745,15.842,15.63,16.765,16.078,16.026,16.897,15.974,14.415,13.456
15.731,18.343,18.822,19.02,19.688,19.624,18.822,17.998,18.822,18.282,16.038,15.731,15.292,15.678,16.038,14.849,16.098,15.898,16.558,16.907,17.168,17.409,17.56,17.529,17.553,17.038,15.731,14.547,12.025,10.44,12.14,14.198,14.325,13.801,14.915,14.345,14.277,13.801,14.765,14.989,13.961,13.932,14.508,14.403,14.547,14.277,14.585,13.872,13.932,15.008,14.689,14.149,13.69,13.751,14.585,15.374,15.183,14.849,13.423,12.174,6.8754,9.0723,9.6802,11.708,12.765,14.198,12.743,13.516,12.048,12.174,10.677,11.086,11.955,12.231,13.183,15.21,15.731,15.509,16.133,16.558,15.855,15.678,16.355,16.072,16.423,16.981,16.244,17.038,14.247,13.225
15.555,18.557,19.745,19.576,19.878,19.029,19.369,17.941,17.605,16.889,16.125,15.882,15.662,15.812,16.338,15.358,15.662,15.785,17.02,16.532,17.223,17.327,18.429,18.624,17.511,16.741,16.532,14.232,12.012,9.6845,12.331,13.827,14.57,14.184,14.909,13.857,14.33,13.947,13.594,14.056,14.026,14.465,15.358,14.693,14.378,13.907,14.262,14.174,14.759,13.787,14.223,13.787,14.262,14.899,14.232,14.974,16.228,14.992,14.174,12.664,7.1648,9.3343,11.174,11.661,13.676,13.43,13.706,13.295,13.032,11.696,11.261,10.119,11.601,12.664,13.43,13.326,14.871,15.084,15.493,15.785,16.159,16.27,16.499,16.807,17.061,17.511,17.511,16.49,16.125,13.01
16.432,18.854,19.578,20.201,19.528,18.787,19.256,18.586,17.696,16.483,15.31,15.301,14.923,14.782,14.488,15.337,15.687,15.837,16.826,16.046,17.419,17.483,18.154,18.534,17.161,17.015,16.288,13.758,12.146,10.406,12.146,13.718,15.108,15.301,14.255,13.451,13.728,13.451,13.758,13.758,13.697,14.157,13.929,15.016,13.19,13.969,13.758,13.849,14.206,13.939,13.969,13.929,14.284,15.301,14.245,14.923,15.526,15.117,14.157,12.146,6.9395,8.7811,11.328,11.715,12.684,13.451,13.482,13.19,12.272,11.798,11.414,12.135,12.031,13.052,12.181,14.196,14.773,14.923,16.356,16.081,15.968,16.15,16.567,17.419,16.491,16.892,17.419,16.107,15.382,13.513
16.039,19.014,19.689,19.34,19.823,19.767,18.778,18.465,18.275,16.875,16.407,15.856,15.402,15.96,15.101,16.826,15.357,15.653,16.134,16.382,17.394,16.751,18.344,18.023,17.274,16.908,15.653,13.681,12.129,9.95,12.345,13.842,14.48,15.101,14.394,14.071,13.476,13.558,14.199,13.691,14.403,14.199,14.624,14.888,14.766,14.17,13.752,14.248,14.326,13.922,13.962,13.31,14.199,14.394,14.586,15.082,16.356,15.211,14.15,12.14,7.0357,8.3381,11.187,12.678,13.341,14.248,13.184,13.184,12.232,11.286,11.087,10.82,11.087,13.609,13.31,13.351,14.652,14.709,15.572,15.679,16.039,15.51,16.288,17.346,15.864,17.006,16.949,16.475,15.679,13.184
16.509,19.015,19.312,19.513,19.69,19.11,20.082,18.451,18.185,17.689,15.865,16.178,16.1,15.102,15.944,14.888,16.013,16.289,16.652,16.983,17.602,17.411,17.435,18.147,17.275,17.243,16.383,14.249,11.409,10.02,11.409,14.239,14.926,15.009,14.691,14.404,14.2,13.518,13.933,14.394,13.843,14.239,14.548,13.873,13.691,14.249,14.249,14.19,14.394,14.2,14.2,13.445,14.151,14.072,14.653,14.851,15.582,15.111,13.803,12.266,7.0754,9.0733,10.6,12.038,12.972,13.963,13.184,13.226,11.614,11.792,11.323,11.409,11.71,12.357,12.679,14.2,13.923,16.013,15.653,15.618,16.826,15.519,15.68,16.383,16.074,16.95,16.383,16.065,15,13.025
16.049,18.559,19.352,20.149,19.779,19.835,19.208,18.649,17.949,17.541,17.05,15.591,15.018,15.119,16.569,15.411,16.144,16.109,16.77,16.836,17.405,17.421,17.541,17.925,17.485,16.836,16.761,14.286,11.585,10.567,12.364,14.021,14.403,14.557,14.925,14.05,13.971,13.76,13.971,13.851,14.286,14.198,14.775,14.179,14.412,13.851,14.159,13.699,14.208,14.489,14.354,13.811,13.453,13.76,14.595,14.403,15.119,14.869,13.73,12.044,6.9405,8.3433,10.619,11.657,12.882,13.349,14.208,11.858,12.319,12.307,10.012,11.181,11.585,11.799,12.307,14.595,14.784,14.489,15.519,16.049,16.392,15.627,15.953,16.661,16.485,15.839,16.255,16.187,14.925,14.021
15.752,18.668,19.594,19.415,19.386,19.365,19.038,18.329,17.75,17.199,15.601,16.059,15.752,15.421,15.699,14.642,15.349,15.752,17.32,16.403,17.584,16.93,17.552,17.984,17.433,16.394,16.872,13.94,12.716,9.8217,12.19,14.604,14.869,14.217,15.129,14.364,13.94,13.94,13.86,14.364,13.82,14.566,14.869,13.94,14.499,13.769,14.208,13.769,14.06,14.364,14.168,13.94,13.575,13.769,14.344,14.68,15.752,14.907,14.06,12.052,7.0841,9.0382,10.252,11.688,12.694,13.769,13.769,13.073,11.664,11.423,10.018,10.374,12.041,11.664,12.064,14.168,15.028,14.499,15.12,15.841,15.92,15.752,15.92,16.496,16.93,16.059,16.971,16.572,15.601,13.2
15.982,18.46,19.781,19.379,19.556,18.623,18.947,17.625,17.563,16.816,16.085,15.302,14.956,15.157,13.51,16.12,15.057,14.798,15.606,16.425,17.213,16.824,18.097,17.959,16.922,16.459,16.085,13.673,11.668,9.9981,12.402,14.188,14.61,15.167,14.872,14.429,13.459,13.673,14.295,14.149,14.295,14.429,14.723,14.139,13.703,14.276,13.377,13.397,13.873,13.883,14.534,14.139,13.753,14.149,14.638,15.048,15.13,14.601,13.753,12.223,6.3495,9.0409,9.9981,11.573,13,13.397,11.983,12.458,11.983,12.268,10.562,10.575,11.75,12.098,13.179,14.1,14.149,14.723,16.324,15.677,16.077,16.042,15.526,15.956,16.947,16.824,16.692,16.7,14.534,13.137
16.17,18.347,19.896,20.23,19.405,19.383,19.355,18.347,17.593,17.216,16.316,15.364,15.135,14.695,14.742,13.721,15.409,14.949,16.512,16.393,17.191,16.393,17.664,17.978,17.208,16.689,16.075,13.964,12.202,9.4546,12.156,13.954,15.218,15.714,14.685,14.231,13.711,13.255,13.873,13.213,13.752,14.202,14.358,14.073,13.64,14.28,13.833,13.903,14.231,13.547,14.043,13.782,13.903,14.618,14.28,14.58,15.935,14.685,13.954,12.794,6.6225,8.473,10.262,11.877,12.052,12.474,13.308,12.052,11.818,11.434,11.877,12.052,11.311,12.156,11.877,14.182,14.742,14.513,16.596,15.024,16.384,16.444,15.996,17.337,15.996,16.921,16.913,16.179,14.884,13.475
15.753,18.87,19.793,19.885,19.366,19.602,19.039,18.474,17.813,17.029,16.034,14.879,15.602,14.87,14.365,16.505,15.103,15.377,16.573,16.539,17.029,16.906,17.577,17.625,17.192,16.581,15.824,14.061,11.665,9.5196,12.361,14.09,14.567,15.121,14.643,14.423,13.699,13.861,13.699,14.605,14.061,13.82,14.208,14.785,14.71,14.423,14.365,13.494,13.981,14.365,14.297,13.82,14.257,13.861,14.267,14.954,15.459,15.593,13.951,12.053,7.1823,9.0234,10.679,11.629,12.552,13.201,13.042,12.772,12.463,11.808,10.692,11.533,12.065,12.596,12.945,14.5,14.5,14.945,15.241,16.404,16.782,15.395,16.267,15.85,16.581,16.497,16.906,16.121,14.879,13.042
15.729,18.633,19.515,19.896,19.812,19.565,19.615,18.484,17.166,16.872,15.676,15.852,15.658,15.817,15.861,14.885,15.181,15.372,17.036,16.353,17.271,16.756,17.716,17.934,16.556,17.174,16.756,14.245,12.263,10.237,12.297,13.93,15.299,14.649,14.885,13.84,13.93,13.688,13.473,14.009,13.473,14.343,14.857,14.197,14.323,13.84,14.323,13.84,14.275,14.545,14.763,13.84,14.245,14.583,14.275,15.208,15.181,15.098,14.583,12.309,6.4142,8.9632,10.128,11.79,13.442,13.749,13.223,13.097,12.828,11.953,11.185,11.185,11.647,12.309,13.223,13.338,14.687,15.372,15.676,16.979,16.756,16.096,16.648,17.295,16.353,16.472,17.02,16.37,15.658,13.555
16.045,19.287,19.742,20.729,19.316,19.938,18.99,18.703,18.016,17.148,16.079,15.845,15.553,16.045,16.327,15.31,15.499,15.923,16.225,16.53,17.002,17.705,17.253,18.016,17.452,16.796,15.993,14.182,12.296,10.226,12.16,14.172,14.568,14.606,15.082,14.328,13.905,14.386,13.694,14.376,13.541,14.328,14.832,13.49,14.328,13.995,14.606,13.167,14.182,14.308,14.568,13.704,14.172,14.26,14.644,14.757,15.713,15.201,14.328,11.883,7.1638,8.829,10.455,11.777,13.324,13.905,13.209,13.407,12.125,12.01,10.652,10.388,12.728,12.663,14.23,14.462,14.971,16.114,15.801,16.114,17.091,16.225,16.805,16.862,16.655,16.404,17.132,16.63,15.356,13.262
15.498,18.675,19.376,20.135,20.334,19.333,19.731,18.712,18.132,17.461,15.667,15.318,15.363,15.172,15.291,14.651,15.72,15.791,16.838,17.164,17.099,16.546,17.706,17.674,17.714,16.663,16,14.764,12.222,10.231,12.039,14.061,14.904,14.839,14.469,14.383,14.179,13.711,14.651,14.061,14.188,14.392,14.698,14.237,13.832,14.001,14.641,13.862,14.179,13.741,13.741,14.001,14.188,14.469,14.334,15.363,15.72,15.089,14.188,12.29,6.6026,9.4996,10.748,11.947,12.918,14.139,13.174,12.961,12.832,11.4,11.078,11.947,11.664,12.832,13.496,14.988,14.641,16,16.738,15.852,16.361,16.369,16.471,17.205,16.471,16.546,17.156,16.087,15.099,12.864
16.23,18.642,19.992,20.336,20.165,19.557,19.032,18.44,17.513,17.458,16.459,16.118,15.814,15.664,14.235,16.023,15.315,15.495,16.118,16.81,17.258,17.096,17.378,17.827,17.458,16.801,16.501,14.186,12.299,9.8423,12.22,13.909,15.169,15.495,14.467,13.949,13.738,13.545,13.668,13.504,13.504,14.38,14.572,15.068,14.186,14.38,14.186,14.495,14.911,13.949,13.909,13.738,14.534,14.789,14.572,14.761,16.127,14.836,14.495,12.916,6.849,8.9718,11.275,12.254,12.4,13.829,12.655,12.754,12.688,11.555,11.176,11.397,12.163,13.698,13.411,14.836,15.805,15.315,16.459,16.543,16.23,16.635,16.535,16.23,15.638,16.468,17.137,16.118,14.61,13.266
16.373,19.021,19.851,20.081,19.795,19.101,19.311,18.933,17.466,17.023,15.572,15.864,15.375,14.586,15.51,14.586,15.375,15.22,16.826,16.013,17.112,17.08,17.298,18.457,17.218,16.85,16.759,14.189,12.535,9.7238,12.311,14.248,15.184,15.22,14.934,14.248,14.17,14.248,13.424,14.248,13.842,14.277,15.293,14.277,13.517,13.932,14.071,14.199,14.999,14.775,14.48,13.609,14.326,14.189,13.872,14.925,15.375,15.101,13.802,11.897,7.0751,9.0267,10.547,12.037,12.175,13.609,13.445,12.502,12.048,12.048,11.174,11.408,12.831,12.025,12.678,14.86,15.101,15.652,16.134,16.559,16.559,15.82,16.559,17.218,15.829,16.475,17.023,16.013,15.329,12.175
16.282,18.977,19.815,20.038,20.348,19.738,19.159,18.697,17.523,16.67,15.611,15.369,15.575,15.673,15.323,13.957,15.646,14.844,16.058,16.975,17.032,16.753,17.523,17.72,16.975,17.073,16.067,13.685,12.407,9.8477,12.351,14.32,15.323,15.323,14.703,14.919,14.58,13.927,14.194,14.34,13.746,14.388,15.076,14.242,14.145,13.927,14.34,13.604,13.746,14.542,14.769,13.501,14.066,14.388,14.844,14.919,15.513,14.542,14.066,12.306,6.17,9.3854,10.661,12.739,12.75,13.867,12.673,13.178,12.306,12.17,11.846,12.53,12.34,12.75,12.75,14.919,15.095,15.646,16.51,15.575,16.67,15.575,17.032,16.35,16.273,16.544,17.267,15.673,15.432,12.761
15.814,18.143,19.177,19.557,20.329,19.578,19.177,18.626,17.889,17.536,16.357,16.023,16.161,15.36,15.664,15.814,14.92,15.84,16.058,16.366,17.513,16.332,17.544,17.584,17.912,17.449,16.366,13.909,12.489,10.391,11.78,13.998,14.92,14.901,14.91,13.829,14.845,14.331,14.38,13.677,14.185,14.571,14.331,14.466,14.38,14.185,14.845,13.998,14.136,13.432,13.829,13.667,13.829,14.38,14.185,14.873,15.557,14.263,14.028,12.688,6.7054,8.6887,10.351,12.299,12.4,13.698,13.667,13.033,13.171,12.299,12.129,10.497,11.839,12.731,14.234,14.176,15.814,15.664,16.332,16.391,16.867,16.058,16.366,16.229,16.635,17.449,17.225,15.945,15.314,13.788
14.019,16.208,17.542,17.392,17.723,17.35,16.737,16.422,15.956,15.249,14.377,13.768,14.143,13.977,14.101,12.976,13.513,13.736,14.019,14.497,15.172,15.249,15.334,15.513,15.096,15.096,13.977,12.716,11.107,9.1435,10.461,12.286,12.976,12.953,13.12,12.567,12.048,11.866,12.404,12.624,12.439,12.215,12.976,12.578,12.108,12.108,12.439,12.048,12.108,12.048,12.953,11.829,12.953,12.108,12.682,13.383,14.173,12.807,12.215,10.735,5.7274,7.8449,9.2226,10.461,12.048,11.902,11.429,10.989,11.829,10.586,9.8908,9.832,11.963,12.156,11.531,13.736,13.34,13.48,13.8,14.587,14.795,13.988,14.706,14.716,14.657,14.657,15.172,13.502,13.47,11.107
16.046,19.023,19.776,20.603,19.825,19.349,19.067,18.735,18.215,16.99,15.526,16.107,15.364,14.867,15.337,14.284,16.046,15.309,17.161,16.891,16.792,16.891,17.538,18.215,17.475,16.759,16.432,14.048,12.043,9.9547,12.181,14.716,14.554,14.593,15.108,14.41,13.523,13.718,13.929,14.516,13.482,14.078,14.487,13.879,13.758,14.352,13.482,14.019,13.451,14.41,14.516,13.929,14.206,13.758,14.352,14.41,15.58,14.923,13.929,12.238,7.0981,9.0156,10.149,12.706,13.232,13.697,13.316,12.181,11.961,12.238,10.877,11.856,12.272,12.541,12.662,15.3,14.782,14.941,16.389,16.432,16.432,16.432,15.837,16.432,15.968,16.558,16.767,15.624,14.941,12.934
15.859,18.642,19.459,20.051,20.599,19.863,19.524,18.058,18.042,16.912,16.411,15.442,15.378,15.514,14.779,16.788,15.333,15.947,16.377,16.555,16.854,16.986,17.351,16.986,17.027,16.986,15.859,13.936,11.854,10.242,12.415,14.015,14.252,15.306,14.193,14.329,13.805,13.805,13.926,14.075,13.926,13.926,14.349,14.779,14.713,13.684,14.407,14.513,14.484,13.805,14.173,13.755,13.926,14.349,13.936,14.713,15.656,15.306,14.349,12.235,6.7137,8.6993,10.51,12.359,12.67,12.877,12.834,12.04,12.314,11.854,11.077,11.616,12.028,13.926,13.805,14.329,15.333,15.859,15.947,16.138,15.833,16.68,16.284,16.555,16.284,16.36,17.011,15.964,14.994,12.931
15.964,18.491,19.534,19.731,20.193,20.193,19.527,17.969,18.221,17.448,16.067,16.482,15.14,15.79,16.829,15.258,15.756,15.964,15.747,16.331,17.329,17.073,17.329,17.543,17.194,16.96,15.869,14.182,12.477,10.55,12.118,13.778,14.518,14.818,14.327,14.641,13.617,14.279,14.084,13.858,13.947,14.336,14.641,13.868,14.327,13.688,14.133,13.617,13.778,13.947,13.868,13.627,13.976,13.495,14.133,14.781,14.818,14.855,14.182,12.242,7.3109,8.2993,10.028,11.464,13.279,13.122,12.641,12.996,12.084,11.512,11.035,10.353,12.118,13.154,12.641,13.647,14.48,14.734,15.606,16.306,16.348,15.756,15.964,15.782,15.659,15.964,15.964,15.5,14.734,12.685
16.393,19.129,19.703,20.527,20.226,19.325,18.836,18.59,17.7,17.23,15.831,15.34,15.743,16.05,14.558,16.393,15.412,15.743,16.299,16.562,17.254,17.47,17.542,17.95,16.994,16.895,16.486,13.361,12.753,9.5573,12.51,13.942,14.287,14.945,14.86,13.932,13.761,13.812,13.812,14.209,14.022,14.209,14.87,14.081,14.209,14.355,13.72,13.761,13.882,14.199,14.248,13.852,14.081,13.454,14.519,14.898,15.52,14.672,13.731,12.045,6.941,8.9711,10.685,12.149,12.883,13.193,13.224,12.183,11.586,12.764,11.219,11.622,12.588,13.454,13.731,14.258,14.404,15.222,15.628,15.84,16.688,16.076,16.291,16.528,16.299,16.024,16.291,15.222,14.814,12.51
14.017,16.207,16.871,17.151,17.771,17.501,16.162,16.454,15.736,15.28,14.069,13.684,13.481,13.768,13.872,13.82,13.567,13.609,14.524,14.069,14.868,14.603,15.374,15.289,15.393,14.672,14.069,12.258,10.099,9.2482,9.9118,12.02,12.584,13.123,12.41,12.549,12.41,12.258,12.468,12.375,12.258,12.27,12.08,12.777,12.549,12.375,12.258,12.549,12.375,11.899,12.02,12.08,12.08,12.743,12.258,12.503,13.222,13.001,12.595,10.964,5.6121,7.602,9.6907,10.561,11.082,11.339,11.504,10.964,11.339,10.34,10.326,9.6907,10.326,11.935,11.224,12.258,14.232,14.017,13.705,13.567,13.609,13.439,13.481,14.192,14.141,14.017,13.599,13.298,12.549,11.224
14.017,16.697,17.334,17.795,18.069,17.276,16.723,16.741,16.035,15.203,13.872,14.14,13.438,13.078,14.017,12.409,13.47,13.955,13.735,14.473,14.76,14.671,15.222,15.597,15.06,15.175,14.068,12.374,11.068,8.8974,10.588,12.594,12.548,12.99,12.537,12.548,11.935,11.874,12.594,12.548,12.374,12.467,12.686,12.019,12.257,12.374,12.127,11.628,12.019,11.935,12.651,11.628,11.935,11.503,12.127,12.743,13.704,13.001,11.935,10.804,5.4815,7.8263,8.75,10.042,11.081,11.428,11.301,11.185,9.9112,10.142,9.8086,10.269,10.227,11.789,11.578,13.221,13.297,13.276,14.231,13.872,14.602,13.438,14.602,13.308,13.449,13.872,13.777,14.343,12.548,11.491
16.395,18.949,19.87,19.623,19.842,19.814,18.622,18.464,17.769,17.315,15.981,15.475,14.582,15.33,15.902,14.515,15.137,15.119,16.523,16.181,16.99,16.924,17.572,17.023,17.572,16.59,15.981,13.835,12.077,9.5735,12.204,14.184,14.515,14.312,14.97,14.36,13.477,13.744,13.477,13.835,13.784,14.744,14.687,14.045,13.906,14.621,14.312,13.642,14.105,13.966,13.875,13.257,13.956,14.233,14.233,15.044,15.22,15.119,13.754,12.609,6.3653,9.0483,9.2318,12.169,12.169,12.905,12.565,12.295,12.709,11.436,11.737,11.593,11.641,12.476,12.609,14.515,14.961,15.137,15.858,16.077,15.858,15.999,16.514,15.366,15.77,15.556,16.327,16.327,15.339,13.002
15.64,18.717,19.477,19.733,20.242,19.965,20.18,17.926,18.026,16.843,15.879,14.957,14.826,14.569,13.863,15.031,15.398,15.398,15.888,16.304,16.701,17.032,16.909,17.651,17.461,16.575,15.596,14.26,11.81,10.159,12.363,14.502,15.105,15.031,14.531,14.221,14.221,13.496,14.092,13.953,14.221,14.502,13.863,14.882,13.943,14.347,13.863,13.772,14.211,13.742,13.823,13.732,13.823,14.269,14.211,14.415,15.133,15.352,14.269,13.235,6.4467,8.7422,10.035,10.875,13.465,12.85,12.785,12.686,12.375,10.681,10.888,11.631,12.329,13.246,13.361,14.882,15.398,15.398,15.827,16.201,16.776,15.888,15.676,16.676,16.27,16.372,15.967,16.381,15.461,13.943
16.37,18.854,20.053,20.342,19.69,19.584,19.377,18.691,17.446,17.23,16.166,15.818,15.606,15.072,15.721,14.394,15.319,15.346,16.37,16.64,17.101,16.64,17.832,18.407,17.446,16.74,15.845,14.336,12.04,9.8025,12.257,13.742,14.765,15.391,15.091,14.384,13.549,13.742,13.435,14.537,14.229,14.238,14.989,13.742,14.032,13.742,13.833,13.742,14.238,14.989,14.642,13.833,14.68,13.913,14.499,15.091,15.792,14.989,14.576,11.889,6.411,8.9587,10.54,11.606,13.206,13.508,13.833,13.206,12.67,12.257,10.851,10.748,13.497,12.659,12.962,15.1,15.668,15.319,15.499,16.277,17.011,16.088,16.548,16.665,16.548,16.088,17.518,16.506,14.905,12.833
16.259,19.026,20.261,20.513,20.186,20.124,19.551,18.857,18.282,17.531,16.113,15.49,15.94,14.971,15.081,14.385,16.156,15.552,15.992,17.195,16.861,17.252,17.665,17.539,16.886,16.984,16.529,14.22,11.777,10.02,12.284,14.23,14.84,14.633,14.462,14.171,13.784,13.824,13.784,13.489,14.375,14.327,13.854,14.756,13.292,14.375,14.462,13.854,14.971,13.784,13.784,14.259,13.784,14.23,14.171,14.831,15.552,15.552,14.259,12.738,7.5407,9.377,11.11,12.033,12.34,12.651,13.904,12.911,13.198,11.369,11.835,12.738,12.295,13.734,13.693,15.49,15.355,16.352,16.804,15.712,16.804,15.712,16.078,16.538,15.712,16.335,16.96,16.738,14.896,13.209
16.014,19.021,19.144,19.567,20.05,19.904,19.31,19.166,19.217,18.549,16.348,15.778,15.078,15.333,15.486,16.014,15.805,16.65,16.525,16.254,16.996,16.956,17.013,17.215,17.191,17.053,15.637,14.05,11.655,10.739,11.691,14.226,14.372,13.901,14.323,15.087,13.496,14.177,14.601,14.686,15.188,14.304,13.781,14.743,14.668,14.372,15.197,13.901,14.255,14.525,13.941,14.458,13.537,13.901,13.99,14.601,15.078,14.967,13.941,13.163,7.3148,8.3252,10.855,12.018,13.659,14.304,13.901,13.851,13.486,12.213,12.122,10.855,11.879,13.455,14.372,15.087,16.857,16.263,15.988,15.778,16.733,17.503,15.778,15.486,15.548,16.525,16.491,15.486,13.205,13.289
16.217,19.024,20.156,20.476,20.825,19.711,19.823,18.671,17.898,17.499,15.801,15.302,15.871,15.482,15.482,15.193,14.899,15.411,16.217,16.105,16.952,16.73,17.435,17.991,17.364,16.446,16.01,14.664,11.935,9.9881,12.323,14.455,15.056,15.329,13.987,14.626,14.32,13.656,14.32,13.898,14.174,14.174,14.598,15.348,14.164,14.301,14.636,14.301,14.636,13.938,13.908,13.818,13.656,14.824,13.908,14.455,16.045,14.824,14.174,12.289,6.7414,9.4168,11.067,12.557,12.819,13.848,13.483,12.634,13.818,12.108,12.289,11.629,12.119,13.848,13.421,14.749,16.217,15.348,16.488,16.976,16.217,16.259,16.488,16.721,16.036,15.836,17.268,16.327,15.083,13.171
16.53,18.719,19.641,20.365,20.372,19.591,19.211,18.464,17.803,16.437,15.314,15.522,15.195,14.21,13.62,15.195,15.195,14.936,16.496,16.797,16.921,16.155,17.803,18.013,17.182,16.155,16.369,14.053,12.354,10.138,12.321,14.181,15.531,15.122,14.21,14.664,13.813,13.434,13.289,13.691,14.21,14.862,14.673,14.249,13.853,14.492,13.813,13.853,14.405,13.722,14.405,13.883,14.181,14.815,14.492,14.597,15.522,14.815,14.946,12.035,6.8608,9.2168,10.829,11.907,12.884,13.527,13.455,13.056,12.309,12.15,11.195,12.321,13.194,13.035,12.545,14.635,14.21,15.368,16.839,15.305,16.42,15.868,15.665,16.896,16.051,16.189,17.288,15.531,14.946,13.236
16.075,19.122,20.025,19.976,19.78,19.871,19.027,18.356,17.542,17.229,15.52,15.34,16.367,14.87,15.303,16.494,15.412,15.448,16.393,16.771,17.856,16.687,17.051,17.739,17.422,16.393,15.592,14.336,11.585,9.5571,12.687,14.557,15.194,15.111,14.596,14.258,14.199,13.761,13.932,13.287,14.355,14.49,14.258,14.49,14.051,14.404,14.051,13.882,13.932,13.882,13.761,13.972,13.618,14.404,14.199,14.813,14.935,15.34,13.73,12.51,6.1766,8.7031,11.416,11.8,12.665,13.618,13.7,13.454,12.51,12.687,11.585,11.392,11.681,14.021,13.73,14.179,15.971,15.663,16.384,15.583,16.145,15.592,15.111,15.52,15.52,16.393,15.831,15.367,14.49,13.454
16.77,19.18,20.359,19.75,20.359,20.271,19.331,18.146,17.923,16.745,15.171,15.568,15.207,14.763,14.382,15.317,15.497,15.317,16.662,16.968,17.025,17.203,17.665,18.562,17.42,16.461,15.999,14.697,11.946,9.7157,12.346,14.678,14.903,15.28,14.468,14.187,13.861,13.495,13.861,13.831,13.7,14.535,14.236,14.65,13.465,14.187,14.468,14.382,14.65,13.74,13.79,13.215,14.236,14.382,14.178,14.763,15.317,15.344,14.838,12.402,7.4516,9.3813,11.556,13.215,12.435,13.33,13.434,12.96,12.831,11.556,11.556,12.165,12.569,13.34,13.74,14.996,15.362,15.497,16.537,16.232,16.025,15.999,16.275,17.009,16.086,16.47,16.41,16.545,15.171,12.744
16.155,19.874,22.053,19.19,19.007,19.535,19.556,19.463,17.615,17.183,15.868,15.745,15.877,17.472,15.342,18.068,14.598,17.425,16.086,15.63,17.425,15.745,17.425,16.572,17.929,17.425,16.765,13.722,11.659,9.4411,12.321,13.702,14.083,15.745,14.815,14.201,14.289,13.62,13.974,13.692,14.702,14.211,13.944,14.211,14.787,13.569,13.934,12.982,14.211,13.763,13.763,13.813,13.237,15.342,13.456,13.813,15.868,14.674,14.211,12.366,6.4207,10.138,11.801,11.393,12.366,13.237,14.053,12.321,12.366,12.15,14.201,10.042,12.035,13.194,13.205,13.067,13.289,13.518,14.598,16.259,15.877,14.664,15.369,15.594,14.598,17.425,15.842,16.437,14.721,13.813
16.205,19.076,19.965,19.799,20.408,19.778,18.917,18.771,18.423,17.377,15.783,15.251,15.215,14.914,15.749,14.923,16.06,16.264,16.699,16.863,17.025,17.186,17.322,17.511,17.082,16.298,15.862,13.641,11.59,10.133,12.282,14.272,14.253,14.127,14.932,14.784,13.891,13.97,14.205,14.473,13.732,14.407,14.435,14.127,14.473,13.802,14.272,13.273,13.641,13.861,14.407,13.772,13.641,13.772,14.775,14.858,15.224,14.914,13.941,12.248,6.4897,8.4762,9.6458,11.554,13.148,13.158,13.448,12.679,12.282,13.117,11.35,10.546,12.293,12.248,13.376,14.511,15.879,15.599,15.224,15.251,15.296,15.006,15.652,15.493,16.433,16.466,16.566,15.582,14.407,13.117
16.956,19.399,20.2,20.385,20.784,20.089,19.456,18.465,17.418,16.824,15.862,16.045,15.381,15.089,13.757,15.525,15.659,15.739,16.106,17.03,17.474,17.046,18.03,17.735,17.537,16.482,16.019,13.968,12.03,9.5547,11.903,14.351,14.922,15.006,14.63,14.63,13.717,13.928,13.347,14.41,13.523,13.928,14.696,14.205,14.195,14.254,13.808,13.757,13.512,14.4,14.254,13.357,13.757,13.968,14.254,15.336,15.739,15.015,13.968,12.35,7.0977,9.3486,10.669,12.03,13.03,12.934,13.189,12.662,12.706,12.146,10.825,11.654,12.88,13.051,13.564,13.315,14.205,15.381,15.516,15.579,16.363,15.81,15.686,16.286,16.045,16.766,16.824,16.141,14.696,13.051
16.595,18.819,20.611,19.901,20.304,20.083,19.063,19.055,17.6,16.912,14.967,15.995,14.512,14.883,14.948,13.832,15.89,15.855,16.074,16.862,16.796,16.862,17.312,17.336,17.472,16.511,16.047,14.23,11.591,9.8731,12.155,14.512,14.892,15.134,15.023,14.308,13.953,13.903,13.781,13.872,14.23,14.425,14.377,14.512,13.474,14.425,13.872,13.546,14.425,13.721,13.639,13.255,14.201,14.308,13.872,14.807,15.363,15.253,14.042,12.859,6.4511,9.0464,10.882,12.327,12.338,13.085,13.255,12.473,12.439,11.236,11.098,11.149,11.543,12.999,12.706,14.798,14.967,14.357,15.435,14.425,14.807,15.134,15.864,15.899,15.408,16.92,16.92,15.864,14.656,13.223
16.088,19.142,19.76,20.093,20.455,19.286,19.055,18.163,17.481,16.712,15.141,14.966,14.818,14.809,13.062,15.177,15.776,14.957,16.2,16.604,16.77,16.336,17.849,17.91,16.629,16.504,15.855,13.883,11.759,9.9221,12.632,14.159,15.068,15.332,14.507,13.713,13.883,13.763,13.883,13.713,14.15,14.208,14.13,14.208,12.988,13.883,13.673,13.407,13.652,13.272,13.923,13.713,13.833,14.44,14.353,14.611,15.759,14.809,14.208,12.719,6.419,7.9055,10.358,11.18,12.621,12.988,12.988,12.015,12.231,11.143,11.533,11.291,12.892,12.106,13.009,14.002,13.923,14.545,15.475,15.466,15.916,15.286,15.855,16.378,15.259,16.097,17.129,15.82,15.618,13.009
16.293,18.691,19.106,19.504,20.021,19.633,19.252,18.691,17.896,16.8,15.145,15.126,14.818,14.59,14.445,15.043,15.555,15.946,15.725,16.43,17.219,16.924,17.581,17.461,17.771,16.059,15.052,13.963,11.743,9.8378,12.072,13.973,14.319,14.628,14.523,14.083,13.913,13.883,14.29,14.231,13.842,14.818,13.222,14.191,13.484,14.818,14.29,14.003,14.695,13.556,13.38,13.792,14.003,14.29,14.368,14.705,15.401,14.931,14.387,13.009,6.9564,8.9911,10.578,11.647,12.06,12.381,12.781,12.084,12.381,11.551,11.356,11.683,11.647,12.792,12.267,14.968,14.628,15.447,15.483,15.725,15.347,15.725,15.902,15.778,16.472,16.833,16.531,15.42,14.903,12.616
16.064,18.494,20.319,20.112,20.182,19.798,19.656,18.066,17.196,17.139,16.159,15.534,14.874,14.57,14.532,14.532,15.606,15.207,16.534,16.202,17.269,16.786,17.557,18.028,16.935,16.099,15.704,13.579,11.975,9.6383,12.465,14.3,15.353,15.399,14.939,14.212,14.3,13.864,13.894,13.631,14.416,14.503,13.984,14.222,13.631,13.824,14.27,13.743,14.192,13.773,13.466,13.824,13.631,14.503,14.368,15.353,16.501,15.704,14.732,13.066,6.8663,9.3444,10.682,12.194,12.044,12.72,13.204,12.044,12.521,11.81,11.303,11.632,11.584,12.72,12.044,14.647,14.222,15.606,15.828,14.713,16.09,15.606,15.704,16.09,16.534,16.677,16.45,16.159,14.532,13.372
17.091,19.208,19.947,20.579,20.059,19.975,18.738,19.07,17.565,16.662,15.411,15.339,15.339,14.595,13.699,15.303,15.303,15.689,15.909,16.687,16.77,17.123,17.801,18.157,16.96,16.434,15.874,14.021,12.364,10.394,12.033,13.851,14.999,14.813,14.671,13.881,14.557,13.72,13.811,14.49,13.941,14.208,14.699,14.869,13.881,14.05,13.567,13.234,13.931,13.453,14.257,13.73,13.851,14.813,15.092,15.384,15.671,14.925,14.412,12.708,7.4997,9.7299,10.246,11.573,12.763,12.763,13.525,12.509,12.353,12.148,11.391,11.94,12.42,12.273,13.453,13.811,14.557,15.83,15.671,15.009,16.256,15.627,15.582,16.023,16.561,16.77,17.73,15.839,15.662,13.287
14.827,16.784,17.914,18.236,18.108,17.817,17.529,15.712,15.74,14.64,13.74,13.484,13.343,12.979,11.929,13.602,13.991,13.602,14.269,14.66,15.432,14.974,15.693,16.417,14.71,14.64,14.561,11.929,10.899,8.9206,10.464,12.194,12.956,12.956,12.855,12.5,12.407,12.05,11.966,12.289,12.301,12.442,13.023,12.313,11.868,12.581,11.868,12.289,11.966,12.57,12.81,11.832,12.81,13.023,12.81,13.035,14.105,13.386,13.123,11.11,6.5117,7.7161,9.7154,10.615,11.521,11.819,11.856,11.966,11.11,10.778,9.7602,9.9371,11.432,11.214,11.966,12.158,12.855,13.332,14.053,13.332,14.511,13.855,14.798,15.032,13.981,14.719,15.176,13.343,13.212,11.819
16.742,19.291,20.129,20.328,19.669,20.163,18.618,19.176,17.44,17.2,16.356,16.228,15.313,14.9,16.263,15.085,15.386,15.883,16.767,16.89,17.543,17.456,17.28,17.456,17.512,16.989,15.813,13.918,11.59,10.133,12.162,13.908,14.9,14.465,14.835,14.379,14.184,13.595,13.858,14.532,13.737,14.33,14.694,13.666,14.57,13.737,14.027,13.676,13.431,14.608,14.694,14.027,14.233,14.155,14.76,15.277,15.839,15.195,13.908,12.013,7.8314,9.3348,10.809,12.298,13.908,13.431,13.676,13.201,12.522,12.253,11.311,10.588,12.298,13.264,13.032,13.908,15.601,15.716,16.339,16.767,16.339,15.804,16.022,16.228,16.117,16.228,16.89,16.056,15.663,13.41
16.635,19.177,20.061,20.267,20.116,19.606,19.5,18.189,17.536,17.152,15.637,15.945,16.057,15.287,15.494,15.36,15.205,15.36,16.229,17.096,17.377,17.71,17.513,17.92,16.99,16.99,15.717,13.504,11.78,9.9958,12.117,13.596,15.566,14.984,14.571,14.224,14.571,13.738,13.829,14.057,13.909,14.466,15.095,13.677,14.312,13.788,13.708,13.788,14.263,13.738,14.695,13.919,13.998,14.609,14.676,15.36,15.945,15.278,14.695,12.666,7.3189,9.4975,10.861,11.697,13.181,13.171,12.915,13.012,12.333,11.397,11.262,10.861,11.697,13.829,12.731,14.057,14.845,14.994,16.023,16.66,16.809,15.997,16.809,16.867,16.735,16.534,17.152,16.768,15.503,13.829
16.468,19.373,20.028,20.548,20.173,19.671,19.178,18.628,18.022,17.395,15.665,15.505,16.085,15.361,15.815,15.388,15.343,15.788,16.265,16.502,17.202,17.514,17.711,17.514,17.202,16.265,16.024,13.789,12.164,9.6863,11.887,13.999,14.332,14.235,15.279,14.225,14.177,14.313,14.029,14.496,14.186,13.92,15.087,14.332,14.332,13.999,14.381,13.339,13.433,14.313,14.762,13.546,14.186,14.137,14.837,15.096,16.05,15.206,14.177,12.334,7.4882,9.2013,10.23,12.434,13.182,13.91,13.034,13.463,12.3,12.345,11.603,11.114,12.255,12.83,13.087,14.696,14.911,15.343,15.315,16.265,15.665,15.815,16.544,16.231,16.468,17.097,17.514,16.835,15.197,13.214
16.357,19.11,20.595,20.371,19.456,19.627,19.11,18.526,18.277,16.95,15.403,14.851,14.481,14.51,14.278,14.935,15.294,15.733,16.383,16.983,17.081,16.885,18.001,17.531,17.475,15.83,15.33,13.753,11.125,9.5513,12.413,14.549,14.587,14.691,14.653,14.481,14.151,13.843,13.923,14.2,14.013,14.861,14.2,14.776,13.963,14.653,13.843,13.712,14.151,13.692,13.753,14.395,13.923,14.249,14.587,14.851,15.376,16.066,13.873,12.536,7.8401,9.6239,10.821,12.176,11.898,13.446,13.195,13.057,12.668,11.566,11.65,12.447,12.176,13.227,12.679,15.822,16.04,16.425,16.425,15.857,16.074,15.9,15.822,16.484,16.425,16.349,16.247,16.677,15,13.692
16.263,18.458,20.153,20.338,20.534,19.545,19.481,18.368,18.186,17.319,15.804,15.494,14.892,15.351,15.333,14.563,15.804,15.655,16.533,16.525,17.502,17.439,17.652,17.439,17.367,16.955,15.804,13.588,11.547,9.7938,11.691,14.216,14.902,14.985,14.667,14.667,13.911,13.94,14.323,14.752,14.226,14.563,14.629,14.381,14.226,14.323,14.177,14.177,14.371,13.424,13.821,13.7,13.901,14.177,14.629,15.333,15.918,15.351,14.226,12.908,7.1615,9.3744,10.583,12.559,12.482,13.669,12.951,14.049,13.659,11.832,11.879,12.68,11.595,14.02,13.163,15.351,15.655,16.331,16.791,14.892,16.074,16.65,16.733,16.955,16.331,16.733,16.955,16.013,14.911,13.163
16.119,18.618,20.155,20.449,20.017,19.023,19.023,18.34,17.055,17.193,15.833,15.271,14.829,14.46,14.325,15.833,15.657,15.28,16.016,15.806,17.536,17.409,18.249,17.935,17.694,16.652,15.842,13.425,11.88,9.3163,12.293,13.942,14.987,14.754,14.782,14.527,14.257,13.902,13.942,14.904,13.822,14.13,15.079,13.822,13.902,14.305,13.291,13.498,13.902,13.902,14.325,13.456,14.46,13.822,14.829,15.487,15.842,15.162,14.641,12.517,7.5396,9.6812,11.158,12.394,13.038,13.332,13.59,12.812,12.282,12.812,12.008,11.633,13.165,13.671,14.257,14.169,14.754,16.05,16.401,16.401,16.851,16.451,16.925,17.193,17.385,17.145,17.576,16.485,15.92,14.13
16.636,19.373,20.062,21.035,20.269,19.685,19.608,18.327,17.442,16.744,15.718,16.128,15.806,14.648,15.361,14.313,16.392,15.885,16.966,17.007,16.966,17.226,17.024,18.198,16.966,16.744,16.059,13.739,12.026,9.4836,12.656,13.83,14.837,14.186,15.315,14.496,13.505,13.739,13.86,13.789,13.214,14.467,14.332,13.505,13.789,14.059,13.463,13.91,13.678,13.91,14.235,13.494,14.186,14.137,14.874,15.361,15.665,15.361,14.235,12.255,8.0422,8.9722,10.23,12.667,13.329,12.862,13.546,12.862,12.83,12.037,10.668,10.55,12.754,12.401,13.339,14.534,15.279,15.718,16.544,16.367,16.868,16.535,16.736,16.868,16.991,16.661,17.672,16.493,15.505,13.329
16.8,19.32,21.158,20.572,20.572,20.171,19.556,18.348,17.583,17.2,15.314,16.022,14.835,14.76,14.466,15.314,15.716,15.813,17.135,16.365,17.2,16.891,17.607,18.446,17.2,16.229,16.16,13.908,11.697,9.3795,12.343,14.331,15.848,14.647,14.234,14.155,14.234,13.493,13.788,13.737,14.331,14.379,14.389,14.331,13.493,14.466,13.462,13.503,13.908,12.958,13.431,13.17,14.311,14.919,14.224,15.277,16.022,15.787,14.466,12.742,6.8687,9.3795,10.86,12.742,12.665,13.265,12.861,12.4,12.566,11.175,12.013,11.602,12.566,12.665,12.687,14.975,15.314,15.645,15.813,15.663,15.883,16.458,16.022,17.393,16.466,16.8,18.468,16.989,15.314,13.737
16.988,19.021,20.088,20.053,20.219,20.157,19.583,18.464,17.913,17.119,15.524,15.949,15.966,14.78,14.714,14.696,16.362,15.587,16.682,17.224,17.029,17.013,17.694,17.967,16.914,16.294,15.835,14.253,11.327,9.5103,11.855,13.726,14.629,14.865,14.921,14.195,13.807,13.847,13.807,13.927,13.877,14.253,13.877,14.047,13.314,13.967,14.047,13.757,14.253,13.231,13.061,13.726,13.807,14.809,14.175,14.809,16.105,15.335,14.253,13.231,7.3288,8.5877,11.191,11.855,11.713,13.757,13.104,12.539,12.759,11.388,11.855,11.654,11.57,13.716,12.539,14.893,15.106,15.189,15.335,15.515,15.835,15.362,16.557,16.889,16.682,16.914,17.305,16.183,15.005,14.017
16.376,19.478,19.132,19.649,20.161,19.6,19.819,18.6,18.389,17.432,16.427,15.875,14.793,15.239,15.98,14.952,16.444,15.84,16.503,16.571,17.043,17.027,17.043,17.133,16.97,16.838,15.636,13.728,11.628,9.7069,11.664,13.697,14.67,14.411,14.187,14.793,13.859,13.889,14.498,14.216,13.939,14.167,13.859,14.498,13.889,14.411,13.859,14.029,13.231,13.461,13.859,13.738,14.207,14.088,14.363,15.393,15.312,15.393,14.167,12.683,7.1033,9.1145,10.197,11.723,12.144,13.326,11.723,13.2,12.326,11.299,11.628,11.299,11.531,13.04,13.072,14.295,15.008,15.457,16.162,15.119,15.128,16.032,15.822,16.571,16.529,16.537,16.696,15.84,15.672,13.21
13.949,16.341,17.673,17.722,17.86,17.269,16.447,15.729,15.498,14.861,14.011,13.603,13.346,13.432,12.578,13.772,13.698,13.475,13.969,14.675,15.664,14.783,15.395,15.282,15.581,14.225,14.185,12.369,10.335,8.3927,10.335,12.589,12.771,12.771,12.94,12.906,12.181,11.869,12.181,11.869,12.252,12.543,13.117,12.771,12.462,12.369,12.014,11.832,12.369,12.157,12.369,11.832,12.404,12.68,12.94,12.917,13.603,13.938,12.369,10.813,5.5317,8.0772,8.9422,10.335,10.759,11.18,11.398,11.063,10.194,10.335,9.8045,9.5661,9.6861,11.076,11.076,12.276,12.984,12.984,13.772,13.698,13.969,14.185,14.467,14.185,14.467,14.517,15.054,14.616,13.215,11.623
15.974,19.132,19.762,20.056,20.373,19.874,19.029,18.435,18.298,17.02,15.692,15.315,14.674,14.598,14.492,15.692,15.315,16.156,16.573,16.839,17.544,17.288,17.409,18.014,17.02,16.052,15.451,13.722,11.86,9.9161,12.035,13.854,14.674,14.778,15.342,14.289,13.813,14.26,13.854,14.721,14.211,14.521,14.357,14.162,13.884,13.763,13.854,13.722,13.456,13.362,14.26,13.722,13.854,13.362,14.664,15.012,15.692,14.862,13.944,12.678,6.7589,8.3449,10.248,11.221,13.289,13.035,12.422,12.982,12.185,11.623,10.674,11.575,12.545,12.276,14.201,14.289,14.947,15.387,15.522,15.745,16.112,16.026,16.522,16.293,17.544,16.19,17.126,16.922,15.095,13.763
16.679,18.782,20.631,21.216,20.085,19.629,19.573,18.287,17.01,16.042,15.441,15.378,16.068,15.104,15.832,15.011,14.712,15.513,16.911,16.478,17.478,16.985,17.533,18.187,16.763,16.145,16.351,13.925,12.177,10.077,12.313,13.447,14.853,15.513,14.397,14.251,14.853,14.192,13.447,13.714,13.925,14.589,15.735,15.305,14.348,13.925,13.724,12.768,13.693,13.344,14.044,13.281,14.251,14.919,14.153,15.513,16.385,14.919,14.919,12.177,6.8568,8.5863,10.47,12.234,13.312,12.537,12.504,12.177,11.288,10.562,10.132,11.013,11.794,12.359,12.051,13.845,14.397,15.104,16.427,15.859,16.145,15.62,16.763,18.218,16.679,16.763,18.218,16.016,15.823,13.228
16.293,19.056,19.46,19.695,20.518,19.631,19.201,18.65,17.535,16.764,15.379,15.361,15.406,14.808,15.105,14.657,15.621,15.737,16.954,16.429,17.439,16.789,17.479,17.535,16.954,16.25,15.684,13.05,11.569,9.7266,12.144,14.242,14.485,15.188,14.694,14.154,14.154,13.695,14.046,13.806,13.806,14.282,14.666,14.855,13.282,14.552,13.756,14.046,14.203,13.449,13.685,13.449,14.252,14.779,14.92,15.307,16.147,15.225,14.513,12.235,7.3472,9.0754,10.668,12.505,12.269,12.932,12.759,12.416,12.144,11.015,11.677,11.215,11.09,12.36,12.303,15.105,15.514,15.379,16.078,15.86,16.429,16.429,16.564,17.085,17.303,17.011,17.535,16.564,15.807,14.252
16.356,19.816,19.519,20.102,20.54,19.879,19.116,18.904,18.517,17.458,16.065,15.375,14.394,14.394,14.775,15.009,15.211,15.51,15.829,16.676,17.458,17.177,17.274,17.274,17.218,16.483,15.33,14.481,11.65,10.239,11.792,14.199,14.248,14.803,14.481,14.199,13.609,13.872,14.662,14.278,13.802,14.248,14.19,14.278,13.341,14.652,14.199,14.042,13.872,13.057,13.226,13.445,13.802,14.662,14.394,14.99,15.899,14.925,13.932,13.025,6.7121,9.1035,10.756,11.566,12.831,13.226,13.025,12.345,12.755,11.851,10.872,11.792,12.311,12.025,13.025,14.652,15.864,16.039,16.76,16.288,16.76,17.242,16.676,16.288,16.246,17.113,16.883,16.559,15.375,13.922
16.37,19.303,20.688,20.547,20.31,19.806,19.855,18.082,17.49,16.87,15.644,15.793,15.644,15.267,15.322,15.767,14.975,16.243,16.028,17,17.427,17.235,18.104,17.897,16.943,16.812,16.521,13.891,11.765,10.216,12.328,14.371,14.77,14.629,14.676,14.371,14.167,14.167,13.891,14.371,13.891,14.476,14.854,14.313,14.245,14.157,13.72,13.414,14.216,13.771,14.216,13.771,13.69,14.515,14.77,15.475,16.319,15.484,14.629,12.726,7.3849,9.0522,11.382,11.575,12.726,12.995,13.414,13.027,13.154,11.905,9.9969,11.186,12.384,13.069,13.185,14.553,15.537,15.149,16.638,16.513,18.143,16.787,16.721,16.845,17.435,16.779,17.64,16.336,15.258,13.527
16.514,19.713,19.636,20.301,19.459,19.395,19.636,18.831,18.158,17.363,15.396,16.03,15.261,15.252,15.76,14.669,15.17,15.396,17.252,16.961,17.577,17.123,17.796,17.482,17.411,16.961,15.813,13.885,11.76,10.116,12.666,14.033,14.47,14.885,15.288,14.508,14.239,14.546,14.287,15.17,13.521,14.355,14.968,14.365,14.508,14.763,14.151,13.835,14.441,14.307,14.112,14.161,13.805,13.895,14.81,15.06,15.995,15.396,13.885,12.278,7.1533,9.3045,10.649,11.993,13.408,13.835,13.274,12.379,12.72,12.893,11.582,11.582,12.731,12.796,13.408,15.468,15.69,15.778,16.439,16.936,17.123,16.936,16.903,16.838,17.123,17.227,17.195,16.09,14.546,14.033
16.524,18.664,20.142,20.469,20.871,20.333,20.142,18.38,17.961,17.31,16.322,15.342,14.967,15.261,14.659,14.555,16.211,15.796,16.372,16.913,16.946,17.133,17.237,18.267,17.262,16.313,15.787,13.488,12,10.217,12.115,13.58,15.151,15.646,14.593,14.315,14.373,14.12,14.041,14.218,14.772,14.903,13.933,14.169,13.813,14.247,14.555,14.555,14.373,13.447,13.843,13.416,13.722,14.631,13.933,15.477,15.342,15.261,14.45,12.739,7.1575,8.4361,11.101,12.24,13.313,14.012,13.416,12.739,12.804,11.541,11.299,11.872,13.029,12.728,13.018,15.078,15.405,16.039,16.322,16.44,16.97,16.641,16.847,17.429,16.482,17.429,17.752,16.389,15.342,12.847
14.552,17.109,17.478,17.782,18.097,17.766,16.904,16.203,15.905,14.897,14.045,13.636,12.949,12.926,12.104,13.303,13.465,13.594,13.636,14.652,15.167,14.975,15.234,15.987,15.004,14.502,13.795,11.959,10.402,9.2977,10.826,12.528,12.712,12.938,12.971,12.971,12.574,12.4,12.949,12.435,12.712,13.204,12.768,12.949,11.862,12.574,12.388,11.862,11.959,12.294,12.608,12.306,12.044,12.949,13.027,13.626,14.138,13.149,12.4,10.906,5.7254,8.2391,9.5441,9.9314,11.898,12.104,12.435,12.044,10.906,10.36,9.4063,10.29,10.826,11.652,11.652,12.802,13.497,13.847,14.23,15.319,14.138,14.701,14.552,14.632,14.975,15.023,15.177,14.23,13.476,11.825
15.98,19.811,19.727,20.247,20.525,20.144,19.351,18.866,17.644,17.239,15.928,15.648,15.344,15.621,16.11,14.21,15.371,15.701,16.717,16.726,17.312,17.183,17.359,17.894,17.143,16.517,15.18,13.694,11.827,10.055,12.387,14.518,14.969,14.623,14.978,14.594,14.451,14.317,13.694,14.96,14.043,14.83,15.344,14.043,14.317,14.317,14.171,13.449,14.297,14.904,14.297,13.449,13.984,13.814,14.83,15.326,15.299,15.771,14.365,12.15,7.0609,9.1912,10.798,12.902,13.418,13.199,13.49,12.241,12.51,12.001,10.85,11.102,12.275,12.718,13.157,15.299,15.344,16.517,16.849,16.475,16.948,16.643,17.078,16.972,16.948,15.928,16.792,16.323,15.701,13.02
17.133,18.806,20.436,20.47,20.108,19.705,19.407,18.864,17.358,16.791,14.968,15.647,16.322,15.647,15.079,14.968,15.051,15.866,16.005,16.848,17.117,16.873,17.862,18.486,17.682,16.987,15.979,13.773,11.767,9.3103,12.42,14.17,15.07,14.903,14.773,14.555,14.219,14.14,13.693,14.316,13.417,14.622,15.477,13.893,13.773,14.248,14.219,14.042,13.652,14.17,14.17,13.448,14.45,13.893,14.364,15.477,15.831,14.977,14.219,12.24,7.4423,9.4871,11.064,12.728,13.773,14.042,13.188,13.313,12.24,12.509,11.262,11.589,13.156,13.53,13.417,14.555,15.406,15.7,15.343,16.005,17.374,16.749,17.398,17.182,16.848,17.133,17.238,16.246,15.343,12.944
16.402,18.819,20.184,19.824,20.053,19.852,19.549,18.522,17.82,17.251,16.077,15.843,15.808,14.988,16.359,14.97,14.755,15.64,16.334,16.761,17.387,16.86,17.577,17.703,17.016,16.112,16.051,13.672,11.776,9.992,11.693,13.903,14.83,14.566,15.08,14.374,13.823,14.131,13.823,14.18,14.18,14.461,14.979,14.461,14.461,13.733,14.052,13.662,13.672,14.384,14.384,13.692,13.913,14.489,14.839,15.08,16.112,14.895,14.326,11.916,6.8664,8.7648,10.663,12.124,13.733,13.498,13.823,13.007,12.215,12.562,11.368,11.307,13.426,13.498,13.426,14.755,15.658,15.308,16.794,16.334,16.794,16.402,16.86,16.628,17.089,17.016,17.154,15.711,15.596,13.081
16.537,18.463,20.02,20.774,20.261,20.123,19.514,18.635,17.387,16.795,16.017,15.632,15.489,15.354,15.641,14.979,15.922,15.843,16.729,16.828,17.914,16.335,17.914,17.821,17.251,16.886,15.658,13.323,11.502,9.9924,11.94,13.854,14.868,14.633,14.461,14.326,13.673,13.914,13.824,14.671,14.131,14.566,15.191,14.307,13.914,13.904,13.993,13.458,13.334,13.489,13.703,13.082,13.944,14.633,14.18,14.905,16.017,14.896,14.566,12.34,7.1632,9.3173,10.226,13.007,13.166,13.703,13.406,12.64,12.661,12.651,11.393,11.344,12.518,13.458,13.261,14.461,16.224,16.529,16.352,16.729,16.828,16.258,16.737,17.323,17.016,16.737,16.352,16.861,14.896,13.166
14.817,17.141,17.242,18.055,18.342,18.319,17.175,16.299,15.839,15.232,13.464,12.97,12.97,13.474,11.811,13.496,13.624,14.451,14.817,14.934,15.327,14.709,14.934,15.543,14.551,14.044,13.496,12.561,10.247,8.8329,10.457,11.811,13.115,12.433,12.71,12.433,12.71,11.958,12.281,12.676,12.398,12.676,12.767,12.281,11.897,12.619,12.433,11.811,11.848,12.619,12.492,12.71,11.626,12.71,12.676,13.037,13.507,13.592,12.293,10.622,6.3036,8.7669,9.7088,10.118,11.513,11.811,12.492,11.958,11.102,10.771,9.8276,10.69,11.361,11.958,12.102,13.624,13.73,14.31,14.934,14.31,14.7,15.204,14.451,15.002,14.65,14.788,14.551,14.491,13.301,12.281
14.781,16.86,17.991,17.894,17.633,17.133,16.765,16.274,16.194,15.424,13.975,14.211,13.798,13.724,13.02,14.089,14.006,14.464,14.574,14.643,15.414,15.168,15.694,15.675,14.544,14.623,13.798,12.204,10.056,8.4084,10.725,12.567,13.031,13.295,12.795,12.704,11.952,12.204,12.392,12.567,12.919,12.942,12.964,12.964,12.942,12.761,12.275,12.555,12.275,11.818,12.037,11.952,11.62,12.84,12.567,13.328,13.629,13.108,12.613,10.9,5.7222,8.6964,9.749,11.084,11.355,12.392,12.275,10.979,10.617,10.056,9.6293,10.056,10.617,13.317,12.275,13.5,13.724,13.457,14.544,14.16,14.494,13.975,15.168,14.995,14.643,14.211,14.544,14.444,13.141,12.299
14.549,17.003,17.9,18.293,17.844,17.639,17.24,16.633,15.505,14.933,14.649,13.495,13.729,13.146,14.499,12.56,13.623,13.729,14.135,14.217,15.7,15.654,15.681,15.533,15.654,14.972,14.308,12.149,10.689,8.7661,10.662,12.8,12.675,12.969,13.473,12.709,12.432,12.617,12.397,12.571,11.859,12.571,13.559,12.28,12.291,12.149,12.397,11.423,11.524,12.397,12.571,11.859,12.28,12.49,12.617,13.473,14.135,13.322,12.28,10.729,6.5511,8.0053,9.4045,10.456,11.449,11.761,12.041,10.904,10.904,10.904,10.16,9.8267,11.101,11.321,11.81,12.606,13.495,13.623,14.698,14.135,14.217,13.803,14.708,14.649,14.962,14.698,15.654,14.166,13.3,11.423
16.761,19.314,20.104,19.902,20.684,20.187,18.706,18.706,17.532,17.69,16.247,15.512,15.295,14.588,13.682,15.44,16.477,15.831,16.409,16.384,16.984,17.603,17.413,17.082,17.171,16.384,16.101,13.924,11.793,9.6964,12.176,13.924,14.852,15.213,14.347,14.152,13.964,13.924,14.328,14.172,14.852,14.777,14.347,14.405,13.426,14.852,14.043,13.692,14.152,13.217,13.446,13.446,13.185,14.588,14.396,14.992,15.304,15.404,14.014,12.68,6.5237,9.3458,10.442,12.233,12.756,13.713,12.843,12.746,12.843,11.675,11.852,12.233,11.287,13.446,12.833,15.084,15.44,15.331,16.885,15.681,15.901,15.654,15.734,17.009,16.519,16.29,16.653,16.041,14.917,13.101
16.356,19.361,19.745,20.046,20.781,20.212,19.108,18.344,18.903,17.844,16.508,15.356,15.211,15.438,13.751,15.864,16.508,15.679,16.55,16.55,17.346,16.55,17.458,17.394,16.982,15.829,15.374,13.68,11.601,10.144,11.649,14.15,14.662,14.248,14.585,14.999,14.248,14.277,14.585,14.248,14.915,14.248,13.842,14.394,13.558,14.48,14.48,13.922,13.802,13.424,13.802,13.922,13.351,14.041,13.962,14.662,15.302,14.662,14.403,12.446,7.1726,9.0266,11.011,11.709,13.278,13.215,13.024,13.024,12.744,12.037,11.673,12.14,12.667,13.056,13.024,14.403,15.864,15.581,15.679,15.374,16.279,15.864,16.279,16.356,16.176,16.55,16.651,16.407,15.008,13.424
16.742,18.634,20.582,20.18,20.365,19.615,19.047,18.716,18.409,16.55,15.847,15.67,15.51,15.82,16.415,15.285,14.982,15.608,16.279,16.347,16.75,17.03,17.52,17.717,17.449,16.75,15.321,13.865,11.559,10.028,12.042,14.034,14.758,15.393,14.907,14.337,14.318,14.162,14.269,14.034,14.191,14.616,14.616,15.348,14.337,13.551,14.395,12.964,14.064,13.794,13.218,13.602,13.683,14.616,13.703,14.879,16.168,15.074,14.767,12.748,7.4537,8.7243,10.672,11.607,11.607,12.921,13.208,12.671,11.844,11.703,11.607,11.703,12.495,13.509,14.24,14.337,15.366,15.501,15.724,16.499,16.541,15.856,16.279,16.874,16.373,16.874,17.52,16.03,15.952,12.528
16.287,18.787,20.297,19.825,20.297,19.972,19.754,19.11,18.046,16.659,15.218,15.227,15.336,15.382,14.81,14.668,15.382,14.782,16.141,16.684,16.659,17.12,17.696,18.046,16.883,15.828,15.686,13.879,11.619,9.6275,12.18,14.592,14.922,15.336,14.41,14.352,14.63,13.717,14.697,14.157,14.592,15.66,14.487,14.997,13.697,14.41,14.206,13.347,13.758,12.934,13.19,13.727,13.808,14.255,14.196,14.772,15.828,15.517,14.592,12.541,6.5259,8.7011,11.192,12.541,12.35,13.03,12.317,12.771,11.714,10.552,10.876,12.054,12.042,13.052,12.88,14.922,15.517,15.445,16.253,15.624,15.95,15.739,16.106,16.524,16.389,17.014,16.792,16.659,15.382,13.879
16.137,19.394,19.2,19.523,19.855,19.771,19.112,18.126,18.37,17.414,16.478,15.223,15.104,15.576,14.483,16.102,15.36,16.36,16.291,16.763,17.414,17.083,16.887,16.562,16.68,17.026,16.068,13.312,11.089,9.2267,12.537,13.845,14.665,14.778,14.919,14.778,14.192,13.875,14.655,13.845,14.693,14.928,14.397,15.333,14.693,15.012,14.045,14.329,14.192,13.354,13.218,13.714,13.694,14.348,14.397,15.405,16.137,15.806,13.935,13.027,6.3514,8.3398,10.874,12.359,12.659,13.186,13.354,13.186,12.703,11.189,11.276,11.127,11.089,12.931,14.045,14.015,16.042,16.068,16.18,16.102,15.522,16.478,15.859,16.427,16.36,16.427,16.385,15.214,14.406,13.509
16.13,19.232,20.169,20.34,20.031,20.245,19.036,18.764,18.63,18.024,15.887,16.061,14.792,15.808,16.087,14.575,16.13,15.843,16.412,16.862,17.516,16.87,17.516,17.421,17.099,16.663,15.852,13.435,12.016,10.067,12.669,13.952,14.334,14.764,14.764,14.536,13.791,13.832,14.315,14.764,14.188,14.613,15.172,14.498,14.179,13.862,14.334,13.68,14.139,14.188,13.832,13.465,14.469,13.599,14.988,15.498,15.852,15.172,14.237,12.525,6.4106,9.6878,9.9981,12.016,13.047,13.268,13.174,11.888,12.131,12.222,11.605,12.165,12.864,12.669,12.745,15.72,15.363,15.667,15.363,16.061,16.87,16.026,15.887,15.281,16.344,15.667,16.546,16.496,14.914,13.205
16.517,19.156,20.06,20.436,19.81,20.005,19.663,18.606,18.001,16.849,16.348,16.006,15.585,15.079,16.783,14.296,15.91,15.325,16.947,17.182,17.359,17.239,17.239,17.808,17.494,16.246,15.54,14.296,11.59,10.054,12.001,13.894,14.773,14.745,15.189,15.18,14.364,13.814,13.693,14.745,13.814,14.17,15.298,13.933,14.622,14.17,13.814,13.581,14.219,14.556,14.451,13.652,13.894,14.042,15.18,15.487,16.255,15.152,14.042,12.509,6.6567,9.9851,11.164,12.674,13.188,13.683,13.652,12.815,13.188,11.873,11.164,11.873,11.768,13.683,12.729,15.051,15.07,15.343,16.816,16.642,16.475,16.725,16.525,16.323,16.783,16.971,16.525,15.832,15.152,13.324
16.321,19.641,20.447,20.223,20.223,20.017,19.329,18.578,17.965,17.474,16.228,16.321,16.194,15.326,16.014,15.135,15.46,16.236,16.706,16.623,17.115,17.498,18.361,17.942,17.291,16.465,16.091,13.309,12.01,10.043,12.495,14.539,15.245,14.952,14.878,14.662,14.606,14.539,14.615,14.203,14.125,14.756,15.163,14.868,14.539,13.798,14.203,13.758,14.281,14.154,14.3,14.105,14.105,14.463,14.348,15.46,15.629,15.46,14.728,12.983,7.1499,8.9827,10.631,11.577,13.402,13.474,13.402,13.299,12.714,12.703,11.636,11.372,11.577,13.402,13.184,14.961,15.753,15.962,16.048,16.706,16.623,17.115,16.506,16.431,16.423,16.598,16.698,16.236,15.281,13.184
14.533,17.095,18.32,17.759,17.881,17.221,17.347,16.457,15.71,15.148,14.201,13.544,14.027,13.307,12.954,14.533,13.01,14.119,14.613,14.533,15.3,15.071,15.525,15.403,15.413,14.613,13.882,12.29,10.234,8.4196,11.347,12.511,12.921,13.448,12.932,12.29,12.592,12.29,12.592,12.511,12.419,12.752,13.608,13.01,12.477,12.695,12.028,12.384,12.266,12.546,12.419,12.028,12.592,12.786,12.419,13.285,14.027,13.361,12.786,11.089,6.4549,8.505,9.6972,11.347,11.549,12.278,12.136,11.512,10.812,11.089,10.444,10.758,11.089,12.511,12.604,12.954,13.448,14.613,14.955,14.242,14.484,14.242,14.027,14.878,14.434,14.692,14.878,14.839,13.448,11.411
16.506,19.466,20.026,19.762,19.909,20.301,18.676,18.407,18.074,17.363,16.329,15.069,15.06,14.669,14.21,15.315,15.53,15.821,16.021,16.714,17.131,17.227,18.135,18.112,16.714,16.201,15.637,13.835,11.819,9.5972,11.677,14.21,14.613,14.847,14.968,14.613,14.161,14.65,14.584,14.033,14.735,14.355,14.151,14.735,13.974,14.355,14.546,13.805,14.21,13.408,14.546,13.895,13.974,14.584,14.847,15.06,15.969,15.36,14.81,12.839,7.53,9.1999,11.677,13.19,13.644,13.315,14.21,13.242,13.47,12.501,12.233,12.644,13.011,13.885,13.805,15.53,16.472,15.539,16.805,15.637,16.96,16.472,16.631,17.347,16.506,16.631,16.993,15.786,15.786,13.644
16.876,18.868,19.862,20.527,19.708,19.813,19.538,18.868,17.144,17.209,15.834,15.345,15.543,15.834,14.015,16.008,15.054,15.489,16.35,16.527,17.08,17.047,17.591,17.369,16.644,15.834,15.191,13.776,11.828,9.7904,12.117,14.366,15.182,15.3,15.3,14.971,14.318,13.846,14.318,14.299,14.162,14.221,14.906,15.264,14.662,14.172,13.816,14.123,14.172,14.172,13.936,13.158,14.25,14.558,14.366,14.453,16.325,15.191,14.143,12.654,7.591,9.6048,11.066,12.422,13.326,13.906,13.491,13.158,12.73,12.151,12.025,12.242,13.158,13.158,13.846,14.318,16.008,16.527,16.452,16.851,15.869,15.79,17.047,16.851,16.325,17.185,16.851,16.519,15.48,13.685
16.497,19.034,20.111,20.262,19.875,19.826,19.316,18.681,17.437,16.862,16.079,15.88,16.387,14.785,14.99,13.905,15.941,15.66,16.361,16.862,17.508,16.862,17.059,17.277,16.862,16.538,15.993,13.674,11.198,9.333,12.33,14.568,14.897,15.356,15.192,14.568,14.328,13.785,14.172,14.23,13.905,14.691,14.376,14.869,13.704,13.905,13.855,13.915,14.182,14.328,14.182,13.855,13.785,14.785,13.785,14.757,16.404,15.713,13.694,12.739,6.8672,9.1983,11.259,13.04,12.296,13.664,13.5,12.728,13.008,12.022,12.217,12.296,12.912,13.293,12.75,15.419,15.31,15.88,16.387,15.836,16.454,16.361,16.655,16.63,15.923,17.148,17.54,16.404,15.091,13.209
16.778,18.851,19.99,20.292,20.237,20.024,19.12,18.674,17.987,16.959,15.776,16.088,15.529,15.82,14.734,15.994,15.259,14.892,16.31,17.121,17.362,17.105,17.91,17.575,17.481,16.31,15.688,13.763,11.817,9.5961,12.231,13.713,15.259,15.331,14.649,15.141,13.672,13.883,14.159,14.11,14.668,14.883,14.668,15.466,14.668,14.159,13.803,13.883,14.363,13.479,13.642,14.032,14.159,14.44,14.44,14.808,16.504,15.609,14.237,12.988,7.3809,9.6679,11.254,12.276,13.407,13.893,13.923,12.73,12.719,12.321,11.759,12.265,12.5,14.159,14.892,14.208,16.361,15.785,17.121,15.785,16.361,16.31,16.737,16.302,16.429,16.513,17.638,16.704,15.25,13.642
16.923,19.179,20.649,20.441,20.011,19.81,19.049,18.355,17.975,17.469,16.418,15.249,15.456,15.384,15.167,16.451,15.625,15.983,16.493,16.493,17.626,17.334,17.658,17.342,17.975,16.493,16.426,13.874,11.537,9.6471,12.268,14.022,14.658,15.24,14.43,14.808,14.15,14.344,13.963,14.573,13.963,14.353,14.836,14.836,14.714,14.497,14.189,14.497,13.673,13.754,14.228,13.754,14.199,14.497,14.799,15.158,15.809,15.465,14.611,12.71,7.6516,9.2973,11.32,13.305,12.829,13.963,13.295,13.263,12.71,12.656,11.668,12.313,12.268,14.15,15.158,15.303,15.518,16.299,16.493,15.748,16.46,15.598,17.214,16.923,15.844,16.418,17.469,16.825,16.017,13.398
14.083,17.016,17.96,17.92,18.048,17.569,16.854,16.612,15.899,15.191,14.489,13.719,13.719,14.328,13.613,13.751,14.125,14.206,14.298,14.922,14.99,15.163,15.315,15.229,15.153,14.125,13.97,12.271,10.28,8.3536,10.762,12.294,13.015,13.323,12.562,12.836,12.481,12.271,12.481,12.2,12.926,12.937,12.376,13.026,13.015,12.665,12.092,12.481,12.608,11.85,11.801,11.887,12.271,13.093,12.7,13.015,14.083,13.312,12.423,11.503,7.016,8.0715,10.153,11.887,11.093,11.911,11.801,11.313,11.402,10.599,10.351,10.21,10.448,13.015,12.551,12.937,13.96,14.298,14.687,13.793,13.96,14.489,14.206,15.191,14.439,14.489,14.961,14.032,13.719,11.887
16.864,19.174,20.978,20.55,20.651,19.94,19.29,19.318,17.699,17.415,15.276,15.881,15.635,14.992,15.312,14.973,15.501,15.357,16.657,17.02,17.198,17.327,17.447,18.164,17.223,16.27,15.943,13.787,12.161,9.6843,11.837,14.693,15.312,15.285,14.645,14.31,14.531,13.706,13.594,14.056,14.387,15.084,14.329,14.329,13.031,14.183,13.665,13.947,14.174,13.696,13.907,13.543,13.907,14.607,14.183,15.084,16.047,15.203,14.232,12.521,7.9013,9.0012,10.349,13.042,12.653,12.86,13.43,12.127,11.884,11.601,11.589,12.565,12.827,13.326,12.342,14.899,15.194,15.203,16.49,15.846,14.992,16.27,16.116,17.279,16.021,16.227,17.51,16.261,16.081,13.461
17.135,19.038,20.572,20.873,20.713,19.879,19.683,18.884,17.159,16.989,15.204,16.082,15.944,15.313,14.33,14.993,15.786,15.848,16.733,16.742,17.981,17.005,18.165,17.825,17.159,16.542,16.331,13.918,11.565,9.6706,12.013,13.828,15.085,15.663,14.788,13.908,14.788,14.175,13.707,13.492,14.311,14.974,14.465,14.637,13.595,14.311,13.787,14.262,14.233,13.858,13.737,13.828,13.908,14.872,14.388,14.993,15.926,15.286,14.465,12.687,7.45,9.2151,11.075,12.219,13.085,13.032,14.184,12.162,12.332,11.661,12.287,12.298,12.687,13.264,13.17,14.388,14.835,15.556,15.493,15.094,15.601,15.926,16.022,16.808,15.848,16.271,17.021,15.601,15.663,12.914
16.885,19.514,19.621,20.897,19.748,19.169,19.392,19.103,18.001,16.761,15.619,16.426,15.866,15.358,15.376,15.866,15.619,15.681,16.561,16.04,17.468,17.082,17.916,17.963,16.819,16.91,16.409,14.279,11.71,9.6242,11.957,14.279,15.084,15.103,14.663,14.25,14.043,14.201,14.201,14.171,13.874,14.625,14.482,14.25,13.844,13.924,13.753,13.217,14.152,13.723,13.753,13.713,13.964,14.587,14.917,14.927,15.866,15.112,14.482,12.68,7.1735,8.6501,11.126,12.027,12.756,13.611,13.196,12.767,12.414,10.679,10.679,10.561,12.536,12.756,12.929,13.844,15.213,14.805,15.734,16.519,15.358,15.734,15.857,15.945,15.511,16.358,17.46,16.358,15.185,13.28
16.14,18.667,19.52,20.089,20.268,19.527,19.413,18.472,17.922,17.937,15.686,15.967,15.217,15.227,16.431,15.336,15.836,15.686,16.431,16.89,17.014,17.225,17.968,17.906,17.537,16.389,15.107,13.757,11.714,9.5109,12.237,14.254,14.409,14.205,14.781,14.4,14.351,14.592,14.658,15.015,14.409,14.63,14.856,14.205,14.486,14.205,14.205,13.45,13.717,14.205,14.048,13.968,13.848,13.757,14.922,14.81,14.781,14.696,14.486,12.684,7.0781,8.9686,10.243,11.091,12.76,13.062,12.673,12.705,12.18,11.937,11.079,11.413,11.678,12.749,14.176,14.81,14.922,15.309,15.299,15.967,15.408,15.444,15.659,15.623,16.683,16.49,16.791,16.14,14.696,14.077
16.42,18.415,20.187,19.853,20.29,20.283,19.053,18.453,17.47,16.879,15.896,16.139,15.957,15.939,15.398,15.729,15.079,16.035,16.672,16.555,17.27,17.676,17.684,17.926,16.48,16.42,15.861,13.555,11.209,9.621,12.409,14.342,15.29,14.912,14.39,14.687,14.4,13.919,14.196,14.009,14.196,14.884,15.326,15.371,14.186,14.274,13.504,14.323,14.342,14.068,14.038,14.068,13.677,14.582,14.196,14.847,16.42,14.706,14.342,12.532,7.0931,8.3362,10.753,11.953,12.532,12.342,12.871,12.308,11.563,11.184,10.545,10.753,12.499,13.688,13.348,13.839,14.912,14.772,16.647,15.208,15.729,15.826,15.613,17.214,16.353,16.173,17.715,16.353,15.799,13.799
17.069,19.097,20.357,20.068,20.581,20.034,19.393,17.927,17.519,17.424,16.063,15.951,16.089,15.5,15.819,14.539,14.841,15.811,17.159,16.54,17.384,16.815,17.264,17.4,16.939,16.465,16.003,13.682,11.925,9.3389,12.133,13.914,14.879,14.7,14.766,14.385,14.033,14.063,14.191,14.681,14.191,14.615,15.211,14.033,15.092,13.672,13.703,14.003,13.924,14.385,13.834,13.713,13.834,14.794,15.073,15.365,16.029,14.99,14.191,12.224,6.6036,8.9594,9.9439,11.559,12.527,13.048,12.66,13.437,11.642,11.948,10.658,11.118,12.963,13.703,13.048,14.317,15.67,15.428,15.811,15.855,16.54,15.855,16.27,16.167,16.029,16.749,17.614,16.338,15.365,13.713
15.998,19.009,20.325,20.842,20.325,19.291,19.548,18.471,17.422,16.841,15.789,16.136,15.998,15.542,15.263,14.878,15.815,15.64,16.865,16.033,17.358,17.126,17.954,18.1,17.303,16.332,16.366,13.15,11.867,9.4829,12.325,13.977,14.961,14.878,15.399,14.887,14.549,14.163,14.549,14.309,13.927,14.625,15.336,14.625,14.309,14.114,13.807,13.411,13.676,14.309,14.822,13.977,14.357,14.813,15.072,15.336,16.332,14.897,15.182,12.646,7.383,8.6273,10.118,12.144,12.733,13.307,13.676,12.006,12.503,12.269,11.821,11.644,13.182,13.15,13.807,14.961,14.549,14.813,16.383,15.789,17.126,16.34,15.998,16.841,16.775,17.23,18.59,16.783,15.815,13.887
16.953,18.844,19.983,20.414,20.616,19.817,19.817,18.157,17.404,16.707,15.962,15.461,14.757,14.869,14.358,15.962,15.524,15.988,16.929,16.953,17.506,17.38,17.904,18.066,17.499,16.305,15.815,13.759,11.481,10.043,12.496,14.435,14.729,15.035,15.308,14.606,14.435,14.3,14.281,14.502,14.757,14.203,15.568,14.606,14.54,14.729,14.125,13.829,13.998,14.464,14.841,13.879,14.54,14.435,15.47,15.461,16.126,14.961,14.943,12.011,6.9144,8.7018,10.098,12.137,13.433,12.984,13.403,13.403,12.638,12.984,11.287,11.152,12.66,13.309,14.3,15.326,15.683,16.049,15.988,16.423,17.419,15.63,16.296,16.356,16.83,17.506,16.507,16.698,16.33,13.998
14.435,16.712,17.089,18.291,17.826,17.499,16.712,16.893,15.831,14.634,14.08,13.779,13.449,13.695,12.291,14.121,13.492,14.121,14.684,14.634,15.405,14.485,15.49,15.226,15.216,14.841,13.449,12.029,10.278,8.7576,10.893,12.385,12.279,13.232,12.662,12.697,12.559,12.268,12.559,13.578,13.189,12.833,13.967,13.012,12.956,12.956,12.197,12.373,12.197,12.42,13.363,11.945,12.089,12.662,13.449,13.546,14.08,13.449,12.42,11.091,6.5004,8.0696,8.7576,10.597,12.385,12.373,11.848,11.412,11.349,12.137,10.007,10.236,11.038,12.029,12.268,12.753,14.294,14.435,14.294,14.918,14.485,14.485,14.986,13.987,14.203,14.485,15.292,14.615,13.232,11.945
16.225,19.389,19.51,19.56,20.301,19.944,19.275,18.641,18.358,17.4,16.122,15.6,14.8,15.985,16.703,14.8,16.62,16.428,16.419,16.827,17.471,17.352,17.095,17.877,16.827,16.703,15.323,13.705,11.61,9.7762,12.134,13.876,14.8,13.994,14.8,14.81,14.152,14.725,14.865,15.242,14.754,14.297,14.949,15.059,15.278,14.2,14.537,14.432,14.152,14.355,14.8,13.705,13.756,13.4,14.725,15.278,15.985,15.52,13.886,12.537,7.1486,9.4749,10.041,12.191,13.181,14.103,14.152,13.171,13.296,12.701,12.258,11.61,12.27,13.306,13.796,15.889,16.191,15.767,16.428,17.16,16.827,16.761,16.428,16.925,16.949,17.566,16.301,15.767,14.152,14.2
16.955,18.927,19.985,20.287,20.531,19.735,19.566,17.983,18.152,17.246,16.433,16.093,14.73,15.614,16.708,15.463,15.99,16.324,16.955,16.708,17.673,17.626,17.634,17.634,17.342,16.733,15.472,13.476,11.531,9.9753,11.673,13.71,14.579,14.35,15.472,14.945,14.282,14.205,14.87,15.165,14.541,14.88,15.31,14.35,14.945,14.205,14.503,14.205,13.8,14.35,14.73,14.029,14.35,14.302,14.608,15.055,16.024,15.328,14.36,12.195,6.5876,8.9531,10.723,11.531,13.059,13.68,13.059,12.274,12.835,12.792,12.727,12.138,13.017,12.716,14.156,15.605,16.467,15.781,15.685,16.239,16.467,15.525,15.964,16.7,15.964,16.5,17.06,16.832,15.328,13.68
16.467,19.138,20.451,20.226,20.02,20.124,18.81,17.627,17.414,17.222,16.197,15.256,15.685,15.57,14.806,16.425,15.256,16.425,16.434,16.626,17.853,16.775,17.342,17.501,17.548,16.375,15.391,13.404,11.374,9.9201,12.497,14.542,15.247,14.806,14.731,14.542,14.542,14.196,14.127,14.806,14.437,14.806,15.283,15.056,14.806,15.037,14.157,14.157,14.815,14.029,14.205,14.196,13.801,14.437,14.731,14.954,16.025,15.283,14.437,12.629,7.5827,9.8782,10.633,12.662,12.375,13.176,13.301,13.881,12.803,12.263,12.195,11.92,12.792,14.108,13.466,14.731,15.99,15.808,17.166,15.328,15.895,16.467,16.231,16.988,16.709,17.294,17.501,16.898,15.685,13.404
16.43,18.653,20.618,20.538,20.157,19.544,19.064,17.796,17.171,17.299,16.021,15.539,15.969,15.53,16.09,14.884,15.821,16.464,16.631,16.506,17.131,16.96,17.482,17.796,16.837,16.38,15.969,13.315,12.278,9.6974,12.545,13.885,14.763,14.546,15.396,14.441,14.033,14.884,14.441,14.546,14.763,15.252,15.777,14.875,14.847,14.161,13.895,13.924,13.47,14.209,14.894,13.674,14.209,14.239,14.622,15.856,16.772,14.81,14.306,11.993,6.8571,8.9406,10.373,11.582,13.572,13.805,14.161,13.179,13.01,12.232,11.534,11.486,13.148,13.924,13.895,15.142,15.786,14.968,15.786,15.468,16.706,15.468,16.235,16.631,17.411,17.347,17.912,16.903,15.76,13.242
16.531,18.79,20.046,19.733,20.046,19.845,18.835,18.516,18.115,17.14,16.115,15.933,14.321,15.075,14.561,16.218,15.837,15.348,16.489,16.48,16.822,16.822,17.245,17.657,16.379,16.345,15.483,14.523,11.653,9.7071,11.912,14.047,14.456,14.89,14.974,15.084,14.047,14.627,14.825,15.084,14.983,14.599,14.825,14.834,14.253,14.909,14.224,14.165,13.698,13.819,14.369,13.899,13.778,13.819,14.75,14.964,15.705,15.33,14.523,12.513,7.0236,8.2233,10.37,11.689,13.161,13.688,13.819,13.287,13.328,12.12,11.772,12.852,13.024,13.657,13.819,14.974,15.626,15.837,15.776,16.648,16.48,16.252,16.522,16.011,16.731,17.188,17.14,16.722,15.057,13.688
16.381,19.007,19.651,19.798,20.539,20.424,18.773,18.677,17.859,17.067,16.515,16.031,15.262,15.638,15.787,15.97,15.531,16.202,16.632,17.124,17.672,16.607,17.067,17.483,16.715,16.507,15.262,13.274,11.057,9.2003,11.924,13.805,14.811,15.289,14.727,14.509,14.21,14.132,14.764,14.623,15.061,14.885,14.307,15.07,14.547,14.239,14.132,13.715,14.307,13.522,13.409,13.975,14.365,14.585,14.471,14.848,16.245,14.811,14.21,12.797,6.8575,9.3642,11.535,12.199,13.064,13.191,14.162,13.011,13.44,12.379,12.323,12.097,13.022,14.239,14.162,14.885,15.69,16.507,16.202,16.515,16.44,16.202,15.857,16.839,16.961,16.781,17.196,16.202,15.62,14.307
14.884,16.889,18.304,18.368,17.815,16.992,17.017,16.18,15.606,15.077,14.46,14.002,13.72,14.033,12.938,13.72,14.125,13.72,14.49,14.49,15.41,15.154,15.827,15.643,14.884,14.125,13.313,11.802,10.21,7.6483,10.896,12.033,12.915,13.138,12.295,12.597,12.295,12.093,12.757,12.424,12.517,13.104,13.236,13.104,12.96,12.609,11.851,12.563,11.851,12.2,12.377,11.802,12.389,12.563,12.926,13.027,13.971,13.453,12.938,11.237,5.9439,8.4231,9.2584,10.816,11.592,11.642,12.033,12.2,10.763,11.042,10.281,10.682,11.352,12.7,12.757,12.938,13.016,14.299,14.49,13.236,14.299,13.96,14.299,15.419,14.156,15.24,16.287,14.698,13.783,12.093
16.352,19.38,20.33,20.486,20.755,20.041,19.423,17.938,18.252,16.886,15.712,15.499,15.809,14.671,13.704,16.053,15.809,15.8,16.462,16.224,17.767,17.09,17.578,18.015,16.862,15.49,14.671,14.053,11.599,9.0917,12.216,13.784,14.491,14.491,14.633,14.462,14.633,14.327,14.605,15.081,14.491,14.375,14.567,14.327,14.181,14.84,13.824,13.5,13.663,13.944,13.904,14.259,13.784,13.693,14.915,14.747,15.382,15.201,14.181,12.396,7.5407,8.0565,10.664,11.658,13.673,13.427,13.734,13.427,13.167,12.34,11.777,12.563,12.954,13.008,13.904,14.308,14.971,15.418,16.862,16.538,16.655,15.712,16.73,15.659,17.252,16.538,17.131,16.927,15.561,13.854
16.441,19.001,20.304,20.317,19.995,19.912,19.312,17.992,18.589,16.938,16.204,15.78,16.306,16.433,16.508,14.812,15.998,16.34,16.204,16.475,17.414,17.485,17.485,18.372,17.198,16.716,15.692,13.686,12.006,9.4825,12.144,14.212,14.309,15.062,15.062,14.653,14.472,14.163,14.357,15.254,14.289,14.737,15.317,14.653,14.134,14.443,14.357,13.676,13.523,14.212,14.212,14.212,13.656,14.586,14.163,15.335,16.314,15.172,14.241,12.503,7.057,9.5262,9.7841,12.503,12.646,13.645,13.15,13.897,12.313,12.313,11.679,11.572,12.733,14.309,13.244,15.254,14.737,15.362,15.919,15.335,16.314,15.639,17.23,16.517,16.204,16.092,17.884,16.314,16.331,13.307
16.475,18.975,20.586,20.76,21.215,19.664,20.006,18.147,17.691,17.494,15.55,15.344,15.326,15.18,14.451,15.07,15.832,16.032,16.726,16.643,17.431,16.988,17.431,17.494,16.643,16.213,15.797,13.283,11.064,9.7894,12.32,14.316,15.344,15.344,14.48,14.374,14.82,14.171,14.556,14.632,15.344,15.298,14.219,14.556,13.189,14.556,13.894,14.249,14.141,13.724,14.013,13.663,13.894,15.153,14.374,15.153,15.797,15.344,14.96,12.902,7.1582,9.3258,10.446,11.873,12.554,12.945,13.814,12.275,12.51,11.064,11.827,12.51,12.74,13.168,13.199,14.661,14.858,16.247,16.144,16.006,16.213,15.478,15.928,17.808,16.618,17.518,17.311,16.484,16.391,13.984
16.408,18.995,19.88,20.553,19.599,19.684,19.321,18.686,17.329,16.965,15.664,15.787,15.36,15.169,14.901,15.945,16.058,15.36,16.459,16.867,17.152,16.867,17.544,17.67,16.965,16.023,15.84,13.012,11.78,9.4242,12.129,13.919,14.91,15.287,14.92,14.466,14.647,14.466,14.647,14.789,14.647,15.423,14.975,14.789,14.136,14.495,14.136,13.698,13.909,13.202,13.829,13.463,14.058,14.638,14.571,14.609,16.272,14.836,14.761,12.688,6.4308,9.0945,10.861,11.275,12.688,12.567,13.328,12.523,12.489,11.662,11.78,11.554,13.545,13.463,13.171,14.331,14.836,14.975,16.408,16.459,15.945,15.717,16.366,17.136,16.867,16.459,17.16,16.743,16.391,13.949
16.77,19.042,20.064,19.834,20.576,19.918,19.085,18.763,18.629,17.203,15.807,15.666,15.506,14.847,15.07,15.289,16.025,15.947,16.545,16.637,17.26,16.232,17.26,17.26,16.461,15.842,15.639,13.699,11.64,9.8996,12.015,14,14.573,15.317,15.317,14.903,14.838,14.333,14.382,14.382,14.996,15.568,14.611,14.697,13.911,14.187,14.382,14.187,14.333,13.598,13.74,13.79,14.236,14.573,14.382,14.977,15.289,15.389,14,12.69,6.87,8.3311,10.176,11.264,12.435,13.74,12.863,12.82,12.346,12.13,11.922,12.402,12.491,11.841,12.657,14.573,14.763,15.719,15.506,14.912,16.163,15.79,15.851,16.537,17.025,17.203,17.673,16.803,16.12,14.573
16.545,19.1,21.102,19.729,19.995,19.834,18.888,18.29,17.704,17.673,15.639,15.604,16.274,15.666,14.763,16.41,15.289,16.025,16.869,16.77,17.42,16.461,16.992,17.539,16.163,15.999,15.28,14.06,11.002,9.3367,12.289,13.921,15.28,15.497,14.838,14.391,14.497,14.138,14,14.847,15.207,14.912,15.344,15.198,14.987,14.468,14.06,13.669,14.187,13.433,13.699,13.506,14.138,14.697,14.138,15.171,15.999,15.316,14.468,12.346,6.3448,8.7218,10.669,11.177,11.568,12.255,12.524,11.699,12.301,10.964,11.264,11.115,12.038,13.506,13.433,13.79,15.28,15.807,17.155,15.316,15.648,15.816,16.393,16.861,16.41,17.065,18.381,16.737,15.816,14.64
16.985,19.092,20.33,20.021,21.067,20.351,18.703,18.283,18.123,16.985,16.387,15.809,14.643,15.201,13.855,16.019,15.809,15.801,16.113,15.633,16.862,16.53,17.508,17.252,16.538,15.659,15.418,13.008,11.394,10.131,11.883,14.181,15.064,14.23,15.274,15.31,14.897,14.757,14.643,15.201,14.634,14.491,15.337,14.841,14.462,14.181,14.181,13.694,13.915,14.376,14.172,13.694,13.905,13.855,14.634,15.082,16.053,15.31,14.376,12.114,6.3421,8.8289,10.348,10.96,12.64,13.167,13.335,12.739,12.397,12.75,11.06,12.01,12.815,12.728,13.407,14.785,14.567,15.418,15.49,16.738,16.73,15.993,16.53,16.961,16.829,17.018,17.705,17.452,15.801,13.945
14.694,17.024,17.361,17.109,17.831,17.527,16.819,16.186,16.006,15.16,14.131,13.555,13.587,12.671,12.038,14.131,13.555,13.725,14.007,14.09,15.112,14.545,15.312,15.236,14.812,13.976,12.965,11.509,9.7052,8.3574,10.397,12.706,13.021,12.762,13.502,13.11,13.242,12.602,13.242,13.725,12.796,13.01,12.943,12.762,12.568,12.706,12.568,12.556,12.429,12.3,12.796,12.3,12.556,12.943,13.021,13.799,13.459,13.372,12.568,10.686,6.1381,7.4984,8.7637,10.453,11.596,10.901,11.893,11.445,10.767,10.686,9.7052,10.453,11.758,11.596,12.568,12.932,14.09,13.47,13.725,14.545,14.851,14.007,14.851,15.112,15.246,15.312,15.906,15.425,14.007,12.556
13.97,16.759,18.303,18.422,17.569,17.228,16.845,16.611,15.826,14.951,14.358,14.328,13.834,13.29,14.328,13.092,13.887,13.719,14.489,13.97,15.409,14.439,15.153,15.39,15.067,14.032,13.719,11.85,10.351,8.1429,10.975,12.608,13.004,13.192,13.323,13.015,12.7,12.665,12.55,13.312,12.836,13.312,14.216,12.271,12.608,12.481,12.2,11.948,12.271,12.562,12.608,12.032,13.137,12.481,12.959,13.495,14.216,13.235,12.914,10.613,6.0161,7.5526,9.4129,10.829,11.887,12.092,11.402,11.591,10.613,10.572,9.8782,10.392,11.093,12.092,11.351,13.323,12.562,13.452,13.834,14.687,14.638,14.206,14.99,15.493,15.229,15.153,15.296,14.805,13.624,11.801
16.011,19.027,19.746,20.487,20.106,19.968,19.121,18.632,18.572,17.462,16.36,15.378,15.768,16.002,16.419,15.152,15.803,16.114,16.318,16.318,17.103,16.883,17.343,17.103,17.046,16.419,15.618,13.818,11.521,8.9917,11.886,13.818,15.051,15.125,15.521,14.793,14.424,14.793,14.858,15.556,14.802,15.042,15.458,14.932,14.633,14.529,14.605,13.668,13.698,14.144,14.793,14.29,14.193,14.29,15.161,15.512,16.31,15.45,14.193,12.921,7.5212,8.9146,10.199,11.533,13.174,13.658,13.868,13.658,13.289,12.398,11.044,11.664,12.974,13.638,13.258,14.95,16.293,15.315,16.495,16.752,15.794,16.495,16.611,16.216,16.916,17.611,18.632,16.94,15.378,14.348
17.464,18.771,19.999,20.435,20.273,19.799,19.861,18.786,17.598,17.13,16.273,16.06,15.537,15.722,14.098,16.298,15.323,15.784,16.666,16.765,16.952,17.13,17.441,17.598,17.154,16.433,15.74,13.682,11.976,9.4585,12.203,14.321,14.728,14.84,15.251,14.914,15.224,14.511,14.321,15.296,15.106,15.106,15.749,14.321,14.321,15.106,13.941,14.127,14.253,14.473,14.728,13.97,14.435,14.127,14.33,15.599,16.273,15.296,14.205,12.679,7.3453,9.1629,11.068,12.603,13.852,13.376,13.682,13.376,12.958,12.636,11.872,11.649,13.407,14.127,14.775,14.587,15.537,16.466,16.765,16.952,17.369,15.784,16.163,16.993,17.946,17.082,18.091,17.369,15.957,14.435
16.795,18.815,19.986,20.496,20.164,19.868,19.363,18.968,17.845,17.312,16.023,15.885,15.257,15.754,13.946,16.203,14.938,15.754,15.789,16.304,17.088,16.473,17.447,17.604,16.902,16.573,15.221,12.984,11.463,9.3005,12.117,13.867,15.039,15.302,15.221,14.78,15.221,14.171,14.479,15.257,15.329,15.445,15.579,15.284,15.257,14.919,13.656,14.122,14.326,13.857,14.517,13.867,14.621,14.817,14.621,15.257,16.573,15.605,14.928,12.705,7.8729,9.5056,10.628,12.813,12.608,14.278,14.005,13.412,12.117,12.242,11.841,11.969,12.608,14.593,14.789,14.132,15.754,16.296,16.473,16.169,16.746,17.193,17.328,17.518,17.193,17.953,18.43,16.902,15.824,14.278
16.956,18.976,20.29,21.331,20.058,20.208,19.099,18.272,17.658,17.279,16.292,15.315,15.27,15.449,14.193,16.36,15.618,15.242,16.36,16.318,17.086,16.842,17.231,17.837,16.973,16.182,15.315,13.392,11.242,9.9667,12.263,13.788,14.633,15.161,15.671,14.717,14.491,14.746,14.529,15.27,14.529,14.746,15.671,14.717,14.347,14.453,14.095,14.144,13.957,14.567,13.957,13.392,13.788,14.567,14.83,15.449,15.759,15.27,14.095,12.093,7.3164,10.036,10.931,12.218,13.698,13.454,13.505,13.174,12.486,12.218,12.127,12.252,12.995,13.868,13.908,14.605,15.837,17.151,17.406,16.343,16.809,16.343,16.809,17.493,17.013,17.619,18.325,17.406,15.591,13.698
15.82,19.294,19.351,19.908,19.761,19.761,18.961,18.593,19.143,17.41,16.992,15.142,14.884,14.874,14.354,16.471,15.287,15.332,15.332,16.235,16.976,16.935,17.481,16.992,16.705,15.916,14.893,13.147,11.352,9.9781,12.311,14.033,14.507,14.874,15.068,14.967,14.612,14.16,14.884,15.395,15.287,14.734,14.874,15.332,15.178,14.884,14.44,13.804,13.673,14.131,14.874,13.572,14.16,14.354,14.809,14.884,15.994,15.618,14.033,12.665,6.7347,8.3151,10.726,11.923,12.806,13.673,13.408,13.653,13.643,12.643,11.641,12.004,12.378,13.408,14.469,14.583,15.82,16.505,16.713,16.992,16.235,16.976,17.226,16.713,17.639,16.804,16.976,17.17,15.994,14.306
16.921,19.098,20.112,20.926,19.555,19.385,19.278,18.57,17.663,17.467,15.981,16.491,15.807,15.746,16.365,14.495,15.772,16.015,16.323,16.757,17.348,16.724,16.888,17.49,16.79,16.823,15.605,13.509,11.749,9.6603,12.312,13.822,15.129,15.028,15.247,14.533,14.274,14.533,14.342,15.274,13.752,14.936,15.274,13.792,14.457,13.631,13.962,13.662,13.872,14.457,14.6,14.294,14.148,14.294,14.806,15.319,15.676,15.274,14.656,12.267,8.0034,8.9172,9.9697,11.982,13.752,14.021,14.342,12.978,12.131,12.698,11.524,11.233,12.978,12.368,12.828,15.047,16.084,15.799,16.724,16.847,17.561,16.297,17.467,17.372,17.561,17.212,18.149,16.921,16.424,14.197
16.693,19.717,20.6,20.512,20.853,20.492,19.689,18.414,18.203,17.342,16.079,15.837,15.591,15.124,15.314,14.875,15.793,15.449,15.897,16.317,16.817,16.939,17.461,16.915,16.882,16.359,15.67,13.288,11.167,9.6569,12.127,14.192,15.124,15.296,14.717,14.337,14.143,14.289,14.801,14.452,15.124,15.269,14.651,14.717,14.016,14.566,14.143,13.957,13.697,14.016,13.453,13.657,14.134,14.337,14.528,15.314,16.342,15.458,14.829,12.65,7.5207,9.513,11.241,12.694,13.392,14.134,13.174,13.047,13.142,12.263,11.745,12.251,12.694,12.973,13.788,15.314,15.88,16.07,17.649,16.07,16.485,17.278,16.915,17.774,17.397,17.836,17.967,16.882,15.511,13.657
14.917,16.685,17.621,17.817,17.825,17.497,16.754,16.572,16.048,15.516,14.243,13.883,13.545,13.778,12.419,13.715,13.966,13.231,13.788,14.202,14.801,14.212,15.404,14.956,14.524,13.577,14.202,11.883,10.15,8.6238,10.892,12.373,13.481,13.481,13.715,13.362,12.955,12.604,12.419,13.448,12.477,12.696,13.715,12.832,12.384,12.558,11.944,11.944,11.847,12.922,12.933,11.847,12.604,12.384,13.319,13.459,14.028,13.986,12.477,10.596,6.2734,8.0691,9.2862,9.8898,11.944,11.847,12.267,11.09,10.892,10.879,10.445,9.7425,11.798,11.883,12.419,12.512,13.788,13.788,14.202,14.693,15.404,14.801,15.637,15.148,15.683,15.101,15.637,15.004,13.83,11.749
16.711,18.959,20.133,20.675,20.481,19.633,19.52,18.959,18.109,18.132,16.335,16.603,15.285,15.784,15.819,15.331,16.087,15.775,16.512,16.377,16.309,17.104,16.835,17.48,17.031,16.703,15.757,13.833,11.253,10.046,12.14,14.304,15.249,15.331,14.882,14.667,14.62,14.285,14.891,14.733,15.039,14.873,14.733,14.468,14.285,14.891,14.285,14.001,14.159,13.641,13.882,13.519,14.001,14.808,14.62,14.873,15.608,15.14,14.031,13.146,7.0744,8.9855,10.21,11.921,12.891,13.406,12.499,12.934,12.987,12.002,11.863,12.276,11.055,13.271,12.106,15.394,15.687,15.81,17.168,15.81,16.736,16.377,16.428,16.512,17.168,17.361,17.12,16.711,16.13,14.439
17.485,19.06,20.242,21.204,20.541,20.324,19.849,18.641,17.642,17.302,16.708,15.639,15.612,15.479,14.737,15.145,15.789,16.135,15.998,16.135,16.963,16.331,16.963,18.477,16.365,16.204,16.024,13.15,11.245,9.6989,12.109,14.006,15.29,15.92,15.254,14.765,14.51,14.241,14.153,14.737,14.877,14.737,14.952,14.241,13.656,14.615,13.41,13.574,13.837,13.767,14.212,13.767,14.212,14.51,14.212,15.29,16.092,14.85,15.044,12.503,7.057,8.942,10.844,11.548,13.686,13.472,14.035,12.938,11.82,12.006,11.488,11.82,13.192,12.646,13.41,13.887,14.85,15.062,16.135,15.541,17.799,16.466,16.807,17.642,17.35,16.84,17.366,16.508,16.508,14.163
14.553,16.905,17.644,17.848,17.905,17.848,16.828,16.24,16.069,15.082,14.139,13.637,13.595,13.325,13.509,12.972,14.097,13.466,14.373,14.702,15.005,14.712,15.005,14.937,15.024,14.22,14.015,12.563,9.888,8.2219,10.291,12.769,12.848,13.637,12.972,12.938,12.621,12.575,12.104,12.95,12.803,13.249,12.435,12.4,12.575,13.017,12.306,12.283,12.848,12.494,12.188,11.899,12.4,12.95,13.028,13.325,13.901,13.477,12.712,11.426,6.486,7.7121,9.4069,10.624,10.826,11.452,11.324,11.104,11.426,9.5901,9.7551,9.888,9.6354,11.923,11.104,13.637,12.848,13.848,13.973,14.312,14.503,13.498,14.652,15.178,14.652,14.937,16.141,14.898,13.336,12.152
16.638,19.093,19.863,20.36,20.134,19.673,19.18,18.291,17.985,17.673,16.369,15.506,14.922,15.29,13.7,16.266,15.851,16.026,16,16.275,16.663,16.968,17.332,17.332,16.812,15.843,15.497,13.434,11.64,9.4259,12.165,14.334,14.678,15.208,15.317,14.237,14.178,14.237,14.922,15.362,14.334,15.089,14.763,15.208,14.904,14.574,14.237,14.158,13.74,13.831,14.314,13.598,14.188,14.382,14.574,15.199,15.843,15.389,14.001,12.755,6.3668,8.4472,10.231,11.313,11.604,13.496,13.341,12.29,12.016,11.568,11.7,11.604,11.592,13.173,14.139,13.68,15.199,15.208,16.086,16.232,16.275,15.851,16.369,16.746,17.204,17.332,17.892,17.139,15.089,13.434
16.339,18.758,19.746,20.518,20.059,19.83,18.617,18.324,17.918,16.964,15.996,15.493,16.466,15.277,15.565,14.693,15.493,14.834,16.022,16.364,16.865,16.931,18.019,17.511,17.151,16.364,15.636,13.908,11.637,9.8974,12.522,13.828,14.9,15.358,15.493,14.844,14.184,14.184,14.465,14.918,13.737,14.646,15.502,14.378,14.233,13.737,14.233,13.544,13.666,14.388,14.693,13.595,14.759,14.532,14.788,14.918,15.812,15.493,14.494,12.013,6.3652,9.1999,10.064,11.372,13.212,13.43,12.828,12.741,11.162,11.347,10.536,10.549,12.013,12.914,12.817,14.918,14.759,14.9,14.262,16.865,16.988,16.808,17.661,17.199,17.511,17.256,18.103,16.766,16.742,13.085
16.492,18.904,20.16,20.325,20.65,19.145,19.31,18.429,17.447,16.956,15.593,15.188,14.986,14.865,14.226,14.781,15.306,14.893,16.118,15.936,17.272,15.875,17.598,17.91,16.45,15.988,15.988,13.424,11.366,9.3748,12.516,14.458,15.708,15.197,15.078,15.078,14.381,14.668,14.381,14.178,15.087,14.828,14.753,14.458,13.911,14.323,13.901,13.69,14.487,13.73,13.941,13.901,14.256,15.306,14.256,15.059,15.988,15.16,14.639,13.005,6.8652,8.5065,10.544,11.691,12.156,12.659,13.455,13.331,12.007,11.774,10.842,11.5,12.007,12.56,12.908,14.639,15.495,15.188,16.534,16.357,17.653,17.086,17.879,18.549,16.534,17.503,18.496,16.98,16.075,13.911
16.62,18.987,19.51,19.979,20.308,19.68,19.623,18.818,18.76,17.408,16.794,15.811,14.875,14.866,13.886,15.323,15.458,15.458,16.327,16.728,16.827,16.369,16.892,17.16,16.819,16.019,15.811,13.14,11.248,9.6627,12.27,14.346,14.81,15.05,14.958,14.81,14.641,14.838,15.06,15.323,14.613,14.716,14.613,14.432,13.916,14.884,14.726,14.297,14.024,14.641,14.81,14.152,14.2,14.754,14.884,15.242,16.019,15.05,14.641,12.712,6.1518,8.5559,9.6913,11.321,13.4,12.885,13.706,13.307,12.404,11.634,11.811,11.67,13.15,13.055,14.726,14.024,15.767,16.428,15.985,16.892,17.901,17.471,17.055,17.629,17.939,17.542,17.978,17.471,16.045,13.15
16.829,19.364,19.987,20.578,20.097,20.281,19.953,18.845,18.364,17.823,16.17,15.964,14.865,15.231,13.647,16.305,15.938,15.58,16.058,16.598,16.927,16.805,17.089,17.644,16.96,16.17,15.258,13.382,11.619,10.191,12.084,14.133,15.04,15.366,15.222,15.231,14.846,14.211,15.258,14.929,15.012,14.846,14.79,14.939,14.706,14.48,14.706,14.182,13.808,14.584,14.622,14.336,13.857,14.442,14.79,15.303,15.79,15.33,14.327,12.706,6.4071,8.9846,11.035,10.628,13.133,13.444,13.289,13.413,12.476,12.814,11.135,12.254,13.289,11.795,13.444,14.929,16.17,16.87,16.598,17.448,18.572,16.829,17.48,17.448,18.371,17.707,17.162,16.927,15.747,13.867
17.441,19.47,20.776,21.222,20.246,19.751,19.077,18.838,17.323,16.863,15.6,16.299,16.299,14.436,14.176,15.958,15.36,15.034,15.784,16.274,16.921,17.307,17.909,17.187,16.921,16.675,16.163,13.377,11.732,8.935,12.68,14,15.958,15.819,15.006,14.84,14.859,14.176,14.176,13.892,14.321,15.784,15.279,15.006,14.128,14.079,13.611,13.892,14.512,13.652,13.852,13.622,14.616,15.494,14.775,15.494,16.592,15.431,14.701,12.69,8.296,9.1632,11.732,12.991,13.284,13.862,13.622,12.959,11.837,11.895,11.555,11.791,12.283,13.772,14.176,15.025,15.958,16.095,16.896,16.896,17.307,16.896,18.483,18.274,16.4,18.274,18.728,16.425,16.018,14.407
15.755,19.533,19.945,20.53,20.47,19.917,19.249,18.601,18.31,17.597,15.989,15.79,15.149,15.139,13.626,16.431,15.437,15.508,16.473,15.79,16.672,16.943,17.376,17.161,17.096,16.066,15.755,14.132,12.083,9.3891,11.511,14.132,15.23,15.012,15.79,15.257,14.64,14.855,15.03,14.593,14.734,14.123,15.257,15.012,14.583,14.412,14.412,13.687,14.123,14.734,15.012,14.005,14.79,14.441,15.257,15.284,15.437,15.746,14.132,12.608,7.1389,9.3891,10.028,12.174,13.616,14.084,14.132,13.412,12.984,13.164,11.306,11.969,13.122,13.132,13.857,14.336,15.79,16.431,17.597,17.376,17.447,17.193,17.822,17.644,17.76,17.644,17.137,16.573,16.066,13.807
16.587,19.471,20.484,20.241,19.939,20.369,19.829,18.891,18.178,17.31,16.695,15.212,16.337,15.745,16.429,15.02,15.596,15.953,16.09,15.953,17.254,17.254,17.126,17.695,17.078,16.471,16.269,13.768,11.729,9.6719,11.973,14.317,14.687,15.293,15.427,15.596,14.78,14.771,14.78,14.929,14.317,14.929,15.02,14.929,14.201,14.47,14.172,14.094,13.638,14.172,14.836,14.172,14.317,14.172,14.25,15.212,15.436,15.498,14.584,12.468,6.8391,9.4562,11.152,11.647,14.124,13.404,13.207,13.728,12.6,12.245,11.587,11.152,11.961,13.239,12.698,14.836,16.294,16.67,16.662,16.932,17.834,18.246,17.842,18.064,17.586,17.206,18.359,17.373,15.745,13.858
17.013,19.034,21.46,20.399,20.181,19.961,19.315,18.91,16.719,16.293,15.618,15.837,15.449,14.792,14.338,14.134,15.27,15.342,15.976,16.486,16.818,17.207,18.475,18.075,16.883,16.36,16.818,13.637,11.886,9.4698,12.651,14.605,15.618,15.95,15.152,14.27,15.152,14.529,14.144,14.453,14.453,15.27,15.297,14.424,13.392,14.338,13.957,14.289,14.867,13.908,13.868,13.668,14.134,15.378,14.529,14.746,16.36,15.458,15.042,12.705,7.0475,8.9454,11.242,12.218,12.263,13.454,13.668,12.263,11.568,11.521,11.229,12.252,13.658,12.974,13.454,14.857,15.449,15.458,17.046,16.453,17.398,16.611,17.868,18.272,16.916,17.837,18.705,17.366,16.486,13.668
16.336,19.014,19.065,19.303,20.309,20.309,19.057,18.602,18.415,17.13,16.31,15.643,14.215,14.956,14.167,15.066,15.793,15.185,15.793,16.336,16.967,17.138,16.943,16.943,16.721,16.002,15.066,13.81,11.539,9.829,11.823,14.447,14.552,14.816,15.149,15.339,14.312,14.825,15.474,14.825,14.974,15.075,14.167,15.066,14.514,14.741,15.258,14.245,14.552,13.84,14.009,14.552,13.72,14.039,14.447,15.402,15.258,15.185,13.81,13.016,6.4223,8.5,10.523,11.823,12.021,13.527,13.578,12.671,12.649,11.575,12.328,12.204,11.823,13.153,13.77,15.696,16.097,17.37,17.354,17.073,17.13,17.234,16.984,17.178,17.202,17.639,16.845,16.386,15.545,13.84
16.373,19.056,20.196,20.529,19.983,20.018,19.394,17.981,17.671,17.22,16.507,15.281,15.612,15.389,15.568,14.729,14.804,15.245,15.806,16.423,17.026,16.507,17.026,17.506,16.83,16.507,15.136,13.648,11.895,9.9743,12.373,14.155,14.616,15.78,15.63,15.389,14.887,15.254,14.887,14.952,13.998,14.663,15.054,14.644,14.203,13.879,13.918,14.349,14.155,14.3,14.729,13.829,14.145,14.233,14.502,15.245,16.092,15.683,14.3,12.791,7.0725,8.0415,10.474,11.176,13.184,13.998,13.403,13.174,12.137,11.988,11.052,11.918,13.648,13.433,13.799,14.757,16.732,15.281,17.115,16.953,16.929,17.115,17.22,17.632,17.788,17.115,18.218,16.432,15.532,13.184
16.707,19.136,19.983,20.529,20.073,19.479,19.344,18.932,17.982,16.599,15.524,15.753,15.173,14.943,15.63,14.663,15.354,15.78,15.683,16.707,16.953,17.124,16.986,16.798,16.499,16.322,15.354,13.678,11.09,9.4771,12.137,13.968,15.035,14.804,15.281,14.804,15.035,14.663,14.841,14.878,13.829,14.502,15.39,14.435,14.616,13.708,13.879,13.299,13.968,14.435,14.233,13.759,14.155,14.358,14.841,15.136,16.014,15.063,14.281,12.306,7.815,9.0749,10.838,12.102,13.184,13.382,12.102,13.382,12.102,13.268,11.324,11.672,12.639,12.888,13.403,15.245,15.78,16.423,16.896,17.22,18.127,17.404,18.127,18.631,16.773,18.362,17.874,17.475,15.683,13.516
16.616,20.029,19.505,19.752,20.82,20.187,19.618,18.3,18.057,17.49,15.807,15.746,14.834,14.533,14.197,15.807,15.981,15.047,15.955,16.945,17.018,16.921,17.018,16.765,17.115,16.297,15.454,13.662,11.994,9.4581,11.913,14.274,14.571,14.806,15.301,14.871,15.454,14.352,15.047,14.797,14.428,14.862,14.119,14.75,13.792,14.428,13.912,13.752,14.197,13.56,14.294,14.571,13.872,13.792,14.148,15.454,15.525,15.516,14.226,12.698,7.1469,9.6888,10.323,12.222,12.924,13.509,13.136,13.752,11.982,11.476,11.282,11.994,13.23,12.654,15.047,14.954,15.981,16.79,17.663,18.141,17.561,16.945,17.107,17.935,18.24,17.467,17.78,16.491,15.676,14.294
16.494,19.783,19.79,20.012,20.279,19.621,19.783,17.876,17.853,17.351,15.983,16.325,15.349,15.049,14.864,16.19,14.864,15.678,16.325,16.368,17.374,17.239,17.541,16.948,16.981,15.81,14.883,13.511,10.834,9.178,12.133,14.141,15.465,15.277,15.277,15.168,14.602,14.659,14.344,14.957,14.573,14.836,14.64,14.808,14.799,14.199,13.825,14.15,14.296,14.344,13.664,13.47,14.102,14.659,14.102,15.528,15.81,15.277,14.431,13.054,7.6519,9.8178,10.432,12.635,12.635,12.83,13.305,12.657,12.624,11.148,11.235,11.81,12.635,13.874,13.755,15.25,16.368,17.374,17.11,16.825,17.853,17.343,17.11,17.899,16.923,16.825,18.152,17.215,15.322,13.562
16.855,19.543,20.068,19.866,19.845,18.486,20.767,17.405,17.14,16.354,16.756,14.302,16.648,13.849,12.29,16.978,13.668,15.057,15.493,16.723,15.933,17.658,17.5,16.648,15.794,15.276,14.599,12.733,11.068,8.9652,12.852,14.379,15.829,15.304,15.484,16.038,15.075,14.599,13.899,14.863,14.379,15.304,14.665,15.075,14.778,14.561,13.728,13.899,14.974,13.728,14.825,14.018,14.175,14.175,15.493,15.653,16.855,15.546,14.175,12.279,6.3175,11.068,9.2092,11.689,11.558,12.48,13.024,11.689,10.853,10.66,9.1942,12.48,10.168,14.379,14.523,13.698,15.635,17.381,18.628,14.89,17.969,18.008,16.481,18.388,18.153,17.429,16.012,18.275,15.653,14.637
16.388,18.972,20.495,20.058,20.216,20.037,19.32,18.663,18.175,17.688,16.03,15.151,14.592,15.323,14.159,15.323,15.178,15.187,15.908,16.21,17.237,16.004,17.999,17.373,16.847,15.978,15.187,13.395,11.492,9.3094,12.103,14.168,15.795,15.341,15.627,15.341,14.957,14.818,14.957,14.743,14.554,15.269,14.516,14.743,14.168,14.827,14.478,13.902,14.168,13.892,14.362,14.217,13.722,14.554,14.743,15.786,15.476,15.187,14.139,13.017,6.7387,8.4847,10.365,10.655,12.114,12.114,11.999,12.716,11.063,11.298,10.484,11.825,12.673,13.028,13.681,14.592,15.476,16.253,15.978,16.715,17.14,17.075,17.641,17.075,17.649,17.875,18.537,16.945,16.346,14.119
14.701,16.901,17.432,18.093,17.631,17.432,17.655,16.183,16.003,15.109,14.128,14.087,12.839,12.794,13.627,12.94,13.456,14.087,14.004,14.128,14.542,14.462,15.08,15.299,14.887,14.21,13.584,11.853,9.8807,8.0914,10.724,12.611,13.627,13.722,13.722,12.94,13.239,12.426,12.76,12.794,13.293,13.239,12.426,13.293,12.565,13.293,12.794,12.285,12.794,12.095,12.285,12.143,12.391,13.018,12.839,13.315,14.21,13.293,12.918,11.083,5.6193,7.7063,8.7618,10.575,10.898,10.898,10.353,11.044,10.241,9.583,9.9245,10.602,10.602,10.898,11.951,13.627,13.456,14.159,14.848,14.622,14.542,14.622,15.72,15.692,15.646,15.109,15.525,14.993,13.195,12.794
16.776,19.293,19.802,20.306,20.523,20.21,19.12,18.532,18.162,17.256,16.384,14.898,15.292,14.953,13.443,15.999,15.174,15.817,16.034,15.79,16.743,16.834,17.127,17.558,16.635,16.316,15.694,13.391,11.147,9.3068,12.281,14.55,14.814,15.472,15.817,15.623,14.739,14.898,15.337,15.472,14.673,14.823,14.654,14.851,14.512,15.337,14.213,13.928,13.898,14.474,14.654,13.647,14.037,14.31,14.962,14.888,15.641,15.319,14.135,12.315,6.5069,8.9274,9.6713,10.482,12.281,12.111,12.734,12.281,11.38,11.159,10.05,11.097,12.723,13.484,14.729,15.256,16.342,16.367,16.316,17.127,16.842,16.743,17.431,17.581,17.368,17.111,17.487,16.94,16.06,14.588
17.03,19.792,20.125,20.152,20.296,20.008,19.708,17.885,17.846,16.834,16.426,15.571,15.783,15.464,15.783,14.505,15.392,15.464,15.818,16.702,16.973,16.46,17.628,17.675,17.223,16.026,15.473,13.187,11.252,9.6666,12.63,13.881,15.329,14.806,15.606,15.056,15.166,15.056,14.609,14.844,14.157,14.816,15.056,14.438,15.175,13.881,13.881,13.801,14.438,13.711,14.89,14.206,14.303,14.438,14.438,15.473,15.991,14.872,14.581,12.139,6.7334,8.4291,9.6523,11.054,11.99,12.728,12.619,12.275,11.579,11.579,10.84,10.155,12.263,13.518,13.569,14.303,16.24,16.468,16.702,16.989,17.675,16.801,17.792,18.365,17.792,17.675,18.229,16.834,16.198,13.761
17.16,19.11,19.972,20.288,20.288,19.979,19.446,19.325,18.455,17.408,15.565,15.458,15.251,14.537,14.355,14.345,14.94,15.251,16.369,16.851,16.503,16.949,17.566,17.471,16.728,16.428,15.52,13.886,10.525,8.9348,12.493,14.432,15.767,15.767,15.05,15.16,14.949,14.613,14.754,14.499,14.8,15.16,14.8,14.355,13.756,15.323,13.995,14.152,14.355,13.635,14.024,13.876,14.2,14.884,14.229,14.537,15.776,15.6,14.355,13.055,6.8527,8.9811,10.512,11.087,12.404,12.636,12.701,12.134,11.752,10.72,11.248,12.625,12.1,13.296,13.181,15.679,15.776,16.369,16.949,17.352,17.023,17.495,18.123,18.123,17.336,17.939,18.062,17.471,16.318,14.499
16.321,19.468,19.29,20.49,20.436,20.274,19.44,18.797,19.318,17.778,16.489,15.84,15.236,15.318,16.498,14.934,15.771,15.884,16.313,16.689,16.697,16.614,16.447,17.114,16.919,16.697,15.045,13.374,11.342,10.092,11.571,14.224,14.34,14.636,15.806,15.318,14.805,15.045,15.345,15.771,14.532,14.532,15.045,14.147,14.748,14.147,14.953,14.455,13.99,14.224,14.532,14.427,13.63,13.66,14.953,15.054,15.621,15.452,14.195,12.697,5.6587,8.6171,9.5875,10.818,12.794,13.96,12.22,12.631,12.004,11.807,11.083,10.508,11.63,14.098,13.751,15.979,16.498,15.806,16.919,17.956,17.778,17.154,17.724,16.919,17.409,17.894,17.106,17.154,15.515,13.99
16.942,18.844,20.797,20.496,20.677,19.952,19.596,18.778,17.597,17.161,15.989,15.605,16.473,15.963,15.728,15.112,15.112,15.499,16.296,16.304,17.088,17.032,17.822,17.643,17.265,15.789,15.997,13.216,11.992,10.027,12.476,13.896,15.257,15.543,15.039,14.938,15.039,14.517,14.412,14.734,14.864,15.23,14.919,14.845,14.517,14.278,14.21,13.737,14.181,13.975,14.78,14.083,14.132,15.112,14.789,14.621,16.598,15.011,14.705,12.963,7.2916,8.9226,11.072,11.654,12.984,13.163,13.857,12.963,11.98,11.035,10.959,10.922,12.64,14.123,13.616,15.148,16.211,15.543,17.193,17.088,17.217,16.926,17.876,17.447,17.636,17.312,19.018,17.136,15.824,13.646
14.516,17.168,17.722,17.957,18.275,17.493,16.664,16.446,15.729,15.206,14.103,14.276,13.27,13.475,13.464,12.995,14.134,14.062,13.475,15.053,14.86,14.665,15.664,15.618,15.13,14.306,13.475,12.252,9.5206,8.3581,10.432,12.275,13.292,13.866,13.475,13.006,13.172,12.995,12.984,13.292,12.939,13.432,13.346,12.771,11.93,12.939,12.462,12.264,12.771,12.771,12.589,12.357,12.252,12.917,13.215,13.592,13.938,13.698,12.939,10.879,6.5363,8.4951,9.181,10.705,10.746,12.369,11.783,10.222,10.321,10.037,10.377,10.321,10.746,12.252,12.369,13.528,14.062,15.082,15.216,14.86,15.866,14.967,15.47,15.395,15.507,15.395,15.802,14.783,13.761,12.264
16.448,19.712,19.997,20.481,20.454,20.291,19.663,18.567,18.07,17.322,16.22,16.109,15.614,15.147,13.501,15.972,15.445,15.614,15.972,16.448,17.202,16.813,17.202,17.606,16.689,16.935,14.853,13.864,11.517,9.3499,11.975,13.744,15.038,15.265,15.516,15.614,14.343,14.825,14.946,15.147,14.334,14.525,15.238,14.872,14.591,15.038,14.713,14.741,13.744,14.853,14.713,13.633,14.14,14.343,15.12,15.516,15.507,15.454,14.13,12.482,7.3144,8.6609,10.424,11.848,12.788,13.254,12.36,13.129,12.26,12.701,10.633,11.975,13.044,13.139,13.654,15.265,16.109,15.972,17.606,17.202,17.715,17.338,17.527,17.226,18.229,17.77,16.968,16.606,15.666,13.285
16.796,19.24,20.25,21.174,20.567,19.797,19.467,18.548,17.929,17.368,16.093,15.721,15.782,15.86,15.429,15.86,15.277,15.492,15.782,16.204,16.796,16.918,17.08,17.945,16.297,16.297,15.721,13.157,11.349,8.9339,12.247,14.51,15.598,16.059,15.223,15.25,15.223,14.857,14.203,14.096,14.699,15.214,15.25,15.651,14.783,14.633,14.848,13.89,14.699,13.731,14.116,13.64,14.472,15.223,14.838,14.773,16.297,15.295,14.405,12.957,6.9993,10.023,10.623,12.348,12.247,12.764,13.241,12.775,12.678,11.458,10.917,12.247,12.247,14.699,14.126,15.295,15.981,16.272,17.376,17.088,16.894,16.59,18.302,17.945,17.627,16.918,18.952,17.439,15.782,14.126
16.203,19.719,19.41,20.566,20.486,20.188,19.246,18.066,18.248,17.634,16.16,15.321,15.222,15.597,15.004,15.438,15.249,16.262,15.989,16.338,16.893,16.991,16.893,17.509,17.47,15.773,15.746,14.076,11.066,9.6445,12.436,14.125,15.249,15.65,14.921,15.571,14.773,14.509,15.213,14.912,15.438,14.847,14.27,15.249,15.213,14.838,14.405,13.77,15.022,14.319,13.998,14.174,14.174,14.472,14.773,14.856,15.746,15.429,14.613,13.031,7.511,8.6835,11.227,11.553,12.699,13.115,12.688,12.956,13.146,11.128,11.963,12.066,11.789,14.773,13.73,15.213,16.795,17.079,17.867,17.319,17.304,17.184,17.438,17.836,17.088,18.629,17.438,17.821,16.049,14.115
14.625,17.111,17.871,18.024,17.553,17.774,16.744,16.164,15.628,15.206,13.354,13.451,13.311,13.003,12.412,13.569,13.44,13.44,14.234,14.315,14.674,15.063,14.995,15.628,14.674,13.611,13.706,11.901,9.2806,7.9922,11.226,12.551,13.601,13.601,13.569,14.071,13.125,13.081,12.688,12.654,12.824,13.3,12.992,13.092,12.377,12.551,12.412,12.259,12.47,12.081,12.925,12.745,12.081,12.505,12.779,13.473,13.611,13.685,12.779,11.031,6.0107,7.603,9.4044,10.59,11.493,11.43,11.84,11.791,10.806,11.031,10.229,10.271,12.259,11.543,12.597,14.071,14.625,14.674,14.625,15.738,15.376,15.206,15.063,15.291,15.957,14.976,15.301,14.947,14.234,12.189
16.615,19.526,19.695,20.806,20.028,19.973,19.89,17.779,17.537,17.155,15.771,14.935,15.301,14.599,13.396,15.902,15.346,15.301,16.22,16.22,16.977,16.698,17.115,17.872,17.179,16.186,15.237,13.303,11.523,9.588,12.255,14.805,15.462,15.273,15.237,14.861,14.721,14.494,13.822,14.87,13.468,14.456,15.771,14.428,14.147,14.637,13.661,13.701,14.274,14.118,14.721,13.457,14.456,14.57,14.833,15.319,15.806,15.027,14.225,12.708,6.8507,9.1911,10.639,12.266,13.009,14.274,13.56,12.998,11.981,12.61,10.508,12.13,12.004,14.599,14.341,14.87,16.961,16.448,16.977,17.283,17.662,17.283,17.49,18.352,17.779,17.841,18.352,16.49,15.841,13.872
16.224,19.885,20.919,20.654,20.276,19.885,19.121,17.929,17.89,16.915,16.002,15.377,15.671,14.829,15.837,14.566,15.151,14.745,16.036,15.976,16.94,17.102,17.836,18.09,17.39,16.611,15.741,13.657,11.628,9.5132,12.53,14.424,15.269,15.458,15.591,15.124,14.529,14.491,14.016,14.792,14.134,14.424,15.314,13.556,14.633,13.818,13.788,12.973,13.505,13.788,14.633,13.505,14.134,14.289,14.95,15.023,15.837,15.269,14.792,12.252,7.3163,8.976,10.968,11.081,12.995,12.973,12.92,13.132,11.52,12.364,11.339,11.168,12.973,12.995,13.698,16.036,15.269,16.182,17.774,16.956,18.234,17.461,18.325,18.113,18.505,17.461,18.392,17.493,16.292,13.868
16.807,19.768,20.473,21.259,20.641,19.705,19.537,18.693,17.972,17.035,15.792,15.966,15.26,15.448,15.582,14.624,14.941,15.142,16.172,16.4,17.355,17.45,17.849,18.193,16.831,16.601,16.103,13.629,11.136,9.168,12.997,14.52,15.305,15.757,14.931,15.014,14.28,14.329,14.338,14.783,14.28,14.783,15.224,14.848,14.135,14.184,13.659,13.78,14.52,13.619,14.135,14.008,14.28,14.708,14.482,14.708,15.661,15.546,14.338,12.12,6.4934,9.2875,9.9604,11.797,12.085,13.809,13.124,12.12,12.3,11.844,11.797,12.522,12.697,13.384,13.384,15.546,15.871,15.966,17.14,17.918,17.091,17.918,18.374,18.124,17.639,17.521,18.223,16.929,15.966,14.174
14.772,16.711,17.589,17.622,17.785,17.915,17.785,17.122,16.219,15.638,15.063,13.319,12.956,13.578,13.012,14.028,14.203,13.46,13.715,14.565,14.475,15.073,15.235,14.565,15.225,13.789,12.662,12.173,10.207,8.4032,10.678,13.012,12.787,13.287,13.546,12.956,13.089,13.133,13.089,13.287,13.449,12.753,12.513,13.1,12.196,13.089,12.696,12.933,12.279,11.588,12.267,12.089,11.613,12.089,12.559,13.287,13.1,13.609,12.196,11.399,5.794,7.9974,8.8723,10.39,10.007,11.31,11.798,10.221,11.847,10.221,9.9195,10.813,11.798,11.09,11.847,13.319,15.073,14.455,15.063,14.475,15.638,14.535,15.101,14.121,15.638,15.235,15.301,14.918,14.028,12.513
16.822,19.505,20.7,20.68,20.008,19.973,19.89,18.383,17.841,16.92,16.006,16.314,15.274,15.247,14.656,16.49,14.341,15.622,16.322,16.499,17.211,17.49,17.466,17.663,17.623,16.756,15.842,13.427,11.993,9.4723,12.654,14.796,15.745,15.525,15.301,15.055,14.834,14.457,14.428,14.341,14.118,14.796,14.721,14.954,14.226,14.495,13.822,13.882,14.351,14.293,13.56,13.671,14.533,14.945,14.428,14.533,16.499,15.798,14.196,12.367,6.911,9.2958,11.232,12.221,11.993,12.632,13.167,12.367,12.255,11.134,10.832,11.171,11.571,13.56,13.56,14.721,14.88,15.772,17.155,16.423,16.945,16.616,17.395,17.872,17.957,17.872,17.623,17.107,16.723,13.792
17.235,19.008,21.308,20.675,20.628,19.994,19.347,18.423,17.522,16.837,16.037,14.882,15.907,15.322,13.771,15.644,15.268,15.049,16.522,16.209,16.722,16.639,17.131,17.921,16.311,16.522,16.141,13.528,11.929,9.702,12.726,14.216,15.15,15.322,15.475,14.882,15.177,15.067,14.167,14.657,14.371,14.854,15.186,14.892,14.04,14.619,13.311,13.68,14.119,14.04,14.742,13.771,13.771,14.216,14.158,14.742,15.697,14.817,14.313,12.899,6.5928,8.9448,10.216,11.54,12.384,12.737,12.639,11.906,12.147,12.328,10.641,11.099,13.196,13.017,13.579,14.294,15.049,16.003,16.639,16.722,17.959,16.846,17.179,17.64,17.687,17.235,17.179,16.911,16.472,13.165
16.519,19.529,20.524,21.023,20.321,19.656,19.571,19.004,17.871,16.908,16.035,15.861,15.694,14.88,14.446,15.615,14.674,15.472,16.719,16.342,16.982,16.941,17.305,17.637,16.636,16.317,16.06,12.993,11.098,9.3666,12.724,14.617,15.791,15.615,15.641,15.147,14.589,14.474,14.359,14.474,14.369,14.165,15.065,14.852,14.74,14.88,13.718,14.214,14.359,14.214,13.769,13.152,14.551,15.338,14.551,14.954,15.817,15.791,14.359,12.27,6.4,9.4108,10.522,11.586,11.06,12.27,12.897,11.586,11.681,10.845,10.73,11.098,11.869,12.94,14.214,14.243,15.694,15.401,17.582,16.444,16.342,17.233,17.233,17.488,17.416,17.645,17.559,16.777,16.511,13.889
16.013,19.868,19.487,20.316,20.152,20.152,19.544,18.154,18.367,17.011,16.039,15.086,14.457,14.638,13.669,16.039,16.039,15.839,16.073,16.532,16.649,16.732,17.382,17.366,16.262,16.013,14.826,13.078,11.156,8.9658,12.325,14.638,15.305,15.186,15.839,15.305,14.486,14.629,15.076,15.707,14.779,14.524,14.826,14.322,14.457,14.37,14.166,14.215,14.638,14.562,14.629,13.82,13.495,13.658,15.195,14.835,15.777,15.076,13.78,12.006,6.4051,8.715,8.5707,11.106,12.017,12.515,12.325,12.28,11.654,11.547,11.559,10.738,12.291,13.78,13.989,15.186,15.592,15.917,17.052,16.532,17.501,17.141,16.321,17.141,17.97,18.009,18.009,17.011,15.058,14.38
14.45,17.241,17.582,18.102,17.804,17.533,16.832,16.589,16.065,15.241,13.729,13.3,13.634,13.036,13.322,12.525,13.803,13.014,13.803,14.5,14.309,14.963,14.5,15.402,14.54,14.339,13.246,11.896,9.7082,8.0777,10.904,12.936,13.495,14.227,13.634,13.333,12.969,12.969,12.969,12.618,13.025,13.036,12.491,12.709,12.56,12.491,12.709,11.957,12.618,12.397,12.185,12.397,12.209,12.969,12.572,12.936,13.591,13.506,12.491,11.102,5.8,8.0777,8.8814,10.4,10.456,11.322,10.689,10.891,10.017,9.2962,9.5273,10.246,10.77,11.424,11.625,13.97,13.114,13.97,15.001,14.217,15.001,15.203,15.421,15.838,15.43,15.231,15.617,15.021,13.322,12.28
16.334,19.455,20.228,21.163,19.8,19.876,19.709,18.723,16.957,17.062,16.325,15.527,15.536,14.965,15.284,14.03,14.816,14.844,16.502,16.46,16.834,16.957,17.343,17.877,17.191,15.686,15.686,13.239,11.326,9.0002,12.409,14.76,15.066,15.33,15.818,15.33,14.807,14.581,14.361,14.965,14.438,15.393,14.946,14.206,14.158,14.158,13.921,14.148,14.206,14.148,14.352,13.891,14.467,14.158,14.361,15.057,15.464,15.464,14.206,12.717,7.1516,9.3616,10.568,12.264,12.542,12.793,12.105,12.196,11.253,10.84,10.647,10.827,12.717,14.148,13.302,15.139,15.536,15.464,17.947,17.343,17.359,18.069,17.985,18,17.985,17.223,17.877,17.167,16.376,12.986
16.033,19.544,20.067,19.998,20.669,19.776,18.804,18.501,18.23,17.402,16.356,16.415,15.446,15.667,15.374,15.02,15.266,15.266,16.356,15.972,16.838,17.147,17.402,17.481,16.781,16.178,15.23,12.992,11.337,9.811,12.215,14.863,15.311,15.588,15.121,14.947,15.039,14.63,15.039,14.563,14.63,14.563,15.293,14.334,14.334,14.601,14.421,13.875,14.286,14.344,14.344,14.63,14.092,14.63,14.563,14.826,15.799,15.667,14.525,12.26,7.0066,8.3037,10.776,11.227,13.624,13.42,12.778,12.713,12.124,12.09,11.227,11.518,11.999,12.971,13.369,14.742,16.339,15.239,17.098,17.856,17.489,17.863,17.082,18.411,17.964,18.471,18.139,17.339,16.314,13.984
14.61,16.727,17.592,17.78,17.788,17.592,17.135,16.545,15.941,15.124,14.179,13.692,13.286,13.426,12.247,14.461,13.692,13.692,14.3,14.659,14.511,15.076,15.209,15.124,15.047,14.27,13.426,11.828,9.9029,8.0559,10.954,12.538,13.166,13.933,13.692,13.078,13.264,12.732,12.766,13.86,12.934,12.912,12.934,12.364,12.069,12.99,12.538,12.399,12.364,12.766,12.979,12.492,12.117,11.925,13.067,13.426,13.943,13.469,12.364,10.808,6.0045,8.1272,9.1458,10.033,11.569,11.791,12.117,11.791,10.954,11.291,10.331,10.428,11.418,11.925,13.426,13.264,13.597,13.755,15.19,15.968,16.121,15.575,16.148,15.612,16.121,15.968,16.254,14.922,14.659,12.364
17.023,19.523,20.459,21.101,20.466,19.417,19.663,18.187,18.21,17.023,16.049,16.472,15.816,15.989,15.597,14.125,15.249,15.429,16.203,16.16,17.128,16.762,17.128,17.844,17.303,16.338,15.438,13.639,11.553,9.2957,12.699,14.318,15.022,15.294,15.816,15.249,15.249,14.115,14.698,14.912,14.318,14.698,15.535,14.125,14.27,13.68,14.471,14.688,14.509,14.318,15.004,13.8,14.576,14.125,15.031,15.022,15.989,15.357,14.328,12.111,7.1352,8.9026,10.307,12.28,13.436,13.649,14.27,12.978,12.077,12.247,11.128,11.648,13.436,13.487,13.619,15.429,15.781,16.015,17.184,17.634,17.944,17.375,18.323,17.905,18.42,17.751,17.462,16.795,15.294,14.164
16.766,19.752,20.791,21.119,20.417,19.752,19.946,18.919,17.371,17.371,15.601,15.863,15.298,15.583,15.724,14.636,15.432,14.729,15.959,16.342,16.476,16.921,17.027,17.083,16.733,15.75,15.135,12.906,11.651,9.6467,12.472,14.513,15.441,15.298,15.785,15.025,14.776,14.85,14.841,15.253,14.167,14.915,15.654,14.322,14.177,14.206,14.177,13.49,13.853,14.551,14.513,13.853,14.177,14.119,14.776,15.325,15.75,15.654,14.274,12.25,7.1369,9.1637,10.389,12.767,13.149,14.08,13.449,12.439,12.283,12.114,11.651,11.019,12.294,13.49,13.285,15.601,16.275,15.959,17.91,17.948,18.032,17.91,18.093,18.093,18.596,17.91,18.484,17.083,16.053,13.773
16.376,19.255,19.765,20.091,20.874,19.709,19.988,18.878,18.23,17.344,16.334,15.473,14.543,14.732,14.361,15.527,15.464,15.066,15.176,15.783,16.602,16.334,16.325,16.932,16.957,16.511,15.285,13.651,11.24,9.9765,12.094,14.158,15.066,15.393,15.633,15.285,15.248,15.248,14.505,15.33,14.946,14.352,14.158,14.158,13.711,14.891,14.206,14.505,14.284,14.001,14.303,13.892,13.302,14.109,14.361,14.816,14.955,14.872,14.543,12.275,6.8557,8.9542,10.357,11.816,13.239,13.061,14.352,13.271,12.498,12.728,11.154,12.275,12.718,12.986,14.206,15.057,15.896,16.602,16.776,17.55,18.313,17.55,17.36,16.602,18.672,17.127,17.792,16.198,15.914,14.001
17.027,18.646,20.831,19.79,20.449,19.459,19.565,17.843,17.42,17.116,15.39,15.771,16.331,14.869,15.054,15.524,14.962,15.282,15.815,16.049,17.341,16.195,16.897,17.476,16.707,16.127,15.354,13.31,11.482,9.3157,12.496,14.301,15.613,15.684,15.631,14.879,14.962,14.814,14.541,14.155,14.541,15.036,14.953,15.327,14.436,14.028,13.567,14.349,14.436,13.829,14.204,13.759,13.879,14.869,14.436,14.804,15.631,14.944,14.953,12.318,6.6913,8.4932,11.673,12.103,12.307,12.888,13.879,13.153,12.318,11.566,11.152,11.566,11.988,14.233,13.3,14.607,16.127,16.499,16.929,17.124,17.164,16.831,18.089,18.52,16.732,17.998,18.587,16.954,15.806,13.998
16.419,18.949,19.181,20.47,20.307,19.755,19.281,18.574,17.961,17.628,16.461,15.889,15.984,15.679,15.322,15.322,15.05,15.457,15.775,15.81,16.326,17.335,16.949,17.287,16.793,16.326,15.775,13.43,11.538,9.6479,12.099,14.151,14.865,15.984,15.322,14.725,14.865,14.939,14.8,14.883,15.25,14.939,14.345,15.031,14.874,13.755,14.141,14.19,14.536,13.825,13.994,13.512,13.885,14.64,14.354,15.457,15.457,14.725,14.431,12.657,6.9126,8.7469,10.366,12.133,12.657,12.884,13.17,12.798,11.752,11.984,12.099,11.574,12.657,13.705,14.297,14.874,16.318,16.949,17.335,17.054,17.111,17.351,17.729,18.221,17.47,17.399,17.628,17.022,15.679,13.306
16.226,18.941,20.135,20.696,19.824,19.501,19.331,18.417,17.969,17.463,16.496,14.859,14.877,15.244,14.348,16.115,15.271,15.126,15.977,16.115,16.942,16.695,17.344,16.843,16.819,15.804,15.162,13.393,11.316,9.3533,12.695,14.606,14.859,15.271,15.769,15.043,14.425,14.339,14.606,14.942,14.425,14.53,15.451,14.653,14.425,15.025,13.819,14.194,14.271,13.789,14.271,13.393,14.194,14.492,14.747,15.153,15.619,15.162,14.116,11.852,7.4293,9.1746,10.779,12.264,12.63,13.869,12.094,11.91,12.652,12.309,11.569,11.887,11.557,14.291,14.803,14.653,16.942,16.786,17.176,17.392,18.274,17.62,17.969,18.213,17.931,18.206,18.349,17.463,16.012,13.789
16.618,19.5,20.121,21.158,20.298,19.754,19.28,18.12,17.727,16.923,15.957,15.748,15.276,14.658,16.189,14.535,15.518,15.13,16.493,16.223,16.618,16.223,17.286,17.665,16.493,15.905,15.624,13.294,11.751,9.3119,12.491,14.947,16.017,15.562,15.527,14.836,14.808,14.798,13.884,14.43,13.874,14.276,14.882,14.276,13.47,14.43,13.824,13.398,13.673,14.12,14.227,13.562,14.15,14.101,14.798,15.321,15.905,15.24,14.535,12.656,7.1476,9.1775,10.108,12.268,12.979,12.797,13.398,12.491,12.71,11.633,12.132,11.809,12.71,14.12,13.398,16.008,15.748,16.618,16.923,16.459,18.12,17.469,18.838,17.975,17.405,17.875,17.975,16.824,16.367,13.562
16.942,19.123,21.385,20.549,20.703,19.775,19.266,18.633,17.776,17.62,16.115,15.978,16.115,14.951,15.343,15.769,14.492,14.747,15.235,16.319,17.104,16.811,17.495,17.62,16.917,16.226,15.244,13.699,11.082,9.1897,12.608,14.425,15.769,15.271,15.271,14.942,15.025,14.339,14.291,14.339,14.291,14.942,14.933,14.271,13.879,13.134,13.869,13.466,14.349,13.629,14.145,13.879,14.018,14.597,13.79,14.349,16.038,15.244,14.145,12.619,7.5217,8.9462,11.28,11.664,12.608,13.699,13.79,12.487,12.695,11.522,10.637,11.991,13.394,12.975,13.394,14.339,16.072,16.412,17.931,17.652,17.534,17.846,17.892,18.633,17.408,17.66,17.869,17.722,16.412,13.301
16.816,19.8,20.726,21.174,20.911,20.458,19.119,19.033,18.444,17.484,16.07,15.758,15.241,15.617,14.566,14.94,15.151,15.314,16.409,16.291,15.975,16.816,17.46,17.341,16.493,16.308,15.801,13.787,11.229,9.6852,12.529,14.566,15.836,15.975,14.856,14.716,14.791,14.192,14.192,14.528,14.337,15.023,14.143,15.269,13.371,14.716,13.453,13.907,14.594,12.973,13.956,13.877,14.015,15.023,13.747,15.023,15.801,15.314,14.288,12.92,7.3723,8.7419,10.571,11.662,13.391,13.226,13.422,12.877,12.529,10.557,11.567,12.126,12.823,13.636,12.704,15.67,16.317,15.975,16.816,17.101,17.341,16.816,17.982,17.555,17.405,17.828,18.451,17.149,16.685,14.143
16.729,19.447,20.22,20.525,20.525,19.276,19.511,18.627,18.664,17.472,16.695,15.458,14.81,15.324,14.801,14.499,15.777,15.985,16.327,16.02,16.852,15.985,17.353,17.241,16.827,16.302,15.68,13.916,11.635,9.6915,12.405,14.356,14.866,15.627,15.467,15.06,14.801,14.604,15.17,14.875,14.95,14.726,14.432,15.032,13.513,14.103,14.298,14.575,14.356,13.472,14.103,13.297,13.706,15.051,14.152,14.461,15.959,14.94,14.346,12.723,6.8529,9.0427,10.835,12.134,12.723,12.304,13.472,12.46,12.799,11.539,11.527,12.134,12.713,12.885,13.706,15.467,15.768,17.023,17.66,15.907,16.827,16.893,17.566,18.396,17.112,17.023,17.87,17.668,15.768,13.886
14.805,17.519,17.626,18.303,17.353,17.626,16.715,16.576,15.521,15.53,14.216,13.99,13.103,12.835,13.015,12.516,13.792,13.29,13.959,14.488,14.328,14.247,15.076,15.53,14.922,14.438,14.155,11.801,10.052,8.3707,10.448,12.937,13.312,14.206,13.235,13.613,13.003,12.79,13.103,12.55,13.092,13.366,12.388,13.366,12.032,12.665,12.388,12.388,12.562,11.947,12.55,11.911,12.294,13.235,12.596,13.003,13.495,13.312,12.562,10.895,5.6178,7.3188,9.1633,10.448,11.093,11.351,11.752,11.351,10.448,10.11,10.35,10.572,11.093,11.838,11.402,13.719,13.613,13.959,15.408,14.638,14.687,14.638,15.153,15.238,15.105,15.39,16.707,14.989,13.886,12.032
16.38,19.164,19.825,19.734,19.93,19.543,19.164,18.487,18.389,17.815,15.556,15.556,15.653,15.547,16.532,15.376,15.493,15.484,16.732,16.073,17.141,17.084,17.501,17.189,16.355,16.523,15.304,13.698,11.304,9.4911,11.594,14.485,14.974,15.268,15.873,15.627,14.562,15.186,14.456,15.058,14.37,14.166,15.277,14.166,14.666,14.485,14.38,13.819,13.909,14.456,14.637,13.849,13.484,13.204,14.523,14.826,15.085,15.304,13.698,12.279,6.9247,8.5704,9.1945,10.738,13.423,13.024,13.658,12.723,12.514,12.029,11.068,11.69,12.291,12.679,12.95,14.863,15.803,15.986,16.253,16.49,17.437,16.995,16.723,16.107,17.382,17.445,17.189,16.995,16.107,13.003
16.792,19.012,20.246,20.713,20.04,19.894,19.207,18.42,18.086,16.972,15.98,15.07,15.541,15.487,14.122,16.144,14.857,15.08,15.832,16.212,17.045,16.441,16.915,16.849,16.725,16.247,15.541,13.199,11.263,9.5313,13.073,14.248,14.829,16.032,15.832,15.621,14.82,14.594,14.374,14.679,15.052,14.82,15.647,15.298,14.679,14.451,13.774,13.397,13.774,14.013,14.043,13.894,14.122,14.451,14.451,14.556,15.541,14.829,13.844,12.32,6.3591,9.0544,10.539,12.275,12.241,13.019,13.283,11.873,12.275,10.85,10.656,12.013,11.685,13.418,13.894,13.663,15.797,16.212,17.263,16.972,17.183,16.323,17.494,17.399,17.878,17.893,18.002,16.988,14.978,14.043
16.721,18.958,19.787,19.541,20.176,19.731,18.951,18.671,18.021,18.273,16.395,16.01,15.302,15.374,14.749,15.836,15.184,15.41,15.792,16.01,16.529,16.454,16.352,16.853,16.82,16.352,15.275,13.452,11.557,8.9489,12.557,14.739,15.544,16.01,15.589,15.374,14.972,14.749,14.972,14.898,15.193,15.544,14.982,15.074,14.521,14.213,14.521,14.3,14.32,13.534,13.656,13.493,13.897,14.378,13.686,14.982,15.482,15.266,14.174,12.645,6.5958,9.0566,10.126,11.545,12.557,13.202,13.421,13.202,12.334,11.054,11.545,11.167,11.545,13.666,12.808,14.521,15.302,15.704,16.976,16.445,16.878,16.445,16.919,16.853,17.758,16.976,18.128,16.621,15.651,13.777
16.436,18.8,19.915,20.885,20.524,19.804,19.056,18.66,17.433,17.112,15.862,15.473,15.473,14.852,13.809,15.922,15.175,15.473,16.026,16.241,16.478,16.061,16.72,17.685,16.637,16.138,15.473,13.163,11.296,9.4843,12.844,14.655,15.695,15.365,15.783,14.88,14.815,14.311,14.446,14.824,14.369,14.311,15.175,14.815,14.824,14.165,13.809,13.577,14.243,14.513,14.292,13.278,13.979,13.979,14.589,15.147,15.827,14.889,13.689,12.237,6.8594,8.3183,10.653,11.997,12.735,13.163,13.809,12.637,11.538,12.637,11.381,11.332,12.994,14.311,14.038,14.117,15.827,16.72,17.417,17.136,17.233,17.233,17.257,17.433,17.257,17.646,18.406,16.317,16.095,13.309
16.046,19.276,19.979,20.845,20.302,20.117,19.276,18.627,17.785,16.966,15.985,15.458,15.811,14.81,14.278,15.458,14.949,15.6,16.191,15.776,16.462,16.495,16.827,17.241,16.827,16.089,15.627,13.916,11.575,9.0731,13.171,14.81,15.242,15.458,16.319,15.278,14.801,14.81,14.801,15.458,14.432,15.032,15.803,14.884,14.355,14.152,14.346,14.152,13.995,14.278,14.884,13.706,14.142,14.23,14.537,14.191,15.768,14.959,14.024,12.134,6.8528,8.935,10.642,12.134,13.431,13.965,13.296,12.712,12.885,12.928,10.642,12.134,12.537,13.234,13.876,14.801,15.52,16.462,17.16,17.12,17.629,16.966,17.16,18.123,17.217,17.112,17.471,16.504,15.323,13.916
16.752,19.272,19.886,20.182,19.962,20.072,18.393,18.977,18.386,17.494,16.495,16.037,14.348,14.951,13.789,15.951,15.512,15.043,15.803,15.881,16.495,16.818,16.884,16.818,16.941,16.941,15.742,13.227,11.664,9.586,12.398,14.453,15.161,15.342,15.315,15.27,14.941,14.867,15.297,15.315,14.802,14.529,14.529,14.718,13.958,14.596,13.908,14.115,14.222,13.987,14.453,14.144,13.878,14.529,14.193,14.858,15.592,15.125,14.017,13.133,6.3907,9.3529,10.637,11.979,14.29,13.658,14.491,14.183,13.372,12.263,12.252,12.218,12.486,13.557,14.144,16.003,15.742,16.453,16.761,17.014,17.557,17.343,17.087,17.343,17.103,17.367,17.494,16.695,15.619,14.338
16.294,19.699,20.413,20.761,20.257,20.004,18.929,18.893,17.812,16.802,16.345,15.822,15.744,14.515,14.324,15.961,15.779,15.219,15.753,15.656,16.867,16.345,17.39,18.187,16.924,16.209,16.209,13.13,11.793,9.4463,12.769,14.121,15.282,15.435,15.577,15.444,15.137,14.515,15.137,14.936,14.334,14.816,15.435,14.581,13.895,15.137,14.13,14.082,14.13,14.439,15.037,14.003,14.276,14.324,14.515,15.444,15.753,15.255,14.324,12.206,7.3095,10.095,11.231,12.617,13.775,13.855,13.685,12.993,12.116,12.639,11.133,11.793,14.619,13.944,14.179,15.255,15.656,16.345,17.539,16.403,17.874,16.924,17.215,17.516,17.476,17.843,17.951,16.098,15.656,13.775
16.502,19.461,19.841,20.125,20.125,19.518,19.454,18.365,17.884,17.126,16.776,15.329,15.248,15.392,15.056,15.038,15.774,15.356,16.086,16.24,16.627,16.502,17.191,16.989,16.8,16.24,15.329,13.801,11.141,9.695,12.409,14.731,14.881,15.464,15.756,15.139,15.782,15.056,14.618,14.731,14.542,14.955,15.056,14.361,14.235,14.438,14.303,13.477,13.891,14.235,14.128,14.235,13.711,14.303,14.647,14.647,15.991,15.056,13.761,12.139,6.8352,8.9383,11.054,11.99,13.145,13.67,13.881,12.986,12.498,12.263,11.091,11.531,14.03,12.717,13.801,15.913,16.094,15.571,16.502,17.126,18.161,16.231,17.343,17.674,17.635,16.776,17.295,16.8,15.896,13.187
16.517,19.341,20.14,20.051,20.298,19.801,19.313,18.471,18.59,17.635,15.789,15.693,14.625,14.738,14.115,15.291,14.971,14.444,15.578,15.781,15.859,16.102,17.486,17.231,16.475,16.136,16.102,13.245,11.059,9.5989,12.381,14.163,15.693,15.264,15.363,14.961,15.363,14.878,14.952,14.202,14.154,14.813,15.336,15.063,13.767,14.549,14.212,14.549,14.357,14.163,13.977,13.887,13.646,14.971,14.357,14.971,15.824,15.173,14.212,12.269,7.0768,9.0805,10.984,12.325,13.687,13.717,13.807,13.646,13.15,12.547,11.355,11.995,13.161,12.842,14.163,15.48,15.613,15.693,16.783,16.906,17.58,17.43,16.775,17.43,16.775,17.037,17.682,16.717,14.813,13.676
16.621,19.104,20.445,19.73,20.559,19.391,19.639,18.101,16.983,16.704,16.012,15.53,15.324,15.279,14.717,15.033,14.801,15.033,16.429,16.089,16.852,16.37,17.871,17.661,16.463,16.124,15.681,12.886,11.858,9.1794,12.724,14.867,15.628,16.192,15.252,14.941,14.801,14.614,14.867,14.201,14.801,15.279,14.755,14.885,13.966,14.356,14.153,13.966,14.104,13.297,13.431,13.646,14.153,14.538,14.153,15.134,15.96,14.885,14.433,12.315,6.833,9.3583,11.858,13.513,13.056,13.827,13.996,12.8,12.982,11.812,11.997,12.371,13.564,13.757,14.104,15.306,15.161,16.596,17.056,16.505,16.828,16.37,17.161,18.929,17.113,17.113,18.101,17.056,16.302,12.982
16.76,18.781,19.895,19.699,20.033,20.116,18.581,17.784,18.663,17.239,16.301,16.368,15.277,14.297,14.602,15.277,15.679,15.241,15.984,16.326,16.087,16.949,17.565,16.891,16.368,16.079,15.749,13.264,11.562,9.1934,12.722,14.957,15.564,16.019,15.775,15.277,15.241,14.141,15.277,14.612,15.049,14.874,14.64,14.64,13.755,14.865,14.431,14.297,15.049,13.634,13.915,13.563,13.705,14.865,14.19,14.498,15.385,15.519,13.885,12.536,7.4324,9.7758,10.472,12.19,13.399,14.277,13.795,13.915,12.403,12.133,11.892,12.787,12.927,13.471,13.664,14.865,15.767,16.76,17.992,16.826,16.949,16.924,17.215,17.351,17.111,17.239,17.351,16.924,15.457,13.875
16.834,18.59,19.688,20.534,19.842,19.14,18.849,18.812,17.628,16.957,16.326,15.285,15.536,15.633,13.467,16.334,15.249,15.285,15.285,15.853,16.834,16.309,17.103,17.479,16.502,16.241,15.393,12.729,11.29,9.4792,12.663,14.816,15.167,15.258,15.897,14.807,14.881,14.666,14.61,15.176,14.732,14.438,15.039,14.76,14.581,14.807,13.882,13.882,13.671,13.641,14.807,13.436,14.543,14.438,14.666,15.285,15.757,14.872,14.207,12.794,7.1518,9.5228,10.647,12.41,12.89,13.641,13.302,13.478,12.718,12.498,12.013,12.23,13.302,14.304,14.352,14.438,16.511,16.834,16.435,16.427,16.957,17.168,17.384,17.573,16.957,17.36,17.628,16.801,15.992,13.802
16.74,19.651,19.651,19.798,19.986,19.467,18.963,19.058,18.005,17.483,16.313,16.099,14.67,15.996,13.388,15.813,15.252,15.477,16.056,16.33,16.465,17.132,17.172,17.348,17.364,15.787,15.361,12.99,11.243,9.4816,11.924,14.161,14.67,15.042,15.813,15.252,14.811,14.95,14.442,15.334,14.471,14.161,15.07,14.442,14.161,14.307,13.885,14.113,13.011,14.442,14.239,13.765,13.765,13.715,14.547,14.736,15.334,15.289,14.161,11.924,7.5303,9.6693,10.843,12.501,13.409,14.21,13.805,12.666,12.732,12.634,12.323,11.993,13.44,14.613,14.21,14.623,16.091,15.611,16.33,16.507,17.132,16.994,16.937,17.3,16.994,17.196,17.633,17.172,15.857,13.885
16.455,19.655,19.761,20.252,20.252,19.357,19.314,17.968,17.876,17.696,16.217,16.011,15.483,15.303,15.652,14.75,16.011,15.828,16.446,16.455,16.396,16.319,17.123,17.499,16.647,15.837,14.973,13.076,10.853,9.2088,12.513,14.825,15.303,15.348,15.802,15.483,15.075,14.983,14.598,15.483,14.175,14.973,14.75,13.848,14.017,14.484,13.657,13.687,13.988,14.126,14.321,13.452,13.848,13.586,14.455,14.455,15.348,14.973,13.778,12.391,6.3391,8.5697,10.853,12.29,12.809,12.722,13.898,12.906,12.733,11.877,11.771,11.303,12.656,12.733,12.733,15.348,15.933,16.53,16.53,16.53,17.444,16.446,16.977,16.854,16.879,16.788,17.139,16.821,15.705,14.665
14.624,16.583,17.601,17.634,17.991,17.26,17.526,16.185,16.005,15.311,14.334,13.976,13.501,13.241,13.501,13.296,13.976,13.725,13.996,14.495,14.693,14.889,15.235,15.015,14.445,14.693,14.161,12.205,10.214,8.0027,11.305,12.841,13.501,13.976,13.142,13.555,12.841,12.796,12.521,13.009,12.942,13.296,12.671,13.328,12.097,12.942,12.841,11.953,12.567,11.855,11.953,12.276,12.299,13.241,12.428,12.762,13.501,13.317,12.613,10.9,5.8228,7.5557,9.4167,11.318,11.098,11.855,11.953,11.419,11.356,10.013,10.214,10.214,10.9,11.419,10.833,13.109,13.996,13.725,14.13,13.296,14.782,14.212,15.159,14.889,14.574,15.302,15.311,14.212,14.038,12.287
16.71,19.407,20.162,19.997,20.238,19.292,19.407,18.599,17.518,17.644,16.205,16.094,16.341,15.973,15.817,14.953,15.264,15.255,16.316,16.384,16.907,16.367,17.391,17.175,17.232,16.137,15.472,13.193,12.236,9.5995,12.504,14.31,15.4,15.073,16.025,15.641,15.292,14.972,14.823,15.064,14.654,14.588,15.183,13.898,14.358,14.007,14.55,13.443,13.808,13.484,14.616,13.525,13.718,13.928,14.445,14.814,15.543,14.888,14.213,12.007,6.3345,9.1871,10.794,12.202,13.412,13.718,12.896,13.576,13.193,11.68,11.868,10.587,12.236,13.308,12.669,14.814,15.292,15.817,15.641,16.443,17.256,16.384,17.256,16.866,17.175,17.368,17.8,16.51,15.999,14.164
16.337,18.992,20.023,19.835,19.828,20.023,19.028,18.466,17.94,17.581,15.925,15.492,15.166,15.093,14.833,14.842,15.661,15.661,16.49,15.599,16.962,17.06,17.198,17.06,17.093,15.994,15.339,13.906,11.174,9.7979,12.161,15.357,15.785,15.599,15.065,15.42,14.908,14.692,14.842,15.084,14.692,15.193,13.786,14.898,13.906,14.569,14.329,13.705,14.569,13.856,13.916,13.501,13.826,14.183,13.429,14.758,15.084,14.673,13.736,12.74,6.8678,8.4934,10.6,12.487,12.297,13.084,13.211,12.664,12.686,11.696,12.012,12.331,12.126,12.686,13.211,14.87,16.158,15.811,16.632,16.227,15.837,16.765,15.811,17.198,16.405,16.798,17.94,16.657,15.846,14.173
16.024,19.33,19.229,20.132,20.063,19.344,19.179,18.621,18.007,17.443,16.162,16.274,15.207,14.333,14.573,15.316,15.496,15.567,15.85,16.536,16.494,16.342,16.536,17.202,16.636,16.024,14.986,13.699,11.202,9.4984,12.754,14.677,15.505,16.024,15.505,15.639,15.505,14.649,15.424,14.573,14.235,15.279,14.265,14.977,13.92,14.573,14.468,14.313,14.573,13.709,13.495,13.86,13.597,14.059,14.029,14.902,15.316,14.902,13.91,12.689,6.93,8.2301,10.378,12.164,13.045,12.667,13.013,12.164,12.255,11.663,11.115,11.115,12.3,13.182,12.667,15.316,15.665,16.024,16.162,16.274,16.119,16.811,16.359,17.451,17.162,16.536,17.259,16.934,15.496,14.902
16.555,18.633,20.034,20.344,20.076,19.053,18.774,18.483,17.526,17.398,16.403,15.825,15.289,15.289,14.62,14.147,15.86,15.371,16.061,16.061,16.505,16.369,16.378,17.47,16.069,16.009,15.613,13.053,11.357,9.3869,12.576,14.856,15.298,15.506,16.173,15.18,15.569,15.216,14.649,15.353,14.649,14.847,15.106,14.342,13.869,13.839,13.799,13.839,14.245,13.799,14.274,13.441,13.708,13.799,14.274,14.772,15.675,15.216,14.186,12.409,6.8741,8.5011,10.856,12.137,12.499,12.968,13.441,11.953,12.137,11.953,11.122,10.971,12.308,13.306,13.021,14.068,15.371,14.847,16.035,15.86,16.547,15.097,16.846,17.925,16.647,16.78,18.573,16.755,15.939,13.708
16.226,19.078,19.665,19.722,20.548,19.771,18.442,18.253,18.502,18.284,16.336,15.275,14.898,15.193,15.092,15.311,15.713,15.836,16.054,16.336,16.054,16.362,16.764,16.362,17.092,15.993,14.691,13.428,10.858,9.3184,11.941,14.832,15.165,15.634,15.419,15.66,14.898,15.064,15.5,15.193,15.338,15.092,13.694,15.165,14.231,14.898,14.757,14.328,14.376,13.501,13.674,13.735,13.428,13.906,13.856,14.757,14.832,14.99,13.825,12.52,6.6624,9.3184,10.743,11.161,12.564,13.178,12.663,12.685,13.041,11.6,11.941,12.296,12.034,13.21,13.735,14.898,15.81,15.66,16.888,16.455,16.539,16.362,16.539,16.539,16.986,17.197,17.413,16.986,15.356,14.376
16.721,19.346,20.166,20.248,20.472,19.524,19.296,18.475,18.173,17.647,16.208,15.696,15.793,15.366,15.075,15.819,15.625,15.863,16.208,16.336,16.242,16.319,16.513,16.721,16.471,16.336,14.956,13.164,11.061,9.4705,12.283,14.514,15.185,15.767,15.643,15.339,15.474,14.447,14.881,14.881,14.769,14.741,14.312,14.853,14.157,14.965,14.619,13.68,13.31,13.476,13.68,13.476,13.93,14.118,13.68,14.853,15.474,15.176,13.69,12.238,7.1562,8.1678,11.186,11.998,13.185,13.89,12.506,12.317,12.506,12.384,11.998,11.587,13.185,12.995,13.195,14.9,15.819,15.474,16.721,16.242,17.202,17.138,17.073,18.264,17.073,17.041,18.142,16.513,16.002,14.312
16.327,18.95,20.45,20.732,20.144,20.082,18.928,18.582,17.352,17.112,15.802,15.767,16.703,15.52,15.627,15.802,14.884,15.278,16.019,15.985,16.62,16.595,17.352,18.062,16.728,16.08,15.529,12.981,11.61,9.6483,12.723,14.278,15.75,16.233,15.565,15.458,14.949,14.875,14.537,14.103,14.641,15.323,15.059,15.169,14.726,13.915,14.103,14.152,14.461,13.431,13.915,13.461,14.2,14.866,13.675,14.122,15.386,14.603,14.103,12.537,7.1486,9.6912,11.67,11.752,12.712,13.234,13.756,13.665,13.013,11.67,11.248,11.346,12.799,13.876,13.756,14.726,15.386,15.889,17.542,16.233,17.12,16.453,17.288,17.87,16.966,18.085,17.901,16.827,16.62,13.013
14.628,16.808,17.005,17.557,17.818,17.157,16.565,16.354,16.678,15.398,14.979,13.486,13.095,13.95,12.95,14.196,14.022,13.443,13.486,14.115,14.677,14.469,15.066,14.95,14.999,14.288,13.017,12.132,9.5286,9.014,10.674,12.553,13.604,13.443,13.981,13.773,13.006,13.017,13.54,13.357,12.95,12.599,12.917,12.553,12.588,12.782,12.782,11.903,12.024,12.414,13.006,12.132,12.084,12.132,12.827,12.928,13.783,13.017,12.553,10.674,6.8018,8.3996,9.1887,10.565,11.793,12.024,12.084,11.903,11.305,10.888,9.8714,10.714,12.379,12.379,12.995,13.095,13.572,14.348,14.479,15.295,15.066,15.209,15.379,14.558,15.594,15.143,15.152,14.912,13.454,12.274
16.753,19.123,20.656,20.703,20.217,19.374,19.238,18.941,17.892,17.463,16.319,16.819,16.038,15.804,16.081,14.794,15.672,15.244,15.62,16.362,16.819,16.184,17.392,17.152,16.942,16.184,15.743,13.75,11.747,8.9924,12.63,14.291,15.9,16.412,15.62,15.451,15.271,14.653,14.425,14.859,14.194,14.794,15.62,14.272,14.145,14.349,13.659,14.145,14.568,14.145,14.096,13.79,14.597,14.145,14.606,14.719,15.451,14.831,14.223,11.991,7.5217,9.6868,10.572,12.619,13.165,13.699,13.394,12.309,12.128,11.91,11.605,12.63,12.619,13.373,13.29,15.769,15.043,15.343,16.294,16.362,16.819,16.917,17.722,17.62,16.917,17.722,18.206,16.696,16.072,13.959
16.384,19.199,20.516,20.469,19.914,19.697,19.149,18.857,17.637,17.978,16.71,16.443,16.367,15.921,15.999,14.953,14.767,16.103,16.206,16.025,16.94,16.635,16.784,17.352,16.71,16.316,15.472,13.474,11.097,9.3661,12.281,14.445,15.543,15.999,15.641,15.999,15.337,14.972,15.174,15.265,14.135,14.879,14.823,14.164,14.213,13.277,14.31,13.978,14.007,14.213,14.213,13.928,13.888,13.888,14.164,14.445,15.319,14.588,14.164,12.548,7.0184,8.9274,10.335,11.295,13.888,13.014,13.443,13.308,13.183,12.007,12.281,10.794,12.382,12.724,13.067,14.359,15.292,16.333,16.248,16.24,17.352,17.511,16.342,16.776,16.316,17.111,17.487,16.784,15.543,13.474
16.708,18.991,20.225,19.839,19.977,19.984,19.508,17.882,18.58,18.128,16.5,16.323,16.331,16.084,16.084,15.063,15.309,15.524,15.963,15.754,16.708,16.97,17.357,16.831,16.508,15.815,15.327,13.567,11.09,9.8774,12.463,14.204,15.524,15.78,15.85,16.024,15.327,15.036,15.569,15.164,14.664,14.814,15.309,14.579,14.233,13.8,14.204,13.759,13.679,14.146,14.204,13.759,13.679,13.8,13.759,14.607,15.533,14.282,13.998,12.628,7.1506,9.4775,10.632,11.324,13.465,12.791,12.984,12.984,12.802,12.011,11.14,10.838,12.463,13.879,14.503,14.73,16.093,15.684,15.78,17.293,17.404,16.708,16.625,17.06,16.954,17.507,17.851,17.124,16.373,13.919
16.523,19.019,20.013,19.783,19.93,19.818,19.487,18.614,18.457,17.869,16.321,16.38,15.304,14.965,14.38,15.076,15.627,14.975,16.219,16.012,16.219,16.732,17.246,17.318,16.329,16.219,15.304,13.423,10.955,9.6792,12.481,14.751,15.627,15.838,15.484,15.627,15.076,14.751,15.493,14.628,14.826,15.085,13.989,14.6,13.779,14.779,14.166,13.849,14.225,13.536,14.176,13.819,14.127,14.485,13.688,14.322,15.058,14.751,13.909,12.646,6.8644,9.6648,10.53,11.772,12.723,13.423,13.423,12.635,12.291,11.63,11.936,12.291,12.017,13.024,13.779,15.304,15.349,16.116,16.397,16.79,16.456,16.116,16.397,16.954,16.532,17.437,17.659,16.456,16.116,13.849
16.349,18.829,20.109,20.498,19.923,19.86,19.923,18.689,18.382,17.263,16.349,16.391,15.299,15.344,14.451,15.271,15.63,15.299,15.701,16.006,16.517,16.849,17.431,17.495,16.213,15.271,15.052,13.49,10.734,9.3258,12.476,14.83,15.824,16.006,15.867,15.479,15.344,15.262,14.736,14.632,14.451,15.344,14.661,14.48,13.814,14.556,13.904,13.894,14.661,13.724,13.774,13.774,13.724,14.632,13.934,14.451,14.82,14.556,14.556,12.675,7.3868,9.2062,11.102,12.675,13.073,13.418,12.848,13.418,12.998,11.59,11.542,12.207,12.013,12.51,13.168,15.648,15.407,16.213,16.726,16.255,16.144,16.032,16.726,17.495,16.726,17.207,17.359,16.849,15.344,14.013
16.768,18.79,20.228,20.091,20.317,19.519,19.455,18.65,18.366,17.192,16.502,16.232,15.465,15.783,15.992,14.732,15.176,15.783,16.13,16.241,16.469,16.241,17.344,17.36,16.859,16.834,15.633,13.312,11.253,9.5951,12.41,14.158,15.473,15.616,15.914,15.607,15.057,15.167,15.057,14.946,13.832,14.543,15.248,14.129,13.882,13.802,13.892,12.89,13.57,13.711,14.505,13.671,14.148,14.236,14.619,14.236,15.686,14.807,14.158,12.641,6.9159,9.4792,10.582,11.675,13.145,13.651,12.002,13.406,12.013,12.309,11.29,11.241,13.145,12.663,13.177,14.581,15.757,15.536,15.536,17.675,17.885,16.309,17.675,16.989,18.343,17.738,18.605,16.957,16.502,13.832
16.799,19.389,20.672,20.226,20.123,20.123,20.02,18.461,18.364,17.165,16.324,16.093,15.851,15.614,15.755,14.665,15.355,15.283,16.357,15.851,16.832,16.955,16.626,17.548,16.509,16.298,15.165,13.186,11.756,9.4781,12.497,14.541,14.87,15.605,15.632,15.534,14.963,14.88,14.35,14.889,14.234,14.302,15.57,13.639,14.205,14.234,13.88,13.649,14.36,14.815,14.541,13.568,13.68,13.8,14.805,14.945,15.256,14.945,13.8,12.274,7.655,9.4781,10.515,12.274,12.716,13.3,13.186,12.932,12.497,11.638,11.252,11.053,12.835,13.517,12.716,15.247,14.73,15.632,16.955,17.665,17.736,16.5,18.461,17.673,16.799,17.19,17.852,17.101,15.807,13.568
14.357,17.158,17.385,17.747,17.982,17.226,17.158,16.757,15.64,15.104,14.537,13.989,14.477,14.03,14.487,13.289,13.622,14.205,14.617,14.123,15.104,14.537,15.151,15.519,14.803,13.791,13.451,11.414,10.209,8.6757,11.35,12.698,13.494,13.833,13.885,13.494,13.365,13.494,12.607,13.31,12.549,12.935,13.002,12.595,12.375,12.198,12.422,12.269,11.615,12.293,12.293,11.59,11.812,12.422,12.091,12.595,13.791,13.135,12.387,10.895,6.5012,8.142,8.9548,9.3965,11.502,11.515,11.312,11.439,10.814,10.653,10.237,9.5796,11.235,11.812,12.198,12.387,13.717,13.999,14.082,15.075,15.237,14.527,15.237,15.612,15.603,15.151,15.417,14.696,14.082,12.031
14.449,17.181,17.265,17.778,17.382,17.827,16.865,16.632,16.474,15.837,14.042,14.093,13.558,13.896,14.549,13.462,13.792,13.633,14.042,14.134,15,14.707,14.308,14.932,14.932,13.462,13.375,11.895,9.6325,8.0771,10.903,13.146,12.968,13.462,13.321,13.76,13.102,12.617,13.473,13.375,12.148,12.765,13.299,11.92,12.617,12.279,12.041,12.041,12.148,12.208,12.385,11.956,12.148,11.81,12.303,12.799,13.299,12.845,11.859,10.837,6.5508,8.005,9.2642,10.769,11.205,11.624,11.359,11.101,10.903,10.358,10.287,10.455,10.62,12.041,10.823,14.042,13.201,13.494,14.308,14.499,14.697,15.163,14.786,15.764,15.401,14.893,15.429,15.504,13.728,11.76
14.643,17.509,18.046,18.214,18.087,17.259,17.166,16.157,15.61,15.11,13.724,14.623,14.211,13.316,14.692,13.371,13.457,13.702,14.544,14.544,14.692,14.966,15.11,15.986,14.623,14.221,13.724,11.952,10.766,8.1457,10.886,12.964,13.797,13.618,13.891,13.019,13.586,13.316,12.555,12.427,12.036,13.295,12.941,12.036,11.891,12.392,11.756,11.557,12.096,12.427,12.84,12.036,12.275,11.891,12.204,12.485,13.586,13.295,12.036,10.213,6.2774,8.2341,9.5838,10.213,11.24,11.52,11.355,11.419,10.779,9.9254,9.8227,9.4161,11.805,10.899,11.854,12.485,13.787,13.554,14.211,14.252,14.781,14.494,14.956,15.675,15.081,15.158,15.986,14.781,14.494,11.419
15.938,18.611,19.718,20.039,20.565,20.073,19.377,18.965,18.994,17.974,16.653,15.335,14.867,15.807,14.688,16.077,15.162,15.842,16.077,15.938,17.145,16.851,16.761,16.86,17.193,16.536,14.603,13.426,11.109,9.6815,12.008,14.669,15.38,15.281,16.016,15.281,14.969,14.978,15.353,14.987,14.987,14.904,13.783,15.271,14.603,14.325,14.325,13.692,14.228,13.426,13.207,13.661,12.91,13.823,13.702,14.527,14.782,15.061,14.179,13.038,5.9578,8.685,10.17,11.692,12.682,12.294,12.638,12.66,12.682,11.692,12.158,11.549,11.834,14.228,13.661,14.603,15.99,15.63,16.536,15.71,16.401,16.86,16.628,17.529,17.25,17.529,16.982,16.761,14.978,13.823
16.546,19.181,20.065,20.463,20.176,18.999,19.375,19.036,19.036,17.397,16.771,16.369,15.808,16.233,15.948,14.65,15.29,16.026,15.843,16.13,17.067,16.233,17.067,17.204,16.344,15.931,15.852,12.918,11.203,9.7163,12.658,14.764,15.318,15.605,16.13,15.363,15.318,14.904,15.071,14.698,14.848,14.001,14.997,14.139,14.315,13.599,14.188,13.67,13.912,13.68,14.469,13.434,13.434,13.184,14.178,14.764,15.39,14.698,13.68,11.888,5.8914,8.4475,9.6733,10.67,12.821,13.414,12.658,12.69,11.605,11.947,10.136,10.85,12.039,12.668,12.668,14.315,15.39,16.026,16.663,16.121,16.538,15.852,16.969,16.663,17.713,17.156,17.611,16.471,15.569,13.741
17.163,19.05,20.471,21.25,20.369,19.808,19.189,19.007,17.923,17.523,15.823,15.858,15.567,15.673,15.369,13.797,14.77,15.287,15.287,16.033,16.35,16.469,17.468,17.547,15.858,15.611,15.287,13.686,11.269,9.5033,13.052,14.34,15.611,16.401,15.432,15.369,15.095,14.647,14.704,14.919,14.475,14.77,14.58,14.34,13.44,13.927,14.194,14.145,14.007,13.917,13.706,13.336,13.44,14.34,13.221,14.398,15.214,14.91,14.704,11.951,6.4131,8.5814,10.384,11.787,11.207,12.53,12.497,13.02,11.669,11.083,11.083,11.669,12.136,13.44,12.574,14.994,14.656,15.095,16.469,15.893,16.136,15.893,17.163,17.404,16.469,17.268,18.208,16.819,15.85,14.919
16.659,19.096,20.653,20.518,20.457,20.266,19.038,18.884,18.165,17.708,16.117,15.926,15.359,14.9,14.184,14.694,15.359,14.9,15.716,15.813,16.767,16.331,16.39,16.866,16.659,15.996,14.993,13.085,11.262,9.3793,12.741,14.608,15.883,16.022,15.944,15.493,15.359,14.974,14.788,14.155,14.788,14.646,14.694,14.379,13.828,13.707,14.233,13.948,14.184,13.327,13.503,13.201,13.544,14.33,13.788,14.33,15.204,14.872,14.027,12.957,7.3939,8.9555,10.847,11.075,12.298,13.676,12.741,12.665,12.488,11.175,11.274,12.128,12.861,12.817,13.264,14.974,15.313,16.022,16.866,16.407,16.542,16.542,16.542,16.964,17.583,17.151,17.456,16.808,16.022,13.908
16.121,19.273,19.866,20.115,20.142,19.866,20.08,19.323,18.423,17.852,17.374,15.625,16.3,15.24,15.775,16.121,14.808,15.81,15.322,16.189,16.493,16.619,17.876,17.398,16.701,16.351,15.168,13.643,11.526,9.3124,12.7,15.322,15.03,15.625,15.625,15.159,15.049,15.159,15.049,14.602,14.658,14.808,14.459,14.808,14.14,14.715,14.121,13.674,14.199,13.305,13.562,13.824,13.993,14.658,13.704,14.948,14.883,15.465,13.964,12.369,7.1479,8.699,10.524,11.538,12.98,12.883,13.138,13.18,12.635,12.099,11.984,11.609,11.538,14.344,14.864,14.14,15.983,16.189,16.701,16.825,16.594,17.215,17.11,17.666,16.46,17.287,17.783,17.374,15.983,13.674
14.127,17.297,17.104,17.629,17.833,17.922,17.255,16.762,16.181,16.474,14.62,14.33,13.455,13.498,14.086,13.017,13.583,13.314,14.208,13.993,14.807,14.924,14.807,14.208,14.69,14.157,13.325,11.505,9.7022,8.3549,11.043,12.564,13.292,13.487,13.626,13.455,13.194,12.552,12.792,13.498,12.518,13.314,12.838,12.425,12.758,12.792,12.425,12.702,12.483,12.178,12.928,11.95,11.754,12.034,13.106,13.238,13.455,13.455,11.889,10.45,6.8075,8.4067,8.876,10.601,11.643,11.889,12.201,11.315,11.043,10.817,11.082,10.394,10.723,11.518,11.618,13.006,13.615,14.208,14.699,14.3,14.219,14.361,15.392,14.249,15.232,15.672,14.699,14.219,14.003,12.284
16.482,19.087,20.393,20.481,19.775,20.508,20.066,18.942,18.388,17.84,16.805,16.356,15.789,15.02,14.14,16.305,15.763,15.454,15.587,15.552,16.49,16.689,17.653,17.457,16.448,16.406,15.311,13.389,11.239,9.6547,12.449,14.266,15.148,15.798,15.798,15.445,15.157,15.148,14.525,15.311,14.286,14.334,15.12,14.629,14.13,14.189,13.784,13.814,13.552,13.904,15.047,13.784,14.091,13.654,14.798,14.648,15.754,14.713,14.091,12.604,7.8772,8.8031,11.028,11.361,13.16,13.389,12.82,12.604,12.625,13.129,10.826,12.181,12.527,13.953,14.742,15.265,15.789,16.075,17.009,16.911,17.978,16.813,16.878,17.226,17.963,18.085,17.855,17.009,15.445,14.788
14.144,17.088,17.315,18.281,17.637,17.613,17.003,16.273,15.814,15.676,14.467,13.98,14.113,13.824,14.072,13.356,12.949,13.442,13.708,14.205,14.794,14.91,14.978,15.151,14.871,13.771,13.485,11.804,10.605,8.2073,11.085,12.78,13.442,13.98,13.708,14.021,12.927,13.453,13.356,13.181,12.541,13.093,12.587,13.005,12.552,12.273,12.78,11.902,12.083,12.471,12.552,12.378,12.378,12.655,13.005,12.927,13.57,12.915,12.69,10.874,6.0831,8.2249,9.1879,10.145,11.829,11.938,11.938,12.083,11.607,11.032,10.272,10.44,11.582,11.582,11.792,13.181,13.57,13.824,14.477,15.303,14.978,14.427,15.141,14.91,15.657,15.397,15.887,14.871,13.687,12.261
13.997,17.087,17.646,17.784,18.65,18.203,17.563,16.183,15.994,15.187,14.484,13.788,13.955,13.966,14.028,13.545,13.286,13.448,14.484,13.966,14.917,14.484,14.771,15.3,14.84,14.079,13.715,11.637,10.347,8.8228,10.879,12.512,13.577,13.459,13.778,13.715,13.577,13.188,13.577,12.477,13.022,12.955,12.933,12.91,12.593,12.029,12.419,12.089,12.029,12.196,12.372,11.798,11.835,12.196,12.419,12.933,13.545,13.011,12.832,11.077,6.1334,8.0869,9.3946,10.445,11.847,11.944,11.09,11.798,11.309,10.826,10.207,9.8752,10.772,12.196,11.587,13,13.1,13.715,14.484,14.484,14.693,14.985,15.187,15.637,15.148,14.771,15.637,14.956,13.986,11.944
14.611,16.393,17.879,17.362,17.757,17.345,16.889,15.745,16.569,15.523,14.21,13.984,14.118,14.321,12.931,14.2,12.51,13.185,13.88,14.077,14.472,14.532,14.837,15.598,14.532,14.769,12.998,11.635,9.6813,8.6725,10.77,13.02,13.284,14.291,13.744,13.828,13.229,12.784,13.284,12.545,13.086,12.953,12.37,13.36,12.545,12.475,12.556,12.417,12.382,11.747,12.288,12.027,12.134,12.602,12.382,12.556,13.617,13.009,12.51,10.757,6.4988,8.0856,10.005,10.891,11.231,11.942,12.134,11.635,11.611,10.608,10.205,10.567,11.088,12.908,12.288,12.83,13.828,14.2,14.611,15.232,14.532,14.118,14.769,15.964,15.213,15.514,15.635,15.289,14.118,12.556
14.485,17.223,17.515,17.589,17.622,17.883,16.139,16.755,15.995,15.216,14.535,14.151,13.287,12.933,12.385,14.08,13.46,12.956,13.492,13.363,14.683,14.202,15.149,15.216,14.614,14.213,14.213,11.884,10.15,8.0873,11.233,12.956,13.715,13.715,13.715,13.966,13.011,13.449,13.481,13.287,12.291,12.513,12.787,12.385,12.137,13.011,12.267,11.798,12.291,12.267,12.385,12.559,12.267,12.478,12.605,12.559,13.747,13,12.42,10.39,6.5445,8.5058,9.8902,10.445,12.089,12.547,12.559,11.09,11.847,10.893,9.395,10.826,11.588,11.749,12.696,13.011,13.883,13.545,14.535,14.772,15.225,14.772,15.225,14.879,15.386,15.072,16.049,15.005,13.966,12.137
17.127,19.334,20.453,20.419,20.091,19.632,19.842,18.959,18.108,17.192,15.818,16.018,15.818,14.844,15.992,14.236,14.891,15.783,16.376,16.334,16.769,16.435,17.248,17.479,16.503,16.427,15.393,13.671,11.179,9.8231,12.376,15.285,16.13,16.326,16.027,15.783,14.947,14.872,13.882,14.807,13.467,14.807,14.619,13.762,14.61,13.971,14.109,13.478,13.671,14.158,14.109,13.478,13.971,13.882,13.882,14.158,16.027,14.872,14.362,12.275,7.0153,9.6956,10.516,12.499,12.718,13.406,13.832,12.933,12.309,12.707,11.99,12.105,12.891,12.543,12.376,14.61,16.511,15.039,16.376,17.168,17.36,16.376,17.352,17.168,17.636,18.108,17.676,16.834,15.33,13.671
16.458,19.697,20.788,21.28,20.406,20.554,19.781,18.924,18.593,17.897,16.016,16.5,14.872,14.295,13.753,15.606,14.713,15.239,15.843,16.5,17.019,16.5,16.946,17.108,17.373,16.042,14.807,13.823,11.667,9.5168,12.368,15.239,15.302,15.455,15.773,15.562,15.597,15.047,14.872,14.955,14.352,14.352,14.657,14.429,13.642,14.149,13.642,13.873,13.873,14.149,13.992,13.823,13.459,13.179,14.139,14.227,15.157,14.638,13.913,12.132,7.319,9.3115,10.404,11.343,13.962,13.262,13.753,13.753,12.622,12.402,11.667,11.048,12.301,12.796,13.873,14.798,14.937,15.904,16.617,17.213,18.119,17.213,16.946,17.333,17.936,18.058,18.241,17.019,16.298,14.946
16.826,18.986,20.409,20.226,20.685,19.784,19.275,19.131,18.641,17.869,16.703,16.088,15.776,15.767,15.767,15.466,15.608,15.845,16.62,16.461,16.703,16.703,17.288,17.183,16.924,16.318,15.35,13.15,11.049,9.4747,12.712,14.498,15.679,16.01,15.528,15.323,14.8,14.874,14.948,14.884,14.277,14.725,14.8,14.355,14.536,13.825,14.345,13.665,14.297,13.461,13.675,13.461,13.399,14.102,14.151,14.837,15.626,14.603,14.2,12.701,7.1484,9.1785,11.174,12.37,13.705,12.927,14.64,12.701,12.224,11.478,11.669,11.037,12.537,13.296,13.15,14.939,15.906,15.889,15.811,16.01,17.159,16.826,16.19,18.244,17.351,17.729,18.122,16.495,15.564,14.297
16.836,19.767,21.015,21.041,20.617,20.025,20.421,18.88,18.133,16.712,15.898,15.994,16.378,15.286,14.668,16.054,15.178,15.688,16.378,16.737,16.861,16.378,17.386,17.575,17.121,15.994,15.785,14.199,11.545,9.4657,12.795,14.583,15.898,16.31,15.286,15.395,14.948,14.237,14.507,14.208,13.883,14.44,15.168,15.141,14.208,14.13,13.189,13.272,14.159,13.642,13.479,13.479,13.893,13.833,13.571,15.059,15.994,14.818,14.286,12.015,6.7344,9.5239,10.358,12.544,13.673,13.883,13.314,12.265,12.5,11.376,11.093,11.922,12.141,13.713,13.571,13.763,15.635,15.25,15.994,15.259,16.77,15.811,16.836,18.003,17.169,16.836,17.25,17.129,16.471,14.545
16.37,19.441,20.066,20.032,20.341,20.498,19.102,18.384,18.676,17.917,16.505,15.561,14.998,14.613,14.238,15.318,16.027,15.318,16.027,15.818,16.395,16.37,16.871,17.894,16.497,16.088,15.291,14.383,11.701,10.136,12.132,14.383,15.641,15.809,15.721,15.606,14.914,15.209,14.914,14.575,15.2,14.575,14.335,14.47,13.015,13.681,13.922,14.499,13.912,13.216,13.507,13.435,13.331,14.613,13.832,14.68,15.2,14.765,14.189,12.658,7.3209,8.9585,10.864,11.701,13.174,14.032,13.015,12.833,12.962,12.04,11.557,11.557,12.166,12.291,12.403,14.032,14.905,14.765,14.84,15.391,16.471,16.062,16.896,17.517,16.345,16.664,18.201,17.382,16.062,13.435
14.499,17.028,17.138,17.972,18.101,17.899,17.34,16.701,16.403,15.325,14.226,13.844,13.791,12.934,12.946,13.969,13.622,14.041,14.165,14.548,15.115,14.893,14.578,14.971,15.419,14.707,13.76,11.858,10.16,9.1697,10.903,13.321,13.332,14.093,13.76,13.979,12.844,13.201,12.396,12.968,12.946,12.431,12.708,13.201,12.49,12.208,12.385,11.858,12.148,12.1,12.605,11.599,12.04,12.04,12.1,12.799,13.244,13.244,11.956,10.399,6.092,8.3592,9.2953,10.661,10.89,12.04,11.41,11.101,10.903,10.606,9.4039,9.9288,10.245,11.956,11.359,12.04,13.791,12.968,14.134,14.01,14.469,14.01,14.893,14.628,14.893,15.615,15.726,14.648,13.979,12.571
16.267,18.989,20.186,20.02,20.493,19.423,19.494,18.463,17.876,17.388,16.763,16.403,15.712,15.355,15.597,14.633,15.081,15.922,15.94,15.8,17.252,16.804,16.862,17.22,16.985,16.538,15.382,13.209,11.634,9.4213,12.519,15.063,15.355,15.782,16.044,15.337,14.906,14.69,14.906,14.989,14.375,14.671,14.868,13.994,14.23,13.824,14.23,13.489,13.944,14.181,14.69,13.458,13.324,13.914,13.994,15.091,14.831,14.643,13.693,12.01,6.8669,9.4946,10.454,11.882,13.198,13.458,14.259,13.784,11.587,11.551,11.172,10.131,11.835,12.485,12.34,14.23,14.971,14.784,15.712,16.361,17.196,16.403,16.454,16.985,18.122,17.507,17.657,16.763,16.018,13.824
16.65,19.82,20.863,20.487,20.256,19.539,19.144,18.278,17.972,17.151,16.04,16.04,15.84,15.628,16.348,14.837,14.601,14.827,15.805,16.014,16.65,16.533,16.533,17.66,17.527,16.331,15.708,13.403,12.007,9.3153,12.908,14.893,15.708,15.778,16.254,16.152,15.078,14.865,14.487,14.752,13.851,14.563,15.269,14.168,14.128,13.424,13.901,13.163,13.486,13.941,14.177,13.821,14.487,13.911,14.05,14.63,15.655,14.686,13.821,11.832,6.8449,8.8263,10.804,11.774,13.424,13.004,13.163,12.854,11.366,11.548,10.385,11.256,12.681,12.681,12.156,14.63,14.323,14.752,15.936,16.449,17.407,16.399,16.849,17.143,17.447,17.503,18.697,16.725,16.263,13.455
16.112,19.824,20.867,20.054,20.157,20.322,19.543,18.552,18.029,17.275,15.939,14.755,15.2,15.551,14.17,16.36,15.309,15.282,16.017,15.799,16.402,16.326,17.538,16.461,16.266,16.729,15.354,13.591,11.072,9.4941,12.661,14.689,15.64,15.711,15.782,15.782,14.868,14.604,14.868,14.868,14.131,13.993,15.09,14.689,14.461,14.566,13.733,13.993,14.131,14.67,14.18,13.662,13.824,13.292,14.689,14.374,14.604,14.979,13.489,11.776,7.0852,9.1974,10.857,11.916,12.518,12.661,13.198,12.396,12.429,11.693,11.307,11.369,12.727,13.292,14.229,14.229,15.417,14.97,15.878,16.052,16.402,16.537,17.057,16.453,17.387,18.281,17.371,17.506,15.309,14.49
16.808,18.886,20.141,20.325,20.237,20.031,19.342,19.148,18.373,17.134,16.964,15.48,14.878,15.336,14.164,15.471,15.48,15.64,16.315,16.775,16.518,16.102,17.037,16.434,16.866,16.102,15.318,13.151,11.585,9.4832,12.712,14.962,15.255,15.48,15.79,15.318,14.888,14.358,14.953,14.738,14.953,14.444,14.888,14.971,14.213,14.511,13.838,14.358,14.654,13.483,13.898,13.318,13.411,14.242,14.154,14.766,15.291,14.962,13.888,12.636,7.1548,9.671,11.762,11.537,12.799,14.115,13.808,12.939,12.314,11.762,12.144,11.903,11.62,13.182,14.549,13.717,16.383,15.79,16.434,15.999,16.784,16.476,16.939,17.8,17.175,17.351,17.367,17.367,15.903,13.768
14.985,16.814,17.759,18.082,17.881,18.074,17.347,16.805,15.637,15.234,14.027,13.777,13.83,13.48,11.846,14.027,13.714,13.448,14.079,14.534,14.454,14.524,15.234,15.747,14.771,14.201,13.619,12.266,10.106,8.4025,11.076,12.955,13.576,13.608,14.12,13.746,13.307,13.286,13.307,12.999,12.786,12.786,13.231,12.932,12.695,12.661,11.637,11.748,11.797,12.786,12.592,11.55,12.136,12.088,12.136,13.01,13.286,13.088,12.195,10.049,6.5661,8.4197,10.22,11.512,11.797,12.136,11.944,11.309,11.037,11.347,9.2546,10.568,11.309,11.55,12.372,13.362,12.955,13.362,14.079,14.201,15.1,14.474,15.683,15.29,15.071,15.234,15.525,14.985,14.12,11.398
14.534,16.218,17.588,17.816,17.881,17.222,16.985,16.263,15.83,15.683,14.12,13.986,13.48,13.619,13.955,13.448,13.608,14.027,14.242,14.12,15.1,14.839,15.071,15.975,15.148,14.946,13.491,11.612,10.277,8.8716,11.037,13.088,13.491,13.955,13.83,13.286,13.448,12.999,12.999,12.786,13.132,13.011,12.955,12.419,12.786,12.266,12.384,12.195,12.477,11.81,12.29,11.907,11.637,12.477,12.195,12.955,13.448,12.786,11.907,10.879,6.8042,8.4026,10.444,10.825,12.752,12.136,12.384,11.944,10.892,10.718,10.107,9.6226,10.812,11.797,11.797,12.266,13.746,13.619,14.201,13.996,15.637,14.613,14.633,15.3,14.771,15.683,15.975,14.027,13.955,12.372
15.152,16.575,17.885,17.885,18.301,17.567,17.747,15.97,15.304,14.774,14.357,13.483,13.494,13.494,12.198,14.246,13.135,13.718,14.215,14.357,14.95,14.246,15.52,15.218,14.843,14.617,13.494,11.947,10.279,8.5072,11.092,12.664,14.082,14.246,13.958,13.289,13.494,12.789,12.515,12.935,12.387,12.561,13.451,12.387,12.755,12.789,11.401,12.091,12.139,12.698,12.561,11.092,11.849,12.198,12.387,12.561,13.548,13.014,12.549,10.612,6.4789,8.5072,10.35,11.04,11.751,11.91,12.031,11.502,11.079,11.092,10.828,11.59,10.72,12.269,12.139,11.813,12.789,14.437,14.296,14.437,15.152,14.686,15.492,15.19,15.152,14.487,15.64,14.205,13.989,12.269
14.77,16.605,17.346,17.88,17.88,17.759,16.813,16.465,15.747,15.214,14.026,13.777,13.829,12.999,12.557,13.187,14.211,13.285,14.201,14.433,14.877,14.483,15.299,15.515,15.147,14.201,13.285,11.882,10.758,8.6732,11.076,12.511,14.15,14.078,13.996,13.714,13.458,13.361,13.01,12.752,13.099,13.285,12.831,13.01,12.028,12.289,12.418,12.383,12.383,12.603,12.66,12.278,12.289,12.932,12.088,13.307,13.48,12.999,12.66,11.232,6.9926,8.5048,9.4093,10.878,11.797,11.846,11.511,11.347,11.089,10.234,10.333,11.089,11.232,11.636,11.748,12.752,12.592,13.787,14.433,13.714,14.201,15.099,15.214,15.599,15.233,15.071,15.71,14.877,14.292,12.028
16.794,18.678,19.739,20.484,20.78,19.598,19.169,19.082,18.318,17.702,15.595,15.921,15.353,15.272,14.489,14.83,15.353,15.199,15.631,16.628,16.958,16.536,16.653,16.86,16.736,15.807,15.353,13.59,11.55,9.4937,12.429,14.67,16.111,16.016,15.834,15.38,15.353,14.969,14.783,14.527,14.783,15.38,14.46,14.46,13.59,13.702,13.783,13.732,14.228,13.539,13.913,13.993,13.498,14.604,13.322,13.903,15.551,14.895,14.17,12.395,7.4475,9.0602,10.856,12.294,13.426,13.943,13.732,13.028,12.953,11.881,11.392,12.158,12.339,13.426,12.395,14.46,14.46,15.062,16.016,16.051,15.807,16.051,16.885,17.537,16.885,16.653,18.159,17.506,16.051,13.823
16.544,18.996,20.118,19.551,19.861,19.882,18.709,19.033,18.448,17.514,16.341,15.279,15.288,14.572,14.874,15.206,16.493,15.665,15.788,16.162,16.493,16.05,17.161,17.097,15.841,15.928,15.087,13.739,11.567,9.4835,11.887,14.332,16.058,15.85,15.567,16.273,14.995,14.639,15.342,15.096,14.837,14.639,14.332,14.846,13.829,14.762,14.176,13.698,14.176,13.709,13.829,13.739,13.829,14.264,14.176,14.235,15.495,14.677,13.789,12.732,7.1661,9.7148,10.746,11.603,12.83,13.034,13.597,13.214,12.689,11.591,11.945,12.164,12.288,13.034,13.214,14.467,15.087,15.638,15.998,15.096,16.358,16.493,16.341,17.226,16.273,16.636,17.514,17.258,15.85,13.829
16.636,18.592,20.578,20.544,20.672,19.293,19.465,18.375,18.171,17.176,16.334,15.615,15.861,14.88,13.678,15.472,15.292,15.065,15.615,15.922,16.519,16.444,17.176,17.747,16.249,16.24,15.922,13.067,11.822,10.051,13.183,15.292,15.292,15.641,15.579,15.615,15.065,15.174,14.446,15.256,14.74,14.512,15.401,14.446,13.889,13.769,13.769,13.718,13.889,14.037,14.617,13.484,13.809,13.648,14.165,14.824,14.852,14.551,13.769,11.645,7.3651,9.926,11.332,12.724,13.889,14.165,13.899,13.152,11.763,12.505,11.381,11.681,13.025,13.319,14.674,14.446,14.963,15.782,16.444,16.103,17.432,16.385,16.843,17.128,16.867,17.176,18.262,16.998,15.905,13.412
16.795,20.035,21.004,21.155,20.145,19.701,19.476,19.045,18.245,16.621,15.986,15.768,16.328,14.866,13.472,15.812,15.324,15.53,16.302,16.704,16.621,16.95,17.847,17.901,16.828,15.89,15.751,13.151,11.539,9.4609,12.928,14.754,15.777,15.986,16.192,15.351,15.387,14.201,13.706,14.613,13.307,14.298,15.467,14.433,13.876,13.916,13.564,13.182,13.4,14.201,14.537,13.14,14.143,13.676,14.123,14.754,15.161,15.051,13.756,11.527,7.4702,9.8752,11.038,13.266,14.346,14.279,13.756,13.151,12.315,12.713,10.784,12.089,13.056,12.885,14.152,14.103,14.298,15.279,16.123,16.926,17.185,16.704,17.668,17.621,17.217,17.994,18.215,17.12,15.68,13.297
14.455,16.572,17.223,17.564,17.223,17.646,16.815,16.892,15.748,15.637,14.534,14.12,13.62,13.747,14.475,14.079,13.694,14.028,14.12,14.354,14.771,15.301,15.517,15.301,14.879,14.614,13.747,12.029,10.772,8.6741,11.09,13.1,13.966,14.12,13.459,13.319,12.911,12.955,13.011,12.832,12.787,13.232,12.512,12.593,12.696,12.662,12.279,12.089,12.089,11.81,11.944,12.196,11.847,12.558,12.419,12.955,12.911,13.133,12.291,11.09,6.5444,7.2373,9.1924,10.445,11.847,11.835,12.196,11.884,11.513,10.235,10.678,9.3948,10.596,12.291,11.348,12.696,14.079,13.449,14.354,13.747,14.634,14.202,14.485,15.187,14.985,15.885,16.361,14.84,14.354,12.196
16.534,19.087,20.563,20.325,20.154,19.982,19.596,18.795,17.818,17.054,15.487,16.11,15.629,15.197,15.078,14.912,16.357,15.656,16.883,16.759,16.883,16.534,16.981,16.981,16.526,16.221,15.656,13.822,11.257,9.196,12.736,14.837,15.806,15.797,14.828,15.352,14.865,14.178,14.382,14.602,13.822,14.837,14.828,14.178,13.731,14.021,14.05,13.196,13.67,13.66,13.497,13.206,13.425,14.324,13.206,13.902,15.078,14.526,13.941,11.938,7.3906,9.6663,10.843,12.111,13.005,13.005,13.991,12.855,12.293,11.692,12.007,12.03,12.03,13.164,13.079,14.781,14.564,15.806,17.144,15.306,16.049,16.357,17.535,17.911,17.144,17.144,17.911,17.973,15.832,14.459
14.504,16.837,17.246,17.388,18.108,17.111,16.524,16.638,15.843,15.916,14.221,13.849,13.38,13.478,12.804,14.938,14.14,14.047,14.262,14.654,14.584,14.494,15.121,15.255,14.791,14.221,13.974,11.961,10.02,8.1516,11.092,13.029,13.04,13.985,14.221,13.51,13.25,12.436,13.304,13.107,12.973,12.939,12.973,12.575,12.045,12.284,12.39,12.213,12.045,12.105,12.105,11.414,11.826,11.516,11.961,13.206,13.029,12.804,12.153,10.583,6.282,8.4316,9.7111,10.291,10.733,11.603,11.325,11.603,11.325,10.611,10.583,9.5908,9.1733,11.961,12.77,12.575,13.151,14.098,14.14,14.016,14.474,14.098,14.221,14.262,14.654,15.659,15.998,14.791,13.807,11.961
16.816,19.365,20.04,20.639,20.143,20.026,19.351,18.953,18.329,17.924,16.04,15.797,15.298,15.867,14.679,16.717,15.478,15.62,16.212,16.066,17.239,16.717,17.494,17.207,17.431,15.867,15.788,13.489,11.626,9.4142,13.019,14.518,15.832,15.832,15.62,15.406,14.959,14.364,14.316,14.969,14.894,14.679,15.079,14.48,13.723,14.16,13.693,13.814,13.844,13.894,13.417,13.282,13.663,13.653,13.663,14.17,14.82,14.556,13.814,12.286,7.158,9.3255,11.164,12.652,12.652,13.479,13.199,12.652,12.641,11.908,11.59,11.263,11.685,14.17,14.451,14.297,15.37,14.885,15.37,16.391,16.441,15.867,16.441,16.972,16.947,16.34,18.306,16.849,16.525,14.556
16.234,19.044,20.177,19.998,20.342,19.921,19.088,19.008,17.422,16.806,15.845,16.131,15.319,14.537,14.998,15.173,16.345,15.792,16.665,16.739,16.665,16.37,17.157,17.613,16.937,16.277,15.818,13.712,11.079,9.544,12.833,14.989,15.721,16.001,15.668,15.2,14.699,14.765,14.47,14.189,14.47,15.2,14.47,14.915,14.032,13.863,13.913,13.792,13.497,13.217,13.415,13.701,13.792,14.238,13.435,13.863,15.319,14.384,14.238,12.493,7.0898,8.8338,11.179,12.132,12.336,13.435,13.913,13.217,12.302,11.606,12.302,12.659,12.348,12.746,12.669,13.923,14.335,15.319,15.668,16.027,15.668,16.268,16.748,17.027,16.995,16.995,17.206,16.665,16.027,13.913
16.295,18.979,23.613,22.634,17.986,18.238,18.418,18.59,17.464,17.154,16.422,16.082,17.369,17.105,16.943,15.953,12.696,15.805,16.788,16.295,17.393,17.21,18.478,17.653,17.346,16.489,16.689,13.7,11.806,9.4714,12.923,14.795,14.804,15.514,15.953,16.082,15.979,15.344,14.34,14.607,14.86,15.026,14.943,14.72,14.426,14.426,13.456,13.176,14.137,13.7,13.751,13.176,13.008,14.795,13.374,15.245,15.761,14.635,14.34,12.299,6.4131,9.1904,12.095,12.532,12.976,12.653,13.751,13.145,13.05,11.665,11.911,12.62,11.17,12.095,13.291,15.154,14.795,14.35,16.489,17.178,15.953,15.045,17.393,16.489,17.049,16.697,18.207,17.21,15.452,14.146
16.95,19.015,20.589,20.956,20.25,19.758,19.539,18.61,17.402,16.753,15.791,15.65,15.931,15.183,16.351,14.367,15.791,15.301,16.786,15.8,16.753,16.876,17.592,17.137,17.186,15.543,15.87,13.584,11.77,9.0559,13,14.738,15.8,16.249,15.703,15.481,15.588,14.748,14.453,15.346,13.665,14.596,15.346,13.816,13.776,13.846,13.896,13.533,13.906,13.986,14.173,13.42,13.665,13.906,13.665,14.367,15.552,15.073,13.776,11.496,7.3125,9.4159,10.58,12.277,13.726,13.846,13.075,13.159,12.655,11.58,12.003,11.77,12.277,12.511,12.644,14.52,14.748,14.52,15.826,15.632,16.351,15.65,17.402,17.137,17.37,17.266,18.513,17.497,16.444,13.492
16.43,19.194,20.457,20.618,20.012,20.301,19.523,18.83,17.64,17.251,15.856,15.637,15.786,15.69,16.506,15.179,15.9,15.917,16.43,16.312,17.482,16.837,17.514,17.553,16.96,16.312,16.201,13.388,12.311,9.6688,12.644,14.669,15.969,15.9,16.312,15.252,15.261,14.894,14.239,14.735,13.924,14.441,15.468,13.674,13.805,13.242,13.47,12.893,13.439,13.974,14.65,13.408,14.033,14.004,14.441,14.441,15.468,14.81,13.805,11.818,7.1532,8.9251,10.842,13.305,14.151,14.239,13.805,13.408,12.839,12.142,10.791,11.677,12.545,13.305,13.158,14.508,14.763,14.875,16.303,15.995,16.439,15.69,17.482,16.936,17.387,16.363,18.475,15.995,16.337,13.439
16.756,18.944,20.732,20.062,20.213,20.274,19.176,18.658,17.972,17.05,15.381,16.014,16.296,16.083,15.885,16.075,15.453,15.797,16.414,16.846,16.756,16.846,17.833,17.864,16.92,16.821,16.117,14.196,12.187,9.3547,12.4,14.636,15.98,16.347,15.273,15.762,15.273,14.861,14.721,14.532,14.427,14.87,14.954,14.57,14.137,13.701,13.457,13.508,14.341,13.661,13.791,13.701,13.395,14.532,13.701,14.608,15.56,14.57,14.147,12.255,7.4305,10.202,12.004,12.708,13.751,13.821,12.827,13.508,13.261,11.666,11.17,10.521,13.559,14.147,13.751,13.791,15.246,15.237,16.296,16.083,15.381,16.322,17.106,17.489,17.537,16.498,17.872,16.92,16.49,14.196
14.457,16.504,17.25,17.763,17.885,17.225,17.014,16.757,15.978,15.64,14.477,14.03,14.081,13.494,13.234,14.636,14.487,13.832,13.885,14.153,15.293,15.074,15.237,14.881,15.189,14.326,14.03,12.292,9.5186,8.5069,11.092,12.789,13.013,13.451,14.122,13.791,13.717,12.789,12.834,13.717,13.288,13.31,12.834,13.19,12.664,12.549,12.269,12.386,12.269,12.091,12.138,11.35,11.751,11.812,12.595,12.595,13.135,12.924,12.031,10.814,6.655,8.4042,10.109,10.222,11.079,12.031,12.031,11.514,10.774,11.039,10.237,10.279,10.774,12.269,13.002,12.595,13.288,13.717,14.636,13.749,13.832,14.326,14.081,14.881,15.151,15.519,15.491,15.151,14.03,11.836
17.106,18.771,20.805,20.129,20.156,19.797,19.635,19.143,18.157,17.678,15.821,16.132,15.61,15.333,15.995,15.069,16.201,15.777,16.862,16.379,16.96,16.935,17.122,17.065,16.514,17.122,15.333,13.643,11.546,9.6543,12.322,14.669,15.636,15.786,16.089,15.467,14.669,14.819,14.847,14.809,14.306,14.735,14.508,14.441,13.924,14.131,13.714,14.003,13.974,13.974,14.16,13.764,13.764,13.834,14.003,14.546,15.041,14.735,13.804,12.378,7.153,8.9248,11.242,13.19,12.989,13.834,13.47,13.315,13.273,11.992,11.818,11.992,12.107,12.665,11.759,14.958,14.622,15.26,16.029,15.995,16.779,16.132,17.195,16.935,16.804,17.639,17.639,17.122,15.618,14.809
16.088,18.84,19.559,19.728,20.409,19.979,19.784,18.803,18.282,17.869,16.826,15.458,15.278,15.985,15.52,17.119,15.985,16.191,16.826,16.428,16.826,16.892,16.925,17.111,16.949,16.703,15.564,14.142,11.634,10.096,12.537,15.05,14.865,15.626,15.323,15.889,15.386,15.278,14.753,14.865,15.278,14.94,13.915,14.875,14.612,14.229,14.499,14.8,14.612,13.139,13.875,13.875,13.471,13.885,13.002,14.151,14.641,14.297,13.399,12.798,6.9128,9.7762,11.752,12.134,13.013,14.345,13.265,13.139,13.634,13.002,11.985,12.191,11.916,13.306,13.512,13.875,16.079,15.767,15.846,15.985,16.301,15.985,16.826,17.111,17.352,17.111,17.628,17.16,15.6,13.875
16.379,19.458,20.231,20.877,19.796,19.824,19.768,18.255,17.362,16.713,15.609,15.178,15.786,15.142,13.764,15.994,15.332,15.636,16.337,16.029,16.96,16.098,17.639,17.88,16.713,16.513,16.098,13.673,11.677,9.4074,13.147,15.332,16.438,16.029,15.994,15.529,15.467,15.059,15.142,14.612,13.804,14.612,15.178,14.16,13.408,13.714,13.924,13.439,14.306,13.884,13.973,13.884,13.884,14.364,14.16,13.643,14.874,14.15,13.653,11.923,7.4372,8.9556,11.291,12.665,13.884,14.306,14.16,14.16,12.378,12.004,11.352,12.004,13.884,12.806,13.408,14.763,14.545,15.287,15.994,16.379,17.481,16.337,17.122,16.837,17.251,16.713,18.164,16.837,16.513,14.545
16.848,19.126,20.523,20.584,20.631,20.469,18.952,18.605,17.892,17.181,15.927,15.787,15.477,15.342,14.903,15.342,15.787,15.584,15.619,15.979,16.715,16.142,17.421,17.642,16.641,16.848,15.787,13.982,11.767,9.4867,12.651,14.967,16.322,16.347,16.005,15.699,14.967,15.05,14.555,14.593,14.659,14.659,14.893,14.45,13.447,13.813,13.682,13.903,14.042,13.071,13.692,13.416,13.843,14.744,13.662,14.012,15.342,14.159,14.042,11.93,7.3295,9.3692,11.493,12.508,13.447,13.773,13.773,13.166,12.285,11.767,11.589,12,12.814,12.728,13.018,13.893,14.678,15.078,15.151,15.831,16.946,16.641,16.254,18,16.97,17.806,18.145,16.524,16.347,13.281
17.258,19.346,20.58,20.309,19.965,19.965,19.065,18.377,17.073,17.234,15.906,16.208,16.002,16.319,14.732,16.386,15.294,15.625,16.319,16.746,16.844,16.779,17.489,16.943,16.638,16.097,15.625,13.414,11.358,9.3231,12.995,15.294,16.344,16.521,15.321,15.066,15.149,15.066,14.656,14.59,13.81,14.825,14.816,14.741,13.93,14.447,13.659,12.941,13.98,13.679,13.679,13.486,13.649,14.167,13.649,14.167,14.312,14.215,13.77,11.998,8.0483,9.7867,11.297,13.153,12.995,13.98,13.98,12.995,12.384,11.551,11.998,11.765,12.021,13.486,13.81,13.77,15.294,15.339,16.386,15.819,15.366,16.445,17.178,16.844,16.746,17.647,18.824,16.967,16.31,13.9
16.481,19.508,19.867,20.532,20.478,19.867,18.902,18.982,17.877,17.189,16.15,15.653,15.349,14.456,14.75,15.349,16.038,15.776,16.855,16.648,17.051,16.954,17.501,17.381,16.994,16.329,15.916,13.698,11.558,9.4764,12.558,15.277,15.803,15.838,15.653,15.776,15.158,14.863,15.304,14.685,14.018,13.779,13.779,13.729,13.162,13.587,13.329,13.422,14.254,12.558,13.819,13.422,13.422,13.819,13.287,14.048,14.599,14.835,13.779,12.028,8.0362,10.384,12.12,12.558,13.989,13.668,14.176,13.668,13.003,11.831,11.831,12.279,12.646,13.035,13.899,14.666,14.37,15.076,15.484,15.304,16.012,16.32,16.012,16.329,17.884,17.908,18.008,17.149,15.838,13.668
16.33,19.007,19.798,20.302,20.131,19.693,19.289,18.728,18.528,18.318,16.44,16.515,15.478,15.334,15.171,15.252,16.431,15.813,16.381,16.839,16.74,16.863,16.773,17.641,16.707,16.707,15.857,13.573,11.057,9.9236,12.312,14.959,15.361,15.469,15.334,15.531,15.469,14.82,15.469,15.061,14.848,14.651,14.113,14.969,13.064,14.356,14.004,13.149,13.895,12.99,13.481,13.409,13.654,13.895,13.654,14.113,14.585,14.356,13.471,12.379,7.8188,9.9792,11.619,12.323,13.654,14.307,13.715,13.316,13.064,12.278,11.678,12.645,12.99,13.191,13.243,14.509,14.764,16.031,15.289,16.515,15.857,16.839,16.338,17.172,16.839,17.483,18.371,16.806,15.638,14.471
17.257,19.005,20.47,20.301,20.239,20.102,19.579,18.734,18.6,17.802,16.334,16,16,15.58,14.74,15.473,16.469,16.026,16.636,16.249,17.039,16.52,17.559,17.072,17.488,16.511,15.791,13.688,11.55,9.6002,13.025,14.88,15.642,16.061,15.695,15.783,15.184,15.293,14.973,14.475,14.359,14.038,14.513,14.214,13.309,13.899,13.32,13.413,13.678,13.577,13.809,13.413,13.889,13.809,13.719,14.038,14.824,14.369,14.359,12.315,7.3276,8.959,11.16,12.02,14.165,14.292,14.311,13.769,12.843,12.648,11.764,12.237,12.203,13.068,12.237,14.369,14.359,14.551,14.74,15.922,17.112,15.783,16.385,17.369,17.583,17.361,17.52,16.719,15.473,13.413
16.734,19.166,20.119,21.075,20.338,20.256,19.166,18.421,18.391,17.384,15.593,16.263,15.16,15.557,16.399,15.805,16.759,15.306,16.792,16.923,16.956,17.503,17.535,17.376,16.858,16.348,15.486,13.781,10.994,9.6803,12.326,15.078,15.708,15.84,15.557,15.557,15.351,14.865,14.865,15.16,13.911,13.941,14.63,13.851,13.73,13.991,13.66,12.724,13.67,13.455,14.05,13.289,13.781,13.079,13.73,13.901,14.563,14.865,13.901,12.03,7.8276,8.9975,10.649,12.292,13.164,13.821,13.455,12.292,12.427,11.774,11.56,11.07,11.833,12.56,12.735,14.63,14.976,15.188,15.84,16.525,14.986,16.263,16.651,16.725,17.368,17.191,17.376,17.972,15.549,14.02
16.661,19.091,20.79,20.982,20.548,19.993,19.322,18.687,17.921,16.966,16.868,15.929,16.367,16.024,16.494,15.206,15.806,15.815,16.769,16.409,16.868,17.585,17.828,17.585,17.283,16.341,15.496,13.214,11.698,9.4983,12.916,14.902,15.718,16.024,16.05,14.874,15.17,14.846,14.572,14.572,13.709,14.235,14.467,13.013,13.91,13.214,13.494,13.172,13.214,14.137,14.059,13.172,13.709,13.087,13.86,13.91,14.79,14.534,13.546,11.555,7.1662,9.3361,11.201,12.3,12.959,13.699,13.329,11.567,12.83,11.84,10.963,11.603,11.603,11.781,12.3,14.177,13.709,13.494,15.505,16.367,16.868,16.05,16.744,17.331,16.966,17.226,17.664,16.966,15.841,13.739
16.988,18.998,19.752,19.71,20.762,19.858,19.583,19.347,19.115,17.944,16.988,16.379,15.38,15.658,16.251,15.515,16.556,15.905,16.044,16.044,16.831,16.682,17.536,17.464,16.856,15.87,15.115,13.283,11.215,9.855,13.061,14.855,15.38,15.515,16.044,15.225,15.515,14.855,14.939,14.714,14.408,14.204,13.283,13.807,13.22,13.807,13.807,14.076,14.204,13.029,13.283,13.103,12.932,13.716,13.685,14.204,14.657,14.514,14.017,12.759,7.3476,9.5101,11.128,12.45,13.356,13.22,13.05,12.583,12.315,10.824,11.191,11.363,11.29,12.145,12.683,13.029,14.282,14.552,15.524,14.399,15.587,15.225,15.684,16.387,16.79,16.889,17.175,16.489,15.578,14.253
16.752,19.455,20.213,20.776,20.081,20.15,19.767,18.488,18.039,17.602,16.677,15.438,16.143,15.856,14.404,16.517,15.653,14.851,16.551,16.246,16.382,16.56,17.961,17.435,16.826,16.76,15.375,13.923,10.859,9.5072,13.226,15.083,15.519,16.28,16.1,15.438,14.99,14.804,14.586,14.278,14.249,14.326,14.99,14.394,14.2,14.2,12.928,13.31,13.691,13.752,13.445,13.31,13.279,13.184,13.558,13.476,14.888,14.481,13.099,11.792,7.4019,9.21,11.614,12.413,12.175,12.875,12.668,12.357,11.65,11.614,11.614,10.468,11.614,13.099,12.744,13.341,14.151,14.404,15.582,15.33,15.51,15.803,16.177,16.752,17.08,17.53,18.306,17.04,15.68,13.341
16.441,18.439,19.956,20.615,20.206,19.872,19.597,18.537,17.957,17.548,16.305,15.633,15.749,15.846,14.706,16.568,15.696,15.846,16.03,15.669,17.187,16.694,16.777,17.024,16.568,15.633,15.696,13.365,11.186,8.7064,12.942,15.2,15.749,15.872,15.96,15.749,14.791,14.496,14.677,14.819,14.185,14.263,14.263,14.601,13.977,14.057,13.766,13.459,13.817,13.198,13.459,13.49,13.531,13.726,13.726,14.165,14.866,14.677,13.766,11.863,7.1022,10.25,11.371,12.038,12.188,13.038,13.198,12.515,11.686,11.335,10.676,10.479,11.099,12.153,12.313,13.06,13.937,13.887,16.159,15.454,15.309,15.846,16.425,16.893,16.09,17.292,17.746,16.777,15.872,13.937
16.43,18.554,20.019,20.486,20.157,19.802,19.057,18.785,18.214,17.473,16.183,15.685,15.835,15.444,16.045,15.116,15.87,16.565,16.914,16.43,16.43,16.89,17.176,17.119,16.565,15.299,14.921,13.686,11.129,9.2283,12.77,15.014,15.516,15.949,15.966,15.408,15.107,14.658,14.696,14.515,14.351,14.809,14.553,13.878,14.077,14.195,13.199,13.315,14.017,14.205,13.938,12.836,13.429,13.878,13.928,14.486,14.667,14.253,13.928,11.796,6.9388,8.9838,10.876,12.053,12.584,12.76,12.45,12.76,11.713,11.015,11.678,10.977,11.091,12.705,11.855,14.399,14.195,15.38,15.826,15.623,16.294,16.362,16.362,17.013,16.523,17.248,17.465,16.766,15.335,13.847
16.871,19.181,19.752,21.242,20.361,20.334,19.554,18.436,17.517,17.986,16.122,15.931,15.291,15.318,14.14,15.721,15.363,15.507,16.13,15.887,16.805,15.844,17.156,17.588,16.37,16.344,15.209,13.047,11.375,9.3228,12.57,15.09,15.887,16.027,15.887,15.931,14.905,14.979,14.839,14.537,13.741,14.238,14.698,14.14,13.435,13.701,13.089,13.341,13.922,14.498,14.393,13.216,13.548,13.741,13.952,14.47,15.498,14.498,13.497,11.557,7.4523,8.9737,10.851,12.302,13.832,12.918,13.3,12.166,11.783,11.783,10.122,11.605,12.756,11.842,13.216,13.497,14.267,14.905,15.887,16.412,16.412,16.13,17.067,17.831,17.461,17.947,17.947,16.276,16.027,14.641
16.378,18.693,19.843,20.503,20.698,20.319,19.413,18.417,18.514,18.128,16.951,16.216,15.302,16.327,16.344,15.914,15.932,16.378,16.454,16.352,16.646,16.951,16.521,17.695,16.646,16.259,15.41,13.076,11.363,10.057,12.743,15.193,15.651,15.347,15.589,15.914,14.982,15.347,15.302,14.454,14.223,14.213,14.454,14.683,14.252,13.482,13.421,13.897,13.421,13.937,13.777,13.727,13.286,14.32,13.686,14.378,14.598,14.824,13.482,12.244,7.6645,9.313,10.852,12.244,14.125,12.39,13.452,12.732,13.001,12.244,10.852,10.852,11.688,13.001,12.851,13.697,15.302,15.074,14.898,16.148,15.836,16.521,16.621,17.267,18.021,17.267,17.656,16.729,14.898,13.727
15.079,16.719,18.306,18.558,17.963,17.522,17.298,16.002,15.617,15.298,14.249,14.034,13.795,13.292,12.961,13.626,14.33,13.837,14.491,14.3,14.7,14.992,15.411,15.317,14.491,14.621,13.784,11.238,10.45,8.5096,11.442,13.017,13.993,14.219,14.249,13.455,13.194,13.017,12.793,12.793,12.518,12.939,13.139,12.483,11.555,12.094,11.404,12.553,11.95,11.803,11.852,11.852,12.142,12.553,12.425,12.553,13.194,12.939,12.034,10.683,6.9965,8.0729,9.8211,11.315,12.284,11.95,12.273,11.889,11.043,10.45,9.2594,10.723,10.574,11.199,11.754,13.017,12.793,13.006,13.993,13.972,14.491,14.361,14.954,15.411,14.491,15.156,16.191,14.64,13.993,12.094
16.384,19.529,20.032,20.327,20.49,20.018,19.472,19.12,19.698,18.14,16.719,16.249,15.338,15.256,16.026,15.401,16.843,15.791,16.435,16.719,17.645,16.998,16.81,17.416,16.719,16.334,14.739,13.688,11.381,9.5276,12.382,15.064,15.615,15.922,15.365,15.338,14.889,14.655,15.147,14.165,14.243,14.512,13.928,14.617,13.412,14.214,14.445,14.474,14.311,13.576,13.688,13.809,13.525,14.369,13.678,13.978,15.064,14.116,13.928,12.648,7.4769,10.051,10.845,11.55,13.928,13.809,13.319,13.152,13.014,11.538,12.471,12.202,11.184,12.281,13.162,14.512,14.73,15.046,16.206,15.765,16.249,16.334,16.636,17.039,17.176,17.487,16.342,16.982,15.319,13.839
16.721,19.268,20.056,20.303,20.52,20.139,19.553,18.971,18.595,17.687,16.638,16.787,16.002,16.002,16.513,15.149,15.793,16.097,16.522,16.87,16.746,16.845,17.114,17.371,16.522,16.209,15.644,13.578,11.623,9.3679,12.317,14.629,15.403,15.617,15.475,15.767,14.975,15.076,14.553,15.367,14.216,14.157,14.882,13.72,14.313,13.69,13.771,13.841,13.72,14.313,15.149,13.185,13.931,13.578,14.294,14.216,14.448,14.118,13.901,11.824,7.5334,9.8855,10.107,12.726,14.167,13.196,13.486,13.65,12.317,12.317,11.099,11.062,11.929,12.384,12.507,13.891,14.882,15.258,15.785,16.779,16.911,16.106,16.721,16.345,17.13,16.943,17.363,16.845,16.14,13.476
16.346,18.901,19.486,19.978,20.322,20.012,19.733,18.747,18.456,17.93,16.921,16.218,15.591,15.802,16.046,16.623,16.115,16.396,16.046,15.829,17.124,16.354,16.855,17.14,16.731,16.072,15.276,13.287,11.068,9.9332,12.722,14.89,16.115,15.484,15.653,15.349,15.331,15.085,14.825,14.599,14.665,14.863,14.126,14.983,14.561,14.369,14.321,14.561,13.909,13.988,13.688,13.899,13.494,14.126,13.494,13.899,14.835,14.302,13.586,12.733,6.7419,8.9961,11.056,12.12,13.318,13.819,13.287,13.256,13.077,11.689,10.955,10.853,11.831,13.003,13.203,13.422,14.778,15.267,15.267,15.653,15.872,16.789,16.396,16.756,16.847,17.689,17.317,16.648,15.267,14.321
16.361,19.337,20.056,20.649,20.125,19.494,19.38,18.464,18.283,16.887,16.538,15.713,14.605,15.082,14.23,16.361,16.113,15.31,16.53,16.655,17.196,16.655,17.252,17.658,16.73,16.019,15.355,13.592,11.503,9.3774,13.262,15.31,15.809,15.94,16.053,15.836,15.31,14.897,14.757,14.832,14.385,14.605,14.98,13.905,13.825,14.181,13.663,13.855,13.428,14.259,14.23,13.335,13.428,13.209,13.994,14.132,14.869,14.054,13.428,11.836,7.9003,9.4803,10.599,12.486,13.855,13.407,13.167,12.684,12.651,12.341,10.652,11.777,12.033,12.815,13.663,13.825,14.385,15.31,15.993,15.801,17.058,16.225,16.887,16.796,16.887,17.196,17.373,17.22,15.355,13.663
16.532,19.164,19.308,19.734,20.847,19.657,19.586,18.791,18.154,18.389,15.917,16.012,16.448,16.329,16.523,15.838,16.15,16.481,16.648,16.012,16.995,16.723,16.822,17.011,16.798,16.397,15.057,13.688,11.69,9.8915,12.646,15.349,15.547,15.349,16.012,15.304,15.268,15.277,15.268,15.304,14.561,14.302,14.018,14.456,14.561,13.899,14.302,13.779,13.172,13.484,13.939,13.288,13.536,12.734,13.668,14.176,14.826,14.561,13.319,12.291,7.0634,8.9655,10.841,11.304,12.81,13.779,13.329,13.003,13.024,12.679,11.69,10.802,11.69,13.162,12.734,14.37,14.751,15.591,15.484,17.052,16.954,15.934,16.532,16.107,16.798,17.149,17.651,16.532,15.412,13.819
16.982,19.343,20.032,20.47,20.705,20.032,19.315,18.799,17.645,17.2,16.138,16.249,15.481,15.256,14.972,15.579,15.904,15.861,16.777,16.317,16.777,16.965,17.368,17.039,17.128,16.867,15.615,13.194,11.763,10.16,13.319,15.292,15.826,16.511,15.765,15.472,15.338,14.824,14.674,14.311,14.243,14.88,14.291,14.617,14.214,13.678,13.889,13.525,13.647,13.412,13.525,13.152,13.688,14.512,13.194,13.809,14.739,14.55,13.658,11.927,7.8206,9.7003,11.927,11.869,12.94,14.116,14.311,12.471,12.648,10.985,11.822,12.202,12.669,13.412,12.897,14.214,14.768,15.641,15.861,15.615,16.334,16.249,16.81,17.684,16.998,17.416,17.352,16.777,16.908,14.008
14.891,16.716,17.897,17.897,18.098,17.832,16.862,16.629,16.061,15.237,14.132,14.695,13.998,14.305,14.486,13.631,14.039,13.726,14.039,14.496,15.237,15.017,15.696,15.228,15.247,14.091,13.242,11.82,9.7057,8.5125,11.597,13.099,13.726,13.977,13.998,13.726,13.297,12.797,12.797,12.429,12.557,12.672,13.143,11.893,11.82,11.808,11.918,11.357,12.039,11.954,12.488,11.808,11.857,11.857,12.429,12.569,12.966,12.557,11.559,10.342,6.4829,9.7057,9.8245,10.687,11.918,12.603,11.319,10.577,10.901,10.577,10.115,9.8833,10.453,11.446,11.242,13.01,12.429,13.242,13.8,13.967,14.705,14.496,14.93,14.997,14.496,15.426,15.761,14.852,13.977,12.206
16.731,19.712,21.065,20.012,20.321,20.484,19.163,18.872,18.007,17.689,16.354,16.011,16.455,16.523,16.396,16.354,15.706,16.106,16.072,16.149,16.523,16.953,17.814,16.953,17.01,15.653,15.794,13.688,11.831,9.4907,12.657,15.057,15.933,15.916,15.706,15.084,14.974,14.224,14.75,14.165,13.939,14.627,14.175,13.819,14.224,13.024,13.688,13.193,14.047,13.077,13.728,13.586,13.161,14.379,13.422,14.175,14.862,14.175,14.302,12.028,6.9244,9.8911,10.955,11.582,13.586,12.906,13.453,13.422,12.279,11.106,10.802,11.106,12.028,13.422,13.728,14.175,15.194,14.599,15.837,15.483,15.916,16.531,16.789,17.5,17.124,16.92,17.689,16.994,15.985,14.047
17.157,19.498,19.781,20.136,20.067,20.667,19.802,18.691,18.01,17.334,16.053,16.002,16.37,16.028,16.088,15.173,16.539,16.053,16.839,16.277,17.011,16.97,16.665,17.715,16.97,16.028,15.282,13.549,11.509,9.3381,12.833,15.21,15.651,15.949,15.818,15.668,14.642,14.576,14.47,14.989,14.18,14.765,14.16,13.792,13.833,14.335,13.342,13.792,13.712,14.18,13.792,13.015,13.175,13.435,14.002,14.14,15.09,14.18,13.342,11.701,7.9047,9.8448,11.509,12.691,12.919,12.746,13.175,12.526,12.735,11.558,12.017,11.204,11.606,13.09,12.291,15.21,14.642,14.576,15.499,15.606,16.234,15.888,16.463,16.896,16.131,16.748,16.97,15.818,15.292,13.466
17.011,19.377,20.498,20.464,20.867,20.198,19.605,18.92,17.675,17.165,15.792,15.668,16.277,15.21,14.652,15.606,15.809,15.949,16.463,16.472,16.872,17.398,17.518,18.11,16.539,16.497,16.37,13.6,11.57,9.674,12.822,14.98,16.539,16.122,15.282,15.319,15.282,14.316,14.575,13.712,13.833,14.84,13.435,13.712,13.217,13.913,13.701,13.435,13.833,13.206,13.435,13.015,13.435,13.742,13.549,14.14,14.849,14.384,13.913,12.223,7.5452,9.2033,10.67,12.526,12.919,13.047,13.269,12.57,12.166,11.842,11.509,11.701,12.658,11.924,12.336,14.14,13.833,15.1,16.234,14.849,16.001,15.818,16.234,17.398,16.413,16.772,17.777,17.715,16.463,13.833
16.431,19.319,19.824,20.385,20.521,19.548,19.413,18.585,18.712,17.442,16.045,15.862,15.516,15.871,14.486,15.686,15.862,16.045,16.388,16.482,17.013,16.89,17.537,17.569,16.89,16.252,15.19,13.968,11.618,9.6271,12.673,15.116,15.579,15.444,16.08,15.308,14.94,14.283,14.996,15.107,14.931,13.848,14.515,13.928,13.284,13.615,13.051,13.221,13.523,13.189,14.047,13.45,13.104,13.231,13.808,14.244,14.254,13.848,13.189,11.902,7.078,8.9841,11.327,12.271,13.878,13.062,12.673,12.771,11.654,12.361,11.129,10.978,12.18,12.18,13.808,13.808,14.668,14.486,14.486,15.871,16.106,15.516,15.809,16.363,17.249,17.03,16.89,16.882,15.836,14.254
16.495,19.375,19.836,20.301,20.205,20.081,19.532,18.657,18.59,17.542,16.291,16.05,15.529,15.743,16.291,14.86,15.831,15.866,16.435,16.495,16.688,16.895,17.229,17.189,16.562,16.145,15.34,13.235,11.33,9.5134,13.055,15.592,15.663,15.529,15.34,15.91,15.221,14.719,14.634,14.662,13.882,14.557,14.813,13.619,14.051,13.72,13.852,13.193,13.932,13.942,13.882,13.454,13.287,13.033,14.022,14.16,14.86,14.051,13.203,11.094,7.9156,9.5572,11.094,11.8,12.543,13.108,12.319,12.709,11.717,11.33,10.62,10.082,11.941,12.937,12.937,13.454,14.258,15,14.49,16.299,16.367,15.875,16.393,16.05,16.256,17.092,17.286,16.862,15.367,13.193
16.831,18.741,19.895,20.932,20.166,19.42,19.534,19.036,17.424,17.183,15.868,16.258,15.877,16.051,16.437,15.314,15.745,16.051,16.839,16.025,17.02,17.036,16.764,17.408,16.689,15.842,15.522,13.528,11.718,9.7028,13.455,14.721,16.189,16.395,16.437,15.691,14.815,15.002,14.492,14.664,14.521,14.21,15.113,14.21,13.933,13.194,13.455,12.765,12.938,13.933,13.883,13.067,13.813,13.62,13.883,13.62,14.815,14.597,13.701,11.575,7.1783,8.9874,10.247,11.801,12.776,13.205,12.321,11.611,11.22,11.195,10.982,11.368,11.526,12.309,12.545,14.161,13.853,14.635,14.702,15.387,16.077,15.369,16.112,16.258,16.564,16.689,17.858,17.126,15.341,13.762
16.471,18.813,19.446,20.19,20.894,19.867,19.218,18.488,17.477,17.39,16.396,15.364,15.744,16.056,16.404,15.138,15.884,16.396,15.823,16.065,16.404,16.596,16.679,16.671,16.9,15.542,15.256,13.277,11.219,9.6485,12.683,15.01,15.364,15.037,15.987,15.936,15.037,15.283,15.037,15.111,14.553,14.62,14.439,14.131,14.18,13.776,14.257,13.855,13.895,13.615,13.776,13.152,12.962,13.38,13.855,14.334,14.411,14.478,13.493,11.875,6.8427,8.6872,10.081,12.173,12.962,12.909,12.353,12.297,11.593,11.353,10.704,9.9021,11.51,12.286,12.994,13.685,15.22,14.209,14.844,15.779,15.586,15.744,15.604,16.278,16.802,15.962,17.374,16.022,15.753,13.685
16.841,19.01,20.501,20.883,20.138,20.467,18.893,18.893,18.028,17.456,16.236,15.501,15.855,15.366,13.914,16.236,16.09,15.348,16.499,16.347,17.52,16.279,17.896,17.904,16.474,16.055,15.393,13.437,10.865,9.3392,12.528,15.284,15.855,15.608,16.029,15.429,15.393,14.577,14.385,14.701,13.924,14.501,15.321,14.842,14.24,13.713,13.049,13.187,13.794,14.24,14.162,13.176,13.794,13.713,13.499,14.063,14.879,14.472,13.271,11.607,7.5461,9.846,10.462,13.017,13.218,13.091,12.671,12.259,12.259,11.511,10.382,11.667,11.559,12.964,12.649,13.834,13.713,15.393,16.55,16.029,16.236,15.572,16.347,16.541,16.372,17.4,17.709,17.029,15.82,13.673
16.526,19.309,21.189,20.74,20.552,19.755,19.65,19.706,17.871,16.948,15.771,16.213,16.442,15.299,16.101,15.479,15.798,15.371,16.341,16.476,17.423,16.989,17.692,17.871,16.518,16.484,15.648,13.724,12.116,9.6615,12.998,15.55,16.618,16.213,15.868,15.371,15.19,14.595,14.595,14.365,13.815,14.22,15.181,13.984,14.22,13.157,13.663,12.998,14.171,13.694,13.895,13.531,13.895,13.653,13.845,14.317,14.969,14.171,13.684,12.001,7.3869,9.3111,11.337,11.827,13.724,13.252,13.157,13.02,12.275,12.024,10.734,11.543,12.805,12.554,12.286,14.365,14.632,14.452,15.299,15.798,16.618,15.789,16.85,16.784,16.915,16.526,18.45,16.391,16.213,13.815
16.443,19.559,20.533,20.31,20.255,19.819,19.481,18.421,18.27,17.496,16.949,16.008,16.111,15.929,14.366,16.99,15.912,16.008,16.527,16.973,17.184,16.325,17.265,17.872,17.496,16.214,16.008,13.985,11.543,9.7049,13.158,14.831,15.272,15.912,15.551,15.327,15.081,14.557,14.318,14.887,14.318,14.366,14.557,14.366,14.172,14.366,13.664,13.45,13.664,13.654,13.664,13.654,13.158,13.419,13.684,14.318,15.053,14.821,13.2,11.165,7.5358,9.3709,12.014,12.676,12.946,12.999,13.325,13.031,12.105,12.741,10.526,11.909,12.117,13.775,14.172,13.684,14.859,15.542,15.834,15.181,15.587,15.702,17.401,16.785,16.916,16.793,17.903,16.973,15.622,13.2
14.457,17.225,17.624,18.277,17.885,17.351,17.225,16.618,16.504,15.64,14.636,13.748,14.245,14.204,14.636,13.748,14.296,14.204,14.296,14.695,15.407,15.189,15.312,15.416,15.217,14.081,13.832,11.91,10.279,8.3523,11.092,13.102,13.622,13.717,14.081,13.45,13.013,13.45,13.091,13.717,12.386,12.935,13.493,12.269,12.755,12.03,12.386,11.885,11.849,12.374,12.198,12.479,11.946,11.502,12.834,12.56,12.957,12.479,11.589,10.349,6.8055,8.7583,9.6993,10.72,12.174,12.56,11.195,11.4,11.311,10.72,10.008,9.6993,10.652,10.814,11.4,13.288,13.102,13.013,13.611,13.957,14.153,14.487,15.007,14.03,14.636,14.695,15.16,15.151,13.579,12.386
15.234,16.687,18.095,17.706,17.706,16.626,17.233,16.894,16.512,14.995,14.444,14.363,14.544,13.468,13.995,13.019,14.252,13.787,14.544,14.888,15.158,14.544,15.414,15.395,14.623,14.484,13.839,11.595,10.013,8.1988,11.52,13.5,13.755,14.302,14.302,13.723,13.5,12.601,13.019,13.097,12.566,13.5,13.03,12.275,12.036,12.566,11.952,11.952,12.427,12.096,12.286,11.507,11.805,12.427,12.204,12.427,13.327,12.963,11.818,10.819,6.7446,8.2165,10.227,11.201,11.406,11.406,12.036,11.24,10.603,10.603,10.354,10.657,10.284,11.201,10.34,12.963,12.941,13.468,13.723,13.723,14.037,14.494,14.702,15.196,14.302,15.196,15.423,14.573,13.723,12.036
16.648,18.982,20.444,20.478,20.261,19.656,19.593,19.308,17.69,16.847,15.706,15.706,16.329,15.186,15.076,15.158,15.626,15.873,16.38,16.456,16.523,16.648,17.993,17.908,16.822,16.648,16.072,13.779,11.936,9.3291,13.422,15.349,16.072,15.986,15.777,15.331,15.484,14.779,14.166,14.048,14.379,15.085,14.37,14.166,13.193,13.849,12.679,14.048,14.379,12.734,13.779,13.035,13.939,14.599,12.949,14.322,15.546,14.176,13.819,11.69,7.5379,9.4911,11.582,12.744,12.907,13.288,13.422,12.425,12.12,11.193,11.772,12.514,12.744,12.635,12.155,14.456,13.729,14.561,15.934,16.072,15.838,16.648,16.954,17.445,16.38,16.855,18.673,17.501,16.978,13.698
15.936,19.418,19.318,20.154,20.318,19.932,19.425,19.029,18.616,17.503,17.32,16.075,15.875,16.014,16.263,16.348,15.919,16.399,16.014,16.923,16.956,17.143,17.384,17.661,16.534,16.331,15.06,13.821,11.367,9.8367,12.122,15.06,15.351,16.152,15.351,15.333,15.078,14.865,15.655,14.459,14.828,14.525,14.372,14.753,14.64,13.731,14.227,13.424,14.129,12.951,13.537,13.486,13.174,13.486,13.258,14.324,14.828,14.148,13.424,12.007,7.539,9.7091,10.115,12.659,12.951,13.455,13.164,12.735,12.822,12.03,11.833,11.632,10.855,13.258,13.026,14.168,15.805,16.014,15.875,15.188,15.84,16.255,16.04,16.997,16.484,17.013,17.151,16.8,15.279,13.66
16.416,19.107,20.037,20.057,20.037,19.694,19.616,18.68,18.388,18.03,15.645,15.61,16.066,15.848,16.057,15.322,16.005,16.092,15.725,16.668,17.072,16.668,17.679,17.991,17.338,16.005,16.135,13.345,11.668,9.6186,12.922,14.683,15.395,15.848,16.374,15.61,15.075,14.909,14.655,14.796,14.541,14.271,14.655,14.065,13.956,13.438,13.715,13.438,13.866,13.303,14.193,12.738,13.22,13.511,13.438,14.193,14.502,14.035,13.715,11.845,7.1693,9.5462,10.866,13.177,12.169,13.303,13.438,13.209,12.529,11.845,11.181,11.927,11.703,13.018,12.573,14.474,15.075,14.909,15.395,15.367,16.031,15.286,16.031,16.34,16.399,16.374,17.104,16.543,16.551,14.005
14.505,16.778,17.907,17.539,18.284,17.447,17.035,16.726,16.143,15.331,14.938,13.628,13.5,13.985,13.151,14.171,14.555,14.634,14.555,14.585,15.313,14.555,15.256,15.426,15.179,14.505,13.467,12.106,10.46,8.4319,11.427,13.151,13.734,13.639,14.475,13.564,13.381,13.029,13.151,13.029,12.622,12.437,12.576,12.402,12.53,11.924,11.814,11.814,11.924,11.566,11.924,11.092,11.629,11.827,11.924,11.814,12.296,11.9,11.654,10.292,7.327,8.3628,9.5912,10.841,11.516,11.453,11.961,10.908,10.733,10.362,9.933,10.164,11.516,12.189,11.765,11.827,12.437,13.766,13.206,13.902,13.734,13.902,14.171,15.733,14.555,14.977,15.687,14.654,14.099,12.153
14.27,16.786,17.414,17.555,17.679,17.28,16.838,16.205,16.392,15.713,14.229,14.799,13.772,13.815,14.562,13.72,14.054,14.229,14.641,14.799,15.033,14.975,14.907,15.1,14.641,14.502,13.213,12.29,9.9379,8.5217,11.369,13.047,13.517,13.857,13.909,13.571,13.158,13.113,13.311,13.124,12.536,12.314,12.29,12.571,12.582,12.302,12.443,11.61,12.051,12.051,11.869,11.869,11.433,10.793,12.29,11.967,12.582,12.501,11.331,10.297,7.1906,8.2445,9.5959,10.069,12.29,11.534,11.906,11.111,11.331,9.9379,9.9379,9.4125,10.846,10.226,10.779,12.957,13.311,13.124,14.239,14.829,14.512,14.229,14.32,13.741,14.829,14.721,14.512,15.667,13.158,11.967
16.959,19.285,20.26,20.266,20.321,19.599,19.768,18.958,17.537,17.41,15.711,16.885,17.146,15.799,16.334,15.658,15.842,16.736,16.827,16.736,17.703,16.334,17.663,17.765,17.194,16.017,16.043,13.488,11.776,9.3169,13.323,14.566,16.223,15.842,16.077,14.895,15.062,14.374,14.229,14.461,14.326,14.461,14.904,13.943,13.943,12.748,13.208,13.426,14.229,13.039,13.733,13.426,13.26,13.823,13.783,14.15,14.306,13.903,13.733,11.776,7.3727,9.4205,11.196,11.693,13.208,13.733,13.26,12.661,12.65,11.55,11.059,11.196,13.028,12.124,13.007,14.374,14.326,14.566,15.551,15.711,15.921,15.658,16.077,16.653,16.736,17.442,18.098,16.794,16.528,13.903
16.553,19.937,20.215,20.083,20.297,20.359,19.343,18.692,17.932,17.349,16.553,16.282,16.136,15.734,13.844,16.762,15.866,16.358,16.753,16.886,16.678,17.276,17.115,18.04,16.762,16.041,15.377,13.185,11.675,9.7251,13.185,15.295,15.619,15.805,16.282,15.011,15.583,15.103,14.692,15.213,13.964,14.25,15.295,13.844,13.753,13.56,13.185,13.196,13.804,13.353,13.934,12.68,13.026,12.973,13.844,14.152,14.201,14.201,13.058,11.176,7.4588,10.145,10.873,11.711,12.973,13.228,13.026,13.478,11.519,12.267,10.86,11.899,11.615,12.313,12.843,13.934,14.073,14.777,14.918,15.681,15.858,15.663,15.831,16.075,16.35,16.786,17.082,16.511,15.377,13.753
16.157,19.3,19.285,19.972,20.041,19.958,19.413,18.625,18.184,18.32,16.735,15.952,16.055,15.874,17.149,16.285,16.419,16.089,16.419,16.759,17.364,16.931,16.914,17.592,17.076,16.046,15.291,13.847,11.646,9.6712,12.686,15.318,15.246,15.435,15.986,15.219,15.246,14.723,14.469,14.695,14.093,14.695,13.847,14.2,14.268,13.677,13.372,13.536,13.797,12.986,13.637,12.986,12.686,13.372,13.206,13.372,14.2,14.316,13.677,12.199,6.8184,8.6502,11.064,11.298,12.858,12.986,13.206,12.805,12.345,11.96,11.126,10.49,11.586,11.891,12.199,13.995,15.028,14.268,15.246,14.63,15.744,15.426,15.744,15.101,16.191,17.125,16.469,16.726,15.101,13.434
16.569,18.431,19.631,20.059,20.606,19.87,19.026,19.258,18.589,18.065,16.434,15.839,15.411,16.049,16.144,15.303,16.358,16.434,16.434,17.421,17.18,16.836,17.405,16.836,17.017,16.795,15.528,13.453,11.716,9.9141,13.192,15.519,15.411,15.839,15.83,15.447,14.943,14.812,14.925,14.859,14.784,14.718,14.159,13.931,13.72,14.05,14.08,13.234,14.159,13.192,13.618,12.708,13.453,13.881,13.192,13.881,14.595,13.76,13.033,11.657,6.7575,8.5085,10.394,12.148,12.182,13.107,13.286,12.454,12.319,11.963,11.609,11.858,10.514,12.543,11.621,13.76,14.671,14.718,14.661,14.699,16.29,15.11,16.187,15.839,16.383,16.992,16.77,16.144,15.671,13.699
16.445,18.367,19.792,19.792,19.792,19.848,19.364,18.928,18.207,17.749,16.154,15.963,16.929,16.445,16.059,16.872,15.592,15.752,15.849,16.154,16.905,17.028,17.32,17.296,17.003,15.592,15.394,13.86,11.188,8.9917,12.595,15.12,15.919,16.059,15.538,15.394,14.934,15.101,14.822,14.566,14.266,14.604,13.89,15.23,14.059,13.819,13.819,13.769,13.86,12.847,12.987,12.551,13.041,13.95,13.86,14.168,14.422,14.217,13.462,12.04,7.5599,8.66,11.58,11.807,12.694,12.847,12.89,12.551,12.315,10.885,10.252,11.101,10.987,12.428,13.062,12.716,15.457,14.266,15.98,14.953,15.394,16.093,15.394,16.093,15.849,16.838,16.672,16.309,15.23,13.698
16.149,18.535,19.466,20.086,19.765,20.1,19.473,19.076,18.301,17.547,16.491,16.372,15.417,15.235,14.494,16.423,15.836,15.747,16.054,15.958,16.389,16.998,17.194,17.483,16.775,15.747,15.871,13.228,11.589,9.2336,13.037,15.235,15.694,15.389,15.525,16.054,15.097,14.818,14.949,14.864,14.359,14.6,14.417,13.936,13.815,14.213,13.196,13.238,13.228,13.364,13.458,13.724,12.778,13.364,13.694,14.213,14.789,14.291,13.622,11.284,6.7598,9.1121,10.517,11.72,12.712,13.196,12.94,13.322,12.424,11.577,10.557,11.297,12.186,12.854,13.52,13.886,14.055,14.213,13.694,16.08,16.372,15.587,16.149,15.668,16.775,16.566,17.861,16.9,16.089,14.523
16.819,18.458,19.333,19.618,20.142,19.759,19.512,19.043,18.637,18.299,17.428,16.033,16.35,16.033,16.502,15.351,16.544,16.753,16.376,16.033,16.975,17.163,16.376,17.016,17.033,15.937,14.77,14.194,11.573,9.4299,12.761,14.845,15.575,15.647,16.376,15.673,14.845,14.929,14.798,15.077,14.475,14.194,14.34,13.675,14.243,13.706,13.052,13.273,13.604,13.686,13.927,12.837,13.512,12.739,14.007,14.194,14.647,14.321,13.305,11.787,7.6026,9.2213,10.556,12.295,12.75,13.221,13.44,12.136,13.179,11.645,10.816,10.596,11.573,12.673,12.75,13.44,15.296,14.91,15.296,16.033,16.35,15.324,16.35,16.033,16.877,16.975,17.171,17.171,16.067,14.34
16.37,18.765,19.865,20.198,20.66,19.562,19.505,19.753,18.868,18.293,16.739,16.345,15.346,15.809,15.209,16.748,16.053,16.001,16.539,16.027,17.549,16.872,17.157,16.937,17.612,16.362,15.364,13.3,11.117,9.674,12.658,15.2,15.792,15.721,15.809,15.427,15.2,14.699,15.319,15.319,14.062,13.6,14.765,13.833,13.923,13.863,13.497,13.185,13.497,13.681,13.701,12.962,13.037,12.757,14.267,14.238,14.384,14.47,13.435,11.701,7.5452,9.544,10.123,11.509,13.332,13.6,13.435,12.132,13.269,12.746,11.166,11.166,12.017,12.166,13.833,14.189,13.952,14.98,15.844,16.027,16.413,15.391,16.234,16.539,16.234,16.97,16.472,16.806,15.499,13.792
16.247,18.844,20.109,20.04,20.733,20.68,19.415,18.785,18.54,17.652,16.792,16.484,16.475,15.55,14.745,16.442,16.349,16.11,16.526,16.349,17.652,16.526,17.652,18.269,16.841,17.078,16.247,13.774,10.951,10.013,12.816,14.556,15.585,15.541,15.55,15.98,15.298,14.82,15.298,15.07,13.984,14.623,14.451,14.013,13.663,14.122,14.171,12.816,13.189,13.934,13.894,13.324,13.03,13.157,13.774,14.21,14.632,14.48,13.531,11.494,7.9118,9.8879,11.385,12.15,13.283,14.374,13.934,12.848,12.207,12.275,10.989,11.336,12.476,12.286,12.998,14.043,14.895,14.978,14.83,15.647,16.475,15.647,16.517,16.323,16.948,17.143,17.183,16.45,16.032,14.82
14.588,16.926,17.87,18.333,17.887,17.337,17.689,17.107,16.081,16.163,15.053,13.544,14.314,14.456,13.048,14.344,14.303,13.642,14.638,14.252,14.985,14.638,14.946,15.943,15.266,14.788,14.086,12.114,10.407,8.2521,11.169,13.414,14.065,14.065,13.982,13.555,13.414,13.014,13.048,13.003,13.048,12.461,12.648,12.473,11.169,12.378,11.67,11.882,11.993,11.429,11.833,11.894,11.695,12.366,11.833,12.378,13.381,12.461,12.175,10.836,7.1259,7.757,10.351,10.795,11.993,11.882,11.919,12.029,11.313,10.519,10.121,10.97,10.849,10.727,11.169,12.114,12.508,13.104,13.544,13.844,14.344,13.982,14.18,15.063,14.668,14.985,15.419,15.112,14.578,12.114
14.463,16.581,17.232,17.924,18.332,17.333,16.901,16.72,15.94,16.147,14.691,14.128,14.532,14.483,14.691,14.642,13.585,14.251,14.21,14.572,14.965,15.157,14.965,15.757,14.691,14.21,13.627,12.274,10.395,9.1659,11.519,13.294,13.722,13.722,14.005,13.786,13.499,12.963,12.929,12.963,13.018,12.839,12.794,12.554,12.611,12.391,12.203,11.89,12.391,11.405,11.805,11.316,11.239,12.554,12.143,12.286,13.007,12.794,11.805,10.724,6.8083,8.0015,9.5376,10.724,11.951,12.391,12.274,12.035,10.899,10.283,10.339,9.7033,10.155,11.096,10.885,11.418,12.963,13.326,14.036,13.722,14.572,14.128,14.087,14.542,15.109,14.463,15.224,14.926,14.493,12.286
16.862,19.092,20.601,21.185,20.159,19.826,19.875,19.423,18.343,16.985,16.862,16.985,15.8,15.499,14.98,16.53,15.337,15.355,15.712,16.53,17.508,16.488,17.508,17.657,16.96,16.361,15.809,13.734,11.173,9.3772,13.008,15.091,15.8,16.361,15.844,15.659,15.31,14.327,14.841,14.99,14.385,14.491,14.605,14.869,14.22,13.785,12.651,13.428,13.785,13.49,13.334,12.858,13.428,13.734,13.945,13.825,14.756,14.181,13.199,12.125,7.5409,10.534,11.073,13.209,12.858,13.694,13.825,12.284,12.216,11.599,10.742,10.664,11.503,13.199,12.662,13.209,14.23,14.831,15.712,15.879,15.712,16.538,16.655,17.252,16.267,16.488,17.147,16.763,15.49,14.567
16.271,19.615,20.467,20.67,19.692,19.735,19.437,18.716,17.678,17.265,15.856,16.09,16.347,15.67,15.67,14.472,15.644,15.348,16.997,16.347,16.541,17.03,17.232,18.334,16.816,15.847,15.724,13.509,12.304,9.0063,13.017,14.767,16.373,16.841,16.004,15.366,15,15.093,14.682,14.501,13.925,14.701,14.767,13.744,13.208,13.915,13.176,12.572,13.794,13.915,13.703,12.759,13.551,13.925,14.191,13.744,14.907,14.539,13.437,11.607,7.8352,9.6898,11.643,13.176,13.017,13.683,13.744,12.405,11.703,11.378,11.571,11.785,11.785,12.693,12.019,14.142,14.682,14.501,15.794,14.842,15.82,15.608,16.373,17.16,16.541,16.667,17.717,17.103,16.339,13.744
15.957,19.308,19.819,20.146,20.256,19.444,19.819,19.192,18.211,17.934,16.547,16.756,16.505,14.847,14.913,15.435,16.472,15.896,15.729,15.896,17.214,16.353,17.15,17.526,17.271,16.276,15.957,14.039,11.32,9.505,13.719,15.107,16.096,16.353,16.07,15.516,15.208,14.583,14.478,13.96,14.039,14.391,14.583,14.323,12.969,13.338,13.223,13.022,14.009,13.213,13.442,13.307,13.442,14.039,13.442,13.93,14.621,13.96,14.245,12.229,6.3707,9.5488,11.122,11.848,13.749,13.181,14.069,13.473,12.532,12.263,10.869,12.138,12.172,11.406,12.342,14.197,14.197,14.391,15.729,14.857,16.514,16.379,16.242,16.242,16.036,16.421,17.271,17.036,16.07,13.022
16.766,19.175,20.059,20.913,20.572,19.914,19.746,19.291,18.187,17.606,16.339,16.766,16.407,14.759,14.184,14.759,15.662,15.804,16.407,16.931,17.28,16.466,17.535,18.103,16.799,16.364,15.556,13.918,11.601,8.9554,12.86,15.358,16.117,16.407,15.812,15.716,15.313,14.532,14.233,13.908,14.056,14.637,14.184,13.997,13.085,13.858,13.011,13.011,13.696,13.295,13.337,12.752,13.17,13.787,13.264,13.828,14.788,14.33,13.696,11.601,7.5424,9.3198,11.661,12.665,13.492,14.223,13.828,13.212,12.752,11.601,11.175,11.885,12.488,11.838,11.589,13.828,14.311,14.759,16.117,16.022,16.339,16.742,16.533,17.021,16.262,16.742,17.887,16.799,16.117,14.174
14.333,16.696,17.633,17.991,18.302,17.509,17.301,16.477,16.372,16.158,14.995,14.81,14.037,14.544,14.81,14.444,14.088,14.888,15.082,13.892,14.643,14.927,15.197,14.995,14.303,14.693,14.252,12.18,10.452,9.1668,11.558,13.008,13.628,14.088,14.006,13.703,13.02,13.295,12.941,12.941,12.555,13.02,12.613,12.037,11.507,11.419,11.952,11.558,12.299,12.144,11.806,11.317,11.355,11.756,11.595,12.52,12.795,12.601,11.952,10.354,7.0185,8.8286,10.396,10.9,12.392,11.891,11.52,11.355,11.201,10.9,9.5386,10.013,10.779,10.452,10.9,12.93,12.18,13.097,13.586,14.13,14.303,13.755,14.781,14.544,14.574,14.966,15.225,15.424,13.724,12.275
14.898,16.776,18.059,17.545,17.93,17.537,17.784,16.914,16.594,15.952,14.966,14.312,14.312,13.499,13.563,13.499,14.139,14.221,14.937,14.504,14.504,15.425,15.537,15.024,14.937,14.221,13.638,12.212,10.22,8.414,11.324,13.039,14.005,14.139,14.046,13.733,13.304,13.466,13.249,12.804,12.283,12.713,12.494,12.188,11.603,11.628,11.653,11.363,11.814,11.363,11.653,11.764,11.814,12.045,11.764,12.77,13.017,12.283,11.814,10.907,6.6627,8.2398,10.291,11.414,11.324,11.826,11.628,11.209,10.459,10.624,9.903,10.583,9.5297,10.786,10.403,12.529,12.95,13.15,13.563,12.713,13.509,14.098,14.005,14.898,15.092,14.859,15.321,15.434,14.231,12.295
16.748,18.869,20.794,20.761,20.335,20.198,19.921,18.512,18.632,17.423,16.413,16.345,16.872,15.722,15.427,17.101,15.508,15.391,16.548,16.548,16.938,16.872,17.589,17.542,16.839,16.234,16.028,13.549,11.167,9.2035,12.67,14.924,16.234,16.345,15.642,15.508,15.201,14.471,14.765,14.062,13.923,14.336,14.614,14.394,13.702,13.415,12.746,13.301,14.062,13.467,12.833,13.217,13.436,13.833,13.436,13.913,14.84,14.238,13.342,11.701,7.3967,9.9012,12.017,12.822,13.016,13.301,12.822,12.017,12.167,10.46,10.592,11.278,11.665,13.217,13.048,13.217,14.576,14.238,15.283,15.319,16.062,15.364,16.872,16.938,16.028,16.938,17.987,17.676,15.845,13.436
16.893,19.092,20.331,21.239,20.494,20.132,19.834,18.997,18.29,17.914,17.203,16.469,16.536,15.85,16.869,15.665,15.603,16.536,16.502,16.745,16.745,16.163,17.203,17.829,17.024,15.815,15.885,13.91,11.84,10.458,13.433,14.875,16.231,16.367,16.41,15.316,15.28,14.762,14.573,14.696,13.92,14.187,14.837,13.739,14.059,12.96,13.433,13.034,12.863,13.699,13.83,12.82,13.204,13.329,13.505,13.91,14.847,13.546,13.412,11.663,7.0689,9.4985,10.603,11.555,13.267,13.79,13.699,12.689,11.603,12.345,10.862,11.313,11.567,11.374,12.13,14,13.91,14.138,14.837,15.639,15.505,15.807,16.869,16.393,16.333,16.128,17.672,17.443,16.536,13.92
16.492,19.266,20.032,20.696,20.067,19.955,19.787,19.475,19.077,18.018,17.412,16.262,15.916,15.695,14.524,16.868,15.881,16.193,15.819,16.693,17.024,17.195,16.526,17.26,16.901,16.159,15.345,13.459,11.721,10.195,13.07,15.881,15.633,16.09,15.872,15.098,14.866,14.263,14.866,15.309,14.79,14.204,14.341,13.766,14.056,13.977,13.521,13.197,13.07,13.766,13.937,12.844,12.312,12.691,13.947,13.705,13.623,13.735,12.768,11.614,6.8626,9.3988,10.25,11.863,12.713,12.713,12.779,11.804,11.59,11.396,10.883,10.085,11.198,13.059,13.572,13.623,13.977,15.098,15.015,15.418,15.916,15.345,14.819,16.09,16.055,16.568,17.057,16.668,15.345,14.086
16.471,19.218,20.052,20.379,20.581,20.467,19.103,19.246,18.614,17.191,15.444,16.395,16.277,15.744,15.037,15.822,15.995,15.228,15.656,16.571,16.021,16.94,17.134,17.445,16.302,16.403,15.603,13.624,11.793,10.19,13.624,14.862,15.961,16.209,16.098,15.506,15.282,14.41,14.324,14.121,14.208,14.591,14.131,14.082,12.993,13.805,12.812,12.78,13.452,12.961,12.693,12.617,13.162,13.974,12.983,13.411,14.927,14.121,13.805,11.652,6.9026,9.3878,11.967,11.033,12.704,13.624,12.908,12.78,12.441,11.84,10.819,11.033,11.268,11.12,12.639,13.735,13.287,13.974,14.41,14.619,15.028,15.788,15.577,16.678,16.595,17.191,18.547,16.429,15.3,13.645
16.61,19.263,20.491,19.966,20.275,20.001,19.519,19.27,18.323,17.951,16.291,15.519,15.949,15.313,14.856,14.594,15.669,15.766,16.112,15.74,16.485,16.485,16.485,17.149,17.101,15.975,15.975,13.656,11.567,10.144,12.919,15.313,15.766,15.879,15.448,15.041,14.949,14.565,14.791,14.143,14.423,14.191,13.747,14.113,12.973,13.636,13.163,12.876,13.555,12.617,13.004,12.65,12.823,14.015,13.257,13.907,14.875,13.697,13.391,12.092,6.9085,9.4689,11.043,11.555,12.65,12.628,13.173,12.973,12.126,11.13,10.57,11.228,10.777,12.617,11.471,13.867,13.956,14.8,14.65,15.766,15.669,14.716,15.555,16.316,16.308,16.914,17.617,16.418,16.078,13.225
14.472,16.658,17.258,17.609,18.194,17.393,17.666,17.208,17.029,15.678,15.101,13.813,14.002,13.991,13.397,14.064,13.813,14.391,14.472,14.022,14.671,14.522,14.279,15.264,14.522,14.239,13.782,11.914,10.032,8.6963,11.428,13.483,14.064,13.918,14.279,13.32,13.655,12.989,13.483,12.729,12.694,12.786,12.544,12.82,11.667,12.625,11.828,12.12,11.975,11.066,11.529,11.377,11.118,11.938,11.377,12.298,12.31,12.322,11.529,10.746,5.9326,7.4925,8.9761,9.7676,11.828,10.907,11.542,10.907,11.118,9.7078,9.1844,9.5569,9.4189,10.176,10.233,12.544,12.625,13.133,13.32,14.187,14.157,14.562,14.115,14.602,14.157,15.111,14.878,14.809,14.239,12.51
16.978,18.722,20.589,21.069,20.29,19.343,20.283,19.053,18.446,17.019,16.505,16.847,16.847,15.371,16.48,14.659,15.353,15.569,16.009,16.756,16.847,16.547,16.756,17.214,16.13,16.42,15.515,14.621,11.706,9.4314,13.022,15.079,15.515,16.747,16.547,15.676,15.098,15.098,14.4,14.922,14.068,14.477,15.326,13.799,14.009,13.514,13.212,13.442,13.606,13.718,14.186,13.223,13.748,13.442,13.748,13.959,15.326,14.274,13.212,11.072,7.4,9.6787,10.676,11.611,13.212,13.223,13.022,12.752,11.515,11.789,10.61,10.237,11.611,11.647,12.046,13.708,13.514,14.391,15.506,15.208,16.242,15.371,16.035,16.378,17.019,16.978,18.863,16.756,16.07,12.752
16.011,19.018,20.012,20.177,20.26,20.26,20.335,19.478,18.835,17.876,16.531,15.793,15.705,16.106,17.444,15.652,16.354,16.648,16.345,16.252,16.731,17.148,16.522,17.5,16.722,15.837,15.705,14.165,11.772,10.113,12.852,14.75,15.626,15.483,16.252,15.837,15.084,15.075,14.964,14.74,14.561,13.938,14.599,14.175,14.253,13.287,13.988,13.318,14.018,13.698,13.819,13.329,12.949,13.899,14.175,13.909,14.983,14.484,13.586,11.068,6.864,9.891,11.63,11.935,14.047,14.126,13.819,12.48,13.161,12.005,10.529,9.7924,12.005,12.324,12.335,13.667,14.627,14.175,15.837,15.546,16.218,15.705,15.802,17.124,16.854,17.124,17.5,16.797,16.252,13.899
15.024,17.034,17.906,17.978,17.841,17.906,17.119,16.905,15.704,15.509,14.966,14.373,14.653,14.046,14.221,13.807,13.627,14.231,14.504,14.343,14.791,14.976,15.321,14.791,14.653,14.312,13.796,11.899,10.361,8.6353,11.603,13.205,13.733,14.262,14.231,13.627,13.499,13.326,12.849,13.028,12.621,12.928,12.713,12.494,12.153,12.283,11.899,11.814,11.899,11.653,12.436,11.814,11.325,12.105,11.826,12.283,12.804,12.563,11.85,9.8883,6.5751,8.7686,9.9323,11.052,11.96,11.653,12.105,11.603,11.325,10.361,9.4072,8.8346,9.7107,10.347,11.092,12.045,12.849,12.494,13.039,14.046,14.474,13.509,14.494,14.554,14.494,15.092,15.842,15.005,13.733,11.414
16.01,19.161,19.823,20.114,20.557,19.562,20.53,18.98,18.87,18.006,16.796,16.488,16.259,16.646,16.853,16.045,16.327,16.01,15.801,16.378,16.853,16.445,16.976,17.082,16.82,16.729,16.01,13.818,11.771,9.4899,12.743,15.156,15.871,16.045,16.621,16.01,15.482,15.775,14.982,15.083,14.824,14.368,14.56,13.727,13.848,14.174,13.666,13.452,13.317,13.898,13.898,13.493,13.421,13.317,14.125,14.174,14.683,13.777,13.16,11.911,7.8256,9.6778,10.852,12.289,13.483,13.818,13.192,12.244,12.513,11.557,11.829,10.489,11.829,12.39,12.557,13.937,14.455,14.368,15.056,15.347,15.792,15.871,16.853,15.801,16.754,17.499,17.435,17.243,15.347,14.017
17.01,19.214,19.415,20.178,19.846,20.253,20.15,19.308,18.982,17.907,16.038,16.489,15.916,15.412,15.803,15.349,16.648,16.072,16.218,16.218,16.978,16.855,16.921,17.689,16.855,16.523,16.072,14.224,11.831,10.003,12.949,14.825,16.115,15.706,16.038,15.555,15.304,14.825,14.628,15.076,14.224,14.778,14.523,13.849,13.668,13.484,13.728,13.077,13.779,13.287,13.668,13.204,13.658,13.535,13.728,14.175,14.599,14.599,13.329,11.831,8.1898,10.168,11.168,13.035,13.024,13.688,12.657,12.514,12.028,11.772,11.365,10.802,11.068,12.744,12.12,14.891,14.637,14.253,16.046,15.803,15.653,16.397,16.531,17.658,17.189,16.847,18.008,16.994,15.484,13.849
16.39,19.775,19.81,19.649,20.246,20.005,19.838,19.077,19.018,18.412,16.849,15.797,15.98,16.246,17.118,15.262,16.75,15.797,16.006,16.348,16.783,16.849,17.118,16.972,17.239,15.77,14.969,13.894,12.241,9.9295,12.805,15.152,15.647,15.928,16.717,15.832,15.298,14.978,15.549,15.647,14.364,14.316,14.451,13.934,14.013,13.814,14.364,13.489,12.944,13.683,13.983,13.448,13.157,12.553,14.17,14.364,14.374,13.844,12.331,11.25,7.535,10.525,10.849,12.42,13.019,14.594,13.314,12.815,12.476,12.001,11.542,11.299,11.873,13.072,12.509,14.622,15.585,14.894,15.07,15.18,16.849,16.791,15.487,16.525,17.375,17.525,17.134,16.517,15.647,13.814
16.868,19.179,20.132,20.656,19.882,20.338,19.805,18.673,18.168,17.259,16.231,15.885,15.28,15.424,14.187,16.128,14.837,15.648,16.342,16.128,15.946,16.967,17.154,17.704,16.41,16.41,15.718,14.333,12.754,10.176,13.013,15.088,16.025,15.885,16.367,15.718,15.639,15.505,14.977,14.753,14.177,14.313,14.639,14.333,13.699,13.83,13.34,13.204,13.505,13.679,13.739,13.34,13.79,13.183,13.83,13.739,14.535,13.86,13.699,11.639,7.4884,10.135,11.84,12.754,13.214,13.597,12.917,12.026,11.663,12.754,10.066,11.202,12.401,12.038,12.667,14.236,13.83,14.381,15.496,16.359,16.991,16.163,16.05,16.265,17.227,17.331,17.538,17.419,16.544,13.267
16.663,19.086,19.863,19.603,20.024,19.919,19.152,18.563,18.405,17.099,16.638,16.233,16.47,16.061,15.569,16.746,15.569,15.667,16.738,16.164,16.969,16.538,17.026,17.453,16.638,16.394,15.605,13.831,11.557,9.844,13.089,15.089,15.667,16.546,15.817,15.317,15.29,14.923,14.237,14.159,14.764,14.574,14.315,14.65,14.188,13.861,13.496,13.215,13.414,13.184,13.089,12.745,12.864,14.06,13.599,13.861,15.649,14.383,13.7,11.7,7.3204,9.8016,11.888,12.525,13.299,13.173,13.496,12.821,12.016,11.265,10.459,10.539,11.203,13.791,13.036,13.599,13.951,14.469,15.089,15.498,16.121,16.369,16.546,17.54,16.87,17.713,17.985,16.862,16.087,13.7
14.059,16.424,17.328,17.922,18.083,18.124,16.495,16.748,15.966,15.746,14.567,14.487,13.65,13.511,13.162,14.028,14.111,14.111,14.666,14.275,15.192,14.834,14.726,15.344,14.059,14.183,13.745,12.164,10.23,8.7766,11.335,13.04,14.028,14.152,13.745,13.607,13.04,13.392,12.951,12.633,13.118,12.861,12.116,12.621,11.538,12.164,11.576,11.824,11.775,10.783,11.335,11.462,11.437,12.116,11.934,11.837,12.164,12.223,11.971,10.783,7.0296,8.0871,9.6445,10.371,11.437,11.91,12.294,11.437,10.783,10.244,9.5384,9.8384,10.413,10.371,11.526,11.971,12.69,12.781,14.152,14.517,14.244,14.517,14.517,14.386,14.804,14.517,15.439,14.716,14.028,12.54
16.777,19.049,20.713,20.531,20.726,19.891,19.188,18.637,17.837,17.459,16.366,16.092,16.127,15.726,15.214,15.858,16.349,16.058,16.544,15.858,16.752,16.058,17.235,18.389,17.387,16.066,16.032,13.511,11.951,10.001,13.093,15.177,16.238,16.4,15.954,15.503,15.512,15.076,14.388,14.183,14.797,14.541,14.242,14.242,13.21,13.956,12.869,13.273,13.051,12.651,13.093,13.273,12.574,13.552,13.304,13.866,14.541,14.388,13.439,11.645,7.8362,9.3258,12.02,11.513,14.183,13.273,14.036,12.02,12.032,11.379,10.969,10.595,12.02,12.227,11.892,13.47,13.956,15.368,15.858,15.205,15.512,16.375,16.644,17.403,16.752,16.058,17.68,16.901,16.375,13.796
16.874,19.756,21.096,20.764,20.035,20.201,19.351,19.185,18.151,17.233,16.004,16.816,16.415,16.03,16.271,15.212,15.074,15.891,16.775,16.474,16.973,17.071,17.544,18.197,16.55,16.339,16.237,14.004,12.304,10,13.219,15.321,16.004,16.542,16.5,15.501,15.573,14.88,14.501,14.338,13.795,13.795,14.795,12.867,13.602,13.704,12.759,12.406,13.208,14.143,13.437,12.867,13.177,13.092,13.344,13.915,14.795,13.835,12.921,11.607,7.5464,9.5017,11.181,12.693,13.437,13.219,13.51,12.259,11.844,11.005,10.234,10.554,12.019,12.671,11.703,13.417,14.24,14.982,16.03,15.366,15.856,15.794,16.5,16.667,16.271,16.542,17.835,16.55,16.347,13.744
16.653,19.074,20.382,20.763,20.165,19.69,19.388,18.526,18.43,17.132,16.743,15.963,16.185,16.031,14.681,16.653,15.997,15.911,16.185,15.911,16.645,16.57,17.355,17.793,16.874,16.776,15.842,14.06,12.063,9.6194,13.431,15.005,15.58,15.632,16.176,15.482,15.482,14.793,14.531,14.756,13.953,14.389,14.681,14.158,13.834,13.834,13.1,13.225,13.267,13.421,13.142,12.974,13.194,13.523,13.784,13.421,14.672,13.953,13.142,11.14,7.4474,10.174,10.441,12.233,12.846,12.889,12.267,12.097,11.016,10.61,10.61,11.504,11.202,12.233,13.923,13.431,14.531,14.417,15.703,14.913,16.404,15.764,16.719,16.653,17.108,16.931,17.284,16.711,16.031,13.754
16.681,18.695,20.6,20.634,20.485,19.969,18.583,18.732,17.725,16.889,16.429,16.489,16.293,15.586,14.253,15.658,15.622,16.285,16.765,16.018,17.28,16.765,17.725,18.213,17.118,16.182,16.018,13.927,12.179,9.8123,13.23,15.106,16.412,15.904,16.251,15.524,15.737,14.78,14.552,14.485,14.204,14.514,15.013,14.046,13.05,13.449,12.506,12.835,13.511,13.282,14.35,13.05,13.345,13.219,13.356,14.046,15.361,13.715,13.219,11.128,8.24,9.2126,10.681,12.583,13.726,13.103,12.835,12.029,11.19,11.569,10.668,10.862,12.041,11.796,13.449,12.179,13.847,14.864,14.59,14.995,16.429,15.666,16.564,16.987,16.564,16.564,17.943,16.48,15.684,13.806
14.754,16.656,17.542,18.021,17.493,17.135,17.269,15.975,15.591,15.216,14.062,13.866,14.467,13.698,14.062,13.97,13.698,14.062,14.517,14.754,14.616,14.665,15.367,15.197,15.197,14.226,14.185,12.369,10.265,8.4954,11.499,13.475,13.698,14.195,14.134,13.432,13.603,12.816,13.292,12.264,12.404,12.984,13.216,12.404,11.499,11.599,11.796,11.574,12.276,11.536,11.486,11.499,11.334,11.784,11.82,11.784,12.462,12.264,11.796,10.138,6.5585,7.9331,9.6862,9.8634,11.077,10.959,11.499,11.334,10.265,9.8047,8.4954,8.8613,10.037,10.335,11.398,11.064,12.252,12.532,13.292,12.984,13.772,13.475,13.698,14.467,14.467,14.929,14.754,15.216,13.772,11.833
16.228,18.944,19.553,19.972,19.75,19.617,18.635,18.389,17.497,16.821,15.98,15.771,15.98,15.762,15.524,15.045,15.622,16.22,15.806,16.698,16.49,17.114,17.402,17.623,17.09,16.498,16.006,13.871,11.475,10.038,13.177,15.345,15.381,16.448,16.228,15.56,15.155,14.861,14.608,14.861,14.721,14.427,14.293,14.532,13.508,14.196,13.302,13.457,13.701,13.051,13.146,12.632,13.177,13.457,13.671,13.395,14.532,13.661,13.135,11.523,7.3557,9.4719,10.639,12.13,12.004,12.977,12.187,12.266,11.046,10.403,10.521,11.084,11.749,11.535,11.981,13.821,13.261,13.821,15.155,14.655,15.318,15.045,16.04,16.117,16.49,16.944,17.41,16.919,15.273,12.977
16.325,19.05,19.977,20.285,19.28,20.011,19.28,18.572,17.469,16.923,15.809,16.325,15.384,15.625,16.009,14.639,15.276,15.809,16.325,16.502,16.825,16.89,17.238,17.214,16.693,16.009,14.947,13.754,11.136,10.04,12.926,15.321,15.774,16.086,16.316,15.276,15.167,15.321,15.049,15.348,14.199,14.497,15.276,13.562,13.429,13.232,13.054,12.623,13.794,13.398,13.633,13.47,13.47,12.458,13.643,13.633,14.639,14.15,13.398,11.136,6.9121,8.3092,10.109,11.668,12.403,12.491,11.086,11.81,11.048,10.973,10.095,10.523,11.247,11.856,12.268,13.46,14.799,14.497,14.752,15.983,15.844,14.938,15.905,16.086,16.89,16.35,16.502,16.947,15.598,13.884
16.344,19.417,19.53,20.161,19.607,20.27,19.022,18.598,17.912,17.819,16.743,15.787,15.726,15.603,14.703,17.085,15.778,15.96,16.276,15.96,16.825,17.476,17.515,16.47,16.956,16.166,15.585,13.624,11.734,9.6478,12.811,14.815,15.822,16.394,15.655,15.505,15.109,14.552,14.815,15.027,14.935,14.081,14.13,14.13,13.894,13.854,13.379,13.41,13.119,13.151,13.451,12.961,13.161,13.276,13.161,13.614,14.514,14.101,12.982,11.509,7.1377,8.9057,10.818,11.652,12.296,11.967,12.474,11.793,11.616,10.561,11.304,10.818,10.806,13.379,12.703,13.492,14.703,14.778,15.327,15.3,15.655,15.443,16.063,16.825,17.069,16.923,16.899,17.19,15.227,13.245
16.54,18.87,20.137,20.527,20.282,19.335,20.034,18.678,17.677,17.519,16.54,16.029,16.873,16.465,16.167,15.563,15.793,16.003,16.54,16.124,17.4,16.473,17.708,18.715,17.455,16.269,16.641,14.161,12.167,10.069,13.175,14.925,16.029,16.54,16.055,15.854,15.365,15.091,14.5,15.202,13.864,14.239,15.284,14.181,13.924,13.55,13.175,12.648,13.091,13.864,13.924,13.333,13.333,13.207,13.682,14.141,14.681,13.682,13.091,11.352,7.397,8.7713,10.233,11.594,13.207,13.218,12.736,12.736,11.352,11.167,11.401,10.593,11.948,11.784,11.51,14.033,13.864,14.653,14.841,16.063,16.346,14.906,16.473,16.549,16.996,17.519,17.988,16.278,15.563,13.924
14.453,16.422,16.855,17.327,17.996,17.721,16.855,16.769,16.139,15.959,14.048,14.089,13.59,13.547,13.716,13.515,14.602,14.048,14.171,14.582,14.503,14.739,15.191,15.277,15.154,14.602,13.997,12.485,10.422,8.885,11.066,12.983,13.419,13.579,13.758,13.716,13.419,12.983,13.279,12.983,12.565,12.485,12.062,12.759,12.146,12.392,12.169,12.002,11.918,11.066,11.525,11.882,11.285,12.062,11.772,11.882,12.357,12.346,11.784,10.199,6.4635,8.3328,10.325,10.311,11.208,11.882,12.062,10.948,10.735,10.325,9.5568,10.028,10.367,10.573,11.323,12.169,12.894,12.531,13.419,13.29,13.43,14.048,13.956,14.807,13.966,15.483,15.455,14.212,13.333,12.531
14.562,16.646,17.381,17.916,17.53,17.322,16.786,16.204,16.024,15.667,14.562,14.178,13.772,14.013,12.396,14.562,14.592,14.054,14.381,14.462,15.013,14.72,15.215,16.151,15.033,14.229,14.552,12.302,10.63,8.6903,10.9,12.777,14.054,14.106,14.106,13.474,13.741,13.57,13.474,12.811,12.777,12.811,12.957,12.111,12.159,12.777,12.111,11.254,11.659,11.906,12.195,11.869,11.967,11.521,11.572,12.29,12.856,12.443,11.534,10.367,7.0064,8.64,9.4278,10.616,11.521,12.582,11.331,11.433,10.24,11.111,9.3037,9.641,11.609,10.297,11.369,12.29,12.777,12.811,13.311,13.256,13.992,13.772,13.741,13.909,14.799,14.975,15.518,14.512,13.344,11.771
16.663,18.711,20.244,20.168,20.34,19.919,19.231,18.763,17.985,17.548,15.887,16.87,16.026,15.64,17.099,14.904,15.72,15.362,16.804,16.87,17.516,17.42,17.204,18.291,16.495,16.275,15.843,14.334,12.027,9.942,12.734,15.426,16.232,16.164,16,16.086,15.497,15.362,14.697,14.848,14.001,14.612,14.876,13.506,14.536,13.861,13.496,13.035,13.741,13.831,13.911,13.215,13.831,12.745,13.831,13.911,14.612,14.382,12.756,11.264,7.489,9.4993,11.178,13.089,12.832,13.547,13.014,12.222,11.7,11.7,10.393,10.863,12.039,12.492,12.165,14.65,14.266,14.922,15.317,15.281,15.426,15.72,16.411,16.804,16.343,17.284,17.516,16.663,15.317,12.832
16.959,19.17,20.26,20.109,20.075,20.329,19.599,19.083,17.975,17.506,16.885,16.537,16.224,15.552,16.402,14.784,16.537,15.711,16.984,16.334,17.506,17.219,17.82,17.703,17.195,16.737,16.017,13.944,12.328,10.13,13.007,14.868,15.939,16.017,16.36,16.052,15.282,14.914,14.784,15.489,14.689,14.868,14.868,13.672,13.904,13.672,13.427,13.198,13.427,13.082,13.693,12.749,13.54,12.485,13.323,13.427,14.326,13.904,12.65,11.307,8.1757,9.6822,11.369,12.661,13.039,13.703,13.039,12.683,11.94,11.598,11.393,11.159,12.158,12.562,12.009,14.633,14.18,13.993,15.081,15.658,16.078,15.596,16.121,16.926,16.959,16.461,18.62,16.737,15.498,13.499
17.174,18.882,19.93,20.17,19.575,19.68,18.882,18.551,17.333,17.07,15.737,15.98,15.868,16.049,16.455,14.912,15.641,15.868,16.379,16.261,17.07,16.851,17.523,17.499,17.174,16.185,15.868,14.262,11.979,10.18,12.8,14.717,15.711,15.946,15.946,15.729,15.285,15.641,14.829,15.123,14.117,14.567,15.42,14.068,13.722,13.274,13.762,12.756,12.681,13.264,13.601,12.949,13.264,13.398,13.107,13.601,14.539,13.881,13.367,10.808,8.5348,10.085,10.499,12.228,12.896,13.367,12.627,12.594,12.981,11.582,10.486,11.318,11.723,12.195,12.059,14.165,14.165,14.501,15.764,15.24,15.807,15.588,16.851,16.049,16.287,17.428,17.07,16.94,14.903,13.439
16.863,18.561,20.151,19.26,20.095,19.361,19.188,18.561,18.013,17.092,16.436,16.368,15.093,15.368,15.53,14.926,15.911,15.521,16.257,16.521,16.772,16.863,17.701,17.543,17.19,16.838,15.911,13.517,11.859,10.082,13.455,15.01,15.691,16.495,16.111,15.368,15.832,14.861,15.304,14.814,15.093,14.72,14.161,13.691,13.235,14.21,13.351,14.022,13.319,12.84,13.066,12.764,13.762,13.351,13.455,13.527,14.634,14.082,12.709,12.184,8.2096,9.7309,11.182,12.709,12.709,12.884,12.84,13.319,11.718,10.879,11.095,10.686,11.859,12.688,12.034,14.491,14.491,14.52,15.814,15.341,15.368,15.222,16.05,16.896,16.571,16.994,17.035,16.563,15.832,12.98
16.442,18.843,19.217,19.873,19.54,19.957,19.188,18.303,18.954,17.43,16.151,16.16,15.873,16.056,16.297,14.867,15.392,16.263,16.695,16.501,16.902,17.099,17.001,18.44,16.569,16.769,15.873,13.938,12.279,9.9609,12.37,14.867,15.237,15.419,15.873,15.75,15.847,15.346,15.319,14.951,14.293,14.264,14.41,13.767,13.522,13.767,13.071,12.681,12.46,13.573,13.491,13.532,13.039,13.24,13.356,13.726,14.41,13.888,13.113,11.286,7.5588,9.82,11.53,12.549,12.37,13.198,12.37,12.845,12.039,11.722,11.578,11.722,12.593,12.188,12.245,14.602,14.342,14.951,14.791,15.31,15.838,15.679,15.873,16.091,16.374,16.577,17.549,15.696,15.006,12.856
16.365,18.297,19.807,20.202,20.182,20.071,19.165,19.005,18.014,17.45,16.349,16.272,16.543,15.857,15.725,15.822,16.031,15.813,16.066,16.349,16.809,16.998,17.836,18.029,17.169,16.467,16.551,14.193,11.927,9.847,12.749,14.768,15.322,15.892,15.286,15.511,15.394,15.511,15.367,14.992,14.474,14.702,14.768,14.579,14.193,13.438,13.469,13.04,13.674,12.672,13.22,13.018,12.738,13.705,12.965,14.065,14.579,14.271,13.705,11.703,8.063,9.2054,11.28,12.529,13.795,13.836,12.305,12.749,12.672,12.26,10.673,10.139,11.119,12.868,12.406,13.745,14.909,14.655,15.822,15.322,15.848,16.066,16.349,16.416,16.551,16.501,17.679,16.941,15.645,13.177
14.511,16.768,17.397,17.555,18.685,17.322,16.837,16.742,16.024,15.243,14.984,13.856,14.461,14.72,14.023,14.867,14.054,14.661,14.269,14.511,15.555,14.511,15.433,15.1,15.666,14.906,13.473,12.29,10.296,8.3666,11.433,13.046,13.634,14.147,14.054,13.645,13.602,13.333,13.035,13.473,13.024,12.535,12.442,12.856,12.582,12.111,11.93,11.609,11.572,11.111,11.659,11.369,11.058,11.906,11.869,11.869,12.582,12.582,11.609,10.367,6.4897,8.5214,9.9083,11.111,11.331,11.369,11.634,10.913,10.367,9.5955,10.068,9.6408,9.4276,10.992,12.111,12.29,13.506,13.124,13.506,12.616,13.517,13.517,14.828,14.228,14.32,14.828,15.545,14.551,12.856,11.331
16.818,18.976,21.515,20.853,21.045,19.567,19.503,18.629,17.234,16.752,15.936,16.349,16.467,16.126,14.844,16.417,14.844,16.238,16.876,16.752,17.234,17.031,17.458,18.176,17.21,16.752,16.876,14.163,12.407,9.3255,13.439,14.909,16.543,16.843,15.857,15.574,15.323,14.339,14.035,14.271,14.183,14.474,15.368,14.193,14.242,13.916,12.836,12.836,13.304,12.749,13.051,12.825,13.674,13.705,13.019,13.674,14.684,14.339,13.603,11.572,7.6021,9.6765,12.169,12.76,13.345,12.965,13.335,12.032,11.845,10.673,10.555,10.867,11.512,12.836,13.051,13.345,13.47,14.684,15.574,15.103,15.213,15.503,16.417,17.522,15.295,17.145,17.466,16.092,15.574,13.178
16.344,18.775,19.948,20.466,20.256,19.983,19.36,18.457,18.359,17.601,16.899,16.825,15.96,16.344,16.293,15.3,15.96,16.394,16.302,16.344,17.325,17.444,17.317,17.085,16.996,16.428,15.96,13.735,12.081,10.026,12.352,15.109,15.655,15.227,16.063,15.541,15.326,15.254,14.917,15.227,14.861,14.256,14.13,14.13,14.256,13.358,13.644,13.119,12.768,12.908,13.854,13.119,12.24,12.865,13.441,13.286,13.41,13.854,12.768,11.304,7.2903,9.4604,10.337,11.793,13.13,12.703,13.213,13.245,12.251,11.967,10.508,10.495,10.818,12.908,12.296,13.654,13.735,13.644,14.514,15.362,15.743,15.282,15.3,16.055,16.302,16.403,17.069,16.478,14.618,12.768
16.557,19.202,20.403,20.618,20.397,19.655,19.345,18.24,17.836,17.431,16.886,16.424,16.911,16.665,16.731,15.87,15.853,16.154,16.731,16.788,16.886,16.911,17.525,17.836,17.525,16.582,17.072,13.764,12.106,10.487,13.151,14.57,16.196,16.331,15.573,15.288,14.997,14.831,14.692,14.245,14.168,14.766,14.109,14.72,14.322,12.951,12.951,13.369,13.614,12.802,13.482,12.951,12.683,13.109,13.203,13.235,13.933,13.992,13.348,11.32,7.1322,9.4968,10.911,11.259,12.855,12.607,13.276,12.683,11.83,10.181,10.087,10.487,11.584,11.5,11.784,13.441,14.804,14.322,14.607,15.098,15.422,14.776,15.775,16.911,15.922,16.886,17.312,15.948,14.841,13.844
14.295,16.574,17.5,17.516,17.819,17.191,16.885,16.122,15.896,15.823,14.214,13.716,14.122,13.461,14.204,13.233,13.967,13.884,14.081,14.456,15.074,15.236,15.074,15.639,15.15,14.948,14.204,11.885,10.76,8.6249,11.311,13.013,13.364,13.716,13.957,13.611,13.482,12.935,12.833,13.09,12.56,12.923,12.606,12.03,12.268,12.197,11.311,11.848,11.501,11.078,11.234,10.894,11.349,11.413,11.514,12.03,12.548,12.09,11.091,10.208,6.4784,8.3521,9.5335,10.679,10.279,11.078,10.894,10.597,10.208,8.9542,9.2092,9.5789,9.3958,10.446,9.2562,12.386,12.56,12.386,12.957,12.479,13.364,13.189,14.029,13.832,14.214,15.302,14.476,13.547,13.001,11.349
14.689,16.692,17.922,17.962,18.298,16.847,17.53,15.974,15.411,14.953,14.36,13.016,13.794,13.292,12.177,14.003,13.699,13.465,13.721,14.57,15.241,15.069,15.222,16.288,14.953,14.44,14.62,12.272,10.111,8.2147,11.095,12.938,14.085,14.157,14.689,13.794,13.497,13.497,12.296,12.598,12.034,12.424,13.016,12.142,12.094,12.034,11.353,11.237,12.034,11.095,11.592,10.83,11.617,11.815,11.754,11.803,12.758,11.949,11.095,9.3986,6.7432,8.6776,8.6943,11.095,10.352,11.314,10.394,10.449,9.414,9.5363,8.6943,8.6943,10.054,10.338,10.976,11.642,11.617,12.552,12.564,12.837,13.721,12.837,13.836,14.034,14.085,14.126,15.837,13.497,13.028,10.897
16.322,18.991,20.018,19.536,19.515,19.508,18.586,18.998,18.127,17.292,16.229,15.754,15.173,15.683,16.126,15.054,15.754,15.173,16.773,16.432,17.164,16.896,17.507,17.42,17.356,16.126,15.963,14.54,11.86,10.435,12.791,14.869,15.683,15.533,16.237,15.963,16.229,15.327,15.136,15.063,13.919,14.204,14.72,13.799,14.349,13.31,13.143,12.628,13.058,13.516,13.638,13.185,12.639,13.434,13.403,13.998,14.155,13.879,12.407,10.825,6.9146,8.9832,10.435,11.673,11.287,12.463,11.988,11.542,11.637,10.475,10.939,10.002,11.177,11.673,11.348,13.879,14.349,13.799,14.194,14.869,15.327,15.354,16.083,16.049,15.989,16.765,16.831,16.507,15.054,13.058
15.11,17.112,18.038,17.837,18.244,18.101,16.669,16.46,17.338,14.909,14.318,14.044,13.155,13.543,14.597,15.034,13.993,13.155,14.948,14.646,14.448,13.848,14.577,16.764,14.577,15.375,13.575,12.63,10.252,8.9949,10.732,13.543,13.067,13.575,13.447,13.754,13.067,13.253,13.585,12.9,12.923,13.543,12.388,12.561,11.914,12.388,11.998,12.058,11.914,11.408,12.106,11.998,11.768,10.944,11.483,12.889,11.914,12.63,11.768,10.745,6.7874,7.8128,9.9811,9.7918,12.058,11.558,10.865,10.865,10.865,10.252,7.977,11.817,10.308,10.583,10.944,11.319,13.575,10.865,14.166,12.106,14.438,13.993,14.166,14.528,14.909,12.978,15.672,13.425,13.1,11.319
14.486,16.572,17.517,18.809,18.352,17.177,17.41,17.319,15.852,15.78,14.396,13.273,13.413,14.644,12.246,13.456,14.256,14.946,15.109,14.396,16.458,15.147,14.878,16.458,15.373,13.95,14.286,12.258,10.208,8.1897,11.318,12.719,14.286,13.96,12.921,13.509,13.846,13.054,12.662,13.456,12.525,12.352,12.899,12.445,12.235,12.514,11.997,11.407,11.816,12.525,11.816,11.482,12.105,11.997,10.943,12.571,11.804,12.235,11.369,10.25,6.9748,8.0478,9.2307,11.28,11.816,11.407,11.381,11.52,9.893,9.8639,7.1581,9.5525,10.744,10.306,10.582,12.105,13.991,12.057,13.919,12.445,13.251,13.273,12.662,14.083,15.596,14.595,15.624,15.194,13.153,11.816
14.499,16.575,17.863,17.741,18.277,17.578,16.67,16.531,15.645,14.843,14.289,14.045,14.086,13.427,12.756,14.449,14.086,13.849,14.735,14.598,15.112,14.92,15.367,15.645,15.273,14.765,14.439,12.528,10.692,8.7358,11.32,13.199,13.849,13.963,14.439,14.045,13.745,13.459,13.33,12.89,12.528,12.924,12.665,12.631,12,12.166,11.818,12.166,11.855,11.782,12.237,12,11.063,12.059,12.249,12.261,12.902,12.237,11.32,10.42,6.724,8.0495,10.125,10.8,11.384,11.409,10.853,10.733,9.7927,10.42,9.1386,9.8659,10.543,10.584,11.484,11.855,12.574,12.354,12.528,13.416,14.045,13.416,14.439,14.499,14.045,13.994,14.91,14.168,12.979,12
17.221,19.58,19.459,20.866,21.019,19.459,19.344,17.723,17.691,18.003,15.62,16.068,15.113,18.042,15.682,14.348,17.557,14.853,15.584,15.104,16.68,16.512,16.68,17.683,15.806,17.605,16.076,13.561,12.028,10.363,12.582,14.769,16.385,15.378,16.18,16.512,15.187,15.104,15.187,15.012,14.655,14.712,13.845,14.28,13.925,14.627,13.561,13.925,14.329,13.805,13.805,13.186,13.693,15.332,13.561,13.683,15.002,13.805,13.805,11.711,7.4965,10.363,10.035,13.102,13.561,12.844,13.218,12.028,11.794,10.187,9.8536,10.008,14.074,11.214,12.268,12.537,11.853,13.965,14.993,17.173,16.146,17.478,14.251,14.778,17.918,16.377,16.042,17.245,15.305,13.218
16.644,19.043,20.003,19.843,20.176,19.759,18.874,18.57,18.45,17.783,15.823,16.544,16.17,15.937,16.367,15.823,15.369,16.35,16.744,16.877,17.403,17.594,17.291,18.2,17.459,17.032,16.239,14.164,12.53,10.071,12.662,14.984,15.673,16.17,16.282,15.726,15.369,15.504,15.095,15.323,14.34,14.475,14.91,13.796,14.398,13.685,14.036,13.273,13.796,13.867,13.746,13.178,13.22,13.439,13.685,14.388,14.194,13.837,13.501,11.846,7.5474,9.3409,10.437,12.021,13.019,12.75,12.407,12.869,12.407,11.318,10.867,11.182,11.182,11.609,12.044,13.47,14.34,14.34,14.388,16.468,15.814,14.91,16.35,16.136,16.375,16.418,17,16.282,15.566,13.019
14.608,16.367,17.483,17.533,17.351,17.491,17.066,15.866,16.655,15.386,14.852,14.095,13.521,13.553,12.582,14.509,13.295,14.054,14.003,14.608,14.667,14.667,15.122,15.16,15.16,14.608,13.754,12.397,10.329,8.6086,10.952,13.295,13.806,13.931,14.459,14.177,13.585,13.263,13.066,13.691,12.362,12.362,12.91,12.764,12.582,12.455,11.789,11.777,11.728,12.245,12.362,11.417,11.592,11.53,12.067,12.067,12.571,12.525,11.328,9.8724,6.0037,7.9829,9.2387,10.753,10.873,11.379,11.057,10.699,10.329,10.329,9.8724,9.7253,9.8578,11.29,11.923,11.174,12.536,13.457,13.077,13.585,14.187,13.164,13.754,14.538,14.095,15.122,15.045,13.585,13.284,11.592
16.893,18.915,20.093,20.113,19.806,19.778,19.63,18.834,17.122,16.569,15.091,15.865,16.794,15.97,15.626,15.384,15.447,16.485,16.918,16.434,16.885,17.163,17.948,17.572,17.179,16.289,16.109,14.257,12.762,9.5125,13.286,14.632,16.391,15.865,16.048,15.384,15.688,14.784,14.556,14.286,13.85,14.402,14.661,14.208,13.81,13.432,12.675,12.773,14.08,13.453,13.931,13.032,13.484,13.566,13.617,14.08,14.412,13.941,13.81,11.093,7.7908,9.4978,11.329,12.044,12.762,12.686,13.234,12.773,11.716,10.827,10.553,10.245,12.182,11.799,12.363,14.286,13.81,14.286,14.943,16.048,16.485,15.97,16.391,16.661,16.686,16.918,17.179,16.383,15.519,12.542
16.688,19.122,20.06,19.375,19.83,19.872,18.895,18.59,18.288,17.447,16.05,16.368,15.001,15.01,15.01,16.393,15.521,15.84,16.385,17.018,17.035,17.7,17.739,17.035,16.994,16.368,15.583,14.052,11.658,9.7306,12.51,14.935,15.911,16.111,15.814,15.743,15.583,15.231,15.222,15.112,14.209,14.719,14.404,14.701,14.258,14.596,13.721,13.812,13.761,14.199,13.235,13.193,13.288,12.883,13.288,13.812,14.287,14.16,13.034,11.331,7.6837,9.3958,9.9149,12.709,12.045,13.69,13.193,12.308,11.717,10.475,10.246,11.8,10.763,12.764,13.852,13.235,15.34,14.861,15.093,15.449,15.093,15.972,16.688,16.257,16.05,16.291,17.092,16.486,14.519,13.454
16.482,18.617,20.118,20.056,20.281,19.807,19.478,18.558,18.099,16.747,15.446,15.33,14.697,15.33,14.556,15.446,15.869,15.366,16.739,16.829,17.48,17.321,17.448,17.353,16.903,16.101,15.79,13.778,11.737,9.2863,12.964,15.258,16.305,15.998,15.964,15.58,15.366,14.593,14.211,14.104,14.182,14.92,14.006,14.133,13.038,13.657,13.362,13.216,13.248,13.279,12.964,12.911,13.495,14.413,13.216,13.248,14.781,13.947,13.546,12.209,7.5153,9.7635,10.821,11.737,12.641,12.695,12.706,13.289,11.654,11.654,10.419,11.035,12.388,11.307,12.073,13.738,14.182,14.48,15.782,15.659,15.149,15.58,16.574,16.599,16.574,16.739,16.805,16.024,15.258,13.687
14.468,16.342,18.014,17.6,17.543,17.764,17.202,16.262,15.498,15.386,14.307,13.604,14.185,14.547,12.772,14.783,13.699,14.277,14.468,14.968,15.14,14.616,14.929,15.665,15.216,14.226,13.97,11.833,9.9075,8.3586,11.486,13.007,13.772,13.699,14.517,13.443,13.303,12.907,13.303,12.895,12.544,12.405,12.94,12.463,12.772,11.796,11.599,11.499,11.398,11.499,11.87,11.025,11.833,11.784,11.821,12.182,12.647,12.276,11.499,9.8783,7.0672,7.9877,9.506,10.556,10.556,11.077,10.76,10.321,10.335,9.5665,9.1501,9.506,10.209,11.624,10.597,11.735,12.532,12.772,12.532,12.918,13.699,12.918,14.418,14.968,14.783,14.468,14.597,14.307,13.216,11.624
14.418,16.734,17.303,17.861,17.861,17.143,16.552,15.948,15.386,14.666,14.468,14.277,14.468,14.134,14.418,14.104,13.772,14.418,15.131,14.468,14.861,15.054,15.283,15.498,15.131,14.468,14.011,11.833,10.335,8.597,11.624,13.433,14.011,14.185,14.277,13.465,13.593,12.985,12.985,12.772,12.817,12.544,12.94,12.37,12.578,11.796,11.486,11.423,11.284,11.499,11.599,11.064,11.077,11.894,11.064,11.735,12.276,11.624,11.87,10.095,5.8119,7.9877,9.1501,10.321,11.077,11.385,11.296,11.385,10.597,9.8783,9.5212,8.9426,9.6865,11.025,11.537,11.486,12.37,12.405,13.347,13.443,13.678,12.94,14.458,14.517,14.517,14.517,14.939,14.104,13.292,11.219
16.321,18.456,20.49,19.972,19.965,19.861,19.095,18.943,18.478,16.763,16.074,16.039,15.901,16.082,17.113,15.514,15.621,16.219,16.788,16.005,17.465,16.919,17.113,18.078,16.886,16.821,16.117,13.821,11.911,9.5874,13.05,14.944,15.621,15.762,16.287,15.674,15.245,14.934,14.795,14.86,14.195,14.493,14.748,13.791,14.098,13.64,12.976,12.783,13.135,13.177,14.137,13.135,13.05,12.653,13.395,13.135,14.292,13.64,12.88,11.475,6.4132,8.7442,10.037,11.748,12.4,13.135,11.981,12.265,11.665,11.231,9.6876,10.508,11.57,11.748,11.342,13.7,14.292,14.146,14.146,15.317,15.299,15.054,15.805,15.77,16.295,16.117,16.185,16.845,14.569,12.653
16.439,18.934,19.733,20.099,19.962,19.663,19.486,18.559,17.854,16.951,16.22,15.666,15.763,15.444,14.333,16.074,16.066,16.313,16.304,17.145,17.456,16.779,17.613,18.499,17.097,16.304,16.177,13.388,12.214,9.9081,12.97,14.741,15.798,15.754,16.279,16.074,15.551,14.862,14.945,14.862,14.285,14.343,14.945,14.091,13.694,13.744,13.128,13.002,13.128,13.044,13.663,12.259,13.139,13.002,13.17,13.864,14.448,13.501,13.044,11.226,7.4635,8.9734,11.04,11.04,12.712,12.647,12.393,12.124,11.312,11.998,9.6544,10.813,12.214,11.847,12.712,13.653,13.368,14.178,14.6,14.788,15.876,15.666,16.22,15.945,15.945,16.074,17.361,15.507,15.444,13.17
14.073,16.694,16.978,17.114,17.34,17.613,16.694,15.878,16.176,15.63,14.627,13.74,14.145,14.528,13.782,14.676,14.114,14.196,14.287,14.686,15.18,15.18,15.303,15.218,15.208,14.468,13.959,12.261,10.273,8.2251,11.085,13.094,13.613,13.687,13.539,13.571,13.083,13.127,13.613,13.016,12.949,12.553,11.841,13.313,12.994,12.414,12.541,11.495,11.939,11.343,11.033,11.304,11.033,11.939,11.432,11.841,12.19,12.131,11.394,10.44,6.8013,8.399,9.528,10.045,10.273,10.808,11.085,10.564,11.343,9.3904,9.5734,9.1566,8.753,10.808,10.713,12.083,12.414,12.541,12.414,13.28,13.182,12.69,13.182,13.74,13.603,14.196,14.765,14.528,13.475,11.841
16.115,19.135,20.047,19.593,19.308,19.818,19.069,18.008,17.572,17.084,15.484,16.038,15.803,15.195,15.626,14.666,15.653,16.012,16.731,16.953,16.921,17.189,17.381,17.189,17.051,16.261,16.012,13.849,11.193,9.1943,13.035,15.076,15.653,16.072,15.493,15.794,15.076,14.9,14.485,14.863,13.658,15.076,14.637,13.688,13.688,13.728,12.809,13.035,13.204,12.744,13.024,12.723,13.193,13.422,12.853,13.939,14.175,13.988,13.162,11.365,6.844,8.7621,10.542,12.279,11.304,12.514,12.279,11.168,10.529,10.66,10.37,10.66,10.582,12.29,11.068,13.535,13.728,14.253,14.166,14.253,15.267,15.412,15.916,16.107,15.916,16.623,16.789,16.354,14.599,12.679
16.706,18.963,20.096,20.027,20.233,19.395,18.853,18.257,18.097,17.228,15.9,15.69,15.531,15.06,16.312,14.95,16.38,15.778,15.996,16.631,17.123,16.631,17.554,17.171,16.838,16.056,15.539,13.765,11.255,9.5973,12.99,14.622,15.918,16.244,15.76,15.97,15.06,15.143,15.288,15.143,14.47,14.82,14.161,13.573,13.409,13.895,13.805,13.19,13.409,13.305,13.44,12.721,13.148,13.159,13.805,13.765,14.004,13.974,12.893,11.642,6.8573,8.7532,10.649,11.582,11.819,12.016,12.312,11.819,11.486,10.116,10.157,10.479,10.944,11.76,12.016,13.805,13.895,13.974,14.112,14.161,15.333,14.848,15.539,15.822,15.996,16.606,17.171,16.439,15.06,13.243
16.506,19.184,19.787,20.446,19.703,19.981,18.952,18.784,17.497,16.968,15.325,15.567,15.778,15.961,14.727,16.927,15.469,15.769,16.597,16.771,16.829,16.927,18.156,17.473,16.829,16.43,15.752,13.565,11.237,9.3588,13.057,15.052,16.32,16.371,15.388,15.778,15.171,14.812,14.462,14.577,14.462,15.28,14.84,14.812,13.707,14.144,12.626,13.463,13.235,13.463,13.235,12.833,13.308,13.565,13.183,13.381,14.347,14.357,12.833,11.528,7.5261,9.4762,10.327,12.305,11.528,11.754,11.998,11.636,11.323,10.578,9.9734,10.354,10.111,11.859,11.528,12.714,13.401,14.202,14.501,14.718,14.942,15.848,16.09,16.705,15.752,16.227,16.506,16.422,15.752,13.141
14.19,16.74,18.06,17.867,18.02,17.149,16.347,16.125,15.671,14.622,14.342,13.47,13.48,13.089,12.594,14.671,13.871,14.231,14.759,14.473,15.671,14.342,15.212,15.203,14.463,14.068,13.704,11.801,10.212,8.2046,11.339,13.448,14.312,14.473,14.109,14.201,13.437,13.47,13.089,13.48,12.502,12.922,13.275,12.548,12.537,12.409,11.788,11.541,11.739,11.339,12.019,11.503,11.825,11.081,11.874,12.162,12.467,12.269,11.541,9.6899,6.1284,8.4986,8.7498,10.325,11.223,10.884,11.068,10.436,10.141,10.198,8.6835,9.6151,9.6899,10.325,11.223,10.817,12.079,12.989,13.48,12.776,13.704,13.275,13.944,14.789,13.777,14.671,14.671,14.828,13.437,11.402
16.247,19.197,20.541,19.57,20.186,19.456,19.627,18.307,18.986,17.531,16.358,16.04,15.831,16.04,16.552,15.866,16.066,17.041,16.552,16.852,17.348,17.219,16.761,17.3,16.885,16.827,16.04,14.249,11.324,10.034,13.185,14.587,14.991,15.221,15.866,15.831,15.102,15.212,15.001,15.212,15.102,14.654,14.71,14.043,14.482,13.353,13.924,13.227,13.1,13.195,13.446,13.195,13.446,13.185,13.803,13.803,14.201,13.682,12.668,11.579,7.9109,10.145,10.679,11.957,12.679,12.843,13.026,12.701,11.957,11.651,11.615,9.8525,11.125,11.674,12.312,13.803,14.482,15.084,15.618,14.926,16.375,16.04,15.866,16.281,16.281,17.276,16.786,16.761,14.71,13.843
14.009,16.663,17.3,17.065,17.4,17.491,16.732,16.784,16.153,15.271,14.594,14.009,14.102,13.968,14.061,13.978,14.102,14.132,14.936,14.335,14.663,14.985,14.752,14.663,14.82,14.061,13.937,12.262,10.221,8.6625,11.075,13.474,13.697,13.937,13.697,14.183,13.29,13.269,13.29,12.736,13.269,12.77,12.262,12.77,12.368,12.251,12.262,11.782,11.384,11.622,11.333,11.782,10.745,11.422,11.333,12.18,12.368,12.368,12.013,10.745,6.7314,7.6919,9.685,10.136,11.295,11.075,11.622,10.865,10.745,9.906,9.8622,9.1801,9.3823,10.334,10.264,11.535,12.916,12.262,12.916,13.474,13.214,14.274,13.697,14.465,14.898,15.138,14.985,14.455,13.29,11.782
16.31,18.369,19.277,20.199,20.062,19.959,19.434,18.496,18.067,17.454,16.437,15.734,15.549,16.003,14.943,16.175,16.604,15.83,16.711,16.285,17.335,16.686,17.65,17.319,17.335,16.31,15.263,13.386,11.799,9.5813,12.775,14.56,15.308,15.451,15.664,15.83,15.584,14.786,15.263,15.044,15.035,15.335,14.176,14.283,13.692,13.742,13.742,13.293,13.417,12.688,13.386,13.042,13.137,13.862,12.775,13.981,14.331,13.782,13.742,11.799,7.2942,9.4509,10.631,11.799,12.786,12.818,12.989,12.246,12.257,11.039,11.039,10.824,12.302,12.257,11.658,13.448,13.661,14.128,14.331,15.308,15.611,15.308,15.263,16.302,16.31,16.445,16.686,15.263,15.308,13.168
15.057,16.694,17.079,17.603,17.405,17.496,16.737,16.032,16.122,15.276,14.756,13.563,13.273,13.972,12.942,14.599,14.188,14.228,14.013,14.47,14.902,15.294,14.668,14.989,15.057,13.983,13.009,11.896,9.8065,8.6819,11.079,12.998,13.478,13.732,14.137,14.188,13.174,12.819,13.294,13.941,12.774,12.58,12.74,12.546,12.534,12.407,12.016,11.538,12.254,11.626,11.871,11.4,11.336,11.182,12.016,12.254,12.407,12.184,11.737,9.8799,6.5597,8.4115,9.6731,10.14,11.298,11.488,10.881,10.337,10.748,10.267,9.1357,9.5226,9.688,10.748,11.601,11.798,12.58,12.499,13.273,13.774,14.198,13.816,13.732,13.816,14.013,14.279,15.133,14.013,12.998,11.626
16.411,19.436,19.885,20.277,19.968,19.69,19.5,18.386,17.533,16.94,16.486,15.95,15.759,14.718,14.83,15.759,15.976,15.618,16.318,16.611,16.818,16.94,16.973,17.175,16.611,16.037,15.378,13.048,11.34,9.2935,13.258,14.633,15.042,15.342,15.838,15.342,15.556,15.051,15.125,14.793,14.867,14.793,14.529,13.818,13.3,13.748,13.698,12.974,13.465,12.995,13.048,12.607,13.133,13.505,13.868,13.465,14.338,14.017,13.393,11.805,7.0084,9.6575,10.714,11.044,12.974,13.393,12.974,12.781,12.398,12.297,10.969,11.242,11.664,11.805,12.651,12.651,13.789,13.908,14.424,14.83,16.611,16.225,15.458,16.411,16.36,16.495,16.071,16.444,15.051,13.698
16.677,19.043,19.549,19.043,20.077,19.734,18.933,18.576,18.311,17.715,16.167,15.924,14.957,15.462,16.271,15.353,16.407,16.064,15.854,16.843,17.033,16.91,17.196,17.325,16.91,16.167,14.873,13.712,11.229,9.5217,12.554,14.532,15.757,15.845,15.845,16.064,15.106,15.353,15.704,15.317,14.685,15.023,14.503,15.207,13.773,13.864,13.299,13.497,13.362,13.538,12.775,12.33,13.119,13.742,13.445,13.732,15.013,14.093,13.045,12.251,7.6173,9.5655,10.876,12.599,12.159,13.119,13.773,12.599,12.33,10.888,11.092,12.044,11.028,12.554,11.229,13.773,13.944,15.023,15.235,14.732,15.134,15.399,15.124,16.785,16.305,17.049,16.271,16.373,14.948,13.246
15.811,19.34,20.117,20.144,19.728,19.475,18.957,18.463,17.784,17.471,16.019,15.907,14.866,14.754,14.152,15.75,15.811,15.985,16.301,16.225,17.336,16.453,17.288,17.621,17.24,15.776,15.6,13.4,11.037,9.8747,12.371,14.884,15.627,16.191,15.767,15.802,15.68,15.323,14.884,14.754,14.2,14.754,14.726,13.915,12.788,13.564,13.234,13.055,13.15,13.013,13.307,13.265,12.788,12.831,12.885,13.796,14.726,13.564,12.928,11.37,6.9129,8.6999,10.784,11.479,13.139,13.139,13.181,12.658,12.191,11.149,10.525,10.784,11.752,11.752,12.315,13.4,13.876,14.346,15.16,14.866,16.369,15.386,14.94,16.191,16.234,16.703,17.336,16.42,15.811,13.013
15.097,16.611,17.617,17.821,17.117,16.707,16.75,15.634,15.231,15.068,14.117,13.712,14.431,13.983,13.008,14.531,13.616,13.477,14.797,14.689,15.183,14.481,14.914,14.982,14.982,14.209,13.488,11.941,9.3925,8.4009,11.409,12.997,14.024,14.076,13.316,13.445,13.359,13.008,12.693,12.659,12.75,13.488,12.59,12.829,12.134,12.026,11.087,11.61,11.941,11.345,11.409,11.409,11.345,12.086,11.547,11.905,13.008,12.474,11.795,10.566,6.7387,8.605,9.4078,10.823,10.442,10.675,11.307,10.648,10.233,9.5754,9.3925,8.6719,9.1428,11.497,10.89,10.89,12.288,12.509,13.445,13.283,13.305,14.199,13.542,14.875,14.024,14.199,15.001,14.29,13.359,12.026
16.576,18.759,20.446,19.677,20.195,19.99,19.423,18.313,17.316,16.929,16.442,15.992,15.511,15.608,15.014,15.784,15.332,16.408,16.905,16.484,16.905,16.929,17.22,17.355,16.741,15.792,15.439,13.445,11.222,10.029,13.124,14.642,16.708,16.484,15.757,15.608,15.511,15.115,15.032,14.28,14.586,14.642,14.28,14.415,13.415,13.629,13.384,13.166,13.779,13.249,13.291,13.124,12.643,13.779,13.134,13.859,14.642,13.948,13.779,11.797,7.571,9.5795,10.822,11.513,13.134,12.965,13.384,11.62,11.525,11.308,10.822,10.098,11.136,12.085,11.971,12.21,14.28,14.328,15.115,15.511,15.305,15.731,15.511,16.905,15.792,16.307,17.323,16.307,15.966,13.415
16.489,19.268,19.721,19.889,20.006,19.439,19.045,18.635,17.863,17.971,16.498,15.77,15.273,15.381,14.019,16.722,16.321,16.755,16.363,16.614,16.697,16.763,16.821,17.21,17.105,15.345,14.795,13.881,11.535,9.6449,12.923,14.748,15.674,15.674,16.039,15.805,15.318,15.559,15.345,14.72,14.532,14.34,14.147,13.467,13.67,13.791,13.302,13.166,12.488,12.88,13.791,12.62,12.718,12.707,13.7,14.019,13.871,13.66,12.826,11.606,7.0684,9.3099,10.831,11.571,13.177,13.99,12.631,12.923,12.13,11.981,9.9824,10.508,12.13,11.748,12.265,12.707,13.135,14.147,15.515,15.523,15.805,15.744,15.164,15.155,16.498,16.489,16.489,16.312,15.236,14.147
16.489,19.552,19.439,20.109,20.489,19.776,19.267,18.619,18.38,17.464,16.943,15.452,15.127,15.744,14.72,16.184,16.943,16.32,16.497,16.614,16.82,16.762,17.016,17.233,16.812,16.614,15.805,13.91,11.911,10.106,12.22,14.72,14.795,15.317,16.295,15.805,15.317,15.523,16.004,15.272,14.795,14.34,14.426,13.989,13.291,13.88,13.466,12.794,12.922,12.997,13.456,12.653,13.008,12.62,13.374,13.67,13.989,13.79,12.88,11.63,6.9101,9.3539,9.6445,11.57,13.134,13.466,12.488,11.992,11.98,11.522,9.8708,11.132,11.365,12.609,12.922,12.794,13.66,14.146,13.87,14.832,15.452,15.272,15.62,15.044,16.489,15.805,16.762,16.32,14.569,13.7
16.309,19.328,20.296,20.215,19.738,19.773,19.264,18.939,18.564,17.618,16.182,16.182,15.269,15.618,16.685,15.976,16.494,16.292,16.36,16.94,16.76,16.817,17.206,17.72,17.045,16.36,16.01,13.637,11.627,9.813,12.705,14.528,15.67,15.042,16.216,16.113,14.95,14.801,15.16,15.758,14.745,14.528,14.337,13.698,14.192,13.667,13.132,12.628,12.694,13.163,13.392,13.048,12.618,12.716,13.392,13.698,14.424,14.134,12.877,11.568,6.9089,9.1735,9.4695,12.093,12.218,12.973,12.218,12.001,11.52,11.472,10.09,10.558,11.363,11.627,11.568,13.048,13.818,14.143,14.143,14.566,14.829,15.124,15.976,15.556,16.036,16.309,17.618,16.94,14.745,13.627
16.501,19.188,19.791,20.619,19.951,19.84,18.876,18.228,18.152,17.674,15.685,15.525,16.016,15.964,13.88,16.509,15.773,15.472,17.061,16.467,17.414,17.477,17.674,17.222,16.509,16.332,15.525,13.639,11.579,9.4051,12.932,14.759,15.773,15.632,15.632,15.525,14.963,14.815,15.138,14.843,14.35,14.806,15.165,14.35,13.89,13.801,12.497,12.932,13.649,13.568,13.76,12.662,12.629,13.06,13.186,13.404,14.731,14.437,12.706,10.839,7.4354,9.3165,10.113,11.92,11.989,12.985,12.229,12.375,10.826,10.646,10.356,9.6517,11.239,11.92,11.638,12.706,13.186,13.88,14.58,14.963,15.065,15.685,15.782,15.685,15.283,16.988,17.222,16.767,15.055,12.662
16.527,18.7,19.074,20.017,20.052,19.597,19.023,18.438,18.34,17.449,16.119,15.877,15.657,15.807,14.838,16.016,16.727,16.154,16.485,15.99,16.527,16.735,17.386,17.409,17.193,16.154,15.335,13.405,11.657,10.116,13.006,14.641,15.595,15.559,16.265,16.016,15.798,15.353,15.657,14.829,14.913,14.257,13.902,14.306,13.165,13.912,13.539,13.456,12.91,12.747,13.732,12.682,12.682,13.487,13.259,13.59,14.179,13.426,12.682,11.775,6.9262,8.4911,9.3757,10.545,11.561,12.282,12.293,11.196,11.071,11.196,10.005,10.805,10.65,10.663,11.692,12.293,12.856,14.179,13.912,13.671,15.55,15.162,15.307,15.78,15.488,16.535,16.333,15.63,15.189,13.196
16.211,18.981,19.809,19.969,19.704,20.059,19.01,18.974,18.267,17.437,16.848,16.005,15.539,15.477,15.796,14.958,16.389,15.699,16.448,15.909,16.724,16.347,16.724,16.641,16.448,16.005,15.699,13.313,11.541,9.4868,13.25,14.958,15.646,16.143,15.909,15.927,15.051,14.968,15.619,15.324,14.856,14.856,13.982,14.363,13.773,13.903,13.156,12.997,12.944,13.156,12.847,12.673,13.029,13.198,13.416,13.692,14.555,13.529,12.815,11.163,6.9215,8.8213,10.419,11.872,11.826,12.553,11.767,11.684,11.101,10.218,10.485,10.655,10.95,11.25,10.836,13.156,12.944,13.982,14.856,14.593,14.659,14.593,15.831,16.474,16.143,15.342,16.971,16.313,15.342,14.247
16.865,18.856,20.575,20.514,20.426,19.462,19.547,18.373,17.635,17.174,16.475,15.763,15.639,15.542,15.998,14.728,15.622,15.254,16.366,16.832,15.998,16.34,16.84,16.717,16.717,16.34,15.789,13.276,11.096,9.6562,12.635,14.822,16.204,16.315,16.204,15.692,15.789,15.318,14.822,14.97,14.357,14.813,14.615,14.036,14.006,13.411,12.991,12.646,12.938,12.991,13.887,12.503,13.483,12.938,13.676,13.976,14.444,14.212,12.991,11.059,6.8381,10.049,10.651,12.006,12.624,12.547,12.503,11.821,11.059,10.159,10.481,9.6562,10.728,11.257,10.481,13.442,13.524,14.006,15.063,14.738,15.399,15.044,15.336,16.032,15.789,16.84,17.134,15.318,14.878,12.895
16.61,19.27,19.855,19.987,19.716,19.987,19.441,18.982,18.089,17.617,16.069,16.342,15.975,15.74,16.342,15.041,16.215,15.766,16.493,16.342,16.493,16.61,16.783,17.173,16.693,16.485,15.448,13.555,11.567,9.8684,12.919,15.159,15.67,15.792,16.009,16.359,15.59,15.123,15.295,15.34,14.744,14.594,14.632,13.504,13.986,13.867,12.877,13.004,12.994,13.867,13.422,12.65,13.131,13.288,13.656,14.094,14.288,14.094,12.919,11.977,7.0664,10.103,10.346,11.745,11.338,12.529,12.485,11.531,11.627,10.967,10.426,10.103,11.627,11.363,11.471,14.143,13.257,13.173,15.022,15.041,15.041,15.519,15.975,16.009,16.291,16.359,17.341,16.409,15.159,13.004
16.208,19.217,20.051,20.653,20.188,19.761,19.015,17.85,17.827,16.801,16.344,15.778,16.394,14.843,14.637,15.434,16.166,15.136,16.166,15.865,16.677,15.752,16.939,17.85,17.381,16.344,16.063,13.854,12.115,10.094,13.451,14.59,16.403,15.96,16.677,15.934,15.299,15.027,15.136,14.275,14.581,14.275,15.254,13.943,13.119,14.1,13.119,12.638,13.213,12.961,13.492,13.244,13.774,13.864,13.774,13.973,15.254,13.854,13.854,11.652,7.3654,9.9012,10.92,12.115,13.684,13.151,12.865,13.035,11.033,11.557,9.576,10.626,11.793,11.509,12.251,13.13,12.993,13.644,14.843,15.743,15.585,15.299,16.394,16.403,16.063,16.436,17.093,16.394,16.055,13.774
16.486,19.112,20.198,20.048,20.644,20.389,19.255,18.644,17.712,17.222,16.31,16.352,15.83,15.442,14.859,15.307,16.352,15.751,16.711,16.352,16.907,16.486,16.603,17.005,16.003,16.31,15.584,14.088,11.598,9.8645,12.967,15.035,15.89,16.335,15.307,15.334,15.307,15.262,14.701,14.597,14.331,15.442,14.137,14.34,13.365,13.741,13.251,13.631,13.651,12.699,13.386,12.71,13.126,13.741,13.691,13.741,14.738,14.417,13.651,12.302,7.5173,9.2888,11.31,11.845,12.71,13.126,13.447,12.358,12.391,11.038,10.031,11.138,11.038,11.515,11.598,13.447,13.293,14.417,15.153,14.56,15.307,15.307,15.734,16.776,15.795,15.734,16.578,15.968,15.548,13.782
16.218,19.084,20.505,20.905,19.541,19.925,19.092,19.164,17.643,17.336,16.004,15.665,15.996,15.585,15.443,16.438,15.514,15.665,16.909,16.286,16.004,16.488,16.909,17.32,16.753,15.892,15.227,13.813,11.516,9.4515,13.252,15.264,16.073,16.064,15.761,15.665,15.264,15.236,14.87,14.418,14.561,14.561,14.523,14.523,14.138,13.127,13.043,12.613,13.981,12.969,12.99,13.127,12.602,13.863,13.294,13.981,14.418,14.187,13.652,11.985,7.8762,9.1701,11.741,12.258,12.122,13.127,13.221,12.392,12.122,10.825,10.71,9.8654,10.195,12.088,11.8,12.7,13.813,14.485,15.787,14.712,15.55,15.514,16.438,16.303,15.761,15.944,16.909,16.21,15.372,13.459
16.335,18.434,19.988,19.988,20.419,20.297,19.284,18.827,18.154,17.676,16.469,16.018,15.285,15.572,16.199,14.467,16.711,15.536,16.469,16.335,16.436,16.427,16.436,16.511,16.087,15.992,15.784,13.712,11.675,9.5231,13.061,14.807,15.536,15.285,15.819,15.897,15.312,15.067,15.33,15.634,14.61,14.439,14.207,13.671,13.671,13.712,13.922,13.019,13.24,13.146,13.146,13.406,13.406,12.891,13.437,14.158,14.352,14.109,12.794,11.64,7.305,9.4063,11.042,11.816,12.499,13.146,12.718,11.351,11.375,10.84,11.142,10.517,10.53,11.58,11.544,12.891,14.001,13.832,15.285,14.733,14.506,14.761,15.687,15.992,16.096,15.81,16.736,16.199,15.14,13.313
16.843,18.682,19.55,19.656,20.136,19.81,19.529,18.968,18.859,17.424,16.519,15.256,14.963,15.293,14.513,15.861,15.905,16.317,16.636,16.343,16.444,16.385,16.343,16.385,16.843,15.642,14.88,13.444,11.296,9.7857,12.724,15.074,15.065,15.974,16.061,15.32,15.338,15.293,15.065,15.695,14.243,14.74,14.475,13.809,14.008,13.485,13.485,13.152,13.152,13.152,13.658,12.811,13.278,12.67,13.769,13.688,14.156,14.214,12.843,11.764,7.8208,8.9589,10.442,11.357,12.713,12.94,12.505,11.538,11.764,10.846,10.794,10.639,10.363,12.111,12.383,13.184,13.648,14.674,14.214,14.243,15.293,15.482,15.791,14.973,16.241,16.511,16.711,15.482,14.88,13.485
16.635,19.4,19.718,19.528,19.768,19.655,18.592,18.658,18.592,17.416,16.333,15.614,14.73,14.898,14.359,16.61,16.06,15.86,15.641,15.791,16.519,16.519,16.206,16.443,16.384,16.316,14.739,13.978,11.159,9.4837,11.868,14.512,15.183,15.534,16.025,15.641,15.641,15.073,15.319,15.904,14.767,14.135,14.359,13.898,13.808,13.678,13.025,13.412,12.724,13.193,13.525,13.151,12.636,13.025,13.688,13.808,14.204,13.474,12.81,11.537,7.8909,10.119,10.521,11.573,12.27,12.993,12.713,12.019,11.822,11.332,10.521,10.534,10.947,12.315,12.111,12.647,14.243,14.213,14.445,15.904,16.137,15.764,15.337,15.337,16.809,16.24,16.333,16.635,15.4,13.277
14.126,16.403,17.628,17.389,17.914,17.43,16.473,16.181,15.607,15.107,14.54,14.157,13.292,13.105,12.483,13.699,13.465,13.721,14.003,14.126,14.003,14.126,14.54,14.846,14.62,13.752,13.486,11.888,10.449,8.6106,11.095,12.564,13.972,13.794,14.491,13.721,13.292,13.313,12.837,12.938,12.758,12.598,12.598,12.284,11.949,11.517,11.617,11.555,11.913,11.237,11.815,11.095,11.517,11.505,11.852,12.564,13.016,12.034,11.888,10.352,7.0168,8.1971,9.1646,10.884,11.803,11.081,10.884,10.338,9.7466,9.7019,8.8756,8.9082,10.352,9.9233,11.198,11.505,12.389,12.792,12.552,12.792,14.491,13.454,14.491,14.36,14.491,14.085,15.222,13.836,13.454,12.142
16.501,19.109,19.791,19.903,19.986,20.308,18.581,18.788,18.589,17.342,16.197,15.773,15.685,16.085,16.509,15.632,15.782,15.685,16.197,16.701,16.626,16.231,16.501,16.8,16.8,16.239,15.328,13.466,11.815,10.1,12.464,14.759,15.773,15.174,15.526,15.632,15.328,14.954,15.356,14.721,13.801,14.029,13.639,13.144,13.68,13.27,13.517,12.985,13.176,13.238,13.761,12.662,12.985,13.007,13.67,13.97,14.351,13.831,13.017,11.989,7.816,9.8221,11.35,11.531,12.717,12.717,12.308,12.001,11.862,10.94,9.4783,9.4783,10.154,11.989,12.319,13.144,13.89,13.801,14.157,15.283,15.685,16.051,15.912,15.773,16.898,16.509,16.324,16.307,15.165,14.36
16.41,19.023,20.96,20.901,20.448,19.977,19.318,18.442,17.958,17.333,16.002,16.275,16.808,15.547,14.33,16.173,15.306,15.609,16.309,16.334,16.8,17.076,17.333,17.834,17.004,16.207,15.503,13.66,12.086,9.4499,13.135,15.583,16.435,16.577,15.609,15.759,15.261,14.737,14.126,14.33,13.979,14.416,14.858,13.86,13.65,13.364,12.774,12.966,13.125,13.385,12.687,12.784,13.25,13.81,13.25,13.9,14.793,13.62,13.219,11.798,7.8046,9.5802,11.514,12.966,12.479,12.256,12.086,11.137,11.025,10.085,10.03,10.194,10.341,11.798,12.256,12.12,14.281,13.74,15.441,15.034,14.858,15.794,16.477,17.317,15.872,16.833,17.483,16.173,15.609,13.498
15.686,19.139,19.139,19.876,20.007,20.09,19.461,18.994,18.522,18.092,16.468,16.501,15.065,15.571,16.501,14.843,16.627,15.782,16.51,16.426,16.833,16.767,16.956,17.167,16.833,16.375,14.955,13.405,11.674,9.652,12.263,15.329,15.571,15.356,16.308,15.615,14.871,15.166,15.311,15.535,14.815,14.437,13.801,13.68,13.67,13.569,13.187,13.018,13.405,13.176,12.932,12.498,13.467,13.155,13.384,13.711,14.871,14.283,12.932,11.579,7.6555,9.6949,10.724,12.229,12.409,12.793,11.99,11.674,11.252,10.839,9.4786,9.7801,10.516,11.252,11.543,12.793,14.147,14.722,13.801,15.392,14.731,14.964,15.756,15.535,16.308,16.8,16.501,15.913,15.284,13.518
14.695,16.409,17.203,17.758,17.578,17.236,17.135,16.69,15.989,15.084,14.486,14.091,13.297,13.11,12.394,14.466,13.998,14.132,14.626,14.645,14.366,14.039,14.783,15.303,14.546,14.132,13.459,12.797,10.659,8.3578,11.319,13.143,13.726,13.842,14.213,14.039,13.373,13.022,13.459,13.319,13.022,12.429,12.603,12.038,11.421,11.954,11.622,11.319,11.319,11.622,11.954,11.421,10.659,11.306,11.807,12.383,12.614,12.277,11.408,9.9271,6.6593,8.0035,9.1682,9.7057,10.577,10.767,10.888,10.686,9.7057,9.5855,8.7641,8.9117,10.115,9.2938,10.618,11.758,11.82,12.429,12.763,12.797,13.297,13.01,13.62,13.726,13.998,14.132,14.645,14.008,13.022,11.844
16.358,18.876,19.547,19.794,20.264,19.933,19.905,18.46,18.617,16.858,16.015,15.28,14.968,14.828,14.324,15.629,15.841,16.526,16.349,16.015,16.652,16.735,16.526,17.504,16.652,15.806,15.088,14.178,11.596,9.4928,12.725,14.753,15.937,15.779,15.779,15.198,15.629,14.977,15.487,14.564,14.459,14.051,14.129,13.67,13.206,13.782,13.731,13.425,13.701,13.164,13.259,12.747,12.812,13.487,13.852,13.822,14.305,13.66,13.005,12.019,6.406,9.0594,10.531,11.07,12.282,11.774,12.812,11.269,11.108,10.452,9.5365,9.9352,11.158,10.372,11.938,12.649,13.037,14.227,14.526,15.28,15.307,14.894,15.06,16.11,16.075,17.014,16.627,16.015,14.986,13.08
16.344,19.267,20,20.33,19.75,19.496,18.978,18.445,18.264,16.837,15.643,16.521,15.907,15.828,15.793,14.882,15.819,16.105,16.613,16.344,16.336,17.235,17.49,17.073,16.521,16.387,15.581,14.167,11.998,9.673,12.671,15.076,16.251,16.002,16.037,15.793,15.643,14.769,14.956,15.066,13.9,14.476,15.34,12.941,13.248,12.995,13.016,12.715,12.941,13.93,13.891,13.196,13.393,13.164,13.154,14.293,14.9,13.93,12.995,11.099,7.1563,9.0826,10.654,11.149,11.998,11.928,11.623,11.539,10.536,10.796,9.1887,9.4851,10.377,11.248,11.099,12.649,13.185,13.486,14.37,15.066,15.149,15.294,15.696,16.002,15.474,16.242,16.968,16.968,15.367,13.77
16.023,19.09,19.321,20.267,20.171,19.838,18.995,18.671,18.379,17.329,16.023,16.161,14.91,14.984,14.331,15.997,15.637,15.205,15.814,15.717,15.814,16.229,16.965,17.417,16.801,16.229,15.494,14.175,11.373,9.6856,12.655,15.196,15.095,16.408,16.023,15.884,15.387,15.423,15.068,14.836,14.647,14.312,14.533,14.224,13.504,13.909,13.504,12.958,13.033,12.861,13.788,13.086,12.688,13.493,13.738,14.331,14.331,13.677,13.044,11.506,6.5165,8.5761,9.4975,9.8981,12.818,11.944,11.697,11.113,10.861,10.229,9.0944,10.12,10.589,10.457,11.839,13.033,12.731,13.829,14.136,14.495,15.086,14.676,16.049,16.049,16.501,16.366,16.867,16.366,15.095,13.202
14.138,16.248,17.9,17.9,18.056,17.56,16.703,16.41,16.266,14.729,14.19,13.598,13.555,14.076,13.012,14.232,13.565,13.468,14.19,14.138,15.123,13.855,14.599,14.599,14.799,14.19,13.652,12.124,10.085,8.4866,11.058,13.391,13.887,14.097,14.232,13.652,13.424,13.024,13.035,13.114,12.482,12.364,12.611,13.103,12.517,12.364,11.842,11.177,12.124,11.177,11.282,11.399,11.502,11.977,12.364,12.576,12.657,12.576,11.641,10.302,5.8646,7.0692,9.4844,10.429,9.894,9.9974,10.898,9.6534,9.7594,8.8262,8.2939,8.4866,8.2583,10.527,10.085,11.177,13.114,12.517,13.103,12.184,13.035,13.587,13.555,13.855,14.232,15.035,14.809,14.355,13.468,11.502
15.749,19.51,19.296,19.978,20.219,20.068,19.474,18.596,18.515,17.9,15.776,15.626,15.776,16.088,16.045,16.122,15.52,15.679,16.233,16.826,17.055,16.826,17.16,16.982,16.318,15.679,15.323,13.885,11.574,9.6624,12.981,15.241,15.984,16.453,15.386,16.019,15.386,15.35,15.323,14.612,14.432,14.297,14.151,14.345,13.875,13.755,12.635,13.15,13.399,13.233,12.981,13.139,12.981,14.151,13.705,13.915,14.142,14.278,13.665,11.669,6.7305,8.9809,11.037,11.539,11.527,12.19,11.985,11.574,11.149,9.4748,9.7761,9.0727,10.109,11.137,12.625,12.657,14.2,14.498,15.846,15.241,14.725,15.626,16.326,16.088,15.466,16.694,16.703,15.564,15.767,13.755
16.325,19.508,19.831,20.556,20.08,20.08,20.121,18.461,18.639,16.817,16.418,15.465,15.321,15.131,14.189,16.189,15.844,16.043,15.957,16.701,16.493,16.493,16.223,16.98,17.118,16.043,15.276,13.993,12.007,9.7753,12.883,14.836,15.766,15.249,16.35,15.249,15.24,15.249,14.938,15.167,14.15,13.963,14.15,13.704,13.511,13.633,13.47,12.634,12.83,13.18,14.14,13.18,13.704,13.138,14.101,13.963,14.873,14.276,13.054,11.751,7.0506,8.9955,10.365,11.751,11.609,12.634,11.561,11.914,11.048,10.834,9.1778,9.8736,11.283,11.148,12.711,12.797,13.874,14.101,15.456,15.888,15.809,15.456,15.983,16.086,16.89,16.923,16.964,16.121,14.938,13.664
16.234,18.525,19.69,20.024,20.319,19.739,19.485,18.592,17.887,17.105,16.836,15.635,15.394,15.466,14.44,16.437,16.2,15.915,16.097,15.331,16.77,16.378,16.934,17.121,16.934,16.242,15.915,13.571,12.003,9.922,12.988,14.734,15.785,16.234,15.573,15.358,15.475,14.62,14.957,15.168,14.668,13.893,14.649,14.159,14.15,13.683,13.062,12.892,13.272,13.652,14.353,12.988,13.479,13.178,13.973,14.159,13.893,13.713,13.147,11.155,7.0748,9.1838,10.57,11.376,12.231,12.276,12.411,11.581,11.155,10.57,9.7816,10.726,10.828,12.003,13.189,13.803,13.241,14.545,14.762,15.25,15.331,15.776,15.855,15.635,15.785,15.776,16.2,15.635,15.25,13.147
16.198,18.958,19.518,20.235,20.533,19.987,19.283,18.671,18.365,17.167,16.017,15.633,15.606,15.284,14.581,15.284,15.818,15.464,16.435,16.026,16.825,16.376,17.423,17.119,17.359,16.198,16.129,13.145,11.921,10.155,12.663,14.807,15.527,15.284,15.818,15.066,15.633,15.056,14.844,14.666,14.438,14.284,14.148,13.761,13.405,13.467,13.155,12.663,13.405,12.933,13.891,13.145,13.145,13.761,13.385,14.235,14.946,14.03,13.477,11.675,7.3046,9.6523,11.092,11.253,13.187,12.804,12.264,11.862,10.581,11.054,9.3171,10.1,11.615,11.375,11.99,12.717,13.06,13.681,14.89,15.392,15.464,15.818,15.527,16.129,16.932,16.198,16.932,15.809,15.606,13.239
16.733,19.388,20.019,20.691,20.293,19.762,19.79,18.809,18.105,16.708,16.024,15.282,15.327,16.015,13.679,15.604,15.309,15.462,16.195,16.331,16.374,16.331,17.06,17.341,16.5,16.6,15.631,13.709,11.288,10.003,12.726,14.664,15.815,15.524,16.466,15.533,15.327,15.309,15.036,14.73,14.301,14.301,14.962,14.156,13.3,14.156,12.835,13.154,13.143,13.475,13.969,13.269,13.669,13.465,14.156,14.607,14.664,13.567,13.154,11.53,6.8344,9.779,10.044,11.373,11.814,11.814,11.53,11.53,10.475,10.838,9.5212,9.9193,11.542,11.578,12.228,12.931,13.919,14.204,14.195,15.354,15.989,15.327,16.229,16.625,16.5,16.084,16.954,15.327,15.569,13.516
16.448,19.009,20.141,19.968,20.141,19.815,19.132,19.405,18.41,17.309,15.645,15.539,15.404,14.902,14.658,15.187,15.908,15.341,16.004,15.795,16.523,16.448,17.075,16.615,16.847,16.321,15.368,13.812,11.766,9.8303,12.64,15.368,15.476,16.142,15.341,15.187,15.548,14.855,15.476,14.449,14.883,14.159,13.722,14.314,13.281,13.691,13.772,13.416,13.447,12.508,13.529,13.477,13.166,13.772,13.197,13.477,14.208,14.554,13.529,11.93,7.6617,9.1898,11.541,11.999,11.766,12.011,12.148,11.766,10.655,10.163,9.4863,11.063,10.217,11.359,11.624,13.416,13.166,14.159,14.295,14.449,14.818,16.244,15.539,15.83,16.244,16.321,17.14,15.908,15.269,13.447
16.635,19.003,20.031,20.299,19.528,19.718,18.945,18.614,17.431,16.743,15.79,15.999,15.921,15.174,16.205,14.879,14.898,15.781,16.367,16.842,16.776,16.316,17.127,16.866,16.94,15.973,15.319,14.155,11.763,9.6713,12.669,14.879,15.825,16.06,15.86,15.255,15.337,14.953,14.879,14.739,14.037,14.616,15.472,13.484,14.135,13.246,13.151,13.014,13.412,13.677,13.977,13.183,13.412,13.151,13.319,13.718,14.31,13.808,13.473,12.019,7.155,9.657,10.639,12.007,12.269,12.669,11.537,11.047,10.794,10.009,10.214,10.16,10.652,12.019,10.639,13.718,13.319,14.007,14.445,15.174,15.694,15.614,15.973,16.341,16.518,15.694,17.391,16.06,14.823,12.992
14.475,16.35,17.87,18.031,18.246,16.974,16.7,16.172,15.884,14.975,13.946,13.6,13.472,12.924,12.947,13.611,12.947,13.002,14.111,14.018,14.465,13.988,15.59,15.82,14.425,13.946,13.988,12.081,10.143,9.1389,11.492,13.014,13.977,14.673,14.07,13.483,13.353,13.002,13.124,12.947,12.687,13.002,12.596,12.411,11.302,11.9,12.021,11.58,11.79,11.542,11.741,11.542,11.741,12.504,11.9,12.081,13.277,12.364,12.271,10.214,6.4734,8.1882,9.5714,9.8834,11.605,11.429,10.805,10.143,10.562,9.2489,8.2235,9.2489,10.752,11.03,10.819,12.021,12.259,12.271,12.778,13.002,14.475,13.873,14.233,14.525,13.977,14.193,15.811,14.345,13.769,11.605
16.298,18.756,19.041,20.01,20.01,19.753,19.443,18.837,17.843,17.397,16.979,15.32,15.597,15.562,14.343,16.459,15.982,16.492,16.298,15.517,16.459,16.692,16.459,16.922,16.492,17.213,15.624,14.022,11.477,9.6894,12.699,14.798,15.029,15.677,16.7,15.747,14.835,14.638,14.807,15.302,14.429,14.343,14.534,14.198,13.962,13.883,13,13.053,12.612,13.753,13.753,12.829,13,12.925,13.962,13.883,14.429,14.496,13.304,11.668,7.8119,9.1772,10.833,11.89,12.882,12.222,11.809,11.525,11.75,10.351,10.203,10.64,9.998,13.053,12.457,13,14.429,14.534,15.157,14.863,16.085,15.32,15.677,15.773,15.347,17.108,17.397,16.231,15.239,13.883
14.485,16.219,17.621,17.564,17.955,17.121,17.223,16.467,15.301,15.386,14.243,13.778,13.545,13.778,13.492,14.435,14.293,14.202,14.12,14.202,14.634,14.947,14.771,14.956,15.072,14.028,13.715,11.884,10.15,8.6239,11.348,12.922,13.481,13.481,13.715,13.715,13.492,12.955,12.922,12.933,12.922,12.604,12.955,12.604,12.547,11.749,11.348,12.029,11.944,10.879,11.09,10.772,11.038,11.835,11.437,11.884,12.547,12.279,11.348,10.348,6.4777,8.1937,9.6979,10.61,10.596,10.879,11.09,10.759,9.9192,9.145,9.1292,8.6239,9.2551,11.5,11.09,10.759,12.558,12.089,12.787,13.011,13.449,13.747,13.789,14.693,14.435,14.683,14.84,13.83,13.966,11.908
16.326,18.514,20.45,20.219,20.824,19.978,19.339,18.425,17.9,17.343,16.368,16.427,15.457,15.81,16.079,15.241,16.301,15.277,16.427,16.326,16.19,17.054,16.965,17.784,17.022,16.727,15.679,13.296,12.314,9.6623,12.657,15.323,15.776,15.984,15.626,15.767,15.241,14.753,14.939,14.536,14.603,14.8,13.875,14.102,13.181,13.885,13.512,12.98,13.17,12.492,13.265,12.133,13.379,13.233,13.055,13.705,14.122,13.915,13.181,11.574,7.3202,8.9961,11.247,12.224,12.37,12.314,11.574,11.149,11.049,10.041,10.205,10.15,10.577,11.235,12.258,13.795,13.885,14.958,14.355,13.964,14.837,15.277,15.958,16.949,15.958,16.495,16.694,16.851,15.889,13.755
14.786,17.028,17.531,17.638,17.205,17.473,16.718,16.588,15.763,14.971,14.628,13.791,13.321,13.969,12.617,14.578,13.896,14.041,14.216,14.256,14.893,14.093,15.086,15.163,15.201,14.338,13.472,12.291,10.455,8.6991,11.243,13.321,13.728,13.844,14.307,13.76,13.299,13.244,13.321,13.244,12.431,12.291,12.799,11.919,12.208,11.858,11.448,11.422,11.205,11.511,11.822,10.903,11.809,11.101,12.04,12.279,12.708,11.858,11.088,10.231,6.2795,8.0948,9.7072,10.287,10.903,10.903,9.8848,9.826,9.264,8.7655,8.4282,9.0262,8.9131,10.455,10.357,10.769,11.956,11.524,12.968,12.968,13.024,12.617,14.041,13.728,14.041,13.896,14.815,14.368,13.332,12.04
16.351,18.957,20.044,19.561,19.926,19.582,19.131,18.847,18.089,17.966,16.343,16.728,16.249,15.703,16.52,16.215,15.774,16.52,16.645,16.258,16.343,16.52,16.728,16.975,16.819,16.645,15.055,13.726,11.302,10.015,12.333,14.823,15.301,16.009,15.835,15.183,15.328,15.082,14.981,15.155,14.597,14.682,14.635,14.299,14.377,12.947,14.045,13.159,13.254,12.677,13.327,13,12.152,13.201,12.947,13.686,14.319,13.584,12.633,11.829,7.1594,9.416,10.541,11.104,11.829,12.512,12.118,11.253,10.953,10.166,9.4893,9.7911,10.541,11.191,11.77,13.022,13.907,13.936,13.897,14.823,14.907,15.274,14.907,15.791,15.301,16.326,16.215,15.65,14.454,13.817
14.344,16.63,17.777,17.035,17.907,17.547,16.639,16.595,15.538,14.792,14.505,13.85,13.734,13.305,12.974,14.14,14.006,13.734,14.555,14.861,14.016,14.495,15.093,15.313,14.9,14.006,13.596,12.495,10.404,8.7693,10.841,12.564,14.016,14.047,14.314,13.808,13.51,13.305,13.018,13.018,12.805,12.805,12.805,12.296,11.961,12.402,11.629,11.092,11.248,11.604,11.815,11.248,11.827,11.765,12.106,12.437,12.437,11.961,11.364,9.5912,6.1421,7.6563,9.4079,9.1737,10.46,10.404,10.733,9.4233,8.3628,9.1578,7.5032,8.3628,10.164,10.292,11.105,11.105,11.092,11.629,12.296,12.437,12.85,12.805,14.047,13.206,14.505,14.006,14.222,14.314,13.564,12.308
16.42,18.818,20.007,19.307,20.623,19.386,18.988,18.271,17.934,17.957,16.035,16.096,15.371,15.005,14.544,15.098,16.096,15.18,15.578,16.276,16.513,16.547,16.88,16.747,16.173,16.173,15.079,14.274,11.575,10.017,12.697,15.353,15.729,15.506,15.852,15.676,15.434,15.079,15.729,15.107,14.196,14.687,13.748,14.391,12.752,13.708,13.514,13.022,13.348,12.675,12.828,13.022,13.043,13.442,13.223,13.919,13.839,14.342,13.191,11.575,6.854,8.2356,10.663,10.003,10.856,12.172,11.611,11.647,10.818,9.7216,9.6786,10.141,10.597,10.439,11.789,13.022,12.968,12.925,14.039,14.847,15.676,14.772,15.29,15.299,15.658,16.904,16.978,16.009,15.217,13.043
16.774,19.002,20.466,19.755,20.275,19.35,19.184,18.626,17.927,16.972,16.167,16.029,15.723,14.916,15.509,14.851,15.347,14.851,15.67,16.541,16.84,16.499,16.84,17.264,16.549,16.029,15.211,13.682,11.925,9.339,12.866,14.615,16.549,16.029,16.549,15.643,15.723,15.365,14.577,14.766,14.907,14.577,14.317,13.794,13.509,13.333,13.207,13.038,13.499,12.693,12.693,12.66,13.091,13.794,13.091,13.713,14.577,13.682,12.834,11.377,6.6665,8.2325,9.8457,11.785,10.814,11.785,11.401,11.005,10.606,9.2042,9.0674,10.027,10.124,11.118,10.354,13.017,12.671,14.191,14.191,14.033,15.092,14.472,15.092,17.102,15.855,16.749,17.102,16.865,15.563,12.66
16.54,19.856,20.189,20.489,19.667,19.723,19.145,17.94,18.033,16.798,15.811,15.714,16.115,15.785,16.02,14.787,16.124,15.714,16.02,16.532,16.158,16.49,16.498,16.49,16.532,15.661,15.492,14.261,11.564,9.4961,13.2,15.312,15.881,16.02,15.942,16.124,15.285,15.276,14.758,15.384,14.055,14.607,14.674,13.675,13.169,13.169,12.729,12.74,12.913,13.084,13.179,12.86,13.169,12.729,13.695,13.695,14.329,13.736,12.653,11.074,6.9283,8.9392,10.495,11.371,11.552,11.636,11.919,11.174,10.064,10.008,9.2143,10.173,10.859,10.859,11.162,13.211,13.907,14.183,14.183,14.569,14.645,15.312,16.02,16.338,15.661,16.363,16.963,16.657,15.203,12.664
14.34,16.773,17.343,17.642,17.368,17.518,17.242,16.067,15.655,15.252,15.08,13.334,13.561,13.593,12.103,14.167,13.464,14.096,14.096,14.013,15.233,14.096,14.491,14.7,14.34,14.003,13.203,12.21,10.219,8.4126,11.45,13.026,13.507,13.762,14.167,13.731,13.507,13.334,13.507,13.464,12.573,12.293,12.948,12.043,11.812,11.861,11.861,11.513,11.09,11.922,12.043,11.601,11.762,11.361,11.762,12.043,12.305,12.043,11.05,10.061,6.2807,7.9518,9.2187,10.359,10.359,10.359,10.345,10.247,9.5888,9.1714,8.0784,8.8822,9.421,9.6341,11.31,10.69,11.897,13.037,11.958,13.464,13.635,13.037,14.259,13.899,14.167,14.471,15.318,14.451,13.148,11.103
16.304,19.259,20.24,20.538,19.881,19.488,19.144,17.483,18.408,17.228,15.996,16.236,15.97,16.202,16.473,15.531,15.531,15.69,16.202,16.338,16.363,17.364,17.123,16.904,16.739,15.857,15.787,13.409,11.678,9.6691,12.666,14.885,15.531,15.69,15.778,15.918,15.17,15.315,15.288,15.288,14.161,14.735,14.764,13.409,13.885,12.893,13.47,12.633,12.731,13.654,13.674,13.18,13.409,13.805,13.684,14.132,14.287,14.004,12.71,11.582,6.8371,8.8162,10.103,11.486,12.501,12.731,11.76,11.582,11.243,10.83,9.6548,9.0025,10.791,11.678,11.993,13.47,12.796,13.765,14.21,14.21,15.06,15.787,15.822,15.531,17.131,16.961,17.123,16.739,14.547,12.323
16.704,18.851,20.01,20.128,20.803,19.457,19.286,18.792,18.133,17.129,15.758,16.31,15.466,15.608,15.331,14.611,16.2,15.529,16.471,16.504,16.504,16.019,16.504,17.169,16.712,16.77,15.916,14.363,11.676,9.8801,12.5,15.168,15.785,15.898,16.131,15.537,14.966,15.286,14.468,15.068,15.058,14.734,14.353,14.507,13.479,13.973,13.178,12.892,13.883,13.157,13.02,12.664,13.147,14.032,13.147,13.763,14.545,14.286,13.178,11.581,7.4368,8.7521,11.093,11.569,12.321,12.5,12.5,11.291,11.143,10.358,10.358,10.726,10.438,11.056,10.98,13.189,13.652,13.642,14.966,14.44,15.573,14.305,15.177,17.064,16.2,16.704,17.169,15.394,14.621,13.241
16.788,18.576,21.016,20.699,19.889,20.117,19.447,19.038,17.465,16.821,15.98,16.186,15.841,14.935,14.147,15.273,15.3,15.273,16.456,17.154,16.186,16.186,17.623,17.465,15.841,15.98,16.49,14.225,12.221,9.5878,13.177,15.318,16.615,16.49,15.3,15.453,15.841,15.273,14.749,14.532,14.225,14.935,14.225,14.608,13.63,12.998,12.977,12.881,13.871,12.784,13.135,13.229,13.051,14.225,12.719,14.02,15.045,14.427,13.671,11.807,8.2071,9.3103,11.748,13.261,12.489,12.489,12.719,11.571,10.508,9.4719,10.093,11.046,11.244,11.146,10.832,13.167,13.508,12.923,14.953,14.147,14.636,15.318,15.806,17.114,15.318,16.322,17.972,16.296,15.318,13.177
16.436,18.682,20.137,19.999,20.019,19.359,19.005,18.323,17.957,17.129,16.318,16.385,16.444,16.061,15.695,15.401,15.642,16.318,16.778,15.862,16.436,16.909,17.257,17.918,16.001,16.001,15.293,13.278,12.112,9.4844,12.648,15.184,15.473,16.207,15.923,15.257,15.293,15.293,14.815,14.74,15.065,14.618,13.979,14.369,14.156,13.247,13.278,12.505,13.413,12.94,13.015,13.278,12.725,13.81,13.163,13.413,14.446,14.117,12.994,11.296,7.0584,9.0514,10.64,11.823,12.271,12.112,12.282,12.112,11.185,10.01,9.786,10.482,10.653,11.296,11.16,12.844,12.898,12.994,14.674,14.618,15.32,15.293,15.827,16.241,16.637,16.786,16.868,15.783,15.338,13.153
16.779,18.602,19.77,20.241,19.658,20.138,19.658,19.317,18.142,17.49,16.513,16.002,16.002,15.793,16.14,14.956,15.819,15.643,16.002,16.251,16.812,16.513,16.471,17.307,16.721,16.471,15.581,13.393,11.87,9.7015,13.027,15.066,15.546,16.242,15.976,15.617,15.828,14.853,14.825,15.066,14.552,14.769,14.628,13.659,13.248,13.476,12.898,12.941,13.185,12.898,12.671,12.671,13.279,13.486,13.195,13.89,14.59,14.167,12.736,11.061,7.0589,9.052,10.536,11.823,11.539,11.647,11.539,11.333,11.539,10.12,10.052,10.443,9.7015,11.765,11.539,12.726,14.009,13.81,14.59,14.118,15.321,15.176,15.924,16.746,16.344,16.036,16.445,16.002,14.825,13.72
16.641,18.646,19.11,20.144,20.151,19.431,18.974,18.557,17.602,17.056,15.951,15.951,15.752,15.293,14.244,15.691,15.568,15.568,15.691,15.752,16.266,15.507,16.707,17.152,16.392,15.221,15.409,13.705,11.591,9.6551,13.091,14.148,15.925,15.925,16.641,15.568,15.266,15.221,15.266,14.82,14.483,13.943,14.148,13.705,13.35,13.462,13.216,13.132,12.589,13.132,13.654,12.954,12.879,12.933,13.247,13.824,13.824,13.257,12.964,10.934,7.9239,8.9016,9.8797,11.532,12.665,12.654,12.751,11.484,10.433,10.314,9.3669,10.167,11.848,10.59,11.94,12.665,13.257,13.744,13.774,14.483,15.221,15.185,15.717,15.568,16.232,16.359,17.048,15.471,14.244,12.933
14.091,16.586,17.579,17.84,17.579,17,16.898,15.835,15.417,14.813,14.214,14.132,13.758,13.727,12.843,14.784,13.144,13.319,14.04,14.366,14.336,14.784,14.547,14.547,14.891,13.842,14.132,12.206,10.215,8.7645,11.306,13.297,14.224,14.091,13.727,13.631,13.033,13.631,12.843,13.1,12.615,12.488,12.615,12.383,11.808,12.099,11.099,11.086,11.759,11.647,11.622,11.203,11.358,11.447,11.421,12.395,12.43,12.277,11.047,9.7061,6.6596,8.2359,9.7061,11.319,10.822,10.687,11.421,10.356,9.7061,9.4027,8.7645,8.5128,9.2159,10.286,10.398,11.408,12.039,12.604,12.798,12.301,13.621,13.243,14.132,14.93,14.497,14.214,15.114,13.967,13.144,11.319
16.92,18.981,19.781,19.928,20.225,20.011,19.732,18.425,17.868,17.404,16.217,15.59,16.26,15.348,14.253,14.32,15.59,15.625,15.483,15.775,16.73,15.837,17.188,17.01,16.647,15.625,15.802,13.586,11.546,9.3728,12.645,14.627,16.011,16.622,16.045,15.828,15.375,14.89,14.455,14.824,14.598,14.598,13.318,14.017,13.023,13.421,13.203,13.161,13.586,12.678,12.678,12.21,12.852,13.818,13.192,13.818,14.749,13.728,13.483,11.877,7.1602,9.7069,11.266,12.323,11.497,12.424,12.809,11.935,11.105,10.221,9.8346,10.853,10.529,11.105,10.594,13.493,13.203,13.657,14.983,14.455,14.89,15.483,15.348,16.854,15.933,16.647,17.147,16.345,15.267,13.161
16.469,18.878,20.533,20.452,20.153,19.688,19.19,19.053,17.908,17.51,15.853,16.426,15.992,15.607,14.881,15.853,15.774,15.914,16.095,16.435,16.834,16.435,16.932,17.343,16.232,16.334,15.284,14.158,12.002,9.9208,12.707,14.872,16.198,16.129,16.129,15.607,15.818,14.881,14.543,14.352,14.158,15.066,13.971,13.671,12.641,13.155,13.061,12.793,13.882,12.641,12.933,12.986,12.309,13.882,13.187,13.302,14.732,13.681,13.271,11.58,7.473,9.1827,10.84,11.99,12.641,12.641,12.105,11.35,10.437,10.33,9.3616,10.33,10.647,11.092,12.275,12.728,12.717,14.206,13.761,15.357,15.914,15.357,16.376,16.735,16.308,17.667,16.627,16.198,15.633,12.89
15.229,17.112,17.777,18.339,17.931,17.53,17.662,16.907,15.4,15.115,14.092,14.627,14.337,13.461,13.558,12.967,13.504,13.59,14.893,14.226,14.999,14.215,14.706,15.201,14.133,13.896,13.461,11.955,10.116,8.4108,11.76,12.605,13.896,14.538,14.133,13.558,13.728,12.923,12.57,12.489,12.1,12.945,13.012,12.29,11.358,12.1,11.243,11.409,11.648,10.889,11.048,10.823,11.648,11.76,11.821,11.76,12.844,11.858,11.858,9.9284,6.7467,8.0946,9.632,10.116,10.287,11.422,11.32,9.9284,9.1694,9.1377,8.2366,8.9128,9.1535,9.9284,8.6821,10.728,11.32,11.809,12.605,12.29,13.2,13.461,13.558,14.548,13.632,14.041,15.324,14.307,13.728,11.598
16.07,18.611,20.01,20.148,20.824,19.975,19.327,18.899,18.848,17.874,16.521,16.487,16.25,14.861,14.748,16.044,15.801,15.704,15.932,16.113,16.01,16.113,16.395,17.138,15.827,16.07,15.774,13.727,12.119,9.4897,12.721,14.898,15.827,15.624,16.327,16.327,15.553,15.156,15.553,15.074,14.664,14.125,14.683,14.174,13.534,14.174,13.16,13.421,12.512,13.022,13.286,12.905,12.743,12.732,13.482,13.847,14.368,13.202,12.677,11.771,7.4444,9.3722,10.839,11.593,12.423,12.512,11.339,11.557,11.253,10.594,9.4897,9.3278,11.265,10.58,12.512,13.16,13.421,13.317,13.421,14.664,15.074,14.981,14.861,15.651,15.801,16.529,16.395,16.105,15.156,12.655
16.496,19.171,20.11,20.262,20.323,19.826,19.601,19.171,18.161,17.665,17.196,15.835,15.712,16.018,16.225,14.915,15.809,15.712,16.018,15.809,16.655,15.783,16.53,16.738,17.001,16.225,15.283,13.489,11.551,9.7114,12.728,14.98,15.659,16.018,15.809,15.844,15.49,15.418,15.31,15.274,14.643,14.462,13.915,13.905,13.177,13.905,13.541,12.519,12.954,13.029,12.749,12.64,12.749,13.029,13.293,13.673,14.462,14.259,13.082,11.369,7.0857,9.0152,10.664,11.271,12.125,12.43,11.777,11.394,11.369,9.7967,10.062,9.9373,9.8953,11.503,10.959,12.295,13.734,13.324,14.385,12.954,14.462,15.192,14.897,16.053,16.018,17.091,16.829,14.671,14.971,12.825
17.261,18.89,20.031,19.44,20.169,19.675,20.031,18.675,17.986,17.517,16.496,15.852,15.852,15.561,16.547,15.318,16.027,15.931,16.747,15.817,16.664,15.817,16.505,16.664,16.412,15.667,15.852,13.331,11.557,9.8443,12.961,14.47,15.318,15.931,16.165,15.363,15.363,14.877,15.363,15.561,14.498,14.47,14.47,13.174,13.681,12.961,12.832,12.832,12.745,12.821,13.832,12.658,13.047,12.647,13.435,13.711,13.832,13.681,13.036,11.375,7.1674,8.9737,9.4265,11.116,12.437,12.166,12.526,11.557,11.003,11.079,9.9006,9.2029,10.539,10.026,9.9006,12.492,13.507,12.961,14.002,14.383,15.345,14.849,14.698,15.561,16.344,16.165,17.541,15.809,15.099,13.184
16.784,19.419,19.477,19.845,19.845,19.376,18.895,18.545,17.964,16.784,16.27,15.533,15.325,14.607,14.882,15.398,15.352,15.325,16.166,15.542,16.575,16.036,16.304,16.701,16.575,16.158,15.703,13.371,11.583,9.5211,12.85,14.607,15.379,15.605,15.605,15.888,15.888,14.882,15.243,14.684,14.825,14.938,13.893,13.772,13.203,13.742,13.527,13.203,13.465,12.318,12.25,12.719,12.774,13.203,12.947,13.496,13.893,13.823,13.298,11.726,6.425,9.2235,10.09,11.203,11.868,11.376,11.868,10.694,10.628,9.8664,8.9938,10.048,9.9227,10.2,10.576,12.375,12.85,13.044,13.361,14.22,15.133,14.367,14.947,16.063,16.27,16.158,16.776,16.312,14.347,12.763
16.431,19.065,19.577,20.199,19.584,20.054,19.174,19.021,18.313,17.119,16.49,15.827,15.308,14.195,13.938,16.658,16.106,15.444,15.516,15.444,16.08,16.363,16.149,16.49,15.659,15.871,14.592,13.429,11.902,10.079,13.104,15.015,16.252,15.739,16.388,15.827,15.336,14.94,15.308,15.299,14.254,14.254,14.486,13.938,13.848,14.283,12.316,12.705,12.879,13.564,13.45,13.231,12.847,12.76,13.848,13.686,14.409,14.077,13.062,11.016,6.3745,9.0765,9.2134,11.57,11.29,11.618,11.216,11.191,10.134,10.604,8.6526,9.6271,10.682,11.179,11.618,11.961,13.808,13.189,14.809,14.254,15.005,14.781,16.045,15.659,15.862,15.668,16.49,15.809,14.658,12.507
16.66,18.626,19.992,20.061,19.775,19.521,19.726,19.039,18.166,17.16,16.272,16.229,16.366,15.717,14.761,16.118,14.761,15.503,15.494,16.023,16.459,15.814,16.768,16.932,16.366,15.566,15.359,13.296,12.025,9.6712,12.915,14.571,15.664,16.229,16.126,15.805,15.314,14.836,14.234,15.314,14.571,14.234,15.314,13.708,13.909,13.328,13.012,12.958,13.171,13.462,13.829,12.742,13.431,13.296,13.545,13.667,14.38,14.263,13.296,11.113,7.3944,8.8312,10.065,11.506,12.4,11.554,12.128,10.963,10.745,9.9401,8.9715,8.9405,9.4975,11.2,12.254,11.839,13.213,13.998,13.697,15.359,14.836,15.359,15.494,16.534,15.945,16.768,16.743,15.997,14.533,13.033
16.248,19.651,19.58,19.651,20.316,20.145,19.924,19.274,18.786,18.69,16.99,16.256,15.833,15.48,16.042,14.887,16.35,15.702,16.256,16.145,16.518,15.833,16.518,16.324,16.518,15.868,15.3,13.664,11.251,9.3264,12.276,14.775,15.622,15.649,15.981,15.081,14.979,15.072,15.154,15.833,14.831,14.172,14.452,13.775,13.905,13.491,13.491,12.999,12.806,13.48,13.684,12.741,12.806,12.999,13.419,13.895,14.298,13.775,12.654,11.543,6.699,8.6803,9.6045,11.19,12.654,12.654,12.477,11.495,11.103,10.487,9.8325,9.4884,10.055,11.543,11.337,13.315,14.123,14.172,13.905,14.68,14.896,14.97,15.79,15.072,16.518,15.649,16.818,15.912,14.821,13.158
14.802,16.738,17.883,18.551,17.647,17.216,16.807,16.459,15.968,14.773,14.325,13.621,14.203,13.621,12.833,13.287,13.482,13.61,14.684,14.121,14.684,14.355,14.486,15.685,14.456,14.244,13.79,12.197,10.973,8.3691,11.091,12.956,14.121,14.486,14.325,13.493,13.695,13.45,12.559,12.385,12.559,12.923,12.956,11.848,11.4,11.811,11.233,11.195,12.03,11.039,11.884,11.438,11.836,12.173,11.836,11.848,12.788,12.42,11.848,10.208,6.4782,8.1944,9.5179,10.446,10.893,11.513,11.298,10.679,9.7433,9.5179,7.6083,9.1299,9.7433,9.2559,10.446,11.233,10.893,12.138,13.012,13.189,14.213,13.287,14.203,14.203,14.802,14.325,15.064,13.748,13.482,11.078
17.616,19.377,20.303,19.744,20.445,19.779,19.828,18.755,18.08,17.332,15.746,15.807,17.115,16.041,15.807,15.772,14.637,15.807,16.221,15.955,16.691,15.807,17.212,17.973,16.449,15.981,15.842,13.458,12.49,10.093,12.881,14.495,16.076,16.449,15.525,15.955,15.525,14.637,14.148,14.342,14.533,14.722,14.274,14.495,13.662,13.293,12.978,13.23,13.752,12.654,12.401,12.49,13.631,13.662,13.468,14.148,14.806,14.342,13.396,11.855,7.3562,9.8722,11.245,12.785,11.808,11.524,12.978,12.255,11.631,11.047,9.6602,9.8161,10.403,12.097,11.343,12.534,12.881,12.828,14.862,14.533,15.247,15.623,16.297,16.348,15.772,16.084,17.212,16.118,15.763,12.978
16.49,19.315,20.158,20.013,20.226,19.593,20.158,18.96,18.245,17.445,16.072,15.484,15.653,15.627,15.706,15.158,15.546,15.412,15.304,16.355,16.532,16.731,16.261,17.149,16.523,15.934,15.653,13.849,11.772,9.4911,12.324,14.685,15.653,15.803,15.304,15.803,15.268,14.891,15.186,14.485,14.485,14.628,13.779,14.166,12.949,13.329,13.035,13.256,13.003,13.003,12.907,12.336,13.172,13.899,13.024,13.729,14.561,13.899,13.162,12.017,7.4826,9.6072,11.068,11.106,12.211,11.936,12.155,11.913,11.594,10.384,9.9891,10.344,11.193,11.106,11.255,12.425,13.204,14.523,14.826,14.628,14.485,14.666,15.546,15.706,16.072,16.855,16.978,16.523,14.891,13.003
16.517,18.946,20.04,20.733,20.04,19.706,19.818,18.843,18.086,17.691,16.849,16.475,16.032,15.7,15.788,14.316,15.55,16.032,15.647,16.067,16.849,16.349,17.045,16.791,16.642,16.323,15.478,13.683,11.827,10.013,12.421,14.745,15.797,16.032,15.98,15.797,14.978,14.829,14.66,14.978,14.623,14.556,15.052,14.209,13.417,13.448,12.387,13.072,12.631,13.479,12.805,12.012,13.199,12.816,13.188,13.49,14.66,14.17,13.167,11.542,7.1581,9.6755,10.539,12.421,11.827,12.15,12.476,11.873,11.102,10.656,9.9854,10.109,10.539,10.849,10.837,12.509,13.283,13.774,14.219,14.248,15.298,14.736,15.7,16.349,16.374,16.323,17.375,15.478,14.556,13.314
16.333,18.751,19.934,19.85,20.155,20.121,19.42,18.965,18.249,17.377,16.401,15.806,16.05,15.937,16.35,14.904,15.496,15.487,15.937,16.119,17.055,16.535,16.627,16.727,16.527,16.111,15.271,13.539,12.008,9.9913,12.66,14.913,15.71,15.842,15.806,15.496,15.38,15.416,15.798,15.079,15.189,14.688,14.373,13.822,13.782,13.405,13.175,12.747,12.737,12.561,12.66,12.484,12.517,13.207,12.726,13.661,14.565,14.149,13.027,11.549,7.3723,9.2116,10.453,10.65,12.726,12.737,11.692,11.939,11.058,10.958,9.6094,9.2116,11.549,11.343,11.549,12.157,13.782,13.701,13.782,14.228,16.05,14.754,14.913,15.798,15.657,16.735,16.735,15.353,14.257,13.165
16.489,18.969,20.27,20.757,20.078,19.876,19.828,18.682,18.14,17.003,15.811,16.115,16.269,14.833,13.429,15.384,15.599,15.924,15.846,15.811,16.657,16.046,17.667,17.149,16.405,15.714,15.661,13.786,12.16,9.7123,12.564,14.833,16.531,15.802,15.802,16.123,15.599,14.635,14.991,14.635,13.995,14.386,14.991,13.906,12.685,13.408,13.179,12.297,13.705,13.084,12.685,12.685,12.74,13.041,13.179,14.231,14.492,13.675,13.408,11.37,7.0864,9.1989,10.063,11.552,12.859,12.74,13.168,12.663,10.859,10.665,9.4957,10.665,11.309,10.495,11.695,12.115,13.041,13.705,14.173,14.261,15.065,15.202,15.357,16.046,14.991,16.226,15.837,15.554,15.065,12.729
14.58,16.729,17.106,17.266,17.533,16.91,17.029,16.2,16.164,15.021,14.043,14.369,13.897,13.506,14.227,12.8,13.803,13.729,13.3,14.227,14.649,14.45,14.5,15.001,14.5,14.094,13.793,12.102,10.358,8.2024,11.322,12.56,13.495,13.559,14.135,13.559,13.376,13.025,12.969,13.506,12.947,12.924,12.947,12.491,11.761,11.65,11.424,11.86,11.86,11.049,11.322,10.77,11.625,11.823,12.149,11.957,12.433,12.709,11.411,9.9297,7.0007,8.6832,9.2649,10.607,10.891,10.689,10.824,10.456,9.9297,8.9626,8.6832,9.5273,9.2962,10.456,10.017,11.424,11.525,13.103,12.709,13.025,13.463,13.025,13.897,13.634,14.043,14.135,14.816,14.135,13.103,11.449
14.365,16.584,17.336,17.395,17.635,17.527,16.689,16.819,16.47,15.236,14.365,13.757,14.254,13.893,13.976,14.968,13.63,13.459,14.09,13.725,14.575,14.466,14.625,14.783,14.704,13.841,13.329,11.917,10.285,8.1999,10.901,13.099,13.459,13.799,13.841,13.789,13.021,12.965,12.92,13.329,12.932,12.943,12.429,12.568,12.602,12.038,12.098,11.807,11.596,11.098,10.604,10.901,11.318,11.917,11.596,12.288,12.487,11.856,11.596,10.341,5.8232,8.1467,9.9267,10.341,10.604,10.98,11.098,9.7053,10.285,9.824,8.8296,9.2151,9.1678,10.285,10.397,11.318,12.522,12.098,13.021,12.671,12.556,13.63,13.789,14.007,14.545,13.976,14.496,14.213,12.671,11.42
16.452,19.354,19.814,20.064,20.146,20.331,19.56,18.868,18.18,17.694,17.007,16.819,15.799,15.703,15.913,14.822,15.773,15.65,15.552,16.249,16.819,16.519,17.209,17.314,16.794,16.393,16.112,13.685,11.77,9.8893,13.021,14.318,14.906,15.346,16.069,15.328,14.897,14.681,15.346,15.588,14.318,14.299,14.163,13.695,13.896,13.19,13.159,12.85,12.731,13.032,13.159,11.933,12.807,13.45,13.936,13.584,14.251,13.481,12.818,11.19,7.0618,9.4744,10.166,11.387,11.628,12.422,11.875,12.243,10.658,10.593,10.125,10.056,10.58,11.592,11.066,12.904,13,14.045,14.897,14.971,15.054,14.888,15.481,15.409,16.069,15.982,17.314,15.791,14.888,13.159
14.377,17.25,17.592,17.451,17.592,17.65,17.115,16.209,16.02,15.663,14.143,13.978,14.316,13.978,13.716,14.05,13.384,14.05,14.498,14.102,14.657,14.377,14.508,15.009,14.657,14.498,13.853,12.439,9.9059,8.8862,10.79,12.853,13.978,13.513,13.737,13.642,13.308,13.47,13.502,12.807,12.299,12.807,12.567,12.439,12.216,11.43,11.531,11.43,11.656,11.251,10.627,11.108,11.095,11.768,11.095,11.43,12.192,12.287,11.768,10.586,5.9513,8.01,8.9675,9.4099,10.99,10.294,10.586,9.4099,9.9059,8.9189,8.01,8.688,9.3013,10.35,9.9351,11.095,11.963,11.531,13.032,12.625,12.976,13.34,13.481,13.8,13.642,13.502,14.707,14.019,12.773,11.866
16.234,19.563,20.356,20.335,19.612,19.753,18.972,19.037,18.475,17.518,16.345,16.062,15.95,15.364,14.336,16.413,15.319,15.292,16.396,16.371,16.464,16.938,17.206,17.399,17.206,15.854,15.669,13.913,11.784,9.3828,12.692,14.989,15.669,16.371,15.845,16.028,15.364,15.669,14.84,15.072,14.576,13.923,14.84,13.702,13.793,13.712,12.757,12.526,12.962,13.016,12.833,12.493,12.404,12.757,13.269,13.6,14.19,14.19,12.348,10.864,7.1679,8.9589,10.54,11.57,11.57,12.746,11.948,11.606,11.179,9.5442,9.0667,9.5005,11.558,11.315,12.223,12.132,12.303,14.032,14.576,14.19,14.062,14.384,14.998,16.028,14.84,15.932,15.819,15.81,14.614,12.757
13.75,16.509,17.14,16.926,17.806,17.292,17.165,16.797,16.935,15.871,14.36,13.58,14.238,13.58,13.75,14.001,13.991,14.001,13.991,14.522,14.985,14.917,14.238,14.572,14.917,14.156,12.819,12.203,9.7227,8.4244,10.746,12.966,13.342,13.644,13.612,13.58,13.396,13.494,14.115,13.483,13.353,12.955,12.637,12.416,12.625,11.58,12.12,11.58,11.118,11.222,11.377,11.222,10.84,11.118,11.441,12.12,12.322,12.168,11.118,10.374,5.4201,7.4924,9.1842,8.7794,10.133,10.472,10.261,9.5415,9.7674,8.7794,8.1613,8.4244,9.0406,10.032,9.6476,11,12.31,11.428,12.059,12.451,13.265,12.819,12.625,13.044,13.133,13.75,13.526,13.75,12.728,11.617
16.39,19.001,19.833,20.056,20.387,20.27,19.111,18.713,17.97,17.728,15.968,16.254,15.872,14.411,14.555,15.446,15.09,15.108,15.837,15.687,17.015,16.021,16.517,17.539,16.685,16.364,15.828,13.524,11.798,10.011,13.106,14.333,15.337,16.047,15.228,15.41,15.625,14.932,14.716,14.631,14.698,14.895,14.401,14.206,13.19,13.698,13.452,12.541,13.19,12.881,12.181,12.317,12.181,13.929,12.935,13.513,14.246,13.929,13.348,11.619,7.1763,7.5542,10.565,11.13,12.351,12.031,12.452,11.192,11.291,9.5116,9.6857,10.393,10.67,10.979,11.365,12.508,12.351,13.524,13.452,13.524,15.118,14.716,15.118,16.254,15.118,16.021,16.185,15.41,14.333,12.881
16.26,18.177,20.064,20.202,20.098,20.098,19.472,18.661,18.383,16.964,15.746,15.343,14.788,14.599,14.084,15.415,15.631,15.096,15.532,15.957,16.574,16.565,17.038,16.774,16.565,15.87,16.26,13.723,12.151,9.6893,12.766,14.665,15.343,15.843,15.693,15.523,15.343,15.37,15.123,15.523,14.406,14.863,14.416,14.024,13.206,13.814,13.206,12.322,12.678,12.886,13.057,12.59,12.546,13.036,13.703,13.621,14.251,14.054,12.982,11.418,7.179,8.6568,9.9167,10.609,11.861,11.861,11.684,11.418,10.674,10.248,8.8477,9.9167,10.397,10.517,11.719,12.185,13.068,13.206,13.436,13.723,14.929,15.307,14.947,14.863,15.957,16.191,16.865,15.415,15.114,13.068
16.375,18.646,20.724,20.683,20.351,19.769,19.313,18.646,17.721,16.653,15.654,16.014,15.376,15.831,15.439,14.043,14.852,14.625,16.281,16.178,16.51,16.678,16.753,17.348,17.729,16.101,16.426,12.767,12.267,10.131,12.832,14.191,16.014,15.681,16.29,15.734,15.112,14.852,14.625,14.625,14.511,14.654,15.619,13.508,13.692,13.026,12.745,11.899,12.767,12.658,13.1,12.756,13.217,13.342,13.446,13.518,14.482,13.753,13.1,11.188,6.8765,9.0122,10.873,11.651,12.05,11.793,11.385,11.579,10.24,10.614,8.9658,9.7248,10.873,10.561,11.361,12.503,13.185,13.477,13.874,14.347,15.439,14.663,15.901,15.734,15.304,15.511,16.247,15.01,14.25,13.026
16.372,19.564,19.867,20.034,20.027,20.034,18.811,18.715,18.678,17.264,16.363,16.09,15.723,15.643,16.363,15.365,15.5,15.82,16.507,15.793,16.507,16.541,16.641,17.288,16.346,15.933,15.572,13.794,12.133,10.027,12.693,14.472,15.174,15.5,16.346,15.67,15.32,14.981,15.429,15.67,14.794,14.577,14.757,13.437,14.191,13.017,13.672,12.527,13.017,12.747,13.091,12.224,12.671,12.122,13.416,13.743,13.743,13.703,12.693,10.865,6.7493,9.2042,10.069,11.316,12.572,13.186,11.702,11.377,10.672,10.138,9.3241,9.5449,11.279,11.702,11.377,13.302,13.834,14.142,14.337,14.395,15.365,14.879,15.174,14.879,15.32,15.092,15.32,15.509,14.191,12.823
16.22,19.02,20.507,20.722,19.931,19.904,19.658,18.675,18.025,17.526,16.348,16.014,16.039,15.333,15.485,15.077,15.077,15.839,16.151,15.804,17.367,16.98,17.142,17.526,17.15,15.839,15.796,13.73,12.018,9.492,12.68,14.371,15.778,16.263,15.839,15.628,15.708,14.629,14.985,14.667,14.128,14.686,15.059,13.851,13.659,12.951,13.163,12.854,13.205,12.337,12.811,12.559,12.515,13.205,12.951,14.177,14.486,13.73,13.174,11.773,7.3147,9.2103,11.057,11.39,13.004,12.326,12.121,11.773,10.956,10.169,9.8924,9.8924,10.059,11.595,12.515,12.658,13.455,13.424,14.752,14.827,14.563,14.752,15.269,15.804,14.911,15.305,16.65,15.16,14.563,13.32
16.461,18.688,20.133,20.522,19.179,19.324,19.179,18.888,17.443,17.025,16.051,15.568,15.999,15.639,16.12,15.198,15.999,16.266,16.503,16.536,17.025,16.494,16.662,17.259,16.469,16.41,15.851,14.187,12.301,10.352,12.863,15.362,15.886,16.06,16.12,15.559,15.604,15.362,15.207,15.198,14.468,14.763,15.362,13.83,13.33,13.214,12.733,12.524,12.568,12.82,13.433,12.646,12.435,12.689,13.495,13.709,14.177,13.433,12.831,11.264,7.3388,9.6869,11.002,11.508,12.755,12.402,12.027,11.663,11.165,10.862,9.2169,9.5425,11.177,11.177,11.165,13.204,13.83,13.013,14.333,14.138,14.996,14.64,14.697,15.097,14.678,15.171,15.929,15.316,14.468,12.646
16.487,19.429,20.123,20.512,19.853,19.677,19.336,19.17,18.425,16.861,16.017,16.529,15.658,15.09,15.354,15.09,15.336,15.309,16.155,16.529,16.737,16.529,17.219,16.737,16.861,16.121,15.878,14.131,12.124,9.4209,13.007,15.062,15.939,16.078,15.843,15.658,15.354,14.868,14.671,14.604,14.69,15.191,14.461,14.566,13.166,13.499,12.954,12.911,13.166,12.738,12.661,12.215,12.429,13.029,13.007,13.427,14.229,13.703,12.738,11.072,6.927,9.3767,11.393,12.64,11.11,13.499,13.007,11.344,11.159,9.8948,10.387,10.13,10.806,11.598,11.658,14.131,13.499,14.375,14.989,13.733,13.944,15.489,14.566,15.191,14.566,15.354,16.258,15.498,14.914,12.911
16.169,17.991,18.569,21.064,19.616,20.992,17.68,17.338,16.974,17.169,17.104,14.992,15.565,15.61,16.643,15.672,14.702,15.574,15.795,15.368,17.266,16.551,17.89,15.813,18.388,15.822,15.295,14.918,11.704,10.502,12.965,15.368,16.031,14.645,16.875,15.813,15.892,14.339,15.725,15.322,14.683,13.916,14.617,15.176,13.715,13.439,13.22,13.05,13.178,12.76,12.694,12.35,12.661,13.603,12.694,14.397,14.918,13.22,13.209,11.608,7.4915,8.8358,11.268,12.965,11.572,12.65,12.35,11.668,11.56,10.139,9.2054,10.751,9.6906,13.04,13.05,11.082,14.927,13.272,13.603,14.579,14.881,14.144,13.335,15.795,13.705,13.439,15.725,16.031,14.579,13.22
14.443,17.233,17.022,16.344,16.851,17.359,17.233,16.617,15.831,14.702,14.443,13.316,14.333,12.963,13.24,13.489,15.414,13.786,14.888,15.301,14.543,14.463,15.11,16.371,13.019,13.008,12.298,12.669,10.765,9.2137,11.355,12.427,14.333,14.81,14.702,13.5,13.5,13.995,13.24,13.097,13.891,13.019,11.805,12.93,11.756,11.645,11.418,12.203,11.355,10.156,11.239,11.097,10.354,10.575,12.096,13.316,11.805,11.316,11.507,10.213,6.8511,8.1987,8.6794,10.284,11.952,11.316,11.557,10.603,9.6289,8.9586,10.451,8.9586,8.8774,10.284,10.156,11.355,12.84,13.468,11.519,12.485,13.786,13.019,13.891,14.005,14.211,11.756,15.081,13.723,13.008,12.036
15.62,19.415,20.334,20.252,21.031,18.085,19.754,19.5,16.642,17.87,16.212,14.968,14.316,13.774,14.829,17.134,15.797,16.483,16.642,15.343,18.001,16.873,18.268,18.894,15.797,16.441,15.262,13.417,12.331,9.4873,12.729,14.451,14.773,15.54,15.079,17.134,15.7,15.298,15.298,15.797,14.556,13.683,14.885,14.209,13.417,13.489,13.448,13.489,12.241,13.894,12.319,12.718,11.649,11.768,12.944,14.374,13.479,13.774,12.024,11.101,6.6567,10.218,10.525,12.15,12.509,12.274,12.286,11.542,10.013,11.064,12.15,8.9309,11.164,12.331,12.024,12.509,14.66,15.77,16.006,14.17,14.968,15.18,15.262,15.647,16.314,12.998,16.323,16.006,14.316,13.167
16.454,19.703,22.299,20.809,21.859,21.317,19.027,21.138,17.281,17.092,16.76,15.835,16.064,14.292,12.22,16.117,14.292,13.932,17.092,16.76,16.935,17.508,18.302,17.835,17.387,15.088,15.968,14.575,12.437,10.21,12.783,14.719,15.181,15.923,14.133,15.683,16.386,15.199,14.786,14.497,15.282,14.719,14.292,14.497,13.512,13.28,13.142,12.493,12.761,12.311,11.785,12.311,11.785,13.932,12.958,12.75,14.681,13.428,13.646,11.592,7.5996,9.0389,12.617,11.785,12.838,13.396,12.127,12.425,11.197,10.576,11.359,10.455,11.458,12.827,11.347,11.641,12.254,10.942,16.064,14.757,15.538,15.502,17.281,12.346,14.604,18.054,15.181,15.429,14.497,13.012
16.441,18.769,20.068,20.393,20.333,19.437,19.059,18.733,17.717,16.433,15.62,15.399,15.717,14.828,14.291,16.4,15.265,15.925,16.13,16.307,17.095,16.265,17.095,17.562,16.558,16.24,15.62,13.329,11.813,10.003,13.121,14.754,15.22,15.959,15.925,15.265,15.506,14.243,14.893,14.828,14.147,14.444,15.265,13.823,13.512,13.774,12.964,12.61,12.675,12.953,13.38,12.257,12.75,12.212,13.462,13.38,14.098,13.593,12.61,11.095,7.2929,9.2634,11.095,12.324,12.964,12.664,12.212,11.813,10.782,10.679,9.7395,9.9621,10.794,11.59,12.088,12.61,12.61,13.704,15.22,14.444,14.698,14.089,14.745,16.028,14.745,15.184,15.847,15.003,15.003,12.664
16.354,18.85,20.151,19.978,20.315,19.734,19.713,18.902,18.154,17.501,16.648,16.354,15.829,16.397,15.626,15.706,15.706,16.321,16.855,16.107,16.978,16.994,16.731,16.822,16.954,16.731,15.706,13.256,12.017,9.4911,12.646,14.9,15.555,15.838,15.803,15.706,15.304,15.349,15.158,14.9,14.891,14.523,14.254,14.321,13.899,13.779,13.077,13.024,12.723,12.734,12.291,12.291,12.211,13.003,12.657,12.949,13.939,13.899,13.162,11.558,8.3242,9.7076,11.168,11.878,12.481,12.949,12.82,11.558,12.028,10.49,9.7929,9.4911,10.222,11.654,11.69,13.077,13.779,13.587,14.561,13.899,14.599,14.984,14.628,15.591,14.637,15.412,15.304,15.555,14.561,12.82
16.277,19.103,19.753,20.246,20.136,20.177,19.844,19.348,18.504,17.518,16.547,15.319,15.818,15.792,14.989,16.37,15.173,15.346,16.547,16.336,16.97,16.748,16.97,17.715,17.23,16.539,15.818,14.47,11.558,9.5002,12.526,14.849,15.949,15.721,15.888,15.809,15.346,15.364,15.364,14.384,14.924,15.09,13.913,14.642,13.549,13.435,13.015,13.217,13.497,12.336,12.017,12.347,12.223,13.466,12.526,14.002,13.913,13.508,12.669,11.701,7.4526,9.717,11.004,11.665,11.315,12.404,12.257,11.166,10.864,9.943,9.5002,9.0665,9.674,11.179,12.029,11.784,13.549,14.032,14.238,14.335,14.68,14.499,14.189,15.319,14.18,15.282,15.668,15.319,14.384,13.217
16.503,19.374,20.339,19.18,20.175,20.05,19.432,18.629,17.985,17.26,16.086,15.088,15.389,15.425,13.921,16.537,16.275,15.171,16.275,16.662,16.275,16.746,17.098,17.515,17.139,16.232,15.666,14.178,11.374,9.6872,12.82,14.922,15.666,15.851,16.129,15.807,15.649,15.29,15.317,14.754,14.922,14.763,14.536,14.227,12.831,14.139,12.831,12.29,13.035,12.755,12.744,12.346,12.657,12.301,12.646,13.496,13.679,13.173,12.69,11.165,7.3768,10.379,11.178,11.664,13.679,13.831,12.646,11.604,10.863,11.202,10.135,10.122,10.656,11.399,10.964,12.525,13.465,13.506,13.911,14.334,14.612,14.678,14.875,14.678,14.875,15.64,15.816,15.93,14.382,13.014
13.899,16.73,18.064,18.311,17.642,18.096,17.846,17.175,16.193,15.403,14.259,14.7,13.805,13.805,14.491,13.104,13.593,13.464,14.451,14.71,15.204,14.501,15.507,15.204,14.451,14.896,14.096,12.281,10.219,8.7673,11.45,13.026,13.731,13.972,14.371,13.899,13.635,13.593,13.323,13.247,13.015,12.948,13.026,12.151,11.651,11.763,11.323,11.09,11.425,11.103,11.323,10.663,11.513,10.622,11.763,12.103,12.573,12.186,11.425,9.589,6.2807,8.2033,9.7539,10.905,11.103,11.246,10.018,9.828,9.589,8.8823,8.9149,8.8332,9.4057,9.9307,9.7092,11.601,11.601,11.601,12.043,11.763,12.847,12.043,13.378,13.026,13.037,12.573,13.972,13.026,12.434,11.103
16.77,19.18,19.946,19.75,19.75,19.56,18.998,18.689,18.622,18.008,16.495,16.495,15.851,15.559,16.545,15.719,15.506,15.93,16.637,15.93,17.673,16.545,17.515,17.139,16.935,16.537,15.816,14.236,12.289,10.025,12.346,15.171,15.506,15.666,16.47,16.086,15.344,15.559,15.999,15.639,15.344,14.468,14.468,14.03,14.574,13.204,13.831,12.256,12.733,13.035,12.744,12.402,12.015,12.82,12.863,13.434,14.138,13.465,12.646,11.115,7.7797,9.0653,10.352,11.002,13.046,13.434,12.027,11.841,10.862,11.002,9.6727,9.5427,10.862,11.115,10.135,12.256,13.204,13.33,13.434,14.497,14.187,14,14.391,13.679,14.187,14.987,15.28,15.851,13.831,12.668
16.542,18.768,20.139,20.07,19.38,19.84,19.33,18.507,17.678,17.03,16.168,16.373,15.51,15.285,16.271,15.175,15.821,16.125,16.55,16.373,16.775,17.928,16.775,17.393,16.466,16.642,15.573,13.602,12.134,9.8039,13.039,15.321,16.125,16.03,16.056,16.347,15.856,15.321,15.501,15.203,14.386,14.578,14.758,13.835,12.964,13.437,13.177,12.649,13.092,13.551,12.964,12.528,12.528,12.572,13.344,13.177,14.064,13.915,12.572,11.317,7.3789,9.6756,10.967,11.607,12.293,13.017,12.042,11.317,10.672,10.672,8.6445,8.9601,10.541,10.234,10.659,13.092,13.187,13.417,14.24,13.835,14.386,14.473,15.348,13.925,14.578,15.644,15.952,15.724,13.835,13.049
16.841,19.126,19.537,20.203,20.313,19.213,19.644,18.84,18.055,17.704,16.691,15.631,14.873,15.694,15.389,14.948,15.316,15.694,15.835,15.694,16.965,16.439,17.426,16.833,16.666,15.879,15.667,13.734,11.333,10.084,13.457,14.939,16.371,16.566,15.596,16.027,15.115,15.524,15.343,14.523,14.417,15.389,14.212,14.407,13.238,13.519,13.457,12.591,12.69,12.277,12.277,12.186,13.036,13.364,12.311,13.196,14.212,14.212,13.196,11.333,7.0421,8.9886,9.9591,11.612,12.036,11.803,11.37,11.333,10.675,9.6897,10.015,10.015,10.249,10.675,10.41,11.394,13.322,13.058,14.055,12.94,13.693,14.212,14.666,15.533,14.055,15.914,16.157,15.524,14.599,12.69
16.387,18.583,19.885,20.485,20.266,19.546,19.454,18.53,18.311,17.606,16.387,15.013,15.684,15.834,14.855,15.657,15.514,16.07,16.285,15.869,16.987,16.564,16.987,16.656,16.556,16.182,15.225,13.806,11.901,9.7268,13.198,14.929,16.285,16.25,15.825,15.904,15.514,15.106,15.379,15.013,14.695,14.864,14.59,14.666,14.35,13.23,13.219,12.932,12.704,12.133,12.45,12.029,12.27,13.219,12.682,13.685,14.514,13.345,12.878,11.795,7.1749,9.0295,10.471,11.521,12.029,12.029,11.901,11.289,10.603,9.953,9.6981,9.0141,9.7268,12.144,11.09,12.27,13.449,14.046,14.398,13.511,13.725,13.806,14.78,14.995,14.282,14.59,15.834,15.948,15.106,12.878
16.751,18.635,19.693,19.841,19.924,20.036,19.38,19.04,18.357,17.425,16.416,16.348,14.982,15.952,16.642,14.917,16.03,16.237,15.952,16.466,16.998,16.134,16.998,17.103,16.842,16.168,16.466,13.271,11.844,10.234,12.824,14.982,16.004,16.004,16.237,16.416,15.724,15.367,15.321,14.991,15.075,14.991,14.386,14.192,13.795,13.05,13.704,12.694,13.344,12.748,13.334,12.259,12.737,12.338,13.438,13.51,13.684,13.5,12.748,11.28,7.9761,9.5019,9.6901,11.511,13.334,12.439,12.134,11.926,10.555,10.815,9.5019,9.5019,10.001,10.672,10.815,12.748,13.092,13.219,13.795,14.319,15.075,14.27,13.915,14.767,15.285,14.843,15.935,14.396,13.865,12.042
14.469,16.589,17.54,17.778,17.843,17.9,17.24,16.377,16.19,15.837,14.369,14.216,13.97,13.98,12.56,14.648,13.505,14.449,14.135,14.338,14.698,14.549,14.549,15.307,15.231,14.499,14.001,12.041,9.9292,8.2373,11.101,12.946,13.462,14.499,14.094,14.135,13.633,13.146,13.321,13.505,13.013,12.8,13.591,12.432,12.303,12.041,11.512,11.448,11.321,11.101,11.624,10.837,11.088,10.89,11.524,11.956,12.101,12.101,11.244,9.2957,7.2246,8.4114,9.8265,10.607,11.822,11.512,11.101,10.783,9.1701,8.7659,8.4287,9.1543,8.7659,10.689,10.4,11.244,11.649,12.571,12.279,12.385,12.185,12.432,12.617,13.729,13.146,13.559,13.729,12.968,12.766,10.783
13.896,17.112,17.306,17.662,17.899,17.112,17.712,16.403,16.135,15.201,14.498,13.728,13.843,13.896,12.799,14.697,13.461,14.215,14.307,14.498,14.707,14.707,14.999,15.172,14.498,14.093,13.632,12.1,10.343,8.6989,10.62,12.765,13.472,14.215,14.368,13.969,13.979,13.493,13.461,13.59,13.101,12.708,12.968,11.809,12.302,12.1,11.561,11.624,11.204,11.32,11.809,10.823,10.769,10.982,11.648,11.955,12.207,11.895,11.32,10.287,7.1838,9.5261,9.8993,11.511,11.858,11.76,11.087,9.8993,9.707,9.707,8.4281,9.4036,9.1694,10.287,10.729,11.359,11.243,11.821,11.919,12.1,13.32,13.299,13.2,12.844,12.148,14.215,13.493,13.558,12.279,11.32
16.259,18.492,20.258,20.878,20.031,19.413,18.899,19.075,18.182,17.427,16.327,15.302,16.647,15.775,14.889,16.395,15.275,15.266,16.353,16.395,16.853,16.114,17.499,16.976,16.521,16.73,16.045,13.493,11.167,9.8903,13.286,14.824,16.036,16.796,15.871,16.01,15.871,15.482,14.973,14.749,14.455,14.636,14.973,14.749,13.534,13.727,13.023,12.948,13.317,12.948,12.819,11.771,13.001,13.493,13.001,13.192,14.301,13.898,13.493,11.593,7.4817,10.382,12.634,12.244,13.001,12.634,12.557,11.876,11.302,9.8341,9.6636,10.221,9.7065,11.771,11.557,11.83,13.192,13.421,14.455,13.937,14.636,14.777,14.963,15.801,15.302,15.41,16.521,14.636,13.848,11.935
16.495,19.035,19.73,19.375,20.34,19.884,19.231,18.763,18.039,16.968,16.746,16.275,15.362,15.089,16.026,14.838,16.232,16.121,16.537,16,16.738,16.504,16.495,16.746,16.546,15.808,15.808,13.434,11.592,9.6731,13.014,14.754,15.93,15.667,16.164,16.086,15.852,15.362,14.997,15.569,14.612,14.838,14.641,13.434,13.911,13.33,13.67,13.434,12.668,12.864,12.821,12.301,12.69,12.436,13.341,13.496,14.237,13.911,12.525,11.604,7.8333,10.177,10.591,12.016,12.668,12.831,12.29,12.301,11.7,10.747,9.9,9.942,9.716,12.016,11.003,13.215,13.014,13.434,14.392,14.001,14.612,13.831,13.921,14.838,15.089,16.052,15.497,15.317,14.987,13.089
16.779,18.817,20.675,19.894,20.206,19.845,19.852,18.721,18.301,16.977,15.86,16.008,15.505,15.298,15.577,14.476,15.514,14.93,16.343,16.138,17.164,16.546,16.512,16.746,16.878,15.816,15.289,13.918,11.562,9.721,13.095,15.216,15.675,15.825,16.034,15.816,15.352,15.325,15.179,15.004,14.771,14.39,14.543,13.441,13.554,13.441,13.19,13.306,12.838,12.531,12.576,11.646,12.697,12.827,13.306,13.554,14.038,13.748,13.053,11.514,7.7839,10.236,11.646,12.262,12.262,12.924,12.498,11.381,10.856,9.5041,10.358,10.465,10.596,10.61,11.208,13.19,13.095,13.868,14.658,14.067,14.195,14.146,14.846,15.106,14.581,15.37,15.675,15.179,14.986,12.74
16.23,18.627,20.192,19.992,20.061,20.192,19.5,18.559,17.943,17.584,16.366,15.997,16.264,15.566,14.901,16.867,14.985,15.637,16.161,16.264,17.33,16.493,16.34,16.966,16.23,16.127,15.884,13.432,11.114,9.6858,12.819,14.92,16.161,16.34,16.535,16.118,15.928,15.205,15.36,14.836,15.36,14.845,14.332,14.186,14.058,13.667,13.012,13.328,13.012,12.22,12.344,12.129,12.344,12.916,12.567,12.916,14.234,13.738,13.012,11.59,7.9201,9.9961,11.201,12.4,12.732,13.203,12.916,12.014,11.698,10.229,9.4977,9.4977,10.537,12.22,11.312,12.037,13.213,13.698,13.504,13.919,14.186,14.186,14.572,14.911,15.205,15.096,16.049,14.985,14.572,12.819
16.147,19.304,20.009,19.842,20.174,19.898,18.978,18.242,18.453,17.881,16.351,16.009,15.791,16.043,15.8,16.326,15.543,16.147,16.009,16.645,16.728,17.007,16.326,17.434,16.453,16.043,15.481,14.045,11.191,9.6053,13.201,15.346,15.913,16.52,15.835,16.215,15.409,15.055,15.346,14.962,14.823,14.635,13.847,14.319,14.454,13.533,13.159,12.677,13.032,12.633,11.934,12.677,12.742,12.677,12.742,13.17,13.817,13.817,13.022,11.496,7.8955,9.7058,12.288,12.003,13.159,13.022,13.482,12.633,11.592,10.015,10.851,9.01,10.382,11.875,11.687,12.333,13.327,14.319,14.045,13.584,14.367,14.748,14.682,14.625,15.155,16.147,15.791,15.301,14.597,12.731
16.354,18.822,20.126,20.126,19.876,19.987,19.086,18.322,17.437,17.374,16.08,15.941,16.387,15.356,14.691,16.08,14.981,15.383,16.362,16.019,16.863,16.764,16.863,17.132,16.362,15.634,15.356,13.945,11.941,9.7121,13.325,15.202,16.019,16.986,15.634,15.993,16.08,15.083,14.757,14.309,14.53,14.786,14.568,14.463,13.262,13.49,12.126,13.168,13.03,12.955,13.009,12.16,13.009,13.21,12.75,13.262,14.025,13.995,13.03,11.37,7.5963,10.132,12.33,13.083,12.652,13.294,12.16,12.022,10.998,10.227,10.063,10.063,10.587,11.309,11.941,12.126,13.041,14.231,13.906,13.785,14.757,14.463,14.907,15.845,15.81,15.598,16.054,15.419,14.606,12.652
16.354,18.668,20.911,20.189,20.161,19.877,19.94,18.556,16.93,16.864,16.464,16.227,16.632,15.554,15.661,16.02,15.384,15.357,16.456,16.987,16.864,15.942,17.39,17.374,16.046,15.634,15.275,13.736,11.837,9.4959,13.326,15.083,16.456,16.498,16.337,15.811,15.994,14.842,15.083,15.093,14.833,14.842,14.673,14.387,14.153,12.653,13.084,12.74,13.168,11.884,12.023,12.331,12.729,13.009,12.52,12.664,14.329,13.705,13.46,11.6,8.3285,9.6121,11.66,11.919,12.913,12.331,12.729,11.884,10.859,10.132,9.4959,9.3338,10.859,10.6,10.587,12.565,12.74,13.041,14.232,14.645,14.833,14.569,14.833,15.661,15.811,15.802,16.158,15.203,14.531,11.884
16.053,18.868,20.135,19.885,19.864,20.354,19.583,19,18.147,16.969,16.361,15.931,15.887,15.65,14.613,17.01,15.817,16.027,16.061,16.369,16.772,16.862,17.517,16.871,17.156,15.507,15.318,13.741,11.066,10.232,12.669,15.667,15.507,16.276,16.344,16.053,15.172,15.09,15.345,15.2,14.904,14.179,14.764,14.237,14.189,13.862,12.691,12.691,12.437,13.174,12.961,12.257,12.403,12.756,13.216,13.497,13.341,13.435,12.745,11.116,7.3961,9.9425,11.116,12.131,12.865,12.166,12.257,11.842,11.351,10.67,8.7702,9.5435,10.46,11.166,12.166,12.691,12.658,13.089,13.792,14.651,14.904,14.641,14.335,14.14,15.498,15.641,15.948,15.318,13.832,12.691
16.244,19.048,20.079,20.079,20.148,20.099,19.517,18.642,18.575,17.686,16.557,15.959,15.677,15.827,15.099,16.507,16.063,15.571,16.354,16.063,17.175,16.063,17.037,17.175,16.549,15.898,15.731,14.198,12.23,9.9069,12.666,15.508,16.037,15.959,16.422,16.38,15.677,14.802,15.328,15.3,14.914,14.774,14.247,13.75,13.044,13.75,12.927,12.764,12.699,12.31,12.699,12.024,12.23,12.444,12.927,13.182,14.237,13.182,12.743,11.708,7.4009,9.8506,10.87,11.173,12.534,13.055,12.139,12.024,10.755,10.87,8.9794,10.074,10.238,10.4,11.612,12.31,12.873,12.23,13.608,13.871,14.188,14.392,14.988,14.914,14.774,14.344,15.677,15.081,14.324,12.699
14.48,17.511,17.277,17.377,17.277,17.377,16.554,16.659,16.554,15.273,13.662,14.165,13.534,13.926,12.586,14.66,14.165,14.041,14.925,14.195,14.818,14.925,14.53,14.399,14.369,14.072,13.491,12.458,9.8473,9.0459,11.945,13.491,14.123,13.926,14.53,13.999,13.35,13.328,13.229,13.404,12.423,12.644,12.598,12.586,11.835,11.872,11.473,10.602,10.86,11.345,11.786,10.793,10.793,10.711,11.447,11.549,11.884,11.473,11.125,9.547,7.0977,9.2842,9.1737,10.38,10.038,11.125,11.112,10.239,8.7013,8.3773,7.6696,7.6315,8.5323,9.1737,10.253,10.793,11.006,10.927,11.945,12.551,12.127,11.435,12.127,12.974,13.052,13.652,13.328,14.072,12.962,11.112
15.56,18.118,18.952,19.695,20.679,19.744,19.441,19.291,18.48,17.662,16.118,15.525,16.22,15.954,16.615,16.423,15.453,16.186,15.772,16.186,16.764,16.698,16.615,16.59,16.364,16.364,15.274,13.701,11.571,10.202,12.632,14.656,16.015,16.186,16.448,16.006,15.319,15.806,15.525,15.128,14.805,14.656,13.991,14.02,14.148,13.136,13.396,12.697,12.795,12.255,12.187,12.719,12.096,12.632,12.61,13.009,13.822,13.396,12.977,11.749,7.1466,8.9938,9.4722,10.403,11.666,12.255,11.318,10.832,10.819,10.323,9.1762,8.7448,9.9969,11.171,10.469,11.807,12.977,12.795,12.489,13.136,13.882,14.293,14.341,13.961,15.046,15.525,15.462,15.237,13.961,13.009
15.864,18.768,19.86,20.524,19.662,19.584,19.092,18.039,18.078,16.688,15.864,15.899,15.544,15.687,16.281,14.656,15.363,16.048,16.418,15.996,16.855,15.891,16.821,16.921,16.46,16.074,15.144,13.782,11.639,9.9299,13.255,15.144,16.324,16.169,16.596,15.935,15.436,15.652,14.958,15.217,14.043,14.513,14.949,13.537,14.043,12.87,12.903,12.202,12.728,12.957,12.783,12.563,12.563,12.473,13.308,13.128,13.903,13.245,12.529,10.702,6.8707,9.6445,10.152,11.699,12.052,12.167,12.259,10.491,9.6445,10.424,8.5384,8.6036,9.7453,9.5279,11.036,12.473,11.818,13.085,13.213,14.221,13.381,14.377,14.377,14.656,14.883,15.607,15.996,16.074,14.103,12.338
16.318,17.838,19.637,19.446,19.978,18.95,19.339,17.869,17.854,16.851,16.019,15.386,14.725,15.305,14.345,15.608,15.25,15.984,15.776,15.679,16.428,16.019,15.906,17.095,16.326,15.6,15.05,13.399,11.248,10.041,12.788,14.939,15.626,15.959,16.769,15.984,15.767,15.386,14.939,14.659,14.875,14.297,14.355,13.181,12.625,13.139,12.788,12.981,13.296,12.798,13.634,12.493,13.139,12.269,13.055,13.825,13.885,13.181,12.712,10.835,6.8525,8.4908,10.041,10.719,11.811,12.831,12.134,10.784,11.037,9.6909,8.9962,8.9346,10.822,10.205,11.087,11.235,12.537,13.399,13.885,13.296,14.355,14.641,14.102,14.46,15.52,15.564,15.984,14.8,14.151,12.788
16.306,18.508,19.619,19.768,19.541,19.768,19.362,18.665,18.235,17.261,16.569,16.082,15.2,15.59,16.4,14.932,15.847,16.056,16.366,16.056,16.894,16.091,16.056,16.844,16.082,16.056,15.346,13.356,11.805,9.919,12.46,14.867,15.697,15.961,16.366,16.16,15.455,15.099,15.634,14.792,14.602,13.767,14.602,13.324,13.978,13.324,13.46,12.769,12.549,12.758,13.039,12.549,12.279,12.062,13.039,13.039,13.817,13.522,12.549,11.298,7.5033,9.919,10.611,11.099,13.198,12.714,12.039,11.53,11.099,10.196,9.235,9.1135,9.7346,10.086,11.805,12.549,13.23,13.06,13.491,14.497,14.497,13.817,15.007,14.867,15.007,15.75,15.882,15.527,13.817,13.114
13.913,16.397,17.848,17.202,17.387,17.536,16.713,16.084,15.672,15.249,14.557,13.392,13.745,13.316,13.051,14.059,14.152,14.028,14.11,14.596,14.152,14.059,14.507,14.557,14.507,13.745,13.819,12.294,10.37,8.087,11.824,13.118,13.819,14.517,14.11,14.507,13.521,12.984,13.575,13.162,12.586,11.836,13.129,12.318,11.824,11.91,11.538,11.257,10.37,11.115,11.424,11.101,10.903,11.115,11.971,12.294,12.815,12.318,10.917,9.8972,6.2873,8.973,9.1811,10.37,11.101,10.836,10.674,10.836,9.5382,9.1811,7.7755,8.3696,9.4156,10.37,10.903,10.783,11.115,12.412,12.163,12.306,12.294,12.781,13.478,13.261,13.337,13.607,14.596,14.234,13.029,10.917
16.024,18.915,19.671,20.165,19.558,20.131,19.607,18.129,17.585,17.45,16.162,16.661,16.23,15.814,15.849,15.567,15.718,15.718,16.341,16.024,16.991,16.366,16.744,17.258,16.544,16.127,15.814,13.739,12.037,10.23,12.754,14.836,15.998,15.928,16.024,15.387,15.602,15.814,15.664,14.995,14.911,14.985,14.902,13.739,13.678,12.434,13.171,12.754,13.034,12.333,12.567,12.743,12.666,13.213,13.297,13.339,13.909,13.698,13.171,11.781,7.3382,9.8,11.263,12.037,13.203,12.916,12.567,11.639,10.963,9.9963,9.9963,8.972,10.066,10.537,11.567,12.655,13.789,12.129,13.909,14.836,14.874,14.186,14.995,15.315,15.849,15.315,16.341,15.206,13.829,12.83
16.408,18.863,19.577,20.458,20.171,20.026,19.371,18.469,18.287,17.417,16.022,15.359,16.365,15.848,14.76,16.767,15.287,15.663,16.408,16.542,16.634,16.542,17.063,16.866,16.891,16.057,15.848,13.677,12.299,9.3352,12.644,15.196,15.787,16.634,16.057,15.813,15.663,14.788,14.975,14.466,14.185,14.331,14.609,14.389,13.738,13.493,12.915,12.287,13.212,12.522,12.287,12.299,12.687,13.181,13.41,13.707,14.234,14.331,13.327,11.262,7.6705,10.133,10.962,12.522,11.662,12.753,11.59,11.554,10.536,10.809,9.6135,9.7993,9.4973,12.162,12.344,12.013,13.462,13.677,14.136,14.331,14.609,14.675,14.873,15.787,14.873,14.835,16.229,15.813,13.918,13.17
16.363,19.339,20.043,20.325,19.574,19.546,18.991,17.978,17.893,16.888,16.054,15.881,15.802,16.115,14.833,16.531,15.083,15.492,16.54,16.363,16.74,16.531,17.157,17.438,16.986,15.881,15.492,13.906,11.6,9.4224,12.956,15.357,15.837,16.363,16.531,16.498,15.811,15.202,14.907,14.692,14.635,14.183,14.635,13.996,13.705,13.408,12.641,13.429,13.21,13.491,13.263,12.431,13.031,13.2,12.913,13.491,14.222,13.294,12.729,11.395,7.6693,10.535,12.023,12.641,12.285,12.956,12.52,12.011,11.111,10.455,9.7124,9.6694,9.994,11.66,11.198,12.652,13.084,13.705,13.408,13.705,14.153,14.786,14.917,15.837,15.492,14.991,15.846,15.661,14.692,12.297
16.129,18.512,18.655,19.045,20.344,20.006,18.899,18.684,18.862,17.525,16.377,15.434,15.289,15.825,16.241,15.568,16.129,16.471,16.377,15.657,16.904,16.42,16.871,16.403,16.42,15.939,15.18,13.554,11.563,9.7212,13.18,15.506,15.289,15.895,16.377,15.86,15.207,15.956,15.816,15.325,14.912,14.274,14.038,14.068,14.39,13.839,13.718,13.096,12.828,12.968,13.441,13.337,12.137,12.308,13.096,13.348,13.606,14.008,12.409,11.514,7.6035,9.5044,10.385,10.97,13.191,12.871,11.894,12.296,11.514,10.97,10.031,8.5823,10.003,11.121,10.817,12.137,13.798,13.348,13.18,13.869,14.856,14.846,14.62,15.353,15.106,15.728,16.069,15.371,13.212,13.222
16.26,19.213,19.785,19.721,19.707,19.643,19.465,18.474,18.07,17.233,15.975,15.835,15.115,14.407,14.789,15.316,15.747,15.87,16.439,15.87,16.439,15.975,16.49,16.666,17.233,15.844,15.343,13.935,11.333,9.5155,12.853,15.115,16.088,16.388,16.079,15.844,15.693,14.873,14.722,14.873,14.522,15.343,13.723,14.025,13.068,13.814,13.111,13.457,13.764,12.69,12.983,13.036,12.546,12.755,12.356,13.036,13.488,13.734,13.322,11.197,7.6124,9.0349,10.517,11.576,12.424,12.546,12.277,11.528,10.556,10.37,9.959,10.194,10.517,10.249,11.284,12.457,12.843,13.322,13.885,14.261,14.407,15.004,14.407,15.343,14.789,15.416,16.388,15.022,14.202,12.69
16.394,18.433,19.59,19.809,20.302,19.469,18.947,18.463,17.92,17.311,15.972,15.673,15.911,15.222,15.093,15.449,15.304,16.394,16.154,16.05,17.125,16.257,16.838,16.663,17.311,16.368,15.413,13.527,11.8,9.5138,13.225,14.663,16.394,16.085,16.495,15.093,15.972,15.001,14.814,14.558,14.336,14.052,14.21,14.404,13.812,12.677,13.319,13.055,13.235,12.046,12.421,12.455,12.138,13.455,12.184,13.455,14.249,13.193,12.851,11.941,7.5559,8.9869,10.192,11.8,12.32,11.718,12.884,11.718,10.555,9.5576,9.3365,9.7309,10.395,11.095,11.658,12.149,13.361,13.034,14.082,13.721,14.898,14.022,16.05,15.691,14.87,15.876,15.231,15.413,14.336,13.109
16.346,19.443,20.337,20.662,20.248,19.557,19.35,18.173,17.448,17.167,15.793,15.855,16.541,16.029,15.793,15.347,15.563,15.5,16.972,16.167,16.499,16.507,16.741,17.779,16.873,15.293,15.563,13.743,12.133,10.395,13.218,15.101,16.09,16.346,16.064,15.509,15.202,14.99,14.766,14.907,14.24,14.317,14.539,13.713,13.703,13.914,12.671,13.017,13.437,13.091,12.693,12.693,12.66,13.049,12.693,13.416,13.864,13.437,13.017,11.316,7.8349,9.6174,11.401,11.316,12.224,12.693,12.224,11.571,10.501,9.8034,9.2042,9.3242,10.659,11.205,10.395,11.89,12.747,12.671,14.191,14.577,15.101,15,14.916,15.5,15.563,15.32,16.641,16.064,14.501,11.949
16.752,18.77,19.954,20.002,20.251,20.058,19.609,18.539,17.68,17.836,16.057,15.672,15.796,15.672,16.135,15.322,15.286,15.813,15.672,16.417,16.974,16.238,16.999,17.234,16.238,16.4,15.725,13.04,11.95,10.235,12.836,14.927,16.366,15.857,15.813,15.813,15.725,14.909,15.076,14.387,14.768,14.474,13.603,14.193,13.916,12.825,13.304,12.825,13.304,12.529,12.294,12.407,12.573,13.552,12.573,13.22,14.242,13.335,12.922,11.354,6.933,9.6764,10.463,11.512,12.339,12.868,12.651,11.704,11.006,10.542,9.3403,9.0687,10.555,11.281,10.673,12.294,13.04,13.603,14.271,14.339,14.843,14.927,15.286,15.813,15.094,16.272,16.374,15.295,14.144,12.749
16.034,18.361,20.075,19.957,19.761,20.096,19.442,19.161,18.14,18.048,16.878,15.851,15.289,15.851,14.195,17.001,15.352,15.938,15.612,16.241,16.646,16.671,17.269,16.546,16.754,16.368,15.675,13.958,11.67,9.6203,12.664,15.078,15.325,16.554,16.034,15.895,14.911,15.298,15.289,15.289,14.581,14.322,14.657,14.705,14.39,13.918,13.747,13.053,13.19,12.762,12.827,11.847,12.675,12.74,12.838,12.967,13.441,13.441,12.307,11.282,6.9341,9.7209,10.464,11.381,11.894,11.562,11.598,10.817,10.557,10.072,10.031,9.7209,9.5478,12.045,11.208,11.61,13.42,13.717,13.441,14.244,14.543,14.244,14.986,14.771,15.675,15.956,15.825,16.746,14.771,13.211
16.656,19.055,20.727,20.868,20.545,19.968,19.905,19.063,17.732,16.181,15.683,16.293,16.138,15.297,15.188,15.105,15.657,15.904,16.429,16.888,16.078,16.429,17.415,17.085,16.147,15.834,15.825,13.521,12.314,10.008,13.229,14.994,16.181,16.855,15.834,15.737,15.334,14.694,14.694,13.936,14.398,14.994,13.715,14.252,13.028,13.282,13.06,12.758,13.313,12.348,12.348,12.303,12.758,13.428,12.144,13.448,14.242,12.878,12.682,11.19,7.9824,9.5095,10.823,11.795,12.04,11.569,12.538,10.875,10.681,10.51,9.2273,10.036,10.681,11.177,10.563,11.569,12.671,12.449,13.966,13.684,13.846,15.105,15.379,15.869,14.628,15.869,16.017,15.087,14.779,12.449
15.894,18.969,19.832,19.605,19.853,19.853,18.88,18.218,17.563,17.038,15.709,15.611,15.129,14.737,15.431,14.613,15.859,15.894,16.782,16.882,16.54,16.707,17.014,16.915,15.973,15.885,15.539,13.737,11.731,9.699,13.049,14.944,15.358,16.276,15.832,16.095,14.916,14.916,15.129,15.037,14.226,14.613,14.803,13.828,13.958,13.251,13.251,12.779,13.47,13.208,12.779,12.702,12.724,12.469,12.255,13.124,13.208,13.635,12.071,10.487,7.1862,9.6412,10.892,12.334,12.334,12.289,10.892,11.695,10.42,9.5247,8.3537,9.4068,10.094,10.487,9.9265,12.558,12.995,13.208,13.958,14.098,14.068,14.098,15.24,16.164,15.404,15.037,15.894,15.358,14.421,12.79
15.901,18.386,19.094,19.621,20.963,19.101,18.925,18.164,18.5,17.514,16.856,15.41,14.183,15.136,14.837,15.857,15.653,15.365,15.901,16.214,17.451,16.597,16.283,16.597,16.864,16.555,15.715,13.783,12.203,9.9729,12.564,14.884,15.697,15.41,15.98,16.171,15.365,15.337,15.715,14.95,14.514,13.874,14.378,13.783,13.076,13.712,13.055,12.564,12.904,12.685,13.641,12.564,12.294,11.819,13.214,13.055,13.874,13.476,12.608,10.425,6.4519,9.0011,9.7175,11.435,12.729,12.168,12.203,11.312,10.624,10.845,8.6044,9.4552,9.7031,10.584,11.2,12.076,12.871,12.784,12.958,14.281,14.271,13.834,14.359,14.809,14.884,16.283,15.41,15.025,13.874,13.087
16.07,18.741,19.087,19.664,20.668,20.224,19.146,18.741,18.455,16.883,15.86,15.13,15.432,14.879,14.422,16.07,15.71,15.603,15.25,16.131,16.165,16.414,17.203,17.04,16.709,16.208,15.432,13.899,12.072,10.095,13.209,15.387,16.07,15.992,16.414,15.895,15.405,15.25,15.683,14.422,14.614,13.778,14.576,14.276,13.209,14.227,13.585,12.791,12.692,12.791,12.953,12.604,12.199,12.526,13.05,12.769,13.585,13.125,12.335,11.308,6.8892,8.454,10.408,11.308,11.636,12.049,11.033,11.874,10.699,10.88,8.5198,9.3479,10.164,11.146,11.588,12.256,11.979,12.725,12.725,13.748,14.945,14.276,14.217,14.804,14.945,15.359,16.131,16.096,13.829,12.072
15.915,19.032,19.381,19.538,20.376,19.366,18.415,18.438,17.697,17.483,16.028,15.588,15.695,15.597,15.695,15.871,15.344,15.836,15.677,15.836,16.44,15.871,17.315,16.9,16.567,16.398,15.836,14.667,11.862,9.9177,12.669,14.874,16.115,15.845,16.158,16.261,15.845,15.372,15.344,14.724,14.408,14.865,14.408,14.865,14.262,13.364,13.765,13.458,13.037,12.691,12.514,12.854,12.547,12.547,12.06,13.059,13.936,13.207,12.514,11.661,7.0426,8.593,10.249,10.623,11.721,11.625,11.022,11.098,10.688,9.9177,9.5162,8.7377,10.043,10.984,11.022,12.514,12.941,13.037,13.886,13.765,14.6,14.359,14.93,16.089,15.317,15.836,16.193,15.748,14.203,12.844
16.431,18.889,20.303,20.487,19.456,19.527,19.029,17.945,18.667,16.363,15.299,15.525,16.106,16.183,14.781,16.045,14.809,15.089,15.871,15.836,16.252,16.557,16.89,16.832,16.566,16.045,16.045,13.717,11.714,9.6991,13.189,14.781,15.588,16.89,16.149,15.862,14.996,14.856,14.781,14.592,14.4,15.19,14.696,14.866,14.4,13.315,13.346,13.231,13.45,12.54,12.305,12.237,12.683,12.705,12.361,13.284,13.808,13.357,12.507,11.091,7.6814,9.2135,10.825,11.678,11.902,11.714,12.76,10.825,11.191,9.7278,9.7278,8.7327,9.912,11.129,11.129,12.18,13.686,13.717,13.717,13.45,14.696,14.658,15.871,15.836,16.019,15.588,16.758,14.856,14.668,13.284
16.161,18.726,19.649,19.958,20.035,19.535,18.926,18.845,18.167,17.189,16.401,15.119,15.671,15.883,14.821,16.161,14.821,15.751,15.874,16.092,16.443,15.962,17.189,17.487,16.084,16.153,15.698,13.859,11.806,9.7066,12.594,14.877,15.874,16.264,16.031,16.375,15.119,15.201,14.641,15.201,14.42,14.216,14.216,14.641,14.294,13.461,13.367,12.889,12.427,12.594,12.427,12.516,12.857,12.063,12.359,13.04,13.889,13.114,12.189,11.2,8.0418,9.3407,10.52,11.2,11.627,11.687,12.063,10.625,11.024,8.9754,9.5181,9.4446,9.9196,11.911,11.299,12.427,12.46,13.367,14.265,13.889,13.939,15.32,14.679,16.401,15.008,15.635,16.299,15.671,14.821,12.04
16.255,18.715,19.779,19.779,19.701,20.197,18.431,18.738,18.431,17.421,15.909,15.671,15.384,15.519,14.05,15.909,15.411,15.302,15.689,15.97,16.569,16.661,16.686,16.493,17.18,16.392,15.119,13.941,11.621,10.15,12.587,15.591,15.447,15.671,16.493,15.83,14.859,14.999,15.311,15.689,14.335,14.354,14.718,13.931,13.453,14.286,13.515,13.054,12.979,13.453,12.849,13.032,12.763,12.686,13.202,13.432,14.286,13.318,12.542,11.293,7.177,9.3354,10.012,11.391,11.573,11.094,11.716,11.716,10.553,10.606,9.3354,9.629,10.407,11.329,12.675,12.033,12.839,13.032,13.699,13.689,14.518,14.412,14.412,15.193,15.874,16.289,16.048,16.048,14.08,13.107
16.568,18.924,19.071,19.647,20.316,20.102,19.332,19.122,18.326,17.025,16.16,15.454,15.526,15.237,14.601,16.091,15.454,15.346,15.916,16.091,16.967,16.577,16.577,16.568,16.374,16.391,15.31,13.705,12.038,9.8623,12.279,14.496,15.391,15.126,16.082,15.373,15.589,14.866,15.391,14.866,14.876,14.525,13.937,14.215,13.736,13.459,13.24,13.198,12.324,12.769,13.198,12.515,12.548,12.758,12.548,12.985,13.459,13.071,12.692,11.199,7.0433,9.0826,10.87,11.086,12.593,12.758,12.038,11.421,11.199,9.9607,9.7343,8.9746,11.335,10.372,11.722,12.245,12.779,13.366,14.263,13.887,14.678,14.866,14.95,14.791,16.091,15.391,16.056,15.391,14.293,12.888
16.542,18.448,20.071,20.071,20.346,20.174,18.924,18.568,17.781,16.998,16.005,15.502,15.565,15.511,15.795,15.502,14.88,15.795,15.724,16.237,16.551,15.813,16.998,17.29,16.751,16.28,16.542,14.27,12.868,10.594,12.868,14.241,16.28,16.057,16.169,15.821,15.502,15.093,15.367,14.843,14.645,14.908,14.54,14.241,14.005,13.674,13.438,13.093,13.177,12.868,12.922,12.495,12.738,12.835,12.573,13.039,13.438,12.965,12.825,11.354,7.8357,9.5022,11.119,10.866,12.406,12.339,12.031,12.019,10.673,10.382,9.6903,8.7724,10.542,11.206,10.139,11.644,13.602,13.219,14.182,14.241,14.927,15.322,15.394,15.952,15.322,14.796,16.776,15.213,15.176,12.406
15.977,18.798,20.067,19.71,19.425,19.71,19.639,17.808,17.745,17.412,15.391,15.535,15.749,15.318,15.597,15.024,14.903,15.819,15.695,16.526,16.193,16.526,17.057,16.868,16.399,15.872,15.837,13.725,11.662,10.398,13.208,14.79,16.055,15.977,15.678,15.872,15.695,15.345,15.345,14.781,14.563,14.781,14.601,14.292,14.36,13.229,13.459,12.779,13.887,12.324,12.713,12.713,12.768,13.197,12.844,12.779,13.208,12.887,13.239,11.297,7.1801,8.8491,11.297,11.098,12.768,12.691,12.187,10.985,10.767,10.14,8.5935,9.3394,10.371,9.9602,10.985,12.187,13.323,12.844,14.056,13.766,14.677,14.931,15.418,15.749,15.126,15.881,15.526,15.345,14.601,11.968
16.058,19.132,19.535,20.209,19.924,19.882,18.905,18.749,17.575,17.701,16.058,15.822,15.239,15.42,16.032,14.216,14.642,15.239,16.162,15.348,17.19,16.376,16.058,16.368,16.805,16.503,15.348,13.768,12.155,10.156,12.716,15.008,15.027,15.698,16.308,15.751,15.848,15.529,15.393,15.591,14.868,14.363,14.821,13.44,14.421,13.461,13.626,13.21,13.115,13.461,13.492,12.857,12.19,12.155,12.77,12.781,13.979,12.987,12.052,10.414,7.5596,9.5184,10.454,11.723,12.987,12.063,12.55,11.138,10.252,10.4,9.236,10.046,10.087,10.156,10.769,12.716,12.77,13.859,13.768,14.265,14.498,14.793,14.088,15.393,15.239,15.393,15.457,15.008,14.603,11.947
16.769,19.025,20.223,20.057,19.587,19.974,19.025,17.611,17.571,16.959,15.41,15.626,15.838,15.192,15.838,14.556,15.311,14.998,15.908,15.829,16.568,16.484,16.918,17.163,16.433,15.838,16.048,13.286,12.147,10.039,13.032,15.091,16.568,16.518,15.812,15.873,15.119,15.519,15.119,14.896,14.412,14.698,15.017,14.158,13.81,13.317,13.452,12.762,13.191,12.849,13.688,12.542,12.147,12.935,12.453,12.419,13.688,13.452,12.707,10.619,7.462,9.8148,10.245,11.62,12.307,12.055,12.182,11.716,11.904,11.131,9.3499,9.5123,11.131,10.762,10.407,12.182,12.978,12.685,13.688,14.859,14.632,14.859,15.812,15.365,14.933,15.383,16.433,15.229,14.859,11.904
16.761,19.769,19.853,20.083,19.818,19.881,19.118,18.024,17.69,16.375,15.511,15.857,15.295,15.52,15.962,14.663,14.24,15.403,16.135,15.831,16.678,16.761,17.244,17.729,15.866,16.101,15.857,14.25,12.346,9.8102,12.756,14.852,16.144,16.247,16.04,16.519,15.654,15.102,15.511,14.777,13.803,14.852,14.926,13.692,14.279,13.1,13.446,12.972,13.026,13.559,13.1,12.669,12.357,12.233,13.026,13.185,13.753,13.28,12.357,10.873,7.4958,9.6241,10.873,11.213,12.756,12.142,11.899,12.038,10.873,9.8102,10.021,9.5078,11.175,10.679,10.548,12.414,13.311,12.536,14.201,15.102,15.222,14.482,15.962,15.403,14.482,15.945,15.866,15.376,14.347,12.267
15.513,18.771,19.188,19.05,20.252,20.038,19.397,19.043,18.652,17.931,16.032,15.849,15.396,14.993,15.858,15.323,15.893,15.673,16.35,16.418,16.35,16.401,16.35,16.418,17,16.282,16.032,13.716,11.846,10.03,12.17,15.077,15.858,15.858,16.468,15.369,15.726,15.323,15.814,15.513,14.919,14.703,14.194,14.007,14.272,14.184,13.746,13.304,13.179,13.019,12.837,12.34,12.497,12.407,12.574,13.041,12.966,13.471,12.662,11.083,7.4549,10.002,11.182,11.669,12.17,12.574,11.645,11.561,11.609,10.463,9.72,10.181,9.9041,11.17,11.207,12.826,13.501,13.957,14.475,13.553,14.475,14.194,15.504,15.611,15.504,15.323,16.067,14.34,14.703,13.041
16.412,19.043,20.793,19.78,19.688,20.354,19.101,18.675,18.269,17.156,16.546,15.507,15.641,15.345,14.792,16.969,15.089,15.498,16.121,16.663,17.261,16.276,16.837,16.837,16.663,16.344,15.817,14.188,11.641,10.122,12.69,14.997,16.026,16.771,15.72,15.791,15.498,14.876,15.089,15.172,14.392,14.679,15.089,14.679,13.701,14.159,13.174,12.69,12.658,13.089,12.69,12.016,12.222,11.7,12.165,12.69,13.268,13.67,12.57,10.85,8.0435,9.382,11.178,12.403,11.923,12.918,12.028,10.863,10.499,10.85,8.7225,9.4263,9.4263,12.016,11.605,12.222,13.434,13.184,14.179,14.764,14.536,15.363,15.808,15.507,15.56,15.363,16.121,16.061,14.188,12.864
15.601,18.257,19.991,19.831,20.335,20.047,19.385,18.439,18.257,17.417,16.408,15.503,15.557,15.848,15.84,16.391,15.287,16.126,16.467,15.386,17.257,16.365,17.152,16.542,16.866,16.866,15.341,14.694,11.921,10.35,12.818,14.975,15.663,16.357,16.229,15.883,15.386,15.422,15.494,15.086,15.095,14.993,14.389,14.845,14.788,14.234,13.431,12.958,13.503,12.522,12.489,11.886,12.753,12.644,12.344,13.213,13.908,13.17,12.666,11.372,7.9722,9.6854,11.2,11.886,11.662,12.128,11.886,11.602,10.55,10.229,9.9957,9.6711,9.6711,11.78,11.566,11.506,13.462,13.328,14.136,13.828,14.495,14.873,14.873,15.848,15.566,15.494,15.805,15.813,14.136,12.655
16.306,18.502,19.581,20.069,19.83,19.83,18.729,18.678,17.341,17.112,16.38,15.236,15.563,15.047,13.89,15.351,14.92,14.755,16.07,15.449,16.205,15.693,16.823,17.056,16.701,16.297,15.449,13.861,12.178,10.129,13.3,15.02,15.866,15.788,16.331,15.891,15.51,15.404,14.55,15.164,14.69,13.998,15.51,13.3,13.653,13.573,12.542,12.531,12.563,13.135,13.361,12.1,12.167,12.4,12.444,12.693,14.017,12.178,12.703,10.55,7.9457,8.8836,10.967,11.583,12.1,12.134,11.441,11.547,9.8427,10.394,7.7022,9.8978,10.276,11.453,11.524,11.488,12.043,12.958,13.573,13.653,14.644,13.3,15.685,15.563,15.788,15.404,16.57,15.209,14.324,13.052
16.322,18.592,20.107,20.086,19.942,19.748,20.107,18.361,16.991,16.73,15.817,16.339,15.817,15.738,15.571,14.773,14.472,15.223,16.73,16.339,16.389,16.473,17.208,16.82,16.697,15.955,15.491,14.405,12.066,9.8983,13.031,14.773,16.161,16.73,16.796,15.99,15.773,14.857,14.698,15.651,14.773,14.271,14.633,13.375,13.77,13.126,13.437,12.861,12.689,12.957,13.447,12.437,12.168,12.292,13.126,12.634,13.8,13.147,12.689,10.186,6.8199,9.4575,11.029,11.986,12.077,12.077,11.506,10.544,10.492,9.4575,9.6733,10.307,9.8565,11.264,10.544,12.381,11.648,13.406,13.115,13.61,14.271,13.157,15.295,14.81,14.614,14.847,15.358,15.214,14.633,11.871
16.928,18.963,20.247,20.109,20.247,20.074,19.175,18.695,17.584,16.339,14.554,15.621,14.934,14.244,13.845,15.486,15.728,14.849,16.87,15.905,16.87,15.879,17.584,17.002,16.803,15.852,16.01,13.966,12.304,10.271,13.32,15.148,16.296,16.407,15.993,15.728,15.157,15.558,14.448,13.885,14.439,15.055,14.526,14.115,12.914,13.393,12.914,12.574,13.065,12.383,12.574,12.304,12.213,12.541,12.213,12.086,13.065,13.267,12.485,10.698,7.368,9.1318,11.159,11.444,11.65,11.008,11.935,10.893,10.905,9.9388,8.7564,10.433,10.175,10.106,10.217,11.358,12.213,12.795,12.718,13.518,14.39,14.244,14.897,14.821,15.486,14.981,15.567,15.231,13.885,12.882
16.459,18.922,20.124,19.901,20.235,19.554,19.432,18.504,17.953,16.944,15.766,15.995,15.408,14.722,15.362,14.693,15.471,15.686,16.28,15.606,16.391,16.315,17.279,17.018,17.059,16.595,15.863,13.962,12.063,9.7016,12.694,15.244,16.073,16.168,16.108,15.89,15.362,15.471,15.115,15.133,14.891,14.54,14.23,14.23,13.38,13.781,12.705,13.254,13.244,12.562,12.051,11.639,12.383,12.956,12.166,12.258,13.127,13.223,12.606,11.211,7.0508,9.2295,10.097,11.542,11.698,10.895,11.734,10.49,11.148,9.8303,9.8728,10.027,10.701,10.261,10.423,12.201,12.562,12.999,13.72,12.999,13.474,14.376,13.832,15.435,14.512,15.244,15.713,15.898,14.579,13.074
16.224,18.817,20.664,19.748,19.755,19.79,18.714,18.462,17.47,15.802,14.883,15.277,15.457,15.05,15.304,14.612,15.385,14.612,15.845,16.419,15.802,16.087,17.022,17.938,16.122,15.958,15.626,13.512,11.984,9.3128,12.98,14.612,15.984,16.452,16.233,15.679,15.322,15.564,14.725,14.659,14.345,14.957,14.602,13.964,13.705,13.012,12.624,12.722,12.787,12.83,12.37,11.996,12.303,12.492,11.81,12.459,14.023,13.012,12.269,10.432,7.5248,9.4745,10.822,11.669,11.087,11.526,11.345,10.642,10.041,9.298,9.6907,10.109,9.8742,10.325,10.511,12.269,11.669,12.711,13.563,13.755,14.612,14.277,15.277,15.802,15.241,14.8,15.519,15.519,15.241,12.711
16.62,18.244,18.957,19.181,20.013,19.622,19.749,18.641,18.099,16.965,16.045,14.865,15.679,15.277,15.81,14.431,15.385,15.277,15.767,16.088,15.906,15.767,15.906,16.826,16.301,16.019,15.169,13.471,11.574,10.15,12.492,14.948,15.626,15.984,16.495,15.958,15.776,15.679,15.457,15.277,14.498,14.229,14.297,13.915,14.345,13.012,13.149,12.722,12.37,12.492,12.927,12.37,11.985,12.099,13.012,12.624,13.399,13.306,12.701,10.629,7.5797,9.5905,9.8182,10.511,11.61,11.985,11.345,11.284,10.205,9.776,8.9499,9.6908,10.642,10.352,11.149,12.133,12.657,13.306,13.265,13.644,14.102,13.795,15.323,15.323,14.837,15.323,15.599,15.277,13.563,12.269
16.788,18.938,20.086,19.409,20.155,19.905,19.062,18.649,18.027,17.692,16.36,15.378,15.621,15.086,15.012,15.656,14.513,15.807,15.513,15.585,16.36,16.513,17.181,17.278,17.011,15.683,15.868,14.203,11.568,9.854,13.06,15.36,16.249,16.042,16.386,15.824,15.964,15.513,15.003,15.086,14.919,14.589,14.281,14.551,14.407,13.52,13.448,13.049,13.755,12.834,12.703,12.132,11.959,13.229,12.703,12.659,13.51,13.344,12.845,11.387,7.3279,9.227,10.758,11.52,12.028,11.652,11.712,10.758,11.127,9.7261,10.132,9.553,9.7261,11.616,11.177,11.854,12.028,13.218,14.349,13.755,14.589,14.656,15.224,15.833,15.012,15.187,16.386,15.824,14.154,13.197
16.541,19.003,20.582,21.2,19.84,19.586,19.185,18.627,17.834,16.997,16.03,15.393,15.847,15.393,14.034,15.951,14.982,14.767,16.466,16.125,16.373,16.236,17.456,17.385,16.667,16.899,16.133,14.004,12.528,9.5016,12.835,15.074,16.373,16.373,16.508,16.03,15.723,15.644,15.429,15.67,14.23,14.578,14.991,13.925,13.437,13.713,12.759,12.528,12.259,13.673,13.039,12.439,12.66,12.019,13.344,13.176,14.269,13.049,12.405,10.462,7.4536,9.8037,11.316,12.748,11.949,12.405,11.571,11.511,10.672,10.659,9.6897,10.028,10.233,11.785,11.118,11.949,12.405,12.572,14.004,13.915,15.175,14.395,15.102,14.842,15.102,15.501,16.168,15.644,14.767,13.017
16.506,18.901,19.573,19.764,20.624,19.792,18.982,18.657,18.051,17.725,16.548,15.508,15.4,14.275,14.507,16.071,16.354,15.818,15.73,15.862,17.004,16.131,16.14,17.472,16.473,15.517,16.097,13.92,11.272,10.183,12.533,15.373,15.853,16.036,16.881,16.036,15.958,15.941,16.01,15.508,15.373,14.848,14.246,14.069,13.75,13.8,13.443,12.742,12.969,12.666,13.182,12.411,12.047,12.753,12.753,13.443,13.224,13.182,12.84,11.185,7.4568,9.8079,10.676,11.672,12.872,12.753,12.354,11.648,11.284,10.87,9.8503,10.466,11.272,10.399,11.954,12.753,11.849,13.023,13.709,14.04,15.373,14.187,14.801,14.773,14.584,14.923,15.615,14.932,13.8,12.872
16.895,19.159,19.561,19.752,19.836,20.551,19.39,18.977,18.645,17.588,16.087,15.667,14.997,14.469,14.061,16.267,15.667,15.498,15.817,16.026,16.462,16.344,16.772,17.397,16.805,16.639,16.052,14.031,11.593,9.9424,12.691,15.099,15.363,15.605,16.871,15.887,15.808,16.026,15.641,15.852,14.679,15.318,14.383,14.179,13.701,14.001,13.015,12.691,12.669,13.341,13.015,12.336,12.166,12.29,13.268,12.756,13.341,13.205,12.745,10.965,7.8336,9.7164,10.539,11.664,12.669,12.57,11.783,12.131,11.265,11.116,9.6878,9.3375,11.277,11.116,12.166,12.29,13.341,13.496,14.764,14.904,15.363,14.979,14.061,14.383,14.575,15.199,16.471,15.281,13.832,12.302
16.388,19.548,20.054,20.547,19.633,19.412,19.526,19.028,17.968,17.16,16.354,16.045,15.444,15.217,15.516,14.921,15.299,15.299,15.685,16.363,16.43,16.388,16.481,17.944,16.89,16.019,15.362,13.848,12.316,9.7275,13.189,15.335,16.045,16.294,16.565,16.481,15.967,15.738,15.381,15.949,14.591,14.931,14.856,13.716,13.45,13.231,13.104,12.417,13.029,12.847,13.231,11.796,12.417,12.145,12.836,12.879,13.189,13.346,12.361,11.091,7.8426,10.876,10.604,11.29,12.976,12.316,11.413,10.604,11.216,9.5543,9.6845,10.189,10.682,10.617,10.604,13.315,12.236,13.315,13.283,14.205,15.107,13.938,14.715,14.865,14.591,15.408,15.835,15.088,13.928,11.855
15.633,18.663,20.232,19.41,20.308,20.101,19.128,18.362,18.656,17.259,16.029,15.525,14.292,15.005,14.638,15.39,15.748,15.318,15.417,16.668,16.305,16.193,16.999,16.373,16.768,16.262,15.345,13.976,10.882,10.044,12.768,15.695,16.029,16.081,16.055,16.193,15.39,15.345,15.88,15.226,14.865,15.308,14.34,14.667,13.197,13.735,13.458,12.941,12.757,12.049,12.323,12.713,12.153,12.458,12.425,13.229,14.086,13.112,12.713,11.863,7.4653,9.9179,10.882,11.721,12.153,13.239,12.278,11.186,11.804,9.8616,10.558,10.044,10.411,10.398,11.136,12.369,12.768,13.038,13.705,13.725,14.638,14.724,14.79,14.495,14.36,14.931,14.94,16.296,13.816,13.038
15.906,18.694,19.246,18.232,20.064,19.224,19.246,18.694,18.468,17.6,16.055,15.622,14.662,14.748,15.862,15.141,16.331,15.551,16.322,15.906,16.56,15.844,16.895,16.594,17.051,16.081,14.974,13.376,11.823,9.5319,12.298,14.955,15.442,15.906,16.399,16.552,15.415,15.622,16.107,15.906,15.15,14.748,14.079,13.788,13.969,13.747,13.261,12.788,12.343,12.479,13.218,11.987,11.74,11.882,12.962,12.908,13.313,13.091,12.057,11.241,7.5147,9.234,10.535,11.216,12.962,11.882,11.882,11.389,11.352,10.706,10.032,9.004,10.101,10.849,10.9,13.376,13.005,13.594,13.345,14.237,13.645,14.364,13.959,13.909,14.519,14.237,14.729,14.964,13.757,12.612
16.296,18.596,19.645,19.596,20.232,19.787,18.483,18.797,17.808,17.428,16.15,15.668,14.931,15.345,15.236,14.418,16.029,15.588,16.534,16.525,15.88,16.115,16.668,16.492,16.925,16.567,15.588,13.208,12.514,9.5165,12.514,15.345,16.115,16.768,16.668,16.441,15.915,15.309,15.318,15.309,14.79,14.931,14.253,13.856,12.757,13.856,13.458,13.197,12.768,12.323,12.458,12.244,12.369,12.68,12.779,12.844,13.694,13.229,12.68,11.334,8.2458,8.706,11.136,11.863,12.357,11.721,12.369,11.613,10.883,10.03,10.831,10.571,9.8191,11.285,11.285,11.589,12.691,13.489,13.856,13.038,14.705,14.165,14.418,15.024,15.125,15.534,15.695,14.724,14.36,12.855
16.478,19.015,18.92,20.256,19.948,19.48,19.352,18.899,17.444,17.388,16.063,16.054,15.299,15.109,15.751,14.476,15.442,15.743,15.786,16.208,16.594,15.96,16.594,17.133,16.569,16.343,15.362,13.379,11.651,9.8593,13.161,14.916,16.276,15.786,16.594,15.96,15.434,15.882,15.434,15.281,14.58,14.618,14.438,13.15,13.286,12.961,12.473,12.681,12.907,12.768,13.035,12.115,11.897,12.115,13.119,12.692,13.734,12.638,13.15,11.07,7.3653,9.4602,10.025,11.734,12.473,12.692,12.251,11.651,11.032,9.9011,9.6475,9.8033,11.07,10.189,11.07,12.779,12.681,12.961,13.644,13.854,14.777,14.323,14.129,14.129,14.777,14.323,15.725,14.926,14.178,12.251
16.966,18.923,19.871,20.233,20.308,19.617,19.532,18.923,17.706,17.13,16.15,16.116,15.748,15.588,16.09,15.454,14.95,15.872,16.159,15.345,16.09,15.916,16.693,16.262,16.777,16.116,14.79,13.947,11.42,10.398,12.844,15.199,16.441,16.576,16.768,15.881,16.081,15.597,15.695,15.116,14.705,15.116,14.418,14.418,14.204,13.766,13.521,13.365,13.197,11.91,12.514,12.358,11.577,12.855,12.061,12.691,13.623,13.239,12.768,11.614,7.18,8.9896,10.624,12.153,11.626,11.59,11.863,11.371,10.689,9.5166,9.4431,9.2192,10.25,11.334,10.883,12.153,12.768,13.197,14.409,14.263,14.341,13.856,14.819,14.184,14.253,14.677,15.881,14.865,14.601,12.324
16.835,19.533,20.398,19.788,19.071,19.64,19.267,18.597,17.62,17.644,15.873,16.091,14.866,15.526,15.526,15.346,15.31,15.873,16.16,16.669,16.844,16.777,17.293,17.098,16.577,16.902,15.227,13.937,12.245,9.2197,13.624,15.391,15.978,16.056,16.399,16.16,15.873,15.696,15.837,15.696,14.341,14.496,14.866,13.695,13.857,13.293,13.113,13.06,12.758,13.23,13.06,12.154,12.154,11.578,12.714,13.113,13.198,13.521,12.358,11.224,7.353,9.8198,10.767,12.038,12.324,11.626,12.714,11.136,10.883,9.5025,9.0826,9.021,10.399,10.87,10.572,12.313,12.942,12.05,13.857,13.937,13.937,13.726,14.165,14.866,14.409,15.2,15.373,14.601,13.817,12.459
16.399,19.129,19.034,20.206,20.824,20.233,19.837,18.234,18.042,17.746,16.501,15.346,15.015,15.846,15.006,15.454,15.669,15.526,15.598,16.305,16.577,16.492,17.429,17.548,16.926,15.837,15.881,13.531,11.721,9.6911,13.198,14.791,16.374,16.374,16.305,16.03,15.881,15.589,15.634,14.601,14.819,14.677,14.361,14.214,13.07,13.572,12.985,12.515,12.942,11.945,11.91,11.578,12.05,12.942,11.968,13.208,13.857,12.768,13.229,11.099,7.6864,9.0209,10.452,12.245,13.324,12.061,12.05,11.686,11.335,10.044,9.7054,10.676,10.016,10.985,11.023,11.804,12.548,13.198,13.324,13.766,14.204,13.887,13.947,14.525,14.639,14.725,15.126,14.931,14.601,12.942
16.544,19.092,19.789,20.726,20.228,19.668,18.886,18.685,17.718,16.315,15.615,15.39,15.435,14.836,14.181,15.606,15.217,15.244,16.073,16.177,16.392,16.443,17.44,17.568,16.519,16.587,15.615,14.102,11.982,9.7449,13.339,15.335,16.417,16.887,16.392,15.837,15.408,15.408,15.134,14.617,14.512,14.425,14.579,13.751,12.706,13.781,12.859,12.338,12.695,12.607,12.372,12.075,12.326,12.562,12.383,12.783,13.781,12.87,13.074,11.035,7.474,9.3649,10.688,11.591,12.258,12.772,12.075,11.384,9.7162,9.9295,8.8592,9.8305,10.623,11.149,11.211,11.211,11.982,12.684,13.474,13.832,14.377,14.102,14.181,14.377,14.892,15.253,15.766,14.807,14.656,12.155
15.831,19.155,19.753,19.527,20.038,19.781,18.649,18.244,18.084,17.261,15.699,15.342,15.979,15.548,15.646,15.27,15.628,15.822,16.389,15.865,16.524,16.97,17.133,16.847,16.211,16.142,15.324,13.773,11.493,9.6745,13.313,15.188,16.039,16.338,16.03,16.473,15.831,15.069,15.477,14.593,14.856,14.659,13.893,14.478,13.813,13.323,12.847,13.018,13.187,12.319,11.648,11.767,12,12.115,11.767,12.997,13.488,13.018,12.651,10.988,7.1574,9.4867,10.988,10.797,11.249,11.541,12.24,11.493,11.384,9.9844,8.5014,8.8211,10.054,10.95,10.217,12.011,13.018,13.187,13.662,12.728,13.682,13.893,13.313,15.342,14.555,14.218,14.734,15.342,13.281,12.011
16.077,19.082,19.662,20.018,19.718,19.513,18.994,18.499,18.257,17.765,16.077,15.199,14.46,14.978,14.325,15.08,16.12,15.497,15.308,15.833,16.401,16.333,16.452,16.736,16.042,16.223,15.353,13.903,10.856,9.9917,12.953,15.19,16.016,16.736,16.077,15.938,15.798,15.308,16.016,15.281,14.913,14.829,13.823,14.257,13.197,13.322,13.913,13.322,13.197,11.834,12.328,12.032,11.343,12.517,12.249,12.661,13.081,13.26,12.328,11.258,6.6611,8.9678,9.936,10.545,11.775,12.283,12.158,10.426,11.171,10.116,9.5373,9.6816,10.061,10.116,10.844,12.032,13.006,12.517,13.539,13.006,14.179,13.291,13.943,14.565,13.702,14.325,15.162,15.08,13.59,12.123
16.073,18.615,19.488,20.446,19.481,19.658,18.837,17.878,17.526,16.856,16.013,15.485,15.159,14.836,13.205,15.187,15.413,15.187,15.485,15.547,16.996,16.073,16.347,17.271,16.398,15.707,15.485,13.423,11.194,9.195,13.194,14.629,16.33,16.65,16.996,16.524,15.839,15.839,15.35,14.836,14.486,14.371,14.562,14.019,13.536,13.659,12.821,12.515,12.482,12.392,13.587,12.291,12.291,12.647,12.68,13.163,13.587,12.821,12.515,10.491,7.1612,8.2242,10.168,11.255,12.426,12.006,10.661,10.841,10.491,10.371,8.4896,10.648,10.53,10.004,11.341,11.547,12.515,12.515,12.821,13.454,14.486,13.91,14.322,15.305,14.486,14.985,15.917,15.305,14.128,11.583
16.573,19.04,19.927,20.212,20.039,19.652,19.04,18.662,18.047,17.37,16.06,16.06,14.954,15.35,15.886,14.945,14.936,15.35,15.877,15.842,16.674,16.404,16.906,16.573,16.674,16.095,15.35,13.494,12.053,9.9634,12.892,14.786,16.121,16.199,16.573,16.302,16.086,15.531,15.593,14.936,14.605,14.786,14.682,13.981,14.5,13.117,13.74,12.892,13.064,12.859,12.596,12.248,11.949,12.191,12.892,12.848,13.525,13.202,12.596,10.679,7.1043,8.8519,10.77,11.581,12.848,12.518,11.867,11.581,11.189,9.9634,9.5636,8.9926,10.375,10.402,11.227,11.725,12.328,13.463,13.042,13.861,14.529,14.644,14.729,14.413,14.605,15.593,16.086,14.729,13.821,12.191
16.492,18.292,20.286,20.637,20.177,19.439,19.326,19.496,17.553,16.839,16.357,15.791,16.008,15.455,16.492,15.149,15.312,15.267,15.765,15.231,16.281,16.357,16.815,17.148,17.099,15.973,15.312,13.655,11.802,10.517,13.224,15.021,16.483,16.815,16.815,15.791,15.615,15.267,14.873,14.938,14.287,14.014,14.335,14.287,14.219,13.003,12.125,12.395,12.362,12.918,12.971,12.484,12.528,12.484,12.822,12.993,13.866,13.421,12.616,10.569,7.4274,9.4681,11.141,11.337,12.125,12.822,12.648,11.141,11.029,10.034,8.9899,8.4686,11.313,10.634,10.425,12.182,12.528,12.703,13.554,13.816,13.984,14.014,14.864,14.526,14.864,14.268,15.615,15.294,14.141,12.484
16.5,18.873,19.881,20.387,20.18,19.797,19.57,18.732,17.501,17.437,16.542,15.888,15.853,15.461,15.827,15.207,15.031,15.234,16.508,16.063,16.406,16.5,17.032,17.324,16.934,16.432,15.641,13.465,11.869,10.159,12.785,15.031,16.037,16.584,15.923,16.098,16.063,15.234,15.38,15.398,14.646,14.608,14.27,13.742,13.732,12.598,13.298,12.697,12.85,12.284,12.763,12.193,12.044,13.214,13.119,13.772,13.823,13.298,12.774,11.104,7.3562,9.5212,10.616,11.104,12.055,12.948,12.465,11.667,11.303,10.021,8.7423,8.7901,10.049,10.483,10.875,11.204,12.785,12.686,13.465,13.983,14.221,13.711,14.425,14.425,14.712,14.221,15.133,14.502,13.823,12.044
16.567,19.399,20.745,20.945,19.972,19.832,19.356,18.646,18.031,16.759,15.74,15.517,15.907,14.923,14.206,16.184,15.337,15.227,16.107,16.046,16.891,16.491,17.306,17.177,17.014,15.81,16.046,13.451,11.679,10.135,13.316,15.337,16.432,16.081,16.567,15.95,16.141,15.218,15.006,14.997,14.284,14.554,14.81,14.255,13.316,13.451,12.772,12.662,12.706,12.837,13.316,12.684,12.351,12.507,12.848,12.977,13.929,13.451,12.706,10.512,7.8433,9.3341,10.366,13.347,12.706,12.761,11.715,11.903,10.618,10.761,9.0771,9.4967,10.552,11.017,11.092,11.619,12.673,13.43,14.245,14.196,13.19,13.808,14.923,14.255,14.857,15.3,15.907,14.631,13.616,11.797
16.589,19.151,20.138,20.954,20.407,19.887,19.209,18.679,18.4,17.506,16.454,15.358,15.43,14.42,14.372,14.372,15.027,15.538,16.163,16.589,16.79,15.858,16.547,16.881,16.581,16.386,15.538,13.948,11.635,9.2418,13.334,15.358,16.412,16.589,16.206,15.708,15.832,14.878,14.679,14.878,14.887,14.536,14.887,13.736,13.25,13.827,12.68,12.724,13.25,12.379,12.254,11.731,12.558,12.322,12.334,12.789,14.274,13.334,12.288,11.429,8.0471,9.713,10.698,12.778,12.379,12.865,12.865,11.145,10.258,9.9682,9.8698,10.162,9.713,10.407,10.093,12.163,12.724,12.691,13.827,12.691,14.196,13.218,14.962,14.878,14.067,15.211,15.248,14.962,14.097,11.587
16.255,18.529,19.46,19.638,20.362,19.359,19.588,19.026,18.172,17.855,16.109,15.627,15.411,15.312,15.689,15.384,15.366,15.519,15.528,15.339,16.434,16.828,16.96,17.309,16.77,16.29,15.839,13.202,11.858,9.5128,13.192,14.859,16.434,15.909,16.392,16.383,15.662,15.627,15.953,14.859,14.595,14.257,14.595,14.335,13.699,13.192,13.234,13.432,13.234,13.033,13.192,12.752,12.273,12.686,12.587,13.192,13.453,13.941,12.708,11.094,7.791,9.5128,10.619,12.148,13.202,12.454,12.42,11.585,11.018,10.553,9.0323,8.9549,9.7298,10.553,10.878,12.148,13.065,12.664,13.432,13.76,13.931,14.403,14.934,15.11,14.784,15.339,16.049,15.366,13.851,11.525
16.307,18.488,19.892,19.913,20.384,19.199,19.438,18.496,17.991,16.978,15.759,15.882,15.319,15.319,15.608,14.174,15.536,15.355,15.536,15.599,16.704,16.092,16.788,17.052,16.273,15.856,15.856,13.499,12.195,9.8259,13.047,15.015,16.679,16.579,16.579,16.066,15.847,14.828,15.355,15.401,14.687,14.505,14.687,13.986,13.581,13.206,12.853,13.53,12.722,13.079,12.689,12.332,12.776,12.467,12.722,13.447,13.825,12.993,12.776,10.877,7.5633,9.2405,11.143,12.252,12.057,12.321,11.812,11.231,11.093,10.459,10.05,10.257,10.378,11.342,11.206,12.195,12.787,13.301,13.53,13.468,13.632,13.468,14.37,15.127,14.174,14.428,15.759,14.572,14.37,12.377
16.271,19.081,20.078,19.855,19.89,19.883,19.197,18.734,18.028,17.653,15.642,15.855,15.399,15.125,15.704,14.504,15.399,15.381,16.577,16.786,16.203,16.064,16.544,16.786,16.786,15.245,14.958,13.895,11.192,9.7394,13.12,15.463,16.306,16.535,16.678,16.168,16.064,15.535,15.245,14.883,14.427,14.533,14.417,13.373,13.331,13.539,13.045,12.775,13.3,13.205,12.688,12.376,12.432,11.811,13.205,12.992,13.58,13.864,12.194,10.991,7.9229,9.9239,11.142,11.87,12.068,12.045,11.427,10.682,11.304,10.377,9.9239,9.9659,9.118,11.23,10.404,13.205,13.247,13.713,13.497,14.094,14.064,13.3,14.271,14.827,15.014,15.023,14.883,14.883,13.3,12.555
16.202,18.733,20.112,20.216,20.388,19.571,19.051,18.493,19.138,17.462,15.757,15.462,14.957,15.854,14.911,14.675,15.38,14.675,15.889,15.854,16.271,16.576,16.543,17.269,16.576,15.924,15.757,13.538,11.668,10.16,13.204,15.317,15.757,16.877,15.968,15.924,15.426,14.826,15.353,14.939,13.944,13.894,14.27,13.712,12.948,13.528,13.773,12.698,12.159,13.077,12.72,12.044,12.432,12.056,12.33,13.63,13.773,13.528,12.554,10.484,7.4694,9.9654,11.426,12.251,12.067,12.465,11.727,10.837,11.092,10.091,10.577,11.426,10.524,11.584,11.229,13.215,12.72,13.743,13.823,13.773,14.192,13.204,14.608,14.798,14.798,15.032,15.399,14.685,13.894,12.465
17.18,19.208,21.008,21.167,20.273,19.864,19.403,18.656,17.091,16.256,15.448,16.084,16.435,15.742,15.582,14.7,14.403,15.193,16.075,16.075,17.034,16.392,17.18,17.541,16.57,15.874,15.831,13.567,12.033,9.513,13.287,14.785,16.762,17.485,16.485,15.742,15.813,15.591,13.851,14.413,13.699,14.403,15.742,13.318,12.882,12.319,12.454,12.319,12.454,12.708,12.882,11.905,12.774,12.839,12.587,13.349,14.355,13.065,12.936,10.448,8.4594,10.191,11.963,12.543,12.708,12.774,12.183,11.181,10.866,9.73,8.9706,9.4395,10.685,10.619,10.04,12.319,12.183,13.107,13.881,13.941,13.526,13.931,14.413,15.23,14.785,15.839,16.392,14.869,14.775,11.858
16.586,19.236,19.959,20.563,20.61,19.709,19.709,18.245,18.086,17.584,15.952,16.089,16.192,15.497,16.293,14.909,15.435,15.426,16.047,15.568,16.047,16.586,16.988,17.467,16.268,15.857,15.718,13.154,11.347,10.021,13.144,15.029,15.744,16.055,16.285,16.192,15.292,14.807,15.102,14.779,14.431,14.123,14.507,12.954,13.372,13.372,12.954,12.675,12.675,12.975,13.144,12.467,12.289,12.109,12.61,12.109,12.954,12.675,12.762,10.813,7.7973,10.021,11.114,11.833,12.986,12.345,11.728,10.555,10.13,10.62,9.3826,9.4991,10.411,10.503,11.027,12.2,13.444,12.675,13.444,13.847,13.847,13.637,14.431,15.497,15.247,15.274,15.987,15.435,13.444,12.245
16.382,18.855,20.098,19.994,20.317,19.652,19.568,17.953,17.484,17.365,16.032,15.858,15.29,15.335,16.246,14.472,15.29,15.823,16.057,15.691,16.633,16.441,16.774,17.429,16.782,15.762,15.814,13.441,11.379,9.409,13.15,15.062,15.788,16.203,16.023,15.823,15.335,15.062,15.043,14.877,14.211,14.289,14.548,13.244,13.306,13.441,13.306,12.268,12.502,12.722,12.143,12.006,12.38,12.109,12.645,13.192,13.441,13.16,12.109,10.533,8.2329,10.049,10.983,12.279,11.994,12.017,12.143,10.843,10.533,9.6986,9.5982,9.4822,9.5982,11.096,10.52,12.798,12.414,12.895,14.114,13.192,13.675,13.41,14.472,15.071,14.356,14.51,16.092,15.317,13.766,11.867
15.999,19.357,19.623,19.147,20.561,19.814,19.665,19.292,17.887,17.832,16.716,15.556,15.366,14.839,15.841,14.895,16.051,15.411,15.902,16.138,16.691,15.981,16.924,17.259,16.799,16.172,16.077,14.105,11.411,9.2317,13.226,14.687,15.867,15.999,16.463,15.475,15.366,14.839,14.97,15.339,14.582,14.282,13.875,13.477,13.723,13.642,13.383,12.731,12.687,12.34,12.862,11.879,12.054,12.295,12.709,12.785,13.383,13.088,12.34,10.897,6.9527,9.7183,10.493,12.077,12.442,11.961,12.204,10.493,10.781,10.154,9.5149,9.4116,9.8752,10.885,10.154,12.698,12.34,12.158,13.835,13.215,13.835,13.257,14.223,14.839,14.97,15.475,14.961,15.137,14.272,12.531
16.137,18.732,20.052,20.95,20.135,19.641,19.641,18.374,17.683,16.71,16.094,15.364,16.316,15.364,15.781,15.4,14.512,15.292,15.781,16.205,16.51,15.973,17.415,17.8,17.231,16.094,15.623,12.896,12.019,10.05,13.014,14.897,16.518,16.71,16.137,15.337,15.471,15.337,14.55,14.154,14.213,14.512,14.445,14.616,13.412,13.151,13.151,12.647,12.712,11.549,12.281,12.326,12.145,13.151,12.281,12.992,14.445,13.024,12.723,10.652,7.3834,9.202,10.586,12.145,12.669,11.868,10.832,11.489,10.375,9.0809,9.3067,9.0044,9.6569,10.481,11.097,10.652,12.382,12.939,12.81,12.992,14.358,13.151,14.213,14.879,15.045,13.838,15.79,14.588,14.358,12.314
15.788,18.726,19.126,19.581,20.118,20.118,19.517,19.082,17.978,18.002,16.534,15.956,15.136,15.274,16.44,15.384,15.348,15.384,15.886,15.788,16.542,16.2,15.956,16.877,16.44,16,14.941,13.399,12.068,10.111,12.877,14.988,15.735,16.07,16.303,15.956,15.136,15.493,15.877,15.155,14.532,14.25,13.972,13.76,13.76,13.555,13.399,12.624,12.58,12.58,12.8,12.068,12.184,11.834,12.4,12.877,13.071,13.071,11.834,10.716,7.4281,8.9969,9.363,11.691,12.58,12.184,11.834,11.326,11.114,10.276,8.3678,8.2837,9.7153,10.91,9.8442,11.214,13.071,12.218,13.262,13.565,14.25,13.565,14.25,13.972,15.164,14.903,14.714,14.856,13.972,12.218
16.138,18.888,19.39,19.914,19.72,19.636,18.982,18.003,17.445,16.248,16.366,15.628,15.469,14.789,15.794,14.385,15.407,15.273,15.273,15.416,16.036,16.316,16.673,16.796,15.967,16.027,15.228,13.387,11.537,9.6168,12.757,14.752,15.967,15.725,15.967,15.273,15.575,15.201,15.228,14.489,14.299,14.308,14.105,13.222,12.96,12.938,13.59,12.746,12.616,12.67,12.496,12.094,11.596,11.957,12.67,12.616,13.263,12.67,12.185,10.901,7.2777,8.921,10.542,11.248,11.632,11.489,11.014,11.537,10.49,9.6595,8.9517,8.4632,10.477,10.008,10.607,11.051,12.452,12.681,12.584,13.335,13.661,13.096,14.105,13.84,14.612,15.273,15.416,14.451,13.356,12.616
16.243,19.176,19.931,20.088,20.419,19.176,19.033,18.479,17.786,16.838,16.04,15.52,15.387,14.808,14.566,14.761,15.199,14.724,15.44,15.485,15.808,15.903,16.535,17.128,16.609,15.903,15.244,12.988,11.75,9.3096,12.647,15.44,16.218,16.006,15.997,16.15,15.73,14.798,14.973,14.224,14.205,13.725,14.127,14.462,13.565,12.935,13.072,12.593,13.31,12.593,12.473,11.923,11.935,12.914,11.946,12.429,13.103,12.722,11.854,11.287,7.7731,9.2506,11.08,11.092,11.854,11.692,11.75,11.287,10.767,9.1317,9.3096,8.8889,8.7024,10.665,11.178,11.468,12.56,13.331,13.685,13.331,14.127,14.127,14.272,14.863,14.65,15.163,15.825,14.761,13.923,12.162
16.456,18.406,20.474,21.649,19.514,19.704,19.041,18.667,16.83,16.772,15.814,15.523,15.567,15.353,13.647,15.326,14.662,15.062,15.814,15.523,16.194,15.353,17.115,17.842,16.372,15.281,16.048,13.152,12.227,9.0745,12.983,15.245,16.456,16.498,16.431,15.988,15.254,15.281,14.232,14.868,13.708,14.203,15.254,13.381,13.184,12.983,12.227,12.136,12.714,13.004,12.983,12.373,12.725,12.193,11.987,13.004,13.668,12.539,12.102,10.644,7.4712,9.693,11.089,12.317,12.462,12.272,11.151,11.151,10.368,10.112,8.5574,9.4621,10.434,10.328,10.207,11.287,11.86,11.999,13.647,12.93,14.154,14.644,14.463,15.135,14.154,15.389,16.372,14.803,14.539,12.136
16.403,18.687,19.783,20.379,20.494,19.424,20.052,18.9,18.217,17.326,15.995,15.822,15.866,15.603,15.752,14.121,14.843,15.744,15.444,15.3,16.294,15.961,17.094,17.19,16.479,15.586,15.541,13.162,11.557,9.6482,13.13,14.704,15.987,16.056,16.802,16.345,15.327,15.363,15.327,15.146,13.865,14.439,14.439,13.614,13.287,12.812,13.12,12.474,12.682,12.865,12.704,12.693,12.251,12.639,12.386,12.693,13.359,13.162,12.682,10.509,7.3658,9.9572,10.768,11.735,13.451,12.082,11.652,11.875,10.509,9.7617,9.2993,9.4608,10.806,10.026,9.9017,12.961,12.908,13.645,12.961,13.162,14.439,13.865,14.927,15.137,14.778,15.028,15.961,14.778,14.179,11.652
16.66,18.647,19.756,20.112,20.16,20.056,20.16,19.024,18.714,17.697,16.297,16.288,15.228,14.998,14.858,14.717,14.933,15.383,15.67,15.527,16.559,16.526,16.768,16.859,16.76,16.892,15.74,13.285,11.328,10.025,12.685,15.191,15.951,16.433,16.433,15.837,15.829,15.109,15.58,14.895,14.858,14.353,13.728,14.255,12.761,14.285,13.452,13.358,13.222,12.272,12.419,12.317,12.707,12.452,12.032,12.761,13.698,13.031,12.674,11.572,7.5544,9.0314,11.414,12.541,12.181,12.772,12.317,11.715,11.39,10.618,10.149,9.5118,10.473,10.366,11.093,12.363,12.663,13.759,13.452,12.978,14.867,14.207,14.488,15.446,15.09,14.858,15.951,14.698,14.079,13.053
16.809,19.085,19.732,20.386,19.569,20.179,19.569,19.136,19.041,17.94,16.38,15.424,15.123,15.132,15.755,14.269,15.424,15.46,15.675,15.379,16.775,16.541,16.533,17.048,16.85,16.448,15.352,13.36,11.4,9.3582,12.719,15.379,16.036,15.843,16.38,16.431,15.352,15.702,15.397,15.532,14.22,14.171,14.424,13.862,13.464,13.065,13.495,13.043,12.86,12.893,12.85,12.329,12.158,12.043,12.85,12.784,13.245,12.719,12.043,10.483,8.2494,10.416,11.141,12.598,12.464,12.329,12.374,12.192,11.631,10.09,9.2382,8.7419,10.02,9.8235,10.254,13.7,13.043,13.245,13.245,14.032,13.7,14.366,14.22,14.937,14.947,14.872,14.909,15.233,13.213,11.425
16.707,18.968,19.887,19.887,20.048,20.083,19.894,18.738,17.97,17.594,16.454,15.017,15.646,15.239,13.531,15.99,14.802,15.403,15.017,15.885,16.103,15.99,16.589,17.054,16.79,15.681,15.33,13.5,11.872,9.4507,13.048,15.129,16.172,16.547,16.707,16.129,15.893,14.952,15.129,15.403,14.372,14.42,15.036,13.736,13.449,13.736,12.723,12.778,12.469,13.376,13.5,12.047,12.288,12.071,12.288,12.197,13.777,13.218,12.322,10.579,8.0643,10.052,11.195,11.954,12.047,13.048,12.059,11.813,10.891,10.619,9.2417,9.2266,10.407,11.429,11.207,12.047,12.854,13.208,13.25,13.123,13.777,13.868,14.304,15.761,15.33,14.507,15.538,14.877,13.827,12.047
15.668,19.538,20.204,20.101,18.708,21.022,22.051,18.9,20.101,17.744,18.056,15.818,14.36,16.054,14.874,16.193,14.026,15.116,15.695,15.39,15.976,16.491,18.017,16.9,17.04,16.08,13.489,13.291,10.984,9.5601,12.368,15.453,15.39,16.054,17.807,16.261,14.6,15.345,15.88,15.597,14.638,13.571,14.36,13.735,13.856,13.228,13.059,12.713,12.68,12.713,12.425,11.803,11.577,11.395,12.592,13.059,13.936,13.239,11.803,11.022,8.2455,9.2188,11.909,11.223,11.395,12.691,12.984,11.685,12.06,9.8614,8.5116,9.3984,10.249,12.049,11.721,11.198,14.6,13.239,13.437,13.735,14.056,14.085,13.52,15.235,14.056,14.865,15.005,14.408,13.725,12.323
14.301,16.9,17.465,17.818,17.63,17.891,16.763,16.58,16.191,15.421,14.127,13.488,13.837,13.293,12.565,14.127,13.466,13.785,14.086,13.369,14.004,14.482,14.621,14.779,14.492,14.361,13.722,12.297,9.7028,8.4244,11.096,13.498,14.035,13.962,13.722,13.722,13.994,13.369,13.552,13.029,12.484,12.611,11.95,12.273,11.755,11.816,11.238,11.556,11.405,10.831,10.898,10.353,10.898,10.602,10.395,10.615,11.354,11.518,10.898,9.5826,6.5697,8.2331,10.055,10.339,10.212,10.574,10.683,9.7028,8.8274,8.6784,8.4072,8.0911,8.4072,9.7028,9.8949,10.353,12.297,11.405,12.759,11.755,11.816,12.565,11.95,12.962,12.565,12.484,13.498,13.139,12.668,10.683
16.927,19.232,20.107,20.959,19.996,20.163,19.167,18.581,17.773,17.075,15.851,15.851,14.754,14.63,15.054,14.754,15.257,14.848,15.727,15.948,16.609,16.183,16.877,17.075,16.601,15.948,16.088,13.486,11.394,9.5798,13.392,14.668,16.338,16.609,15.449,15.948,15.257,15.403,14.905,14.193,14.243,14.389,13.793,13.884,12.794,13.793,12.717,12.349,12.618,12.085,12.212,12.177,12.177,12.805,11.308,12.177,13.392,13.096,12.212,10.71,7.7017,9.7534,11.246,12.573,12.085,12.074,12.45,11.158,11.045,9.0388,9.2529,10.106,10.161,10.392,10.592,12.717,11.649,12.484,13.086,13.486,14.447,13.884,15.422,15.147,14.389,15.147,16.088,14.668,14.438,12.085
16.129,19.027,20.084,21.114,20.632,20.298,19.282,18.762,18.724,17.307,16.915,16.129,15.027,15.111,14.226,15.611,15.249,15.602,15.894,15.602,17.055,16.319,17.201,17.658,16.907,15.973,15.611,13.251,12.323,9.5247,12.79,14.944,16.095,16.276,16.412,15.709,15.358,15.762,14.944,14.613,14.304,14.613,14.265,13.47,13.251,12.866,12.768,12.048,12.603,12.334,12.898,11.731,11.587,11.671,11.978,12.255,13.049,13.251,12.198,10.407,7.8543,9.3621,11.108,11.43,12.779,11.671,12.724,11.145,10.149,10.094,8.9662,9.5101,10.094,10.892,11.92,11.145,12.436,13.777,13.716,13.958,14.226,13.958,14.878,14.651,14.916,15.539,14.962,14.944,14.226,13.07
16.601,18.62,19.614,20.264,20.169,20.48,19.303,18.964,18.694,17.918,16.807,15.305,14.482,15.828,14.783,15.966,15.44,15.758,14.941,15.758,16.576,16.75,16.601,16.476,16.93,16.308,15.332,13.456,11.074,9.1682,12.87,15.224,15.44,15.793,16.401,16.282,15.661,15.233,15.224,15.784,15.26,14.213,13.86,14.008,13.81,13.548,13.74,12.643,13.135,12.256,12.643,11.656,11.739,11.525,12.256,12.816,13.166,12.643,11.797,11.161,7.9442,9.9051,11.235,11.656,11.797,11.656,11.844,11.161,10.499,9.6514,8.986,9.0319,9.6799,11.124,11.879,11.561,12.621,13.124,13.446,13.69,13.74,13.649,14.867,14.737,14.708,14.783,15.511,14.858,13.74,12.39
16.408,19.351,20.82,21.042,19.687,19.68,19.372,18.118,17.26,16.639,15.719,15.269,15.597,14.98,13.39,15.693,14.805,14.638,16.003,15.823,16.416,16.341,16.738,17.26,16.282,15.482,15.242,13.39,11.608,9.3081,13.07,14.676,16.366,16.606,15.9,16.003,15.823,14.535,14.787,14.355,14.077,14.27,14.384,13.4,12.986,13.236,12.338,12.569,12.16,12.634,12.731,11.225,11.69,11.853,12.07,12.656,12.933,13.112,11.748,10.056,7.7719,10.271,11.176,12.656,12.238,11.922,11.748,11.028,10.377,9.5401,8.8875,8.9335,10.271,10.879,11.795,11.933,12.427,13.359,13.07,13.593,14.077,14.279,14.759,15.053,14.384,14.526,15.242,14.46,13.723,11.922
16.325,19.796,20.019,19.513,19.873,19.852,19.984,19.148,18.098,18.121,15.938,15.799,15.497,15.19,16.077,14.374,15.799,15.497,15.921,16.461,16.653,16.351,16.017,16.736,16.223,16.402,15.08,13.993,11.196,9.197,12.737,15.354,15.711,16.402,16.077,16.334,15.354,15.08,15.658,14.839,13.993,13.903,13.993,12.726,13.081,12.65,13.406,12.683,12.339,12.683,12.683,11.693,11.693,11.368,12.124,12.737,13.039,13.028,11.502,10.225,7.6677,9.8381,10.532,11.307,11.586,12.429,10.996,10.171,10.844,9.4938,9.3318,9.6675,9.7104,10.663,11.776,12.429,12.737,12.748,13.26,13.426,13.702,13.406,14.229,14.566,14.461,14.374,14.839,14.783,13.291,12.112
16.864,19.567,19.764,20.234,20.827,20.049,18.655,19.116,18.409,16.905,15.638,15.788,15.638,14.876,15.316,14.308,15.334,14.895,15.788,15.638,16.339,16.74,16.905,17.108,16.381,16.057,15.061,13.766,11.678,10.117,12.634,14.886,15.996,16.44,15.996,15.814,15.253,14.727,14.876,14.764,14.308,14.876,14.442,13.306,13.191,13.022,12.667,12.84,13.012,12.469,12.502,11.643,12.005,11.678,11.994,12.721,13.44,12.99,12.38,10.48,7.9069,8.8167,10.44,12.143,11.487,11.583,11.058,10.048,10.007,9.3052,9.0795,9.4087,9.8819,10.48,10.103,12.279,12.109,12.894,13.275,12.894,13.409,14.471,13.886,14.652,14.356,15.18,14.951,15.334,14.113,12.143
16.122,18.518,19.54,19.812,20.777,19.997,19.165,18.913,17.794,17.546,16.384,15.891,15.454,14.987,15.534,14.803,14.663,15.499,15.822,16.122,15.822,15.84,16.755,16.747,16.122,16.723,15.613,13.817,11.761,9.6502,12.658,14.968,15.943,16.434,15.917,15.213,15.213,14.803,14.968,14.803,14.551,14.803,13.737,14.285,13.115,12.744,12.647,12.926,12.44,11.946,11.807,11.761,11.298,12.049,11.703,11.946,12.926,12.218,12.604,10.674,7.3456,8.897,10.362,11.298,11.585,12.049,11.526,10.789,9.0345,9.2591,9.4204,8.9124,9.9987,9.9987,10.532,11.43,12.647,12.582,13.343,13.587,14.043,13.415,13.126,14.747,14.598,14.663,15.177,15.709,13.647,11.703
16.375,19.06,20.514,20.811,20.351,19.881,19.392,18.421,17.532,16.852,15.804,15.866,15.511,15.439,15.112,13.682,14.852,14.926,15.619,15.734,15.962,16.144,16.426,16.885,16.247,16.04,16.101,13.712,11.579,9.4932,13.518,15.619,16.04,16.653,16.29,16.178,14.861,15.01,14.654,14.482,13.924,14.279,14.549,13.28,12.843,12.875,12.233,12.312,12.176,12.027,12.832,11.579,11.852,12.027,12.038,12.536,13.227,12.503,12.233,10.186,7.0758,8.9813,10.86,12.142,10.561,11.71,11.385,10.145,9.2107,8.7777,8.4549,9.5078,9.7248,11.579,10.873,11.603,11.934,12.669,13.508,12.832,13.185,13.353,14.482,14.587,14.777,14.395,15.295,14.587,14.201,12.312
16.861,18.512,20.041,19.71,19.924,19.904,20.068,18.505,18.085,17.334,16.24,15.265,15.4,14.548,15.265,14.548,14.994,15.103,15.506,15.717,16.64,16.13,16.441,17.047,16.307,16.172,15.003,13.09,11.495,9.4393,13.704,14.994,16.062,16.358,16.265,15.708,15.506,15.103,14.482,14.67,14.291,14.243,13.774,13.744,12.953,13.132,12.932,12.446,12.879,11.94,11.495,11.303,11.626,12.088,11.94,12.324,12.879,12.413,12.054,10.537,7.0443,8.6671,9.9622,10.794,10.782,11.519,11.483,10.166,9.7395,8.9626,9.3224,9.9622,9.7395,10.072,10.003,11.045,11.436,13.583,14.243,13.121,13.593,13.349,14.406,15.265,15.003,14.994,15.184,14.378,13.744,12.446
16.618,18.862,20.616,20.207,20.194,19.3,19.413,18.429,17.648,17.136,15.885,16.226,15.677,15.493,15.252,15.099,14.289,15.207,15.738,15.528,16.005,16.116,16.427,16.976,15.885,16.226,15.386,13.089,11.485,9.4166,13.204,14.657,16.692,16.419,16.226,15.703,16.048,15.677,14.769,14.889,14.279,14.469,14.545,13.692,13.338,12.868,13.079,12.347,12.599,12.258,12.313,12.202,12.247,12.435,11.941,12.577,12.921,12.921,12.044,10.528,7.1155,9.1363,10.278,10.734,11.698,11.952,10.785,10.593,9.829,9.3583,7.9166,7.7771,10.58,9.7311,10.318,12.078,12.664,12.078,12.599,13.12,14.469,13.602,14.545,14.797,14.469,15.207,15.207,14.592,13.079,12.213
16.757,18.965,19.471,19.896,20.033,20.203,19.667,19.245,18.564,17.555,16.055,15.684,14.295,15.07,14.822,14.286,15.393,15.322,15.393,15.5,16.551,15.918,16.021,16.259,16.351,16.25,15.241,13.344,10.929,9.6223,12.735,14.988,16.021,15.71,16.259,15.745,15.71,15.561,14.997,15.241,14.542,13.966,14.372,13.251,13.21,13.241,13.116,12.441,12.745,12.648,12.583,12.207,11.703,11.935,12.14,12.777,13.085,12.745,11.935,10.598,7.9203,9.5509,10.468,11.238,11.526,11.127,10.585,9.4355,9.9306,9.1555,9.4789,9.2596,8.9129,10.79,10.79,12.252,12.408,12.745,13.344,14.093,13.818,12.927,14.093,14.776,14.739,14.372,14.655,13.936,13.578,12.049
16.069,18.931,20.016,20.241,20.617,19.947,19.684,18.887,18.297,17.726,16.714,15.415,14.835,14.705,13.919,15.407,14.9,14.835,15.2,15.628,15.932,15.407,16.449,16.137,16.273,15.575,15.513,13.427,11.945,9.6307,12.659,15.335,15.628,16.137,16.64,15.575,15.469,15,15.11,14.751,14.095,14.144,14.564,13.355,12.67,12.97,13.106,12.681,12.452,11.968,12.418,12.452,11.536,12.094,12.229,12.583,12.97,12.746,12.184,10.49,7.125,8.3978,9.842,10.607,11.536,12.06,11.198,10.607,9.7861,9.6591,9.4436,9.3267,10.437,10.437,11.211,11.05,11.536,12.33,12.938,13.252,13.83,13.427,14.592,13.59,14.592,13.83,14.555,13.78,14.489,11.631
16.428,18.909,19.599,20.898,19.932,20.205,19.431,18.506,18.328,17.026,15.712,14.879,15.404,15.395,13.938,15.842,15.395,14.694,15.563,15.712,15.954,15.782,16.758,17.042,16.167,16.159,15.324,13.508,11.48,9.4365,13.117,15.189,15.712,16.235,16.252,15.825,15.404,15.395,14.805,15.098,13.967,14.287,14.897,13.345,12.96,13.62,12.606,12.141,12.486,12.949,12.66,11.587,11.959,11.239,12.085,12.175,13.579,12.736,12.265,10.163,7.2719,9.5519,10.676,11.48,11.432,11.587,11.324,11.104,9.7366,9.036,8.4402,8.2763,9.6234,12.209,11.705,11.324,12.736,12.051,12.949,12.779,14.287,13.407,13.77,13.819,14.172,15.18,14.888,14.297,13.086,11.48
16.257,19.21,19.267,20.007,20.925,20.069,19.487,18.923,17.601,17.563,16.028,15.194,15.621,15.506,15.847,15.221,14.671,15.708,15.409,16.173,16.062,16.433,16.24,16.641,15.899,16.13,15.194,13.942,11.484,9.3227,12.932,15.112,15.925,15.847,15.83,15.621,15.708,15.329,15.221,15.194,14.482,14.292,14.292,13.246,13.614,12.269,12.837,12.413,12.446,12.446,13.006,12.054,11.531,12.224,12.213,11.94,12.932,12.145,11.531,10.68,7.497,9.4396,10.538,10.782,12.089,11.132,11.046,10.795,10.072,9.2637,7.9237,8.443,10.538,9.7819,10.896,11.591,12.413,12.257,13.614,13.122,13.462,13.215,14.745,14.244,13.774,13.513,15.248,14.301,12.675,11.484
16.414,18.942,19.514,20.179,20.26,20.076,19.514,18.597,18.352,17.812,15.765,15.242,14.914,14.84,14.398,14.691,14.849,14.681,15.59,15.739,16.05,15.809,16.33,16.254,16.465,15.097,15.269,13.368,10.81,9.6398,12.95,14.691,15.947,16.187,15.643,15.314,15.015,15.124,15.015,14.84,14.625,14.84,13.44,13.633,12.606,13.203,13.43,12.854,12.801,12.105,12.274,11.725,11.957,12.071,11.83,12.23,12.606,12.274,12.286,10.81,7.8651,9.1572,11.209,11.148,11.607,11.607,11.258,10.302,10.181,8.7895,8.4547,9.4526,9.6683,10.911,11.111,12.507,11.209,12.23,11.957,12.95,13.44,13.843,13.932,13.853,13.991,14.578,14.157,14.264,13.14,12.071
16.683,18.942,20.388,20.354,19.98,20.014,18.899,18.935,17.852,16.879,15.637,15.019,15.237,14.393,13.394,16.417,14.316,14.307,15.009,15.725,16.325,16.308,16.773,16.683,15.759,15.309,15.416,13.608,11.119,8.7864,13.425,15.416,15.768,16.575,16.283,15.941,15.344,14.991,14.497,14.77,13.838,14.259,14.393,13.668,13.146,12.892,12.337,12.623,12.067,12.37,12.337,11.496,11.508,11.638,11.953,12.623,13.02,12.85,11.975,10.535,7.5594,9.1689,10.483,11.339,10.806,11.825,10.907,10.691,10.082,9.288,8.2876,9.4493,9.9589,10.483,10.613,11.638,12.688,12.623,13.343,13.638,13.838,13.363,15.019,13.758,14.307,13.608,14.573,14.191,13.668,11.543
16.033,18.895,18.902,19.566,19.699,20.438,19.474,18.749,18.895,18.047,16.254,15.484,14.303,15.125,15.412,14.255,15.233,15.412,15.484,15.704,15.765,15.938,16.745,16.447,15.278,15.8,14.494,13.257,11.636,8.9548,12.599,15.125,15.197,15.86,16.646,16.254,15.475,15.412,15.475,15.26,14.39,13.785,13.524,13.111,12.89,13.36,12.761,13.226,12.234,12.686,12.577,11.881,11.203,11.776,11.823,12.064,12.675,12.599,11.823,10.402,7.7904,8.9241,10.08,11.337,11.541,11.337,11.312,11.252,10.121,9.8876,9.4908,10.012,10.012,10.611,10.481,12.456,12.793,13.268,12.943,12.847,13.017,13.195,13.755,13.635,14.11,14.11,14.313,14.831,13.111,12.223
15.733,18.352,19.695,19.625,20.448,19.4,19.841,18.992,17.913,18.05,15.767,16.18,15.091,14.534,14.685,14.161,15.236,14.898,15.236,15.975,16.78,16.307,16.282,16.574,16.574,15.767,14.843,13.103,11.205,9.4488,12.796,15.281,15.967,15.846,15.209,15.636,15.802,14.99,14.908,14.834,14.392,14.685,13.363,13.103,12.849,12.677,12.849,12.892,12.601,11.72,11.778,11.29,11.495,11.602,11.72,11.975,12.849,12.623,11.825,11.118,7.4123,9.4488,10.082,11.507,12.191,11.531,11.495,10.535,10.177,9.0478,8.9255,9.9722,10.013,9.9722,10.443,12.191,11.963,12.763,13.597,12.601,14.064,13.475,14.258,14.76,14.459,14.19,15.018,14.392,13.114,11.778
16.646,18.802,19.506,20.172,20.004,19.792,19.678,19.113,19.216,17.622,16.373,15.591,15.291,14.401,15.654,13.995,15.591,15.455,15.815,16.026,16.044,16.227,16.044,16.468,16.603,15.947,16.026,13.295,11.145,9.0274,12.745,15.591,15.761,16.57,15.912,15.591,15.003,15.18,15.734,15.18,13.915,14.401,13.874,13.348,12.909,12.942,12.898,12.375,12.734,12.018,11.854,11.382,11.233,11.578,11.854,12.41,12.909,13.093,11.674,10.668,7.3836,9.6007,10.668,11.468,11.132,11.674,11.245,10.293,9.7747,9.5567,9.0118,10.183,10.293,10.916,10.496,13.295,12.421,13.263,13.125,13.263,13.577,13.348,13.995,14.352,13.874,13.783,15.012,15.087,12.996,11.734
16.452,18.992,19.937,19.916,20.433,20.224,19.05,19.561,18.187,17.361,15.63,15.753,15.718,14.902,13.602,14.985,15.121,15.409,15.516,15.551,16.267,15.726,16.568,16.741,15.995,15.726,15.112,13.358,12.05,9.8854,12.672,14.763,15.753,16.275,16.443,15.909,15.471,15.121,15.112,15.121,14.557,13.98,14.3,13.098,12.585,13.014,12.618,12.596,12.05,12.276,12.152,11.633,11.2,11.334,11.82,12.062,13.098,12.365,11.97,10.609,7.0292,8.9221,9.9408,10.293,11.947,11.286,11.102,10.078,9.5607,9.3723,8.1335,9.6322,11.052,10.293,11.212,11.633,11.947,13.109,13.358,13.109,14.097,13.662,13.712,13.712,14.386,14.754,14.415,14.156,13.872,12.231
15.956,18.355,18.894,19.644,20.907,19.497,19.497,19.097,19.241,17.636,16.591,15.296,14.839,14.913,15.278,14.932,16.196,15.931,15.572,16.474,15.652,15.879,16.06,16.474,16.017,15.599,15.142,13.376,10.816,9.6455,12.958,15.005,15.251,16.298,16.094,15.982,15.106,15.251,15.783,15.296,14.839,14.511,13.158,13.376,12.679,13.489,12.808,12.635,12.248,11.59,12.078,10.955,10.816,11.265,11.458,12.237,12.776,12.112,11.649,11.03,6.9996,8.5406,9.8572,10.545,11.154,11.326,11.35,10.955,10.558,9.5017,9.0263,8.9805,8.7318,10.308,9.982,11.894,12.602,12.635,12.602,12.382,12.765,13.539,13.489,13.539,13.801,14.175,14.175,13.97,12.679,12.382
16.186,18.47,19.064,19.702,20.259,19.293,19.407,18.941,18.537,18.261,16.982,15.642,14.69,15.946,15.483,15.712,15.286,15.421,15.492,15.589,16.655,16.084,16.58,16.455,16.33,15.589,14.765,12.971,11.147,9.5679,12.43,15.214,16.007,15.946,16.464,15.589,15.764,15.241,15.214,14.83,15.241,14.108,13.672,14.166,13.852,12.605,12.507,12.757,12.692,11.642,11.499,11.547,11.499,11.642,11.547,12.071,12.981,12.463,11.956,10.694,7.8647,8.0205,9.5679,10.809,10.948,11.209,10.91,10.539,9.6394,9.4958,8.9288,8.4543,9.3792,10.617,9.9758,11.147,12.627,12.692,12.757,12.692,13.118,12.605,13.793,14.118,14.263,13.15,15.023,13.672,13.852,12.059
16.169,18.22,19.256,20.089,19.806,19.597,19.105,18.557,18.37,17.605,16.024,16.101,15.508,15.755,15.963,14.412,15.605,15.508,15.508,15.284,16.473,16.296,16.305,17.097,15.963,15.963,15.365,12.64,10.96,10.082,12.64,15.329,15.79,15.79,17.032,15.885,15.437,15.03,15.302,15.112,14.336,14.555,14.132,13.247,13.494,12.684,12.91,12.476,12.083,12.608,12.64,11.654,11.523,11.122,12.287,12.208,12.91,12.476,11.876,10.458,6.8233,8.6881,10.082,9.9863,11.736,11.035,10.191,9.1814,9.6781,9.1664,8.0118,8.4143,9.2859,10.028,10.458,10.922,11.736,12.083,12.174,12.253,12.608,12.995,13.687,13.857,13.687,14.479,14.734,13.867,12.91,11.523
15.907,18.829,19.5,20.425,20.239,19.629,18.71,18.515,17.609,16.954,16.469,15.872,16.082,15.898,15.907,15.151,15.142,14.52,15.142,16.289,16.177,16.143,16.805,17.028,15.846,15.561,15.371,13.377,11.824,9.0357,13.081,15.334,15.907,16.221,16.871,15.942,15.775,15.898,14.975,14.956,14.625,14.433,14.08,13.91,13.481,12.48,12.789,11.988,12.691,12.39,12.265,11.741,11.549,11.609,11.705,12.333,13.387,12.735,12.058,10.85,6.4328,8.8005,9.5326,10.061,11.117,11.154,10.102,10.102,8.9891,8.6725,8.8639,8.054,8.9891,9.5326,9.7214,11.304,11.242,11.104,12.344,12.265,12.39,12.702,13.481,13.748,13.839,13.314,14.433,14.692,13.219,11.439
16.341,18.058,20.111,19.575,20.435,19.887,18.906,18.705,17.586,17.298,15.632,15.56,15.871,14.851,13.561,15.854,14.898,14.709,15.424,15.342,16.435,16.125,16.963,16.838,16.963,15.26,15.233,13.602,11.223,9.3748,12.916,15.352,15.994,16.905,16.73,15.88,15.915,15.424,14.671,15.406,14.823,14.44,14.594,13.268,13.735,13.258,12.271,12.719,12.796,12.18,12.575,11.396,11.889,11.747,11.747,12.741,12.807,12.452,11.889,10.107,7.1958,8.6123,9.8834,10.501,9.2394,10.176,10.218,9.9399,8.7573,8.0756,8.0929,8.6123,8.7253,10.894,10.581,10.594,11.603,11.123,11.747,12.872,12.076,12.883,13.268,13.755,13.967,13.887,14.527,14.294,12.916,11.747
16.581,18.625,19.795,19.878,20.507,19.458,19.711,18.566,17.769,17.008,15.754,15.31,15.613,15.762,15.444,14.825,14.285,14.862,15.666,15.586,16.177,16.031,15.797,16.91,16.439,15.31,14.871,13.128,11.226,9.4667,13.222,15.019,15.736,16.581,16.746,15.762,15.595,15.762,14.871,14.188,14.486,14.188,13.864,13.222,13.633,12.526,12.701,12.712,12.647,11.905,11.66,11.66,11.469,11.529,11.127,11.801,13.222,12.259,12.482,10.775,6.3014,9.3936,9.6542,10.317,11.127,11.238,10.516,10.032,9.5103,8.9425,6.9069,8.2026,9.4667,9.6542,10.032,11.04,11.517,11.04,12.259,12.614,13.388,13.653,13.744,14.178,14.13,14.012,15.037,13.874,13.663,11.986
15.983,18.631,19.75,19.757,20.65,19.778,19.019,18.423,18.542,17.441,16.299,15.819,15.215,14.84,14.932,14.914,15.224,15.215,15.819,15.862,16.163,16.017,15.431,15.957,16.674,15.652,14.728,13.148,10.804,10.092,12.438,14.775,15.652,16.163,16.674,15.6,15.033,15.652,15.431,15.819,15.215,14.728,13.772,13.621,13.377,12.99,13.211,12.237,12.777,12.282,12.237,11.13,11.507,11.732,11.35,12.249,12.809,12.603,11.964,10.701,7.1363,8.46,10.624,10.493,11.068,11.35,10.816,9.6317,9.6744,8.9348,8.9348,8.2124,9.4586,10.133,10.024,12.249,11.35,12.614,12.905,12.905,12.958,13.407,12.98,13.54,13.891,14.127,14.273,14.775,13.033,11.79
16.058,18.48,19.775,19.796,20.519,19.346,19.962,19.095,18.547,17.944,16.338,15.249,14.698,14.912,15.022,14.632,15.86,15.022,15.429,15.357,16.795,15.357,16.472,16.16,15.981,16.203,14.773,12.807,11.029,9.4572,13.031,14.921,15.597,16.589,16.271,15.213,15.738,14.838,14.689,14.856,14.726,14.912,14.319,13.68,12.807,13.209,13.031,12.601,12.612,11.128,11.349,11.612,11.505,11.986,11.789,12.28,13.405,12.764,12.634,11.324,7.8689,9.1616,10.492,11.066,11.263,11.029,10.764,10.505,9.281,8.9335,8.9335,8.9796,9.6445,9.3842,10.091,11.505,11.589,12.634,12.59,12.699,13.8,13.375,13.73,13.77,14.174,13.73,13.998,13.639,13.115,11.505
17.12,18.598,20.035,20.664,19.898,19.898,19.633,18.472,17.072,16.787,15.947,15.739,17.055,15.215,14.923,14.607,14.427,15.015,15.422,15.242,16.664,15.922,16.457,17.501,15.59,16.153,15.269,13.348,11.607,8.9293,13.532,15.242,16.289,16.885,16.581,15.59,15.484,15.528,14.691,14.119,14.264,15.015,14.398,13.724,12.972,12.071,12.758,12.375,12.682,12.241,12.106,11.888,11.536,12.286,11.548,11.957,13.764,12.769,12.628,10.81,7.5075,8.9293,10.127,10.695,11.548,11.607,10.949,10.181,9.5685,9.3358,7.5075,7.7419,9.8516,9.6258,10.072,11.548,11.548,11.642,11.642,13.275,13.234,12.769,13.399,14.607,14.427,13.673,14.682,13.234,13.853,11.024
15.757,19.274,19.57,19.556,20.488,20.014,19.717,18.362,18.519,17.317,16.364,15.93,15.547,15.626,16.271,14.487,15.19,15.573,15.853,15.405,17.053,16.033,16.372,16.364,16.246,16.136,15.271,13.354,11.136,9.4861,12.328,14.815,16.405,15.757,16.439,16.447,15.835,15.511,15.835,15.117,14.103,13.917,14.591,13.618,13.618,13.095,12.744,11.771,12.755,12.45,12.217,11.817,11.209,11.63,11.852,12.092,13.095,12.593,12.328,10.436,7.8742,9.6154,10.17,10.683,11.712,11.771,11.307,10.798,9.5582,9.1625,8.6385,9.2815,9.4427,10.683,10.331,11.44,12.183,12.593,12.658,12.755,13.618,12.937,13.618,13.136,13.828,14.103,14.675,14.181,12.417,11.049
16.408,18.898,20.164,19.958,20.027,20.068,19.569,18.612,17.572,17.36,15.915,15.236,16.273,15.118,14.619,15.308,14.392,15.415,14.908,15.846,16.383,16.324,16.78,16.78,16.146,16.078,15.636,12.849,10.944,9.6644,13.393,15.209,15.941,16.723,16.324,15.941,15.732,15.236,15.344,14.572,14.238,14.572,14.825,14.258,13.758,13.393,12.1,12.666,13.145,12.269,11.495,11.602,11.507,12.336,11.507,12.269,13.259,12.688,12.157,10.483,7.4492,8.6441,10.535,11.778,11.253,11.056,11.118,10.082,9.8892,9.0478,8.5963,8.9716,8.9255,11.019,9.8474,11.495,11.495,11.778,12.425,11.975,12.892,12.945,14.306,13.985,13.103,13.627,14.685,14.315,13.668,11.253
16.389,19.214,19.786,20.307,20.307,19.409,19.409,18.437,17.861,17.744,15.879,16.389,15.667,15.453,15.115,14.864,14.704,15.344,14.864,15.667,16.261,15.958,16.899,17.023,16.08,15.879,15.308,12.843,11.185,9.1121,13.037,14.6,16.8,16.667,17.023,16.372,16.054,15.198,15.587,15.115,14.494,14.93,14.948,13.734,14.213,12.277,12.547,12.458,12.186,11.967,12.243,11.72,11.528,11.803,12.06,12.547,12.69,12.778,12.152,10.688,7.3331,9.5013,11.185,11.296,12.152,11.862,11.684,10.397,9.7044,9.0815,8.5928,8.2114,9.5598,9.8186,9.2336,11.135,11.72,11.72,12.778,12.712,13.437,12.679,13.815,13.724,13.458,13.291,15.525,13.724,12.843,10.882
16.303,18.195,19.984,20.474,19.425,19.609,19.721,18.331,17.595,16.201,15.283,15.727,15.506,14.816,13.38,15.779,14.478,14.209,15.256,15.779,16.345,16.278,17.087,16.571,16.671,15.498,15.229,13.411,11.353,9.1655,13.12,15.301,16.745,16.794,16.479,16.167,15.498,14.936,14.554,14.936,14.325,14.276,15.498,14.131,13.12,13.38,12.082,11.968,12.442,12.116,11.979,11.617,11.794,11.522,12.286,11.991,12.962,12.639,12.386,10.549,7.5142,8.5434,10.496,11.51,11.558,11.232,11.219,10.338,9.6486,8.968,8.298,8.6076,9.0597,9.7621,10.819,11.268,11.617,11.522,12.617,13.152,12.866,12.812,13.493,14.276,13.162,13.736,14.516,14.276,13.36,11.462
17.038,18.556,20.585,20.504,19.363,19.491,19.765,17.611,17.271,16.218,15.154,15.145,15.236,14.128,13.158,15.29,14.589,14.331,16.072,15.236,16.353,16.277,17.079,17.359,15.752,15.796,15.443,13.042,11.741,8.5474,13.158,15.505,16.285,16.81,16.687,15.969,15.664,15.145,14.418,14.925,13.692,14.128,15.263,13.55,13.127,13.221,11.904,12.088,12.303,12.481,12.447,11.799,11.468,11.799,11.741,12.088,13.499,12.689,12.088,10.812,7.8056,8.9106,10.964,11.225,11.516,11.846,10.824,9.9624,9.1849,8.5474,7.8056,8.9415,9.7667,9.9624,10.514,10.422,11.563,11.904,13.169,12.392,12.775,12.525,13.631,14.138,13.387,13.127,14.711,14.283,13.458,11.658
16.457,18.399,19.761,20.475,20.087,19.705,18.954,18.309,17.734,16.624,16.083,14.729,15.806,14.502,14.841,15.524,14.644,14.464,15.532,15.136,15.753,15.753,16.624,16.953,16.373,15.353,14.961,12.496,11.25,8.9984,13.268,14.757,16.229,17.22,15.91,15.612,15.245,14.869,14.729,14.145,14.194,14.502,14.203,13.799,13.638,13.142,12.261,11.86,12.834,12.137,11.529,11.052,11.529,12.137,11.176,12.091,13.058,12.639,12.137,10.328,6.7322,9.4771,10.002,11.09,11.287,11.672,11.176,10.566,10.435,8.9984,8.5577,8.9522,8.4765,9.593,9.593,10.514,11.672,11.372,12.888,12.261,12.272,13.268,13.516,13.889,12.984,13.799,14.435,13.153,13.638,11.613
16.176,18.94,19.429,19.926,19.961,20.064,19.229,18.647,18.801,17.526,15.762,14.945,15.613,15.506,15.97,14.419,15.444,15.515,15.736,16.447,16.312,16.688,15.309,16.176,16.21,15.736,14.852,13.367,10.825,10.032,13.222,15.336,15.797,15.444,16.312,15.97,15.586,15.291,15.506,15.119,14.628,14.09,13.813,13.551,13.128,12.482,12.69,12.36,11.974,12.077,12.304,11.225,11.274,10.633,12.123,12.448,12.482,12.624,11.564,10.633,6.3231,8.692,9.6539,10.71,11.8,11.986,10.317,10.502,10.317,9.6397,8.4833,8.5481,8.5481,10.032,10.463,11.274,11.974,11.659,11.659,12.304,13.128,12.624,12.603,12.711,13.663,14.11,14.265,14.139,13.253,11.528
16.065,18.959,20.441,19.984,19.915,19.727,18.922,18.614,18.074,17.311,15.657,15.256,15.01,15.11,14.732,14.591,15.028,15.028,15.506,16.294,16.396,15.753,16.703,16.802,16.703,15.779,14.853,13.452,11.219,9.2996,12.994,14.844,16.429,15.987,16.437,15.961,15.727,15.435,14.853,14.704,14.515,14.411,13.865,13.615,13.162,13.152,12.962,11.967,12.639,11.558,11.353,11.305,11.617,11.898,11.021,12.252,13.131,12.617,12.252,10.496,7.1382,9.1654,10.614,11.653,11.462,10.819,10.819,10.338,9.9575,8.9372,8.4133,9.6342,8.9217,9.0596,9.1654,11.12,11.794,12.082,12.116,12.617,12.769,12.519,13.625,14.131,14.334,13.855,14.936,14.411,13.645,11.735
16.893,19.016,20.045,20.773,19.664,20.079,19.239,18.48,17.697,16.473,16.296,15.213,15.438,14.576,13.375,15.773,14.472,14.838,16.161,16.049,17.128,16.431,16.422,16.934,16.738,15.816,15.249,13.115,11.324,9.2958,13.146,15.249,15.773,16.338,15.955,16.296,15.357,14.912,14.726,14.472,13.73,14.405,14.773,13.639,12.988,12.688,12.381,11.963,11.3,12.436,12.247,11.153,11.589,11.648,11.73,12.077,12.764,13.031,12.247,10.186,7.511,9.6445,11.215,11.457,11.505,11.589,10.815,10.091,9.3401,8.9335,8.2946,9.0559,9.1616,9.898,10.186,11.349,10.954,11.73,12.957,13.271,12.688,12.978,12.807,13.73,13.85,13.998,15.249,14.319,14.203,11.73
16.207,18.919,19.528,19.479,20.187,19.669,19.648,18.116,18.275,17.443,16.165,15.539,15.751,15.433,15.751,14.513,15.751,15.217,15.751,15.601,16.865,16.393,16.791,16.343,16.568,16.199,14.851,13.118,11.266,9.4597,12.96,15.325,15.442,15.724,16.427,16.165,15.298,15.786,15.298,15.28,14.786,14.437,13.942,13.643,13.129,13.034,13.212,12.81,11.838,11.733,11.733,11.615,11.069,11.327,11.651,12.615,12.44,12.44,12.08,10.56,6.6374,8.9358,9.6328,11.019,11.792,12.205,10.957,10.08,9.6755,8.7332,7.8007,7.8007,9.7605,9.6755,9.7605,10.957,11.069,11.327,11.977,12.615,12.681,12.615,13.378,13.623,14.129,13.803,14.842,14.409,13.623,11.615
15.841,19.06,19.666,20.06,20.129,19.864,19.06,18.682,18.749,17.08,15.412,16.077,15.366,14.801,14.924,15.248,15.475,14.952,15.339,15.439,15.999,16.285,16.285,16.421,16.077,15.366,14.952,13.258,11.737,8.9866,13.342,15.339,16.421,16.717,16.103,16.8,15.619,14.726,15.868,15.137,13.876,14.811,14.583,13.384,13.591,13.088,13.216,12.476,12.709,12.295,11.879,11.545,11.642,11.678,12.054,12.261,12.731,12.731,11.879,10.625,6.3655,8.8613,10.264,11.214,10.782,10.898,10.209,10.413,10.209,8.0691,8.5238,9.0948,8.7183,9.7042,10.099,12.261,11.313,11.737,13.056,12.565,12.295,13.258,12.709,13.342,13.077,13.966,14.234,13.996,13.835,12.054
16.753,18.785,19.959,20.692,19.765,19.604,19.256,18.105,16.753,16.604,15.969,15.308,15.118,15.045,14.418,15.017,14.418,15.045,15.443,15.263,16.107,15.505,17.103,17.199,15.831,15.611,15.154,12.989,10.773,8.8017,12.915,15.045,16.286,17.038,16.107,15.995,15.796,15.036,14.823,14.561,14.786,14.795,14.645,14.283,13.499,12.7,12.481,12.786,12.447,11.973,11.658,11.076,11.881,12.088,11.163,12.088,13.042,12.989,12.481,10.619,7.1417,8.1681,10.632,11.138,10.825,11.335,10.632,10.1,9.3042,8.8017,8.4664,8.032,8.5475,10.501,10.825,10.812,11.623,11.274,12.786,12.247,12.623,12.525,13.387,14.283,13.632,14.341,15.045,14.187,13.981,12.122
16.785,18.673,20.571,20.625,20.571,19.72,19.37,19.043,17.715,16.785,15.845,15.353,15.757,15.757,14.27,15.353,14.798,14.368,15.244,15.854,16.202,16.09,16.534,16.876,16.576,14.948,14.873,12.72,10.695,8.9632,13.236,15.353,16.5,16.91,16.313,16.202,15.854,15.244,15.106,14.798,14.211,14.348,15.235,14.532,13.732,13.119,12.948,12.285,12.764,12.044,11.426,11.632,11.727,11.691,11.81,12.364,13.236,12.948,12.72,10.695,7.5066,8.7107,10.524,11.303,10.576,10.695,10.377,9.9654,9.224,7.8517,8.4671,9.0869,8.0448,10.377,9.8244,10.888,11.584,11.192,12.554,13.045,13.372,12.786,12.72,14.192,14.26,13.864,15.543,14.675,14.221,11.596
16.908,18.931,20.538,20.685,19.484,19.533,19.604,18.623,17.883,16.403,15.891,15.145,15.443,14.823,13.366,15.263,14.925,14.264,15.017,15.036,15.874,16.064,16.311,15.891,16.353,15.371,14.56,12.525,11.039,9.0335,12.968,15.236,16.218,16.687,15.796,16.175,15.549,15.443,15.036,15.045,14.283,14.341,14.823,13.127,13.127,13.387,12.525,11.799,12.481,12.447,12.481,11.359,11.563,11.138,12.088,12.623,13.168,12.525,11.741,10.501,7.064,9.3041,9.6817,11.563,11.31,10.964,10.632,10.1,8.6117,9.064,8.2185,8.4664,8.6596,9.6817,10.462,10.343,11.31,12.447,12.786,12.481,13.387,13.283,14.089,13.283,14.089,14.627,15.154,14.851,14.01,12.258
16.191,18.899,19.643,20.646,20.203,20.313,19.365,18.921,18.862,17.569,15.975,16.088,15.389,14.938,16.157,14.788,15.416,15.234,15.843,16.079,16.191,16.766,16.388,16.566,16.027,15.595,13.945,13.206,10.556,9.0349,12.69,15.746,16.053,16.841,16.691,16.774,15.746,15.225,15.452,15.307,13.734,14.358,14.212,13.723,13.068,13.457,13.036,12.277,12.69,12.886,12.151,12.036,11.528,11.184,11.802,12.69,12.513,12.546,11.908,10.881,7.4645,8.7847,10.41,11.134,11.72,11.528,10.688,9.8605,10.248,9.0349,7.9173,9.5155,9.8605,9.2331,9.6319,12.277,11.37,11.684,13.227,12.423,12.777,13.206,13.457,13.238,13.457,14.29,14.202,14.929,13.036,11.72
16.663,18.673,20.026,20.877,20.796,20.642,19.809,18.5,18.288,16.92,15.34,15.628,15.954,15.69,15.84,14.199,14.814,15.093,15.53,15.84,15.876,15.84,16.385,17.124,16.495,16.436,15.367,12.851,11.574,9.0177,13.288,15.413,16.368,16.385,16.257,15.972,15.832,16.05,15.093,15.231,14.404,14.701,14.701,13.235,13.288,12.588,12.937,12.51,12.544,12.544,12.149,11.717,11.941,11.622,12.365,12.709,12.687,12.764,12.057,10.082,7.4069,9.2162,10.082,11.281,12.057,11.416,11.132,10.082,8.9867,9.3958,8.1924,8.5256,9.957,9.0331,9.5136,11.019,11.8,11.859,12.274,12.51,12.851,12.764,14.209,13.485,13.7,13.932,15.386,14.287,13.932,11.132
16.342,18.963,19.912,20.084,20.05,19.696,19.528,18.365,18.552,17.91,16.275,15.601,15.135,14.206,13.853,15.135,14.925,14.86,14.702,14.915,16.164,15.495,16.096,16.207,16.435,15.007,14.702,12.81,10.817,9.3424,12.384,15.108,16.292,15.742,16.477,16.062,15.539,15.75,15.601,14.934,14.579,14.322,13.357,13.212,12.981,13.439,12.593,12.702,12.981,11.792,12.238,11.651,11.896,11.651,11.733,12.114,12.691,12.864,12.25,10.625,7.2897,9.1789,10.025,10.805,11.977,11.217,11.351,10.093,9.9004,9.1639,8.2966,9.3424,10.093,9.9004,10.817,11.032,11.556,12.171,12.81,12.778,13.45,13.149,13.285,13.972,13.733,14.274,14.636,14.813,13.972,11.977
16.423,18.391,20.52,20.574,20.754,20.08,19.664,18.481,17.51,17.462,16.288,15.721,16.195,15.277,15.571,15.536,13.86,14.614,15.105,14.782,15.598,16.203,16.288,16.664,16.271,15.651,14.857,12.247,11.3,8.54,12.807,15.223,16.465,16.951,16.093,15.747,15.782,15.491,14.434,14.125,14.329,14.125,14.698,13.8,13.147,13.447,12.612,12.236,12.689,11.894,11.589,11.227,11.325,11.974,11.506,11.986,13.115,12.699,12.602,10.622,7.4191,9.1619,10.61,11.153,11.963,11.789,11.731,10.091,9.7583,8.6838,8.794,7.2881,9.4429,10.387,9.8565,10.7,10.802,11.215,12.077,12.764,13.437,13.157,12.989,13.65,13.73,14.698,15.132,14.329,13.8,11.506
16.675,19.15,19.696,20.376,19.98,20.254,19.527,18.962,18.484,16.864,15.958,15.88,15.724,15.025,13.16,15.494,14.635,14.437,15.574,15.298,16.342,15.75,16.061,16.342,15.653,15.216,14.588,12.777,10.817,8.6537,12.516,15.253,16.061,16.164,16.019,16.291,15.863,15.82,15.601,14.841,14.408,13.942,14.274,13.541,13.118,13.642,11.977,12.17,11.873,12.249,11.977,11.508,11.217,11.508,12.114,12.383,13.212,12.615,11.65,10.918,7.4575,9.0578,9.8023,11.896,12.114,11.229,11.65,10.918,9.4593,8.9354,8.0264,8.9662,9.3421,10.507,10.624,10.349,12.249,11.896,12.08,12.702,13.892,12.959,13.16,13.449,13.16,14.128,14.617,14.85,14.206,11.733
17.087,19.104,20.115,20.901,19.95,19.354,19.531,18.688,18.488,16.704,15.744,15.604,15.444,14.853,15.01,13.645,14.918,14.779,15.138,15.435,15.498,15.435,15.727,16.438,15.577,15.301,15.328,12.78,10.819,8.7975,13.12,14.936,16.167,16.479,16.802,15.962,15.753,15.586,14.732,15.01,14.004,13.865,14.44,13.452,13.736,12.769,12.694,11.794,12.617,12.519,11.84,11.158,11.071,11.353,11.84,12.082,12.694,12.617,12.252,10.19,7.7488,9.7621,11.653,12.207,11.968,11.546,10.768,10.027,9.6486,9.4612,8.7346,8.968,9.8043,9.7621,9.0597,11.522,11.305,12.475,12.207,11.968,13.152,12.353,13.544,13.806,14.276,13.895,15.727,14.411,13.685,11.735
16.384,18.996,19.468,19.707,20.101,19.791,19.405,19.49,18.318,17.583,16.156,15.812,14.581,14.769,13.676,14.908,14.834,15.245,15.29,15.272,15.317,15.29,16.334,16.782,15.209,14.769,14.843,13.443,11.211,9.2933,12.609,14.917,16.19,16.418,16.283,16.199,15.496,15.425,15.29,15.29,14.468,14.247,14.315,13.636,12.685,12.953,12.609,12.466,12.074,11.55,12.074,11.113,11.113,11.346,12.062,12.243,12.598,12.63,11.959,10.41,7.8668,9.6419,9.9784,11.224,12.277,11.297,11.786,10.33,10.129,9.7554,8.9157,9.4547,10.554,10.02,11.26,11.113,11.786,12.074,12.165,12.985,13.676,13.111,14.121,13.605,13.935,14.778,14.926,14.694,14.16,12.433
16.052,18.798,19.232,19.656,19.989,19.934,18.995,18.354,17.953,17.464,16.789,15.984,15.53,15.026,15.574,15.217,14.906,15.017,15.289,15.099,16.189,16.265,15.975,16.458,16.197,15.53,14.832,12.759,10.811,8.9764,12.952,15.017,15.949,16.316,16.332,16.052,15.767,15.208,15.208,14.504,14.916,14.4,13.765,14.12,13.765,12.759,12.684,12.77,12.276,11.644,11.584,11.501,10.605,11.345,11.112,11.726,12.973,12.802,12.073,11.062,7.0356,9.3367,10.303,11.608,11.958,11.537,10.76,11.025,9.6695,9.4974,7.8661,8.7906,9.1583,10.343,10.303,11.501,12.276,11.981,13.152,12.465,13.675,13.204,13.765,14.721,14.466,14.721,14.571,14.323,13.795,12.276
16.056,18.922,19.672,19.867,20.675,20.19,19.609,18.636,18.218,17.03,15.657,15.301,15.435,15.111,15.604,15.22,14.516,14.844,15.657,15.444,15.435,15.884,16.065,16.827,16.345,15.028,14.277,12.639,10.819,8.5434,12.78,15.028,16.345,16.167,16.201,15.727,15.788,14.816,15.111,14.62,14.131,14.131,13.856,13.776,13.442,13.38,12.694,12.617,12.683,11.735,10.958,11.522,11.133,11.653,11.071,11.968,12.353,12.475,12.082,10.819,7.0411,8.9373,10.136,11.158,12.639,11.979,10.819,10.311,10.095,9.4612,7.9938,8.6872,9.0597,9.7621,10.136,11.305,12.286,11.735,12.78,12.475,13.162,13.645,13.38,14.334,13.452,14.582,15.256,14.277,14.554,12.082
16.991,18.606,20.106,20.573,20.693,20.27,19.516,19.067,18.051,17.088,16.672,15.022,15.65,15.004,13.77,15.597,14.782,15.022,15.738,15.294,15.597,15.213,15.989,16.795,15.955,15.357,15.031,12.513,11.029,8.2112,13.115,15.429,16.271,15.929,16.464,16.161,15.571,15.141,14.782,15.491,14.27,13.968,14.773,12.988,12.677,12.861,12.381,11.553,11.553,12.469,12.202,11.505,11.215,10.815,11.541,12.247,13.157,12.513,12.28,10.815,7.363,10.132,10.022,11.648,11.505,11.505,10.7,10.802,9.2958,9.1616,8.2945,9.0559,9.3401,10.307,10.091,10.764,11.541,11.505,12.247,13.24,13.998,12.956,13.446,14.125,14.328,13.85,15.141,14.51,13.889,11.893
16.28,19.336,20.422,19.966,19.966,20.881,19.591,18.905,19.057,17.742,15.642,16.195,15.097,15.774,13.368,16.852,14.849,15.35,15.421,15.528,15.739,15.528,16.288,16.33,15.947,15.35,14.803,13.234,11.123,9.3355,12.463,15.35,16.05,16.787,16.263,15.947,15.421,15.024,15.269,15.712,14.118,13.633,14.311,12.971,13.234,12.854,12.229,12.274,11.783,12.43,12.341,11.343,11.023,10.758,11.535,12.241,12.682,12.682,11.258,9.8931,7.2842,9.4525,11.11,10.758,11.209,11.724,10.552,10.301,9.8513,9.1571,7.9864,8.2904,9.6682,9.6682,10.127,10.617,11.98,11.98,12.671,12.606,12.43,13.612,14.118,14.426,13.602,14.803,15.642,14.83,13.612,11.864
16.171,19.302,19.079,20.419,19.954,20.58,19.486,19.316,19.43,17.45,16.408,15.581,15.114,15.114,13.859,16.06,15.141,15.792,16.103,15.757,15.965,15.748,15.827,15.748,15.965,15.965,14.338,12.869,10.42,8.5453,12.696,15.032,15.259,16.332,16.408,16.068,15.757,15.223,15.259,15.331,14.642,13.859,14.085,13.383,13.414,13.28,12.965,12.243,12.176,12.255,12.255,10.809,10.822,10.822,11.356,12.176,12.815,12.478,11.62,10.616,7.5159,9.6793,9.8066,11.796,10.499,11.024,11.136,9.4634,9.287,8.5453,8.0128,8.2165,8.5453,10.42,9.8626,10.822,12.243,11.655,12.255,12.119,12.707,13.29,13.249,13.779,14.085,15.66,14.28,14.173,12.965,12.085
16.311,18.646,19.307,19.925,20.451,20.772,19.257,19.513,18.763,18.067,16.81,15.335,15.611,15.118,14.283,15.943,15.514,15.145,15.308,15.664,15.969,16.218,15.611,15.796,16.479,15.796,14.646,12.303,11.076,9.185,12.776,15.505,15.263,15.796,16.479,15.943,15.796,15.505,15.969,15.611,14.786,13.872,13.862,13.387,13.418,13.169,12.481,12.258,11.741,11.985,12.213,11.599,10.422,10.964,11.996,11.985,12.624,12.213,11.985,10.501,7.1417,8.5475,9.6818,10.619,11.076,10.825,10.343,9.4658,9.4658,8.4665,8.3021,8.4828,7.5179,10.396,10.343,10.031,11.516,11.599,12.247,11.468,12.968,12.392,13.221,13.742,14.187,14.523,15.236,14.128,14.011,12.645
15.874,18.64,20.253,20.744,20.697,20.253,19.918,18.968,17.748,17.405,16.335,15.409,14.673,15.732,15.381,14.238,15.354,14.966,15.381,15.345,15.909,15.454,16.015,16.154,15.427,15.571,14.985,12.721,10.701,9.2409,13.101,15.152,16.429,16.531,16.015,16.437,15.786,16.093,15.562,15.161,14.394,14.443,14.059,13.727,12.71,12.918,12.874,12.918,12.577,11.891,11.556,11.361,11.398,11.398,11.398,12.078,12.874,12.721,12.066,10.476,6.7762,8.532,9.5244,10.714,10.274,10.635,10.436,9.3763,9.0418,8.3663,8.2823,8.6137,8.2653,8.9953,8.8699,11.212,11.124,11.713,12.341,11.938,12.544,11.938,13.355,14.443,13.49,14.854,14.702,14.443,13.768,12.622
16.551,19.274,19.96,20.044,20.343,20.128,19.099,19.092,18.781,17.506,15.356,15.92,15.465,14.645,15.282,14.607,14.826,15.356,15.92,15.465,15.582,15.465,16.104,15.797,15.894,15.885,14.569,12.586,10.865,8.8761,13.238,15.273,16.576,16.719,16.139,15.894,15.743,15.365,15.392,15.438,14.836,15.282,13.531,13.572,12.752,12.818,12.282,12.35,12.894,11.84,11.132,10.916,11.332,11.132,11.613,11.649,13.153,12.73,11.899,11.232,6.9645,9.0482,9.3679,10.55,10.047,10.281,10.603,9.4275,9.5311,8.2711,7.5813,7.8716,8.8127,8.7328,9.4721,10.916,10.722,11.721,12.225,12.098,11.721,12.807,13.099,13.737,14.069,14.462,14.712,13.777,14.099,11.132
16.742,19.596,19.979,20.264,20.264,20.125,19.589,19.191,18.287,16.742,17.049,15.499,14.975,14.127,12.979,15.354,15.363,14.834,15.28,15.161,15.634,15.417,16.006,15.795,15.714,15.741,13.897,11.755,10.602,9.1087,13.151,14.909,16.817,16.344,16.742,16.102,15.643,15.571,15.17,15.435,14.605,14.304,13.806,13.236,12.717,13.56,12.461,11.898,11.838,12.223,12.36,11.231,11.367,11.404,11.945,11.898,12.979,12.551,12.085,10.28,6.7386,8.8749,9.6612,10.509,10.915,10.184,10.045,9.7191,8.8749,8.27,7.7087,8.3711,9.9471,9.6612,10.184,9.8906,10.225,11.838,12.461,12.75,13.246,13.108,13.331,13.977,13.498,15.271,14.334,14.246,13.745,12.36
16.778,19.364,20.104,21.14,20.685,20.431,19.793,18.785,18.265,16.909,16.209,15.443,15.874,14.851,13.862,15.611,14.627,14.795,14.786,14.861,15.892,16.073,15.892,16.175,16.303,15.308,14.138,12.077,11.039,8.4011,12.915,15.892,16.073,16.81,16.479,16.209,15.308,15.611,15.036,15.29,13.981,14.418,14.598,13.652,13.459,13.158,11.846,11.904,12.088,11.881,11.225,10.812,11.799,11.623,11.274,11.846,12.915,12.915,12.179,10.141,6.5791,8.9416,10.632,11.563,11.076,11.274,9.9625,10.1,9.4658,8.2187,7.3697,7.8057,8.1513,10.356,9.7669,10.515,11.881,11.563,12.258,12.122,12.392,12.872,13.692,13.902,13.981,14.786,14.87,14.523,14.447,11.741
17.044,19.22,20.922,21.545,20.707,20.504,20.402,19.133,17.953,16.806,16.369,16.059,16.445,15.84,15.23,15.239,14.217,15.538,15.672,15.538,15.84,15.12,16.12,16.872,16.033,15.349,14.869,12.76,10.885,8.5304,13.041,15.538,16.58,16.872,16.538,16.12,16.266,15.23,15.018,14.944,14.089,14.794,14.604,13.95,13.524,12.247,12.327,12.144,12.327,11.201,11.724,11.288,11.139,12.041,11.592,12.041,13.2,12.683,12.771,11.101,7.7961,8.514,10.374,10.834,10.769,10.885,10.873,9.7361,9.8217,8.5955,8.0598,8.0425,9.3565,9.7075,10.088,10.143,10.574,11.3,12.683,11.971,12.771,12.716,13.82,14.953,13.769,14.217,14.709,14.089,13.524,11.807
16.485,19.11,20.197,20.046,20.642,20.822,19.873,19.088,18.464,17.64,15.889,15.609,15.785,15.015,14.329,15.306,14.923,14.175,15.967,15.369,15.333,15.547,16.308,16.485,16.001,15.758,14.587,13.156,11.137,8.971,13.415,15.261,16.351,16.742,15.889,15.75,15.369,15.75,15.369,14.482,14.213,14.52,13.9,14.329,12.301,13.66,12.301,12.357,12.446,11.514,11.466,11.357,11.037,12.256,11.075,12.301,13.135,12.301,12.622,10.772,6.8248,8.6104,10.314,10.823,11.562,11.037,10.085,10.098,9.4643,8.9402,8.1669,9.0627,8.971,9.1835,9.5801,10.924,11.333,10.81,12.966,11.798,12.687,12.784,13.87,13.78,13.87,13.949,14.624,14.281,13.219,11.357
16.209,18.487,19.593,20.195,20.439,20.188,19.523,19.445,18.553,17.85,16.344,15.778,14.917,15.96,14.778,16.47,15.027,15.009,15.443,15.743,16.344,15.655,15.96,16.021,15.986,15.282,15.218,12.474,10.31,8.7968,12.779,15.255,16.055,16.678,16.923,15.882,15.865,14.843,15.009,15.027,14.852,14.514,13.684,13.775,13.654,12.993,12.07,12.296,12.251,11.967,11.839,11.267,11.12,11.793,11.99,12.206,12.616,13.035,11.652,10.92,7.1377,8.6069,9.9014,10.509,10.561,10.806,10.818,9.7613,8.9827,8.9365,7.6408,8.4617,8.478,10.703,9.6763,11.218,11.967,12.172,13.035,12.768,12.811,12.768,13.119,14.256,14.101,13.684,14.703,14.081,13.654,11.734
16.429,19.01,20.258,20.762,20.762,19.728,19.418,18.555,18.097,17.852,16.201,15.283,15.867,15.779,15.988,14.816,15.147,15.138,15.884,14.863,15.229,15.586,16.303,16.345,16.278,15.435,14.62,12.983,10.391,8.6555,13.246,15.22,16.303,16.596,16.278,15.727,15.988,15.301,15.507,14.639,14.853,14.257,14.102,13.655,13.277,12.519,12.173,11.875,12.082,11.794,11.794,11.305,11.071,11.653,11.51,12.082,12.994,12.353,11.991,10.614,7.0607,9.1655,10.19,10.768,11.329,11.034,10.627,10.457,9.6487,9.1806,8.0282,7.0607,9.1655,8.7347,10.417,10.509,11.158,12.116,12.386,12.769,14.131,13.277,13.645,13.452,13.856,14.779,14.704,14.209,13.246,11.558
16.43,19.512,20.14,20.688,19.909,20.654,19.512,19.252,18.692,17.897,16.336,15.402,15.256,15.043,14.241,15.228,14.903,14.552,14.931,15.627,15.725,15.627,16.327,16.06,15.555,14.818,14.523,13.009,10.591,8.8026,12.737,15.849,16.43,16.933,16.12,16.181,15.867,16.181,15.555,15.043,14.705,14.959,14.211,13.761,12.572,13.484,12.21,11.612,11.932,11.648,11.636,11.6,11.157,11.743,11.417,12.482,12.704,12.482,12.381,10.903,6.4343,8.8659,9.7523,9.937,11.22,10.498,10.269,9.0994,9.7523,9.0067,6.8959,8.6098,9.0532,9.5348,9.7523,10.696,11.319,11.684,11.648,12.268,13.137,12.792,13.883,14.113,14.523,13.883,14.894,14.387,13.391,12.392
16.177,18.92,19.909,20.372,20.72,20.149,19.379,18.985,18.884,17.606,15.929,15.116,14.888,14.674,13.136,15.107,14.609,14.486,15.198,15.189,15.852,15.712,15.929,16.135,15.27,15.189,14.382,12.936,10.475,9.3691,12.786,15.198,16.27,16.066,16.066,15.929,15.756,15.08,15.929,15.116,14.382,14.228,13.708,13.708,12.227,13.094,12.614,12.272,11.711,11.711,11.955,11.306,10.797,10.999,11.629,11.629,12.679,12.058,12.668,10.488,7.4069,8.0118,9.0413,10.37,10.682,11.011,10.115,8.9498,8.9498,8.7169,7.3512,8.526,9.1469,9.629,10.006,10.475,11.534,10.797,11.955,12.261,13.136,13.353,13.094,13.125,13.748,13.827,14.305,13.975,13.353,11.711
16.241,19.456,19.766,19.988,20.023,20.534,19.463,18.966,18.411,17.479,15.784,15.634,15.393,15.465,14.61,15.285,14.947,14.723,15.249,16.309,15.616,15.258,15.992,15.784,15.465,15.465,14.304,12.642,10.331,9.6672,12.837,15.33,15.992,16.241,16.087,16.427,15.81,15.285,15.393,15.039,14.439,14.733,13.802,13.641,12.664,13.156,12.321,12.276,12.264,11.142,11.532,11.055,10.98,11.675,11.154,11.675,12.642,12.805,11.991,10.84,6.6927,8.314,10.046,10.942,10.647,10.331,10.84,9.5231,9.6958,8.5598,8.4787,8.8145,9.1832,9.4795,10.21,10.827,10.634,11.092,12.499,12.707,13.008,12.987,12.642,13.177,13.651,14.439,14.207,13.437,13.641,11.816
16.582,18.701,19.963,20.067,20.509,20.128,19.741,19.037,19.267,18.109,16.69,15.588,15.946,15.764,15.597,15.455,15.02,14.789,14.714,15.455,15.755,15.667,15.972,16.212,15.552,15.23,14.525,12.626,10.776,9.1717,13.171,15.148,16.033,16.838,16.178,16.449,15.764,15.614,15.738,15.311,14.344,14.141,13.654,13.865,13.369,12.604,12.626,12.09,12.305,11.601,11.802,11.227,11.078,11.848,11.078,11.743,13.369,12.778,12.124,11.227,6.302,8.3037,9.7687,9.867,10.102,10.827,9.811,9.3945,9.4676,7.9991,8.1528,7.9991,8.4191,9.7687,9.6836,10.814,11.743,11.661,12.09,12.305,12.702,13.745,14.18,13.785,12.875,14.092,13.875,14.189,13.42,12.09
16.19,19.473,20.081,20.427,20.427,20.666,19.516,19.058,18.339,17.463,16.843,15.955,16.302,15.273,13.8,15.787,14.855,14.968,15.955,15.383,15.492,15.876,16.016,16.482,15.911,15.264,14.94,12.354,11.012,8.6146,13.272,15.564,16.121,16.818,15.787,16.405,15.734,15.383,15.042,14.902,14.091,14.121,14.249,13.564,13.23,13.102,12.275,11.892,12.217,11.606,11.833,11.558,11.012,11.654,11.251,12.217,12.919,13.388,12.579,10.793,6.3723,8.2832,10.11,10.275,10.22,10.715,9.6569,9.7578,9.0118,7.9379,8.3673,8.0604,8.3673,10.397,9.8436,9.7578,11.833,11.714,11.833,12.388,12.309,12.789,13.07,13.564,13.016,14.249,14.298,13.8,13.728,12.183
15.74,18.766,19.651,20.14,19.9,20.39,19.426,19.476,18.912,17.769,16.237,16.288,15.74,15.29,14.991,14.742,15.459,14.899,15.459,14.899,15.218,15.749,15.263,15.982,15.844,15.218,14.404,12.834,10.894,8.9611,12.834,15.397,15.565,16.761,16.237,16.629,15.245,15.539,16.016,15.539,14.375,13.94,14.375,13.213,12.781,12.662,12.781,11.624,11.869,12.052,11.846,11.006,11.204,10.522,11.529,12.575,12.962,12.951,12.322,10.931,6.8057,7.8701,9.3649,10.165,10.165,11.277,9.6104,9.1427,8.713,8.9611,7.7296,8.6657,8.2774,8.4414,9.4377,11.13,11.006,11.105,11.006,12.222,12.608,12.962,13.182,13.51,13.088,14.096,14.096,13.088,13.347,11.624
14.437,16.93,18.34,18.207,18.52,17.759,17.465,16.369,15.354,15.109,13.565,13.67,13.91,12.745,12.227,12.891,12.969,12.552,13.448,14.156,14.074,13.91,14.074,14.437,13.67,13.575,14.033,11.575,9.6663,7.677,11.99,13.448,15.023,14.752,14.437,13.91,13.565,14.156,13.057,12.745,12.471,12.891,12.344,11.374,10.575,11.362,10.562,10.117,10.534,10.244,9.6663,9.8868,10.411,10.117,9.5013,10.314,11.054,11.475,10.777,9.5466,5.7998,7.5258,8.6624,8.7285,9.256,8.8755,7.971,7.807,7.9167,6.253,6.523,7.2929,7.5828,7.733,8.1846,8.9882,8.924,9.7845,11.157,10.724,11.002,10.737,11.374,12.344,11.76,12.437,13.09,12.471,11.905,9.8577
16.736,18.928,19.632,19.443,20.534,20.15,19.91,19.036,18.979,17.292,16.703,16.446,14.759,14.998,14.675,14.759,15.573,15.573,15.27,15.333,15.573,15.189,16.313,15.748,15.93,15.748,14.382,12.936,10.683,8.7799,13.125,15.333,15.93,16.371,16.27,16.645,16.033,15.225,15.555,15.333,14.824,14.411,13.425,13.219,12.84,12.657,12.417,11.817,12.227,11.57,11.499,11.282,11.439,11.487,10.999,11.875,13.105,12.614,11.944,11.535,6.1081,7.8739,9.8406,9.7426,9.9653,9.6577,9.4423,8.5904,7.926,7.4071,8.2814,8.5262,8.5904,9.4858,9.2811,10.17,10.528,11.487,11.535,11.331,12.328,12.417,12.936,13.136,13.588,13.917,13.917,13.517,13.105,12.216
15.765,18.988,20.248,20.16,20.167,20.464,19.954,18.938,18.609,17.42,16.646,15.483,15.912,15.115,14.757,15.554,14.255,15.483,15.703,15.412,15.554,15.765,15.998,16.413,15.483,14.766,14.757,13.017,10.803,8.9239,13.473,15.563,16.413,16.932,15.474,15.633,15.474,14.914,15.233,14.598,14.598,14.766,13.983,13.524,13.257,12.664,12.189,11.95,11.95,11.541,11.141,11.202,11.054,11.776,11.288,11.973,12.889,12.847,12.62,10.803,5.7643,7.999,9.0158,9.4471,10.175,10.121,9.6342,9.3741,7.7903,7.1276,6.8325,6.8925,7.8605,8.97,9.1518,9.7475,11.202,11.215,12.098,11.881,12.064,12.62,12.098,14.1,13.111,13.34,13.715,14.303,13.226,11.718
16.468,18.386,19.714,20.258,20.568,20.176,19.77,19.011,18.535,17.299,15.855,15.742,14.908,14.506,14.834,14.506,15.353,14.121,15.593,14.926,15.567,15.433,15.646,15.768,15.734,15.531,14.543,13.143,10.541,8.2923,12.985,15.433,16.19,16.889,15.777,16.418,16.266,15.1,15.027,15.433,14.468,14.247,14.401,12.953,12.598,13.111,11.959,11.786,12.51,11.55,11.15,11.321,11.297,11.786,11.645,12.288,13.153,12.51,12.277,11.502,5.575,7.0362,8.9771,10.074,9.6704,9.8535,8.4728,8.4565,8.1417,6.3152,7.4168,8.2089,8.2089,8.5374,8.2089,10.812,10.45,11.514,11.645,11.15,12.074,12.696,12.974,13.402,13.111,13.856,15.018,14.506,13.278,11.224
16.918,19.286,20.767,20.866,19.923,19.582,19.505,18.434,17.889,16.747,15.706,15.486,15.127,14.99,13.607,15.09,14.112,14.257,15.415,14.824,15.307,15.343,16.374,16.382,15.723,14.759,14.42,12.622,11.204,8.532,13.269,15.583,16.273,17.136,17.112,16.273,16.188,15.914,15.235,15.235,13.757,14.306,14.306,13.757,12.945,12.763,12.224,11.578,11.882,12.157,12.37,11.447,11.778,11.507,11.72,12.066,13.259,12.458,12.795,10.548,6.3112,7.8617,8.4511,8.9099,9.6214,9.6357,9.2873,8.0002,7.7915,7.1287,6.8336,8.3858,8.9253,9.9444,10.013,9.6642,11.006,11.118,11.118,11.542,12.1,12.687,13.475,13.393,12.966,13.228,14.161,14.685,13.627,11.952
16.221,19.123,19.16,19.444,20.403,20.119,19.495,18.737,19.451,17.94,16.513,15.375,14.147,14.769,14.266,15.602,15.457,15.457,15.439,15.164,15.914,15.412,15.457,15.817,15.941,15.746,13.423,12.366,10.67,9.1216,13.265,15.485,16.099,16.151,16.597,16.766,16.099,15.914,16.125,15.764,14.883,14.117,14.423,13.917,13.997,13.116,12.812,12.647,11.712,12.423,11.962,11.421,11.47,10.604,12.377,12.823,12.834,12.735,12.09,10.93,5.3283,7.3846,8.6957,9.0131,9.1216,9.558,9.2744,8.8875,8.383,7.4415,7.9528,7.5911,7.3846,8.6308,10.735,9.9047,11.47,11.712,11.272,11.712,11.914,12.24,12.113,13.286,13.413,13.754,14.481,13.917,12.769,12.113
16.589,19.416,19.663,20.411,20.666,19.906,19.473,18.746,18.3,17.634,15.98,14.781,14.404,14.471,14.433,14.27,15.031,14.92,15.321,15.746,15.597,15.772,15.65,15.772,15.597,14.92,14.076,12.436,9.9807,9.1613,13.374,15.579,16.16,16.893,16.194,16.43,15.98,15.499,15.597,15.031,14.404,15.003,13.156,13.374,12.201,12.763,12.699,12.077,12.291,11.214,11.505,10.802,11.835,11.893,11.588,12.246,13.156,13.114,12.956,11.153,6.3817,7.5655,9.0251,10.505,9.7577,9.6442,9.6442,9.1613,7.7984,6.9987,7.8686,7.8861,7.8686,8.2943,8.9178,11.153,10.505,11.553,11.647,11.788,11.457,11.73,12.28,13.156,12.956,13.146,13.889,14.115,12.86,11.153
16.583,18.943,20.181,20.798,19.954,19.684,19.466,19.088,18.203,16.887,15.949,15.126,15.767,14.466,14.428,14.265,15.025,14.265,15.485,15.923,15.126,15.644,16.197,16.583,15.423,14.998,15.243,12.898,11.344,8.9146,13.026,15.949,16.756,16.887,16.256,16.332,15.74,15.591,14.692,14.851,14.683,14.832,13.674,13.431,12.431,12.759,12.376,12.106,12.287,11.537,11.643,10.811,11.784,11.784,11.259,12.106,13.235,13.12,12.231,11.062,5.979,7.7425,8.9301,9.3806,9.6265,9.439,10.018,8.9301,8.6006,7.3602,7.7956,7.8833,7.9873,8.7904,7.8659,10.409,9.9772,11.549,11.537,12.607,12.596,12.242,12.585,12.983,12.163,13.235,13.765,12.973,12.983,11.831
16.379,19.452,19.621,19.452,20.023,19.975,20.064,18.894,18.542,18.341,15.633,15.937,14.303,15.006,15.729,14.389,15.518,14.531,15.764,15.911,15.998,15.518,16.571,16.032,15.729,14.794,14.756,13.016,10.803,8.9237,13.36,15.088,15.721,16.253,16.32,15.799,15.937,15.206,15.58,15.34,14.56,14.914,13.624,13.665,12.674,13.132,12.267,12.456,11.949,11.54,11.54,10.688,11.017,11.251,11.445,11.776,13.257,12.942,12.5,11.505,6.1335,8.0159,9.6197,9.6197,10.08,10.011,9.4469,8.9237,8.4006,7.9988,7.6298,8.2854,7.9988,8.4006,9.4469,10.546,11.104,10.611,12.233,12.278,12.064,12.62,12.674,13.016,12.62,12.974,13.635,13.226,13.142,11.635
16.205,18.371,19.978,20.415,20.374,19.348,19.419,18.924,18.393,17.44,16.789,15.991,15.359,14.272,14.578,14.205,15.006,14.728,15.215,14.7,15.582,15.224,15.957,16.34,15.74,15.106,15.024,12.99,10.955,8.9038,13.116,15.296,16.197,15.957,16.475,15.991,15.818,15.599,15.296,14.587,14.923,14.407,13.621,13.861,12.293,13.127,12.635,12.169,11.79,11.459,11.507,11.507,10.955,12.079,11.649,12.382,13.273,12.614,13.032,11.117,5.9358,7.1361,8.9346,9.4584,10.133,9.5741,9.6742,8.9346,8.1618,7.4198,7.8699,7.6392,8.6529,9.1778,9.1628,10.414,10.611,11.228,11.732,11.35,12.349,11.649,11.837,12.809,12.766,13.116,14.205,13.861,13.148,10.559
16.444,18.621,20.197,20.197,20.095,19.791,19.304,18.621,17.648,17.141,15.941,15.441,15.785,14.868,15.503,13.9,14.483,14.7,15.333,15.152,15.043,15.441,15.512,16.105,15.503,15.034,14.521,12.774,10.823,8.4654,13.292,15.225,16.577,16.677,16.685,16.284,15.609,15.733,14.784,15.015,14.214,14.107,14.784,12.967,12.523,12.075,12.301,11.466,11.514,12.446,11.739,11.162,11.657,11.075,11.466,12.446,12.988,12.817,12.6,10.81,6.3,8.2176,7.875,10.5,9.4646,9.4646,9.3915,8.9712,8.2176,7.5169,7.0632,8.031,9.1688,9.1688,8.9405,10.63,10.315,11.739,11.798,12.479,11.739,12.121,12.817,12.256,12.709,13.292,13.156,13.86,12.871,10.823
15.96,18.92,20.003,19.982,20.194,19.753,19.266,18.964,18.359,17.309,15.751,15.602,15.505,15.027,15.299,14.275,14.514,14.851,15.281,15.254,15.109,15.725,15.602,16.923,16.054,15.602,14.409,12.473,10.818,8.9669,12.96,15.008,15.96,15.96,16.677,16.436,15.725,15.433,15.254,15.299,14.129,14.08,14.129,12.96,13.379,12.692,12.284,11.616,11.521,11.839,11.966,11.032,10.818,10.547,11.792,12.351,12.703,13.161,12.44,11.032,5.3514,8.297,9.1794,9.46,10.189,10.336,9.46,8.4613,8.297,8.2136,7.0402,7.4211,8.9053,9.46,8.7964,10.805,11.303,11.734,12.115,11.978,11.616,12.96,12.351,12.385,13.491,13.15,13.854,13.213,11.966,10.094
16.661,18.909,20.168,20.168,20.25,20.25,19.482,18.311,17.623,16.907,15.428,14.902,15.239,14.994,13.851,14.155,14.106,14.911,15.736,15.094,15.97,15.49,16.661,16.453,15.587,15.587,15.849,12.582,10.485,9.05,13.2,15.203,16.784,16.661,16.453,16.26,16.26,15.481,14.763,14.576,14.688,14.462,13.88,13.851,11.886,13.148,12.069,11.605,12.103,11.219,11.545,10.808,10.947,12.194,11.256,12.604,13.6,13.148,12.852,11.109,6.8354,8.2058,9.0195,10.016,10.179,9.7938,9.3781,7.9851,8.6779,8.4533,7.8638,7.414,8.9584,9.1706,9.5667,10.909,10.3,10.808,11.022,11.828,12.799,12.16,12.239,13.117,13.022,13.631,14.462,14.116,12.766,11.059
16.155,19.446,19.546,20.644,20.732,20.148,19.344,18.376,18.513,17.068,16.12,15.407,14.879,15.066,14.113,15.598,14.85,14.879,15.371,15.38,15.371,15.407,16.12,16.431,15.812,15.812,14.083,12.086,10.653,8.6931,13.251,15.261,16.12,16.491,17.093,16.465,15.516,15.901,14.991,15.371,14.85,13.913,14.467,13.377,12.831,13.346,12.374,11.709,11.769,12.237,12.328,11.143,11.442,10.927,12.237,12.765,13.943,13.75,12.643,10.914,6.6412,8.6931,9.2565,9.5552,9.8591,10.071,9.3771,9.2565,8.3805,9.0726,8.2793,8.0208,8.5464,10.195,9.5992,10.601,11.709,11.343,11.331,11.769,12.896,12.202,12.599,12.328,12.994,13.821,14.321,12.94,12.599,11.029
16.159,18.92,19.344,19.718,20.261,20.261,19.773,18.322,18.246,17.904,15.876,15.212,14.771,14.404,13.729,15.248,15.32,15.275,15.499,15.248,15.78,15.736,15.876,15.736,15.534,14.574,14.809,12.346,10.412,8.793,13.208,14.855,15.275,15.719,16.67,16.269,15.596,15.49,15.534,15.248,14.697,14.172,13.997,13.848,13.373,12.763,12.234,12.201,11.834,11.962,12.11,11.348,11.299,11.323,12.076,12.763,12.806,13.618,12.279,11.127,5.7938,8.2105,9.0247,9.4564,9.4564,10.452,9.3834,8.6828,8.4581,7.9378,7.4182,8.1432,8.6828,10.185,9.7994,10.09,11.263,12.11,11.788,11.214,12.38,11.54,12.291,12.246,13.537,13.28,13.769,13.679,12.687,11.015
16.903,18.877,20.502,20.246,20.388,20.062,19.647,18.767,18.097,17.305,16.036,15.967,14.798,15.092,15.237,13.878,15.019,14.918,15.282,15.237,16.079,16.19,15.768,16.879,15.967,15.264,14.459,12.753,10.806,8.9721,13.425,15.237,16.409,16.658,16.781,16.002,16.036,15.558,15.128,15.237,14.316,14.259,14.564,12.967,12.796,12.27,11.976,11.508,12.158,11.144,12.067,11.496,10.806,11.72,11.779,12.192,13.26,13.02,12.623,10.907,6.3981,7.5048,8.5326,9.7498,9.4493,10.298,9.4493,8.018,7.2818,8.1371,7.7921,7.4127,8.926,8.926,9.154,10.945,10.793,11.825,11.638,12.237,12.281,11.057,12.237,12.591,12.602,13.146,14.307,13.363,12.753,11.496
16.79,19.282,19.803,20.325,19.936,19.605,19.782,18.761,18.071,16.906,16.505,15.646,15.61,13.958,13.376,15.358,14.717,15.385,15.538,15.858,16.454,15.929,15.681,16.163,15.972,14.831,14.612,13.07,11.195,9.5682,13.501,15.358,15.761,16.163,16.856,15.761,15.538,15.403,15.69,15.466,14.507,14.372,14.038,13.334,12.702,13.048,12.059,12.254,12.379,12.047,11.872,10.879,11.145,11.232,11.813,12.898,13.469,13.531,12.724,10.698,6.3618,7.5643,8.3534,9.5243,9.5682,9.4064,9.5682,9.4064,8.4695,7.854,7.5643,8.2017,8.6004,8.4695,9.3618,10.698,10.162,11.232,12.163,11.731,12.558,12.995,11.872,12.702,12.778,12.368,13.24,13.706,12.778,11.195
16.891,18.948,20.247,20.75,20.664,20.179,19.904,18.803,18.087,17.15,16.462,15.274,15.427,15.771,13.937,15.979,14.432,15.292,15.436,15.247,15.771,15.595,15.745,15.987,15.355,14.574,14.326,12.687,10.813,8.5387,13.678,15.22,16.294,16.76,16.76,16.193,15.595,15.498,15.292,15.427,14.574,14.317,14.172,14.162,13.445,12.902,12.346,11.892,11.552,11.961,11.834,11.028,11.729,11.213,11.646,12.762,14.123,13.155,12.859,10.952,6.117,7.1343,9.1605,8.9015,9.1605,9.6433,8.6825,8.474,7.7446,7.5101,6.8991,7.4179,8.4088,8.917,8.7299,8.9785,11.225,10.504,12.245,11.552,11.552,11.646,12.379,12.859,12.076,12.762,13.029,12.762,12.2,11.065
16.543,19.599,19.826,20.754,20.401,20.381,19.889,18.911,18.028,17.652,15.985,15.426,15.023,15.134,14.368,14.826,15.353,14.798,15.704,15.845,16.064,16.407,16.098,16.064,15.854,15.353,14.873,13.204,10.889,9.087,13.246,15.462,16.271,16.382,16.202,15.677,15.757,15.235,15.641,14.675,14.609,15.399,13.864,14.172,13.466,13.215,12.72,12.775,12.375,11.402,11.104,11.192,11.192,12.056,11.535,12.521,13.466,13.894,12.72,11.204,5.9051,7.9927,8.598,9.3443,9.8671,9.2241,8.9789,8.0795,8.2503,7.3566,7.3376,7.8518,8.1994,8.2503,8.8538,10.255,10.682,10.889,10.682,10.991,11.81,12.159,11.81,12.159,12.851,13.077,13.372,13.246,12.465,11.692
16.912,19.053,20.114,19.912,20.574,19.891,19.394,19.09,18.03,17.71,16.307,15.891,15.246,15.015,14.734,14.223,14.884,15.246,15.237,15.987,15.688,15.319,16.066,16.912,16.169,15.246,15.126,13.046,11.105,8.5175,13.301,15.355,16.545,16.704,16.126,16.161,16.315,15.034,16.066,14.648,14.875,14.95,14.505,14.213,13.046,13.206,12.6,12.195,12.332,11.143,11.871,10.89,11.03,11.729,11.729,12.787,13.467,13.237,13.237,11.427,5.8345,7.3574,8.2512,9.1187,9.697,9.697,8.2003,8.9799,7.1847,7.3574,7.3384,8.4682,7.9235,7.6912,7.941,10.565,10.092,11.205,11.633,10.89,10.683,10.992,12.556,12.776,12.556,13.046,13.896,13.447,13.714,11.585
16.405,19.42,20.245,20.099,19.995,20.272,19.42,18.399,17.991,17.398,15.85,15.053,14.242,14.004,15.257,13.884,15.628,15.421,15.628,15.628,15.912,15.628,15.628,16.726,15.556,15.348,14.819,12.572,10.174,8.7553,13.391,15.146,15.868,16.934,16.726,15.912,16.147,15.664,15.421,15.664,14.706,14.96,14.388,13.762,13.255,13.265,12.88,12.337,11.827,12.483,12.211,10.853,11.22,11.442,11.933,12.804,13.234,13.65,12.572,11.245,5.0178,6.9569,8.675,8.8031,8.4793,9.1,8.8664,8.279,7.3671,6.8963,6.9569,7.4801,7.9515,9.1,8.0737,9.7529,9.9797,10.788,11.744,10.788,11.886,11.22,11.648,12.738,12.177,13.223,13.381,13.964,12.793,11.245
16.838,18.883,19.409,19.075,20.215,20.215,19.603,19.112,18.547,17.466,15.667,15.622,14.907,15.149,13.519,16.064,14.935,15.159,15.269,14.823,15.95,15.73,15.379,15.73,15.424,14.245,14.245,12.575,10.855,8.8684,13.55,15.56,15.783,15.871,16.962,16.09,15.95,15.451,15.667,15.88,14.935,14.391,14.699,14.44,13.725,13.066,12.719,12.916,12.708,12.351,11.83,11.122,11.122,11.83,12.486,12.872,13.653,12.883,12.214,11.31,5.7225,6.8979,8.6122,8.7572,8.5305,8.5305,8.2639,7.9532,7.5191,6.9585,6.8775,6.775,6.8775,9.102,8.9937,9.1327,10.272,10.594,12.351,11.651,11.994,11.747,11.889,12.064,12.62,12.872,13.141,13.226,13.258,11.11
16.418,19.073,19.248,19.248,20.412,19.629,19.102,19.044,18.325,17.987,16.83,15.371,14.385,14.749,14,14.587,14.891,14.956,15.335,15.722,15.417,15.371,15.873,15.704,16.004,14.238,13.97,12.702,9.9772,9.0514,12.866,15.371,16.221,16.562,17.028,16.469,16.187,16.004,15.864,15.66,15.253,14.626,13.718,14.05,13.23,13.482,13.23,12.48,11.93,12.081,12.299,11.705,11.155,11.217,11.988,12.866,13.513,13.482,12.735,11.117,5.3143,6.6257,8.6081,8.209,10.033,9.0976,9.005,7.861,6.8946,7.9319,6.5408,7.5711,8.5265,8.5265,10.171,9.6495,11.439,11.304,11.439,11.549,11.155,11.93,11.824,12.208,13.513,12.866,13.482,13.388,12.713,11.041
17.017,18.887,19.79,20.257,20.566,19.517,19.741,18.541,18.242,16.945,15.244,16.044,15.244,14.693,15.136,14.842,14.247,14.833,15.811,15.855,15.017,15.289,15.924,15.741,15.645,14.999,14.684,12.509,10.811,8.9306,13.765,15.289,16.198,16.459,16.757,15.486,16.266,15.289,15.486,14.916,14.266,14.693,14.505,13.725,13.37,12.63,12.073,12.377,12.465,12.107,11.785,11.585,11.889,11.644,11.97,13.111,13.964,13.152,12.695,11.211,6.7159,7.3044,8.9767,9.0225,9.1586,10.128,8.4723,8.7909,8.4723,7.2855,6.3799,7.2855,8.1412,8.6807,9.278,10.182,11.549,11.321,11.785,12.276,11.726,11.982,12.608,12.684,12.76,12.684,13.267,13.267,12.63,10.619
16.446,19.531,20.367,20.291,20.593,19.767,19.929,19.176,18.355,17.67,16.206,15.39,14.974,14.909,15.741,14.402,15.58,15.142,15.39,16.102,15.891,15.723,16.421,15.794,15.678,15.16,14.255,12.717,10.901,9.0157,12.717,15.634,16.352,16.489,16.883,16.489,15.741,15.39,15.741,15.362,14.643,14.909,14.304,13.745,12.881,13.498,13.246,12.405,12.359,12.188,12.223,11.404,11.623,11.838,12.925,12.979,13.734,13.498,12.223,11.404,6.0363,8.6183,8.8113,9.0467,9.1392,10.115,9.5296,7.9413,8.6183,7.5245,7.4871,8.3709,8.2188,8.8747,9.4261,10.641,11.231,12.188,11.979,11.695,12.073,12.28,12.629,12.28,13.236,12.717,14.245,13.745,13.611,11.055
16.538,19.465,19.615,19.385,20.76,20.591,19.976,19.24,18.376,17.501,16.487,15.388,15.388,14.907,15.793,15.168,15.415,15.713,15.159,15.434,16.239,15.863,16.419,16.074,15.881,14.86,13.986,12.627,11.167,9.1076,13.527,15.168,16.419,16.004,16.915,16.239,15.89,15.793,15.569,15.279,14.982,14.642,14.254,14.016,13.926,12.815,12.749,12.749,12.716,12.002,12.221,11.658,11.23,12.071,12.358,13.149,13.804,13.266,13.074,11.837,5.7015,7.8696,8.5522,8.9993,10.278,9.7323,8.7306,9.2602,8.5358,7.9405,8.0108,6.633,8.5358,9.7323,9.0148,10.64,11.978,11.694,11.015,11.694,12.924,12.358,11.754,12.727,13.496,13.021,13.329,13.496,12.583,11.329
16.297,19.071,19.476,20.391,20.378,20.068,19.468,19.034,18.664,17.863,16.151,15.589,14.904,14.361,14.057,15.535,14.791,15.025,15.346,15.2,16.374,15.82,15.598,15.696,15.846,14.932,13.817,12.548,10.25,8.7065,13.038,15.319,15.846,16.568,15.881,16.399,15.881,15.589,15.526,15.82,14.419,14.525,13.947,13.887,13.766,13.705,13.24,12.05,12.324,12.153,12.188,11.578,11.722,11.59,12.548,13.038,13.459,13.817,12.548,11.224,5.9726,8.7065,8.5123,9.3992,9.5171,9.7342,8.9745,8.7065,8.6584,8.7065,8.0409,7.334,7.9887,9.3397,10.016,10.689,11.099,11.023,11.804,12.855,11.863,11.91,12.768,12.324,12.768,12.692,13.038,13.766,12.714,11.136
16.57,19.362,20.536,19.648,20.372,19.726,19.648,18.844,18.599,17.55,16.057,15.456,15.127,14.905,15.847,14.679,15.026,14.905,15.59,15.118,16.161,15.847,15.697,15.847,15.311,14.933,14.216,12.759,10.677,8.3476,13.23,14.867,16.092,16.057,16.845,16.264,16.264,15.918,15.311,15.456,15.228,14.362,14.216,13.696,13.367,12.759,13.46,12.325,11.969,12.846,12.314,12.062,11.397,11.299,12.671,12.693,13.209,13.199,12.693,11.2,6.0196,7.4664,8.196,8.6591,9.5616,9.5178,9.2203,8.9752,8.5944,8.213,7.5591,6.8634,7.9193,8.4637,9.7063,11.591,10.884,11.421,11.286,11.969,13.241,12.039,11.911,12.314,12.693,13.491,13.46,12.78,12.846,10.884
16.646,19.701,20.04,20.152,20.891,20.068,19.557,18.645,19.004,17.486,16.331,15.456,14.624,14.402,13.115,15.483,14.994,14.624,15.374,15.41,16.045,15.41,15.456,16.158,15.913,14.323,14.086,12.601,10.877,9.3939,13.63,15.592,16.158,16.997,16.646,16.739,16.027,15.601,15.483,15.41,14.624,14.314,14.116,13.63,12.767,13.168,12.734,12.421,12.478,11.627,12.568,12.089,11.675,11.675,12.745,13.264,13.915,13.63,12.91,10.813,5.458,6.9728,7.5903,9.2735,10.086,9.5571,9.674,9.0122,8.1094,8.2809,7.4407,7.5346,8.3821,9.0589,9.7751,10.086,10.929,11.246,12.089,12.089,12.822,12.478,12.365,12.41,12.331,12.601,13.578,13.783,12.1,11.133
17.254,18.933,20.413,20.406,21.118,20.599,19.562,19.015,17.949,17.139,16.384,15.087,14.253,13.954,13.638,14.633,14.862,14.862,14.937,14.975,15.664,15.309,16.036,16.133,15.744,15.447,14.282,12.653,10.078,8.7803,13.176,15.447,15.771,16.194,16.858,16.478,16.106,15.673,15.664,15.189,14.748,14.332,14.124,13.771,12.775,13.524,12.383,11.861,11.646,12.212,12.429,11.861,11.633,11.633,12.485,12.95,14.044,13.293,13.524,11.038,6.1859,7.3691,7.9742,8.8283,10.244,10.064,9.4888,9.2637,7.8318,8.5531,7.5015,8.2857,9.3994,8.387,9.8667,10.727,10.922,11.92,11.426,12.107,12.303,11.682,12.2,11.633,12.775,12.841,13.802,13.176,12.417,10.884
16.71,19.031,19.864,21.038,20.636,20.52,19.38,19.351,18.765,17.763,15.711,15.132,15.141,14.355,13.503,15.132,14.72,14.423,15.551,15.433,15.334,15.694,15.862,16.441,16.072,14.956,14.918,12.561,10.842,8.8581,13.472,15.406,16.585,16.785,16.167,16.279,15.251,15.862,15.711,14.72,14.89,14.739,13.871,13.78,12.37,13.503,12.955,12.381,11.625,12.165,12.2,11.197,11.601,12.438,12.05,13.306,14.071,13.368,13.073,11.407,5.6173,6.8696,7.4169,8.7948,9.2286,8.7151,8.9833,8.7151,7.8022,7.3602,6.6842,7.9264,8.5207,7.3412,9.5264,10.096,10.151,10.687,11.637,11.097,12.05,11.733,11.432,12.438,12.527,13.472,14.219,13.221,12.527,11.147
14.505,17.314,17.646,19.52,17.98,18.3,17.247,15.844,16.358,15.917,14.14,13.975,13.734,12.714,13.85,15.407,15.66,12.974,14.585,14.978,14.099,13.734,14.099,15.093,14.375,13.628,13.381,11.766,8.8846,7.3272,12.106,14.048,14.455,13.305,14.635,14.099,13.511,13.798,13.639,13.305,13.734,12.622,12.68,12.402,11.766,11.567,10.734,10.841,11.106,10.121,9.904,10.734,10.625,10.46,9.6367,10.908,11.516,12.19,11.766,10.292,5.3871,7.3272,6.5537,8.2054,7.7131,7.5419,7.2476,7.1873,7.484,4.3432,6.2824,5.3871,6.8566,8.6362,8.6864,8.5177,10.292,8.8846,9.4236,10.584,10.164,8.7695,8.9659,11.326,11.815,11.516,13.734,12.106,11.364,9.5914
17.037,19.346,20.082,20.712,20.631,20.631,20.082,19.425,17.877,17.013,15.708,15.831,14.915,14.717,14.215,14.42,14.961,15.466,16.102,15.928,15.357,15.321,16.437,16.513,14.952,14.886,13.897,12.468,10.632,9.0892,13.218,15.137,16.128,16.914,16.589,15.761,15.681,15.384,15.357,14.877,14.679,14.877,13.958,13.583,12.602,13.583,12.778,12.197,12.524,11.38,12.07,11.343,12.047,12.778,11.919,13.469,14.42,13.302,12.468,11.671,5.9066,7.1857,8.3532,8.5186,9.0431,8.9966,9.2264,7.8003,7.3584,7.3394,7.8538,7.9245,8.4693,8.9656,9.9259,9.9259,10.526,11.145,12.047,11.343,11.294,11.872,12.047,12.468,12.254,12.723,13.469,12.865,12.701,11.195
16.59,18.949,20.094,20.677,20.616,20.26,19.501,18.689,18.501,17.21,15.858,15.035,14.961,14.744,14.515,13.835,15.339,14.951,15.339,16.112,15.33,15.699,15.858,15.77,15.556,15.137,13.784,12.698,10.885,9.0483,13.956,15.547,15.937,17.047,16.799,15.393,15.867,15.393,15.411,15.547,14.895,14.725,14.184,13.956,12.698,12.796,13.383,12.609,12.565,11.82,11.701,11.201,11.879,12.442,12.609,13.215,14.233,13.642,12.698,11.605,5.6933,7.1898,8.75,9.0019,9.2468,9.456,9.2317,8.2571,7.5685,6.8922,7.3626,7.3626,7.9291,8.718,8.7978,11.038,10.264,11.411,11.436,10.898,11.313,10.898,12.169,12.442,12.169,12.698,12.796,13.056,12.34,10.898
16.843,18.851,20.387,21.033,20.658,20.509,19.888,18.755,18.211,18.027,16.785,15.105,14.826,14.57,13.246,15.533,14.882,15.243,14.502,15.124,15.533,15.641,15.676,16.037,16.089,14.948,14.27,12.465,10.629,9.0865,13.527,14.873,16.158,16.449,16.508,16.701,15.985,15.425,15.542,15.353,14.826,14.57,14.826,13.204,13.044,13.465,12.894,12.686,11.951,12.774,12.785,11.915,11.81,11.869,12.554,13.361,13.772,13.772,12.894,11.141,5.2814,6.6176,7.9923,8.3507,9.4033,8.994,9.0865,8.3507,7.617,7.9923,7.1055,6.9467,8.3507,9.5213,9.5213,9.7385,10.049,11.229,11.204,11.631,11.667,11.204,12.147,12.33,13.246,12.785,13.066,13.361,12.719,11.535
17.137,19.041,20.549,20.11,20.704,20.179,19.569,19.049,18.514,17.94,16.406,15.755,15.021,15.397,15.104,14.298,14.937,14.825,15.702,15.46,15.966,16.157,15.532,15.397,15.684,15.021,14.415,13.043,10.575,8.7896,13.118,15.46,15.887,16.123,16.974,16.448,15.922,16.097,15.879,15.843,15.123,14.22,15.03,13.731,13.464,12.773,13.203,12.43,12.054,12.553,12.697,11.425,11.726,11.973,12.686,13.464,13.892,13.495,13.043,11.141,5.2281,7.0854,7.4687,8.7896,9.6949,9.5645,8.2494,8.4498,7.851,8.5156,6.8858,7.0854,7.6894,9.086,8.0786,9.9644,10.254,10.416,10.887,10.693,10.887,11.376,12.363,11.582,11.69,13.234,13.371,13.464,12.363,11.63
16.793,19.729,20.087,20.615,19.487,20.253,19.559,17.51,17.997,17.446,16.175,15.764,15.132,14.423,14.1,14.805,14.539,15.214,15.604,15.03,15.853,15.932,15.711,15.888,15.764,15.132,14.654,12.325,10.054,9.0296,13.368,15.897,16.508,16.909,16.918,15.993,16.071,15.324,15.361,15.03,14.682,14.04,14.04,14.228,13.586,12.997,12.781,12.438,13.083,12.2,12.165,11.697,12.2,12.471,12.336,12.792,13.991,13.708,13.472,11.733,5.2043,7.4167,7.5658,8.7947,8.4712,8.9676,9.5262,7.9263,7.3979,6.4502,6.684,6.8695,7.9263,9.5116,8.7469,9.9702,10.778,10.996,11.816,11.234,11.637,11.637,12.336,13.051,12.438,13.051,13.379,13.83,12.56,10.842
16.416,19.032,19.858,20.583,20.192,19.808,19.56,19.061,17.999,16.459,16.391,16.107,15.47,15.407,14.966,14.835,14.947,14.308,15.765,14.882,15.854,15.031,15.854,15.994,16.073,14.947,13.473,12.326,11.148,8.9838,13.127,15.47,17.075,16.861,16.459,16.073,15.933,16.176,15.407,14.806,15.031,15.243,14.042,14.655,14.2,12.683,12.901,12.438,12.782,11.876,12.051,11.734,11.734,12.727,12.2,12.727,13.902,13.473,13.052,11.148,5.6176,6.87,7.3984,8.0666,9.2292,8.4719,8.2548,7.9971,7.4736,6.429,6.87,6.87,7.5664,9.8299,9.1226,9.2443,11.035,10.701,10.894,12.326,11.876,11.11,11.876,12.074,12.371,13.052,13.254,13.831,13.052,11.59
16.918,19.157,20.835,20.68,20.132,19.866,19.062,19.223,17.646,16.601,16.601,15.441,14.747,14.69,12.798,15.477,14.382,15.414,15.121,15.037,15.441,15.139,15.414,15.414,15.396,15.121,14.43,11.881,10.494,8.8624,13.312,15.621,16.517,16.466,16.794,16.105,16.105,15.621,15.047,15.368,14.546,14.43,14.728,13.746,13.837,13.217,12.711,12.7,12.388,12.787,12.907,11.547,12.068,12.206,12.787,13.479,13.877,13.385,12.874,11.302,5.3133,7.0536,7.9303,8.5248,8.5248,8.7514,8.5412,8.0874,7.5141,7.1909,6.873,7.806,7.6978,9.413,9.8767,10.156,10.265,10.574,11.679,11.595,11.643,11.595,12.689,12.388,11.928,12.611,14.186,13.228,12.787,10.574
16.065,18.607,20.099,21.108,20.6,21.553,19.608,19.089,18.029,16.703,16.535,15.4,13.865,13.774,13.067,15.598,15.033,14.714,14.884,15.033,15.4,15.89,15.4,16.203,14.912,14.949,14.301,12.466,10.695,8.6632,13.539,15.427,16.51,16.578,17.067,16.703,15.89,16.091,15.4,15.598,14.874,14.222,14.349,13.865,13.247,13.046,12.522,12.432,12.045,12.688,12.786,11.728,12.056,11.692,13.046,12.863,14.222,13.3,12.786,10.682,4.7831,6.8869,7.338,8.4677,9.4044,9.2247,8.5334,8.2677,7.6908,8.0453,7.338,7.9406,8.995,10.16,9.3598,10.418,10.682,10.695,11.292,12.466,12.331,12.376,12.252,12.721,12.852,13.529,13.713,12.699,12.045,11.029
16.678,19.378,20.182,19.6,20.599,20.382,20.409,18.808,17.99,17.59,15.327,15.354,15.463,15.426,15.107,15.245,14.222,15.023,15.535,15.023,16.271,15.245,15.399,15.208,15.033,14.609,14.939,12.555,10.484,9.2245,12.699,15.245,16.844,16.399,16.577,15.855,15.381,15.678,15.642,14.949,15.245,14.676,14.222,14.417,13.528,13.247,12.699,12.16,12.721,11.728,12.16,11.917,11.596,12.699,12.522,12.949,13.864,13.824,12.764,11.728,5.6888,6.3603,8.7112,8.9637,9.118,9.0257,9.4486,8.5168,8.2506,6.8868,7.3379,6.8665,7.8521,10.16,9.5659,10.484,11.62,10.838,11.668,11.632,11.62,12.376,11.728,12.466,11.917,12.764,13.702,13.247,12.599,10.577
16.707,19.026,20.083,20.083,20.324,20.228,19.281,19.143,18.559,17.249,15.547,15.239,14.717,14.225,13.948,15.547,14.802,14.736,15.138,15.708,15.538,15.357,16.206,15.61,14.887,15.027,14.574,12.334,11.031,9.12,13.123,15.466,16.094,16.318,16.513,16.505,15.761,15.403,15.761,15.858,14.225,13.736,14.176,13.898,13.958,13.716,12.767,12.059,12.558,12.047,12.151,12.047,12.334,11.813,12.865,13.239,14.097,14.612,12.778,10.993,5.9771,6.3836,7.9422,9.2416,8.9813,9.5681,8.3533,8.0816,7.9246,7.9948,7.3395,7.5642,8.0816,10.093,10.203,9.926,11.587,11.38,12.07,12.197,11.429,11.919,11.73,12.254,12.602,12.558,12.778,12.995,12.69,11.343
16.276,19.606,19.832,20.25,19.726,20.223,19.896,19.145,18.5,17.595,15.929,14.963,14.944,14.508,14.68,14.421,15.018,14.353,14.803,15.991,15.018,15.467,15.539,15.762,15.611,14.508,14.275,12.323,10.421,8.5193,13.049,15.548,16.506,16.404,16.387,15.859,15.894,15.404,15.762,15.682,14.737,14.68,13.868,14.177,13.081,13.747,13.081,12.779,12.38,11.92,11.814,12.702,12.071,12.071,12.768,13.049,13.335,14.275,13.049,11.636,5.9071,7.9953,8.2021,8.9663,9.5249,9.5249,9.6991,8.0821,8.253,7.049,7.34,8.2021,9.2271,8.5193,9.6414,10.841,10.58,10.841,12.163,12.38,11.108,11.978,11.636,12.334,12.198,12.323,12.368,13.584,12.79,11.208
17.051,19.082,20.512,20.114,20.079,20.114,19.206,18.965,18.757,17.559,15.607,15.126,15.382,15.108,14.223,15.126,13.945,14.369,15.679,15.463,15.427,15.926,15.758,15.987,15.536,14.369,14.533,12.045,10.161,8.7914,12.852,15.318,16.272,16.307,16.536,16.544,15.829,15.4,15.4,15.829,14.734,14.8,13.825,13.825,13.945,13.865,12.6,12.721,12.721,12.252,11.597,12.365,11.87,13.332,12.433,13.632,13.713,13.734,12.896,11.341,5.8344,7.7991,7.9233,9.5665,8.9798,8.9798,10.022,8.268,8.0457,7.0869,7.0869,7.9935,7.9233,9.5665,9.3601,9.0879,11.292,10.992,11.669,11.585,11.633,11.23,12.252,12.787,12.195,13.121,13.734,13.046,12.286,10.418
16.539,19.065,20.353,20.683,19.762,19.308,19.33,18.548,18.341,17.58,15.788,15.436,14.812,14.878,15.206,14.298,14.445,14.963,15.113,15.206,15.482,15.436,15.464,16.211,14.954,14.649,13.786,12.26,10.541,8.7579,13.539,14.954,16.246,16.901,16.496,16.496,15.726,15.317,15.842,15.618,14.494,14.019,14.954,13.539,13.434,12.931,13.061,12.26,12.225,12.789,12.397,12.214,11.695,12.317,12.855,13.286,14.288,13.653,12.767,10.947,4.8958,7.1244,7.5098,8.3962,9.7628,9.2739,8.838,8.7579,8.3118,7.7318,6.8004,6.9033,8.2949,8.5625,8.6444,10.752,10.581,10.934,11.755,12.121,11.598,11.658,12.26,12.589,12.622,12.26,13.601,12.789,12.833,10.673
16.863,19.11,20.535,20.205,20.267,19.743,19.679,18.356,18.356,16.996,16.083,14.806,15.704,14.287,14.928,13.96,14.928,14.238,14.9,15.225,16.333,15.66,15.864,15.873,15.124,14.73,14,12.39,11.117,8.8008,12.713,14.891,16.697,16.863,15.908,16.109,15.624,15.399,15.417,15.142,14.52,14.52,13.96,13.482,13.22,12.909,12.446,12.174,12.446,12.174,11.824,11.741,12.265,12.39,12.446,13.513,13.96,13.91,13.22,11.155,5.7198,7.3462,8.089,9.2349,9.3553,9.036,9.2349,7.9319,8.089,7.3462,7.1923,7.8075,8.5429,8.7531,9.3553,11.155,10.707,11.304,11.117,11.391,11.597,11.391,12.208,12.333,12.345,12.345,13.595,13.554,13.482,10.267
16.443,19.535,19.79,20.173,20.311,20.311,19.37,18.441,18.441,17.748,15.883,15.347,15.635,15.1,13.858,15.393,14.362,14.641,15.393,15.393,15.883,15.393,15.883,16.057,15.017,15.311,14.411,12.55,9.8207,9.0218,12.889,15.393,15.979,16.837,16.671,16.57,15.751,15.671,15.238,15.229,15.017,14.679,14.343,13.818,13.727,13.04,13.231,12.427,12.46,11.723,12.325,12.189,12.371,12.427,12.46,12.846,14.564,13.889,13.241,11.663,5.9028,7.1811,8.1962,8.7074,8.5946,9.114,9.0834,9.3555,8.5131,6.6783,7.5038,6.8635,7.5038,10.087,10.197,10.871,11.531,11.1,11.531,11.806,11.531,11.591,11.806,12.516,12.857,12.759,13.231,13.21,13.231,11.1
16.786,19.55,21.141,20.545,21.035,19.55,19.55,18.964,17.716,17.205,15.606,15.033,15.828,15.033,14.685,14.271,14.212,14.827,15.318,14.799,15.318,15.399,15.846,16.4,15.535,15.535,14.3,12.068,10.564,8.8541,13.713,14.958,17.05,16.544,16.168,15.846,16.064,15.399,15.107,14.417,14.064,14.609,14.504,13.58,12.895,12.331,11.87,12.555,12.775,12.194,12.068,11.87,11.584,13.045,12.285,12.555,14.212,13.824,13.045,11.811,5.3865,7.1842,8.2675,9.2245,9.5222,8.9948,9.566,8.663,8.0798,7.507,6.9473,7.1842,8.4676,9.7107,9.3596,10.16,11.402,10.695,11.205,11.632,12.331,11.632,12.16,13.077,13.3,13.045,13.955,13.247,12.599,11.632
16.409,19.063,19.895,20.558,20.524,20.111,19.447,19.034,17.954,16.921,16.511,14.949,15.245,14.742,14.28,15.436,14.836,14.58,15.336,15.023,15.363,15.363,15.89,16.074,15.363,14.231,14.231,12.783,10.491,8.522,12.859,15.363,16.212,16.553,16.281,15.934,15.855,15.409,15.436,15.032,14.512,15.254,13.963,14.723,13.751,12.728,12.259,12.327,12.87,12.075,11.591,12.052,12.167,12.728,12.383,13.381,14.231,13.255,12.859,11.384,5.8376,6.6222,8.2556,9.1235,9.23,9.0928,9.1235,9.0002,7.9452,7.1885,7.6952,6.6222,7.8034,9.5279,9.3503,10.896,10.998,11.298,11.735,11.298,11.433,11.409,12.327,13.075,11.603,13.308,13.832,13.075,12.202,11.409
16.686,19.445,19.744,19.92,20.329,20.254,19.666,18.586,17.967,17.074,16.39,15.542,14.834,15.325,15.141,15.765,14.278,15.853,16.107,15.551,15.976,15.252,16.072,15.542,15.141,15.03,13.831,12.257,10.409,8.4715,13.222,15.434,16.21,16.711,17.017,16.046,16.072,15.407,15.712,14.683,15.03,14.578,13.75,13.871,13.337,12.727,13.084,12.858,13.473,11.602,12.438,11.981,11.674,12.472,12.05,13.504,13.991,13.473,12.727,11.733,5.3108,6.8697,7.8558,8.6024,9.2439,9.2288,9.03,8.5208,7.3603,7.6942,7.1876,6.3633,7.8023,9.03,9.5266,10.26,10.582,10.996,11.407,11.346,11.59,11.59,12.325,12.705,12.166,12.561,13.253,12.781,12.166,11.11
16.154,19.579,20.15,20.115,20.446,21.007,19.643,18.723,18.52,17.622,16.54,15.134,14.901,14.453,13.101,15.91,14.597,15.491,15.875,15.572,15.706,15.272,15.706,15.491,14.985,14.297,14.199,12.788,10.596,8.2826,12.918,15.382,16.094,16.094,16.616,16.198,16.094,15.563,14.967,15.427,14.759,13.98,14.939,13.229,12.809,13.397,12.342,12.216,12.308,13.015,13.091,12.067,12.182,11.605,12.711,13.101,13.799,13.522,12.544,10.715,5.2383,8.2147,8.0945,9.4213,8.0598,9.2413,8.0772,8.0945,7.119,7.5763,6.3938,8.0598,7.7046,8.6788,9.7571,8.9956,10.396,10.896,11.049,10.649,11.213,10.909,11.832,11.398,11.891,12.078,14.443,13.101,12.067,10.109
17.045,19.084,20.616,20.363,20.225,20.225,19.121,18.351,18.105,17.069,15.567,15.432,15.055,14.094,13.495,15.166,14.534,14.534,16.193,15.267,15.675,15.459,15.432,15.719,15.495,14.457,14.252,12.747,11.128,9.0602,13.359,15.359,15.861,16.612,16.485,16.098,15.888,15.459,15.495,15.459,13.853,14.399,14.33,13.148,13.073,13.275,12.391,12.391,12.311,12.581,12.345,11.942,12.07,12.357,12.922,13.094,13.762,13.359,12.802,11.328,5.7253,7.1993,8.0098,8.2849,9.259,8.4853,8.6164,8.6164,6.9012,7.0617,6.7783,7.4102,7.5228,8.5347,9.2438,9.9446,10.912,10.426,11.401,11.401,11.836,10.718,12.081,11.942,12.185,13.243,12.813,12.889,12.747,10.439
17.154,18.682,20.724,20.643,20.528,20.129,19.394,19.162,17.572,17.048,15.394,15.547,15.938,15.33,14.896,15.22,14.234,15.036,14.697,14.811,15.366,15.366,15.717,15.938,15.119,14.886,14.745,12.341,11.214,9.0948,13.714,15.412,16.949,16.599,16.691,16.138,16.413,15.412,15.655,15.119,14.886,14.97,14.273,14.283,13.714,12.862,12.731,12.698,12.797,11.926,12.066,11.879,12.204,13.056,12.442,13.056,14.544,13.216,13.539,11.879,5.2063,6.7283,8.3582,8.6053,8.971,9.0486,8.5238,8.0864,7.5687,6.431,7.19,6.3655,6.8924,8.7183,9.0486,9.3523,9.5738,10.099,10.586,10.493,10.586,11.313,11.82,12.905,12.261,12.731,13.754,13.508,12.532,10.426
16.619,19.536,20.234,20.841,20.625,19.771,19.6,18.541,17.603,16.953,16.475,15.393,14.608,14.454,13.573,14.541,14.77,14.258,14.912,15.173,15.798,14.921,15.744,15.744,14.987,14.836,13.666,12.317,10.604,9.0021,13.281,15.466,16.72,17.052,16.356,16.628,16.009,15.502,15.798,14.978,15.393,14.385,14.1,13.501,12.884,13.98,12.283,12.407,12.191,11.614,12.808,12.075,11.758,12.191,12.884,12.819,13.238,13.079,12.808,11.171,5.0236,6.7399,7.8185,8.4891,9.0021,8.5385,8.2206,8.2716,6.884,7.1242,7.0649,7.3566,8.3727,8.0657,9.3685,9.5464,9.4281,10.709,10.591,11.171,10.511,11.233,11.662,11.947,12.087,13.079,13.1,13.501,12.731,11.258
16.541,19.175,19.758,20.282,20.427,19.608,19.116,18.551,17.591,17.065,15.875,14.76,15.153,14.453,13.85,15.042,14.444,14.444,15.061,15.153,15.635,15.236,15.858,15.428,15.564,14.826,13.759,12.489,10.909,8.266,13.24,15.264,16.818,16.942,15.875,16.481,15.875,15.491,15.564,15.273,15.383,14.939,14.061,14.249,13.92,13.356,12.388,12.217,13.07,11.833,11.974,11.654,11.75,12.217,12.342,13.229,14.09,13.799,13.229,11.75,5.845,6.8793,7.4837,8.8706,8.0602,8.8073,8.6144,7.4837,7.4837,6.4594,6.3941,6.1939,7.3516,9.5838,9.5399,9.4662,10.424,10.22,10.544,11.892,11.313,11.654,12.217,13.145,12.354,13.356,14.061,13.229,13.145,11.05
16.313,18.767,19.471,20.046,20.455,19.983,19.012,18.961,18.036,16.544,16.45,15.466,14.021,14.259,13.98,15.393,15.145,14.865,15.053,14.865,14.997,14.912,15.466,15.682,15.393,14.259,14.337,12.351,10.186,8.3729,12.895,15.284,16.493,16.442,17.11,16.106,16.079,15.439,15.284,15.637,14.771,14.259,14.405,13.281,13.86,13.239,12.362,12.362,11.9,12.464,12.808,12.226,12.587,12.317,12.587,13.573,13.532,13.778,12.632,11.171,5.9205,6.3766,7.3758,8.2718,8.6204,9.0489,8.0832,6.9651,7.9432,7.582,6.8841,7.582,7.3758,9.0023,9.6634,9.1107,10.801,10.917,11.171,10.917,10.644,11.258,12.226,12.819,12.72,13.365,13.748,12.587,12.362,10.801
16.722,18.783,19.429,20.096,19.984,19.773,19.602,19.131,18.115,17.152,15.719,15.576,14.752,14.923,15.503,14.101,14.571,14.752,14.923,15.165,15.719,14.979,15.146,15.585,15.44,14.259,14.131,12.363,10.801,8.621,12.754,15.467,15.746,15.746,16.897,16.202,16.011,15.799,15.44,15.932,14.571,14.455,14.021,13.24,13.749,12.397,12.352,12.284,12.363,12.226,12.929,12.076,11.901,12.318,12.588,13.08,13.574,13.398,12.409,10.918,5.2958,7.3762,7.1248,8.621,9.0495,8.814,8.621,8.6858,7.4331,7.8192,7.3762,7.4331,7.8728,8.4899,8.5557,10.445,10.552,10.723,10.801,11.259,12.721,10.485,11.663,12.006,12.192,12.732,13.861,13.271,12.088,10.658
15.56,19.12,19.916,20.111,19.859,19.64,19.859,19.054,18.335,17.062,16.152,14.936,15.27,15.872,15.233,14.392,14.709,14.823,14.633,15.15,15.623,15.425,15.73,15.854,15.56,14.936,14.245,12.272,10.907,8.7255,13.269,15.15,16.091,16.409,16.872,16.435,15.343,15.951,15.261,15.73,14.738,14.087,14.373,13.099,13.013,12.272,12.72,12.453,12.088,12.34,12.214,11.603,12.064,12.306,12.785,13.384,14.196,13.269,12.97,10.907,5.7227,7.4821,8.0585,8.9941,9.5378,9.0096,8.9941,8.2303,8.0062,8.3652,7.575,6.9587,7.5194,8.7255,8.0931,10.855,10.066,10.581,10.907,11.123,11.396,11.31,12.486,12.796,11.603,12.698,14.295,12.576,12.576,10.7
16.587,19.438,20.046,19.545,19.934,20.77,19.344,18.855,18.489,17.82,16.316,14.913,15.034,15.108,15.21,15.599,15.401,14.876,14.95,15.025,15.356,14.8,15.706,15.328,15.016,14.734,14.428,12.777,10.578,8.7441,12.722,15.428,15.891,16.204,16.127,16.161,15.599,15.536,15.83,15.401,14.876,14.224,13.301,14.214,14.428,12.864,12.896,12.161,13.079,11.812,11.812,12.069,11.537,12.896,12.777,13.206,13.986,13.468,12.777,11.871,5.8107,7.0872,8.6639,9.119,9.4496,9.2406,9.8685,8.5178,9.3606,7.3387,7.7995,7.185,8.9647,9.567,8.8551,10.696,10.683,11.305,11.669,11.976,11.633,11.633,12.332,12.161,11.729,13.468,13.217,12.896,13.248,10.565
16.415,18.905,19.58,20.824,20.554,20.122,19.856,18.727,18.487,17.057,16.132,15.541,14.918,14.89,14.423,15.764,14.423,14.805,14.615,14.682,15.897,14.682,15.251,15.433,15.333,15.02,14.04,12.438,10.489,8.0833,12.781,15.141,15.853,16.593,16.21,16.097,15.711,15.613,15.406,15.132,15.039,14.423,13.586,14.07,13.586,13.051,12.37,12.868,12.997,12.05,12.165,12.199,12.336,12.693,12.704,13.253,14.277,13.87,13.072,11.407,6.185,7.1091,8.5369,9.1219,9.3487,9.3636,8.7469,9.2284,8.355,7.802,7.0895,7.6939,7.9263,9.5701,8.7469,10.205,11.109,11.875,11.816,11.197,11.875,11.197,12.073,13.051,12.527,12.954,13.472,13.378,12.56,11.296
16.41,18.72,19.41,20.422,20.607,20.278,19.374,18.608,17.037,17.785,15.425,15.379,15.15,14.058,13.551,15.881,13.847,14.295,14.633,14.823,15.343,14.324,15.995,16.065,15.56,14.633,13.918,11.83,10.108,8.3653,13.088,15.343,16.23,16.939,16.478,15.951,16.126,15.488,14.823,15.668,14.974,14.246,14.974,13.489,13.353,12.873,12.18,12.215,12.34,12.215,13.258,12.215,12.306,11.889,12.542,12.97,13.887,13.918,13.067,11.31,5.9152,7.3501,8.6126,8.7257,9.7556,8.9786,9.0562,8.0759,7.8652,8.531,7.1961,7.9361,8.0063,9.7556,9.538,9.4643,10.791,11.009,12.215,10.907,11.688,11.248,12.18,11.971,13.088,13.013,13.978,12.709,12.542,11.123
16.956,18.77,20.601,20.567,20.133,19.199,19.937,18.986,17.984,17.08,16.082,15.166,15.166,13.902,14.999,12.886,14.543,14.408,14.924,14.754,15.166,14.754,15.396,16.082,14.839,14.339,13.983,12.589,10.711,8.5564,13.575,15.286,16.143,17.244,17.055,16.622,15.933,15.649,15.441,15.249,14.924,14.132,14.261,13.336,13.081,12.897,11.902,12.089,12.466,12.5,12.227,11.984,12.285,12.5,12.81,13.565,13.781,13.241,12.589,10.919,5.7043,7.4337,9.0503,9.1121,9.0658,8.5564,9.7371,7.8735,7.5832,7.2038,6.5512,7.2038,7.4901,7.8735,8.7669,9.7371,10.433,10.433,10.919,10.724,11.843,11.223,12.556,12.227,12.101,11.843,12.984,12.755,12.466,10.486
16.637,19.14,19.916,20.39,19.539,20.14,19.147,18.993,17.612,16.586,15.654,15.429,15.153,14.305,15.429,14.461,13.937,14.616,14.873,14.413,15.292,15.181,15.939,15.877,14.92,14.548,13.786,12.082,10.728,9.0226,13.118,15.51,16.838,16.586,16.595,15.447,16.253,15.447,15.654,14.92,14.845,14.344,13.508,13.816,13.508,12.414,12.727,11.764,12.738,12.232,12.504,11.704,11.62,12.232,12.815,13.246,13.816,12.727,12.826,11.326,6.3799,7.3796,7.965,8.3773,9.5515,9.253,8.818,9.253,8.5432,8.2931,7.0687,7.1281,8.6249,8.3773,8.2761,10.067,10.49,10.122,11.025,11.326,11.62,12.105,11.572,11.632,12.082,12.56,12.594,12.082,12.082,10.053
16.362,19.6,18.989,19.905,20.571,20.351,19.714,18.789,17.513,16.893,15.444,15.471,14.775,13.742,14.312,14.342,14.652,14.391,15.151,14.775,14.718,14.775,15.901,16.207,15.803,14.312,14.263,11.845,10.647,8.7685,12.932,14.842,16.111,16.583,16.835,15.892,16.207,15.723,15.687,14.992,14.917,14.927,13.285,13.401,12.412,12.986,12.636,12.401,12.401,11.63,11.762,12.01,12.195,13.115,12.758,13.864,13.814,13.814,13.505,11.46,5.2973,7.2051,7.9635,8.8164,8.8798,9.2513,9.1138,7.9635,7.875,7.5845,7.5288,8.558,8.7365,8.8164,8.8798,9.9949,9.7677,10.908,11.569,10.661,10.726,11.374,11.225,11.904,12.103,12.636,12.812,12.08,12.736,10.869
17.069,18.936,20.286,20.958,20.703,19.923,19.761,18.434,18.065,16.132,15.494,15.431,14.942,14.251,13.525,15.413,13.761,14.202,14.97,14.639,15.887,14.97,15.431,15.458,15.431,14.989,14.446,11.835,11.165,8.5343,13.973,15.431,15.957,16.845,16.442,16.132,15.887,15.349,14.904,14.979,13.893,14.744,14.446,13.923,13.494,12.79,11.835,12.401,12.801,12.345,12.725,12.39,12.185,13.242,13.104,13.274,14.222,13.923,13.264,11.127,5.5258,7.1206,7.7063,9.2433,8.6159,9.0132,8.982,7.9391,7.8682,6.9615,6.6318,7.578,8.0963,8.982,9.2433,9.2433,9.5416,10.181,10.506,11.656,11.252,11.752,12.801,12.069,11.835,12.725,13.358,12.703,12.812,10.704
16.837,19.256,20.275,20.658,20.631,19.913,19.751,19.073,17.845,16.611,14.85,15.341,14.85,13.966,14.194,13.845,14.293,14.293,14.593,14.85,15.13,15.423,15.781,16.433,14.593,14.962,14.194,12.338,10.593,8.9929,13.549,15.231,16.296,16.87,16.399,16.526,15.905,15.781,15.35,14.981,14.85,14.39,14.115,13.518,12.395,13.225,12.395,12.35,12.541,12.086,12.213,11.888,12.35,13.14,12.707,13.487,14.439,13.487,13.351,11.614,5.722,6.7745,8.5298,8.7565,8.8043,9.0085,9.0085,8.6114,7.5185,7.406,6.37,8.3642,8.7565,8.7565,9.5805,10.106,10.065,11.008,11.222,11.159,11.419,11.444,12.213,13.257,12.451,13.351,13.235,12.74,12.574,10.58
16.531,18.887,19.635,19.834,19.925,19.883,19.578,18.482,17.748,17.236,16.093,15.562,14.91,15.152,16.48,14.597,14.854,15.041,14.825,14.985,14.901,15.382,15.354,15.874,14.759,14.248,14.089,12.743,10.423,9.0574,13.101,15.409,16.189,16.093,16.708,16.343,16.301,15.625,15.732,15.625,14.74,14.91,14.248,13.26,13.323,13.355,13.09,12.342,12.066,12.578,12.544,12.216,11.617,12.216,12.798,13.563,14.06,13.553,12.875,10.909,5.6248,6.8991,8.0943,8.5485,9.0109,9.6559,8.5321,8.7588,8.3664,7.3701,7.0992,6.9598,8.6138,7.9547,8.0596,10.219,10.436,10.396,11.011,11.312,11.749,10.792,11.749,12.798,12.353,12.273,13.355,13.015,12.17,10.896
16.911,18.846,19.838,20.361,20.368,19.775,19.696,18.486,18.065,17.593,16.338,15.43,14.762,14.397,12.58,15.638,14.743,15.063,14.913,14.638,16.304,15.054,15.878,16.192,15.629,14.941,14.122,11.976,10.398,8.6156,13.093,15.348,15.673,16.338,16.568,16.071,15.86,15.736,14.941,15.385,14.397,14.533,14.378,12.746,12.79,12.888,12.344,12.276,12.356,12.276,12.625,11.941,12.092,12.31,13.231,13.018,13.973,13.607,12.724,11.051,5.3974,6.7778,7.8143,7.9388,8.9973,9.9438,9.0439,8.534,7.7061,7.8679,6.6315,7.9564,7.8679,8.6156,9.8873,8.8085,10.276,10.717,11.165,11.656,11.656,11.227,11.644,12.812,12.702,12.746,12.877,13.73,12.184,11.127
17.07,19.18,20.177,20.616,19.89,20.037,19.819,18.067,18.374,16.971,15.738,14.906,15.459,15.157,15.577,14.094,14.38,14.64,14.859,15.387,15.387,15.046,15.496,16.443,14.563,14.399,14.243,12.357,10.547,9.2442,13.275,15.568,16.02,16.814,17.045,16.434,15.711,15.791,15.268,15.277,14.252,14.124,13.984,13.742,13.275,12.726,12.715,12.07,12.277,12.346,12.582,12.082,12.094,12.582,12.312,13.02,14.124,13.854,12.976,11.229,5.5263,5.9886,8.2852,8.4856,9.2593,8.9984,8.2172,8.6815,8.097,7.1995,7.062,6.3958,8.8096,8.3693,9.014,9.6592,9.8459,10.071,11.229,11.693,10.861,11.657,12,11.657,12.357,12.357,13.495,12.626,12.22,10.718
16.465,18.963,20.001,20.169,19.867,19.725,19.952,18.145,17.809,17.035,15.371,15.516,15.159,14.784,15.38,14.242,13.872,14.85,15.298,14.935,15.453,15.178,15.661,15.661,14.926,14.554,14.311,11.769,11.143,8.3805,13.513,15.453,16.761,15.91,16.508,15.453,16.559,15.38,15.371,14.926,14.418,14.66,13.993,13.586,13.791,12.831,12.599,12.11,12.328,12.374,12.765,12.202,11.769,12.475,12.82,13.627,13.993,13.251,12.643,11.181,5.4052,6.9714,7.6442,8.0731,8.6282,9.7444,7.9681,8.0905,7.4204,7.1308,6.9107,5.9259,8.0731,8.7414,7.9504,9.3921,10.454,10.057,10.44,10.927,11.231,11.181,11.331,12.202,12.475,11.636,13.091,12.475,12.374,11.331
16.042,18.513,19.952,19.789,20.391,19.489,19.294,18.49,17.998,17.093,15.589,15.407,14.698,14.583,13.251,14.399,13.575,14.467,14.85,14.784,15.001,15.178,15.589,15.936,14.992,14.143,14.477,11.769,10.126,9.0261,13.112,15.085,16.12,17.093,17.305,15.945,15.661,15.453,15.453,15.759,14.698,14.418,14.727,13.513,13.822,12.994,12.098,12.599,12.408,12.565,13.112,11.769,12.294,12.374,12.82,12.831,14.272,13.586,13.166,10.927,5.2202,6.4481,7.3635,8.2794,8.4971,8.2963,8.563,8.3806,7.5889,7.3825,6.5562,6.4699,7.4958,9.3772,9.5553,9.2718,10.291,11.143,11.067,10.44,11.231,11.143,11.911,13.293,12.087,13.251,12.732,12.202,12.098,11.466
16.117,18.736,20.144,20.144,20.456,19.435,19.29,18.273,18.273,16.632,16.039,14.657,14.347,14.269,12.828,14.876,13.91,14.347,14.657,14.551,15.405,14.762,15.88,15.586,15.286,14.396,13.511,11.85,10.235,8.7399,13.291,15.45,16.436,16.325,16.598,16.59,15.694,15.898,15.595,15.405,14.838,13.91,14.14,13.748,13.121,13.248,12.417,11.956,12.326,13.035,12.817,12.371,12.2,12.507,13.417,12.937,13.87,13.87,13.11,11.671,5.0274,6.3812,7.2079,8.6267,8.6267,8.2268,8.8198,8.8833,6.9095,7.4944,6.3812,6.9095,7.8244,8.5449,9.5388,9.1173,10.809,10.73,11.44,11.378,10.925,11.415,11.634,11.574,13.035,13.088,14.081,13.088,11.671,11.464
16.107,18.859,19.964,19.531,19.936,19.624,19.19,18.807,17.921,17.153,16.315,15.897,15.359,14.829,15.073,13.739,14.132,14.542,14.542,14.309,14.98,15.147,15.504,15.441,14.914,14.914,14.309,12.364,10.724,9.1424,13.251,15.147,16.349,16.203,16.956,15.888,16.107,15.368,15.746,15.395,14.61,14.339,13.982,13.861,13.102,12.409,12.755,12.364,12.755,12.633,12.589,12.352,11.901,12.318,12.318,13.502,14.132,13.861,13.502,11.26,4.7958,7.5828,7.8731,7.7112,9.2492,9.3697,8.4902,8.6862,8.0144,7.1251,7.4898,5.9212,7.8731,8.5396,8.3738,9.5916,10.512,10.592,10.918,11.663,11.615,11.663,11.615,12.192,12.755,12.465,13.027,12.809,12.711,11.172
17.016,19.185,20.45,20.594,19.979,19.767,19.696,18.719,18.11,16.438,15.39,15.161,14.644,13.978,12.893,15.068,14.451,14.538,15.05,15.354,15.354,14.862,16.206,15.39,14.994,14.334,14.256,11.612,10.707,9.0471,13.247,15.571,16.616,16.583,17.343,16.198,16.163,15.418,14.919,15.161,13.897,14.097,14.383,13.477,13.023,13.098,12.073,11.66,12.495,12.729,12.585,12.085,12.28,12.36,12.707,13.108,14.334,13.363,13.076,11.256,5.8239,6.8827,8.2362,8.0119,8.5534,9.2615,8.6187,8.3712,8.2192,8.0816,6.6339,7.0636,8.2362,9.0626,9.2463,9.5447,10.073,10.509,11.66,11.66,11.231,11.454,12.223,12.551,12.729,12.551,13.404,13.108,12.462,10.509
16.45,19.42,20.659,20.344,20.296,19.678,19.471,19.093,18.236,16.244,15.868,15.164,15.071,14.713,13.281,14.209,14.77,13.98,15.071,15.247,15.164,15.247,15.164,15.164,14.646,15.052,13.859,12.553,11.019,8.2885,13.27,15.173,16.424,17.052,16.079,16.105,16.244,15.637,15.574,15.173,14.54,14.713,14.02,13.9,12.396,13.396,13.025,12.362,12.497,12.225,12.005,12.225,12.191,12.982,12.631,13.407,14.248,13.859,13.025,11.662,5.7032,7.1241,9.2479,8.5385,8.9865,8.3727,9.4726,7.8185,8.0656,7.5818,8.083,7.5818,8.2376,9.0021,9.2479,9.949,10.917,10.186,11.722,10.444,11.057,10.904,10.917,12.087,11.9,12.098,12.631,12.225,11.9,10.604
16.499,19.196,19.97,19.793,20.138,20.829,18.366,18.73,17.926,17.61,15.652,15.179,14.026,13.568,13.905,14.652,14.546,14.391,14.254,14.842,15.151,15.068,14.993,15.804,14.842,14.391,13.865,12.987,10.051,8.6237,13.244,15.58,16.626,17.1,16.173,16.112,15.643,15.077,15.17,14.927,14.776,15.151,13.774,13.905,12.813,13.339,12.367,12.287,12.356,11.905,12.08,12.08,12.196,12.824,12.287,13.244,14.391,13.865,12.987,11.667,5.8513,6.6378,8.6237,9.2517,9.5502,9.2669,9.1449,9.2669,8.1036,7.8753,7.1074,7.4354,7.4918,9.0679,7.9639,9.3723,10.608,10.489,11.137,11.667,11.436,11.846,11.727,12.592,11.618,12.322,13.105,12.933,12.23,10.727
17.18,19.191,20.709,20.34,19.646,19.894,19.089,18.492,17.31,16.826,15.741,14.918,14.451,14.246,12.893,14.748,13.498,13.745,14.71,14.538,15.142,15.059,15.271,16.438,14.451,14.918,14.451,12.073,10.915,8.6185,13.529,15.634,16.975,16.54,16.826,16.352,15.927,15.435,15.28,15.142,14.451,14.72,14.862,13.897,12.551,13.612,12.188,12.75,12.36,12.75,12.925,12.461,12.794,12.584,13.278,13.278,14.71,13.857,12.816,11.231,5.7022,6.78,8.219,9.1394,9.0159,8.8749,9.0003,8.2869,7.8706,8.371,6.78,7.5803,7.8706,8.6185,9.8906,9.0003,10.402,10.442,10.798,10.589,11.231,10.915,12.75,12.75,11.838,12.629,13.236,12.728,12.75,10.045
16.62,18.805,20.234,20.372,19.906,19.849,18.857,18.534,17.241,17.547,14.997,14.837,15.357,14.837,15.071,13.768,13.9,14.259,14.57,14.922,15.247,15.646,15.164,15.575,15.053,14.337,14.209,12.191,11.133,8.3729,13.281,15.575,16.552,16.578,16.578,16.201,16.313,15.502,15.466,15.502,14.723,14.386,14.405,13.86,13.748,13.079,12.362,12.819,13.334,12.362,12.191,11.982,12.753,12.753,12.753,13.111,14.541,13.501,13.239,11.407,5.4004,6.3766,8.5387,9.0023,9.2633,10.186,9.0644,8.6204,7.9432,7.5263,6.9045,7.2027,7.7104,8.8135,8.6853,9.5906,9.9915,9.7644,10.904,10.404,11.9,10.801,11.841,11.407,11.9,12.351,13.778,12.632,12.317,10.444
16.218,19.448,19.506,19.267,19.927,19.296,18.966,18.802,17.82,17.128,15.654,15.3,15.161,14.323,15.263,14.273,14.273,14.115,14.556,15.068,14.852,14.624,14.852,15.482,15.078,14.7,13.546,11.674,10.455,8.5476,13.253,15.3,16.122,16.569,16.467,16.603,16.183,15.699,16.183,15.6,14.738,14.352,13.874,13.263,13.253,12.941,12.898,12.375,12.734,12.645,12.745,12.33,11.853,12.238,12.364,13.114,13.783,13.546,13.263,11.853,5.029,7.4403,7.5899,8.3817,9.5566,9.5566,9.0584,9.2578,7.3835,8.0917,6.9724,6.7471,8.109,7.9515,8.0917,10.086,9.8605,10.197,11.031,11.145,11.626,11.145,11.674,11.674,11.995,12.204,13.253,12.909,12.296,10.442
16.628,18.956,20.14,19.718,19.909,19.539,18.97,18.612,17.998,16.433,15.753,14.315,15.06,14.028,13.246,14.845,14.654,14.108,14.548,14.413,15.07,15.282,15.292,15.655,15.646,14.393,13.57,11.906,10.191,8.7702,13.032,15.726,16.501,16.365,16.838,16.45,15.904,15.292,16.018,15.806,15.282,14.548,13.998,13.246,12.76,13.57,12.727,12.369,12.197,12.504,12.594,12.638,12.082,12.358,12.738,13.372,13.786,13.673,12.804,11.025,6.4019,6.7851,8.2931,7.965,9.5516,9.253,9.253,8.6898,7.965,7.8764,6.4456,7.5302,8.5596,9.253,9.4333,10.081,10.871,10.649,10.596,10.61,12.012,11.177,11.668,11.953,12.358,11.906,12.594,13.487,12.082,10.871
16.815,18.721,20.423,20.437,19.966,19.832,19.259,18.706,17.683,16.187,15.705,14.557,15.731,14.246,13.489,14.975,14.9,14.451,15.151,14.393,14.975,14.634,15.561,15.917,15.855,14.672,14.442,12.742,10.542,8.9791,13.322,15.38,16.23,17.234,16.606,16.187,15.705,15.669,15.16,15.234,14.937,14.442,13.603,14.393,13.736,13.27,12.786,12.971,12.808,12.169,12.065,11.748,12.077,13.27,12.088,13.068,14.442,13.396,13.1,11.422,5.9155,7.3505,9.0102,8.5315,9.4648,8.7581,9.2403,8.3658,8.5315,7.6308,8.3658,7.7038,7.5199,9.0567,9.7129,9.7274,10.542,10.422,11.048,11.616,11.311,11.323,11.124,12.397,12.215,12.487,13.736,12.577,12.397,10.713
16.69,19.493,20.128,20.335,20.197,20.259,19.664,18.591,17.972,16.923,15.866,15.653,15.546,14.885,15.136,14.232,14.183,14.724,15.411,15.136,15.618,14.724,15.609,15.769,15.118,14.281,13.965,12.328,10.585,9.2463,13.257,15.546,16.318,16.522,16.823,16.42,16.18,15.474,15.769,15.411,14.696,14.311,14.203,13.784,13.257,12.774,12.872,12.328,11.819,12.385,12.697,12.34,12.203,12.34,12.785,13.455,14.514,13.476,12.904,11.593,5.8144,7.3622,8.2227,8.3576,9.5291,9.7465,9.0478,9.5291,8.7175,7.1894,7.4189,7.1113,7.9463,8.6046,8.7495,9.3664,10.884,10.703,11.349,11.037,12.065,11.878,11.819,12.774,12.374,12.785,13.257,12.796,12.294,10.703
16.81,19.37,20.656,20.411,19.939,19.571,19.449,18.761,17.294,16.329,14.895,15.421,14.37,14.213,13.486,15.266,14.524,13.793,15.036,14.82,15.376,14.895,15.449,15.904,14.592,14.961,14.438,12.54,10.632,8.7557,13.382,15.449,16.533,17.327,17.091,16.406,15.913,15.62,15.054,15.557,14.438,14.63,14.82,13.548,13.793,13.392,12.739,11.685,12.484,12.573,12.783,12.074,12.348,12.062,13.266,13.139,13.915,13.722,12.54,11.158,5.5224,7.5178,7.5734,9.1311,8.8035,9.8816,9.7102,8.5455,7.3674,7.8634,6.6277,8.0045,8.9766,9.373,9.5797,9.4177,10.064,10.499,11.121,11.246,11.685,11.745,11.934,11.828,12.348,12.617,13.915,13.486,13.224,11.221
16.95,18.978,19.653,20.34,20.09,20.16,19.674,18.62,17.797,16.438,15.634,14.767,14.255,14.918,12.75,15.571,14.974,14.833,14.643,14.255,15.16,15.271,15.58,15.39,15.883,14.255,13.076,12.28,10.588,9.0157,13.529,15.39,16.421,16.624,16.742,16.616,16.421,15.435,15.16,15.39,14.748,15.16,14.255,13.362,12.979,13.529,12.584,12.314,12.393,12.728,13.529,11.944,12.073,12.28,13.151,12.881,14.45,13.498,13.278,11.13,5.9191,7.5245,7.8704,8.6183,9.426,8.8747,8.7635,8.553,7.0633,8.2867,7.2009,8.0639,7.8168,9.0157,9.4705,10.401,10.184,10.549,10.442,10.279,11.367,11.218,11.367,11.563,12.348,12.75,12.405,12.584,12.584,11.563
16.368,18.615,19.842,20.613,20.469,19.92,18.781,18.273,17.261,16.143,15.88,14.781,14.416,13.788,13.29,14.998,15.175,14.318,14.876,14.657,14.989,14.416,16.117,16.325,14.923,14.619,14.657,12.107,11.027,8.5448,13.248,15.377,16.632,16.933,16.256,16.589,15.942,15.45,15.88,15.809,14.847,14.923,14.239,13.343,12.473,13.248,12.762,12.014,12.371,12.326,12.326,12.084,12.084,12.729,12.762,13.248,14.259,13.511,13.088,11.706,4.8857,6.5548,7.4943,8.6266,9.1479,9.0087,9.2548,7.8779,8.2946,6.889,7.2078,7.5317,8.0192,8.5448,8.6266,9.5974,10.124,10.083,10.519,10.651,11.464,10.808,11.622,12.405,12.563,12.234,13.819,12.188,12.507,10.599
16.426,19.2,19.84,20.135,19.84,19.288,18.734,18.109,17.812,16.931,16.358,15.293,14.55,14.987,15.403,14.267,14.694,14.959,14.761,14.959,15.584,15.403,15.256,15.256,15.449,14.874,13.572,12.404,10.807,8.8824,12.893,15.94,16.22,16.46,17.063,16.452,15.728,15.808,15.905,15.173,14.55,14.55,14.656,13.818,13.777,12.805,12.739,12.359,12.893,12.013,12.187,12.37,11.765,12.506,12.472,13.247,14.307,13.675,12.805,11.34,4.7983,6.5543,7.9482,8.0883,8.4781,9.2691,8.8824,8.5605,8.0709,7.5867,6.9695,6.7443,6.9695,7.8772,7.5867,9.7705,10.664,9.899,9.9555,11.064,10.729,11.439,10.729,11.439,11.633,12.903,13.756,13.162,11.573,11.265
16.268,18.523,19.157,19.355,19.471,19.622,18.286,18.139,18.553,16.652,16.233,14.318,13.829,13.92,13.798,14.629,14.407,14.426,14.792,14.943,15.66,14.934,15.66,15.443,15.186,14.943,14.041,12.38,10.419,8.6978,13.3,15.525,16.164,16.745,16.644,16.103,16.033,16.129,16.233,15.388,15.416,14.475,13.552,14.279,14.328,13.173,13.001,12.816,13.044,12.482,12.023,12.243,11.775,12.243,12.572,13.416,14.011,13.52,12.38,11.739,5.4599,6.9144,7.3864,8.6978,9.0775,8.8262,8.6329,7.5929,8.385,7.213,6.8941,6.7913,6.0465,8.385,8.2838,9.2615,10.459,10.933,11.386,10.933,10.297,10.459,11.187,11.679,11.187,12.426,13.634,13.52,12.516,11.149
16.655,18.526,19.219,19.16,19.739,19.624,19.226,18.32,17.631,16.856,15.188,14.593,14.281,13.522,15.011,13.1,14.775,14.486,14.593,14.477,15.823,15.197,15.599,15.671,15.671,14.043,13.501,12.484,10.568,8.7474,13.636,16.105,16.166,16.519,16.646,16.27,15.92,15.445,15.662,15.823,14.86,14.477,14.428,13.8,13.046,12.828,13.26,12.948,12.302,12.839,12.21,12.025,12.382,12.371,12.607,13.1,13.882,13.522,12.916,11.632,5.9299,6.4524,7.594,7.9558,9.0322,8.3862,8.8909,8.5687,7.3684,6.895,7.0763,7.5008,7.4254,8.2509,7.8311,10.42,9.278,9.9085,10.461,10.818,10.298,11.251,12.095,12.302,12.21,12.245,13.595,12.948,12.773,10.934
17.069,18.979,19.44,19.001,19.719,19.641,19.119,18.673,17.5,16.217,14.851,14.661,14.419,13.347,13.092,14.964,14.272,13.914,14.468,14.927,15.188,14.785,15.16,15.937,15.067,14.584,13.761,12.374,10.237,8.6937,13.587,15.813,16.846,16.937,16.466,16.466,15.813,15.381,15.742,14.842,14.622,14.88,13.873,13.782,12.599,13.514,12.908,12.566,12.908,12.363,12.374,12.203,12.295,12.51,12.897,12.821,13.994,13.42,12.831,11.769,5.534,6.7881,7.5336,7.88,9.5559,8.6937,8.481,8.6288,7.4962,7.5336,6.9112,7.88,8.0213,8.0911,9.4375,10.057,10.237,10.733,11.068,11.144,12.111,11.381,12.087,12.363,12.995,12.744,12.897,13.587,12.766,11.068
16.481,18.266,19.536,19.492,20.768,18.967,18.811,18.811,17.352,16.456,15.589,15.803,14.313,15.002,15.179,13.753,14.41,14.391,14.313,14.842,15.362,14.842,14.983,15.399,14.842,15.077,13.905,12.412,10.286,9.0211,13.568,15.252,16.111,16.498,16.498,16.634,16.033,15.472,15.444,16.111,14.833,14.652,14.917,13.243,13.814,12.758,13.116,12.195,12.502,13.105,12.813,11.904,12.736,12.813,12.468,12.813,14.575,13.243,12.758,11.061,4.9975,6.7839,8.0163,8.3758,9.8536,9.1446,8.8165,7.713,7.5846,7.5846,6.4662,6.7007,8.086,8.5581,7.4163,10.121,10.079,10.488,11.137,11.237,11.137,11.237,11.762,12.412,12.758,13.116,13.412,13.506,12.932,11.137
16.484,19.083,19.895,19.647,20.007,19.265,19.178,18.003,17.24,16.569,15.566,15.385,15.239,14.744,15.137,14.819,14.3,14.904,14.3,14.3,15.736,14.819,15.736,15.674,16.097,14.914,14.329,12.625,10.439,9.2583,13.242,15.43,16.611,16.945,16.535,16.304,16.158,15.275,15.629,15.412,14.914,14.904,14.446,13.892,13.556,12.801,13.072,12.58,13.263,12.39,12.58,12.092,12.39,13.494,12.39,13.072,14.093,13.761,12.801,11.644,5.8459,6.6947,8.3684,8.5341,9.0595,9.1058,9.044,9.2432,8.0788,6.8804,6.6316,6.6316,8.4847,8.3684,8.2163,8.9974,10.276,9.8448,11.165,10.506,11.227,10.86,11.692,13.104,11.644,12.625,13.566,12.877,13.232,11.127
16.539,18.415,19.415,19.872,20.228,19.531,19.523,18.521,17.976,16.741,15.058,14.992,13.775,14.719,13.497,14.45,15.048,14.304,14.604,15.389,15.389,15.961,15.462,15.961,15.389,14.537,14.46,12.348,10.601,8.811,13.235,15.435,16.101,16.471,16.488,15.882,15.961,15.794,15.435,15.353,15.362,14.992,13.926,13.805,12.924,13.246,12.728,12.279,13.361,12.222,12.393,12.084,12.461,13.235,12.805,13.235,14.255,13.764,12.924,11.623,5.4505,6.7796,8.3706,9.2456,8.9842,9.5879,9.8474,8.618,8.5363,7.4869,7.5242,8.0113,7.941,8.0636,8.487,10.114,10.073,10.482,11.659,10.588,11.23,11.168,11.838,12.628,12.461,11.659,13.235,12.628,12.314,11.168
16.733,18.946,20.17,20.114,19.77,19.174,18.998,18.512,17.228,15.732,15.874,15.134,14.559,14.394,12.809,15.272,14.91,13.97,14.635,15.382,15.883,14.985,15.427,15.786,14.854,14.966,13.92,12.078,10.649,8.3664,13.09,15.786,16.48,16.733,16.429,16.154,16.093,15.786,15.883,15.786,14.53,14.702,14.452,13.604,13.98,13.563,12.721,12.809,12.71,12.488,13.09,11.605,12.622,12.216,13.49,13.239,14.597,13.849,12.798,11.162,5.8445,6.8991,8.5321,9.5831,9.4211,9.7569,8.8066,9.241,8.077,8.0943,6.8991,6.6932,7.8662,8.6138,9.7569,9.7281,10.714,11.049,10.714,11.162,11.605,11.225,11.891,12.066,12.622,13.09,13.656,12.71,12.182,10.636
16.016,19.183,19.379,19.059,20.427,19.516,18.792,18.484,18.063,16.71,15.564,14.855,14.298,14.637,13.272,15.876,14.827,14.968,14.855,15.043,15.154,15.264,15.154,15.264,16.016,14.987,14.121,11.892,9.758,8.2833,13.398,15.237,15.876,16.405,16.943,16.617,15.456,15.429,16.13,15.885,14.637,14.968,14.091,14.56,14.298,13.85,13.272,13.356,13.23,12.309,12.545,11.833,12.068,12.172,12.723,13.241,13.554,14.121,12.579,11.226,5.9166,7.484,8.5331,9.5403,9.0119,9.0119,9.1354,8.9964,8.0952,7.6322,7.9556,7.1197,7.1979,9.2421,9.3625,9.657,10.91,11.163,11.251,11.833,10.715,11.714,11.833,11.714,11.618,13.092,13.23,12.745,12.091,10.702
16.97,19.244,20.423,20.14,20.007,19.64,18.936,17.41,17.305,15.922,15.156,14.251,14.706,13.607,12.812,13.741,14.533,13.093,15.431,14.904,15.431,15.412,16.158,16.019,14.97,14.97,14.251,12.069,10.181,8.6806,13.274,15.629,17.175,17.474,16.535,16.82,16.441,15.674,15.431,15.054,14.533,14.639,15.137,13.923,12.547,13.39,12.79,12.79,13.39,12.345,11.835,12.491,12.746,13.147,12.713,12.812,13.741,13.39,13.147,11.401,5.9174,7.578,8.8088,8.9975,9.5854,9.1059,9.3786,8.3685,7.3718,6.6317,6.6948,7.1009,8.4848,8.6158,8.9975,10.439,9.7305,11.127,11.401,11.608,12.39,11.608,11.716,12.345,12.069,12.921,13.802,13.494,12.491,10.651
16.12,18.821,19.11,19.271,19.675,19.866,18.558,18.368,17.49,16.902,15.516,14.553,13.408,13.912,12.764,14.783,14.553,14.083,15.177,14.698,15.297,15.731,15.434,15.452,15.588,14.418,13.678,12.19,10,9.0101,12.764,15.812,16.093,16.327,16.507,16.869,15.98,16.224,16.12,15.909,15.084,14.698,13.75,13.76,12.939,13.912,13.513,13.036,12.598,12.418,12.764,12.83,12.086,12.565,12.907,13.036,13.626,13.575,12.764,11.466,5.7329,6.641,8.1075,8.2959,9.2713,9.0723,9.0257,8.4967,8.6279,8.0205,7.3631,7.5885,7.717,7.9501,9.0568,10.195,10.056,10.44,11.417,11.067,11.029,11.33,12.086,11.243,11.672,12.993,13.282,12.808,12.202,10.914
16.218,18.732,20.279,20.029,20.133,19.539,19.337,18.084,17.476,15.726,14.654,14.108,14.92,13.907,13.907,12.902,14.217,13.907,13.998,14.778,14.721,14.413,16.365,16.14,15.583,14.731,14.393,12.56,10.728,8.7702,13.487,15.292,16.595,16.963,16.963,16.149,15.974,15.806,15.447,15.004,15.374,15.401,14.835,13.907,13.288,13.107,13.086,12.289,12.76,12.198,12.369,11.704,12.198,13.107,12.198,12.891,14.236,13.414,13.288,11.764,5.6321,6.6387,8.4938,8.8815,9.007,8.4938,9.0226,9.0537,7.8228,6.7018,7.3606,7.4365,7.6413,8.5432,8.0177,10.45,10.409,11.177,11.063,10.91,10.923,11.177,11.437,12.815,12.471,13.288,13.539,12.186,13.277,10.597
15.727,18.612,19.286,19.611,19.718,19.199,18.793,18.934,17.637,16.963,15.727,14.549,14.266,13.108,13.508,14.257,14.028,14.549,14.266,13.998,15.807,15.402,16.141,15.807,15.753,14.549,14.266,12.082,10.288,8.6252,13.571,15.592,15.939,16.502,17.029,16.629,15.939,15.878,16.141,15.655,15.172,14.578,14.217,13.581,13.257,13.571,13.257,13.118,12.232,11.989,13.257,11.62,12.232,12.738,12.716,13.246,13.908,13.404,12.76,11.438,6.0411,7.5862,7.9653,8.2933,9.3738,9.2533,9.4781,8.0703,7.5862,7.3608,6.5538,7.1086,7.823,8.5598,10.178,9.5958,10.517,10.715,11.462,11.572,10.91,11.063,12.094,12.105,12.403,12.415,13.288,13.032,11.989,10.728
16.582,19.008,20.271,19.93,19.272,19.703,18.621,18.801,17.147,16.31,15.161,14.984,14.402,14.46,14.605,13.806,14.72,14.451,15.142,15.679,15.714,15.161,15.571,15.962,15.354,14.643,13.977,11.898,10.642,8.3711,13.278,15.58,16.95,16.742,17.245,16.616,16.241,15.634,15.417,15.865,14.748,14.947,14.46,13.897,13.897,12.979,13.076,12.223,13.022,12.585,12.223,11.898,12.882,12.003,12.805,12.816,13.612,13.765,12.816,10.915,5.7267,7.4873,8.3711,9.0159,8.3711,9.3816,8.3711,7.5803,7.1228,7.4873,6.6338,7.3551,7.5803,8.27,7.5803,10.184,10.28,10.442,11.318,11.623,11.563,11.367,11.563,12.348,12.461,13.151,13.236,13.529,12.348,10.902
17.778,21.418,22.221,22.341,22.058,21.604,20.822,20.176,19.329,18.099,15.937,16.506,16.441,15.979,16.498,15.597,16.112,15.597,16.563,17.197,17.08,17.197,17.352,17.597,17.452,16.465,16.062,13.929,12.077,9.4403,15.083,17.801,18.545,18.688,18.831,18.695,17.838,17.995,17.597,17.868,16.045,17.39,16.53,15.285,15.364,15.011,14.271,14.054,14.271,14.522,14.309,13.54,14.073,13.697,14.705,14.494,15.109,15.083,13.609,11.625,6.2294,8.3577,8.7793,9.2542,9.3263,9.6228,9.8156,8.8401,8.0975,8.0311,7.407,7.8967,9.6645,8.61,8.4215,12.121,10.359,11.729,11.487,12.121,12.587,12.523,13.3,13.49,14.234,13.746,15.038,15.32,13.579,12.598
16.116,19.106,19.613,19.142,19.996,19.947,18.508,18.249,17.93,16.142,14.931,14.415,14.268,14.03,13.247,14.219,14.473,13.99,14.415,14.723,15.585,15.183,15.941,15.879,14.96,14.55,14.238,12.595,10.558,8.7392,13.247,15.941,16.503,16.563,16.461,16.09,15.403,15.755,15.648,15.692,14.55,15.174,13.99,14.395,13.51,13.51,12.74,13.087,12.893,11.621,12.199,12.014,12.371,13.087,12.74,13.087,13.818,13.572,13.247,11.266,5.2189,6.3808,7.1093,8.6909,9.5381,8.8192,8.0711,8.8826,8.0711,7.6422,6.2023,7.5312,8.4783,9.0238,9.2694,10.054,10.451,10.054,10.911,11.849,11.634,11.439,12.083,11.849,12.64,12.904,13.405,12.827,12.816,10.924
16.76,19.088,19.459,19.979,18.784,19.459,18.94,18.02,16.76,16.259,15.909,15.075,14.991,14.467,13.419,15.159,13.79,14.736,15.516,15.452,15.26,15.66,15.177,14.963,15.26,14.726,13.872,12.016,10.413,8.628,13.912,15.98,16.592,17.329,16.094,16.37,15.944,15.26,15.651,15.177,14.736,14.35,14.261,14.142,13.293,13.513,12.819,13.09,12.907,12.407,12.202,11.672,12.086,12.598,12.643,13.627,13.821,13.942,12.373,11.576,5.6341,6.2036,8.0205,8.6928,8.5626,8.5626,8.7733,7.8792,8.296,6.641,6.3601,7.1306,7.2089,8.7733,9.3769,9.5549,10.181,10.719,11.181,10.926,10.44,11.636,11.732,12.643,11.851,12.819,12.907,13.408,12.419,10.732
15.928,19.022,19.293,19.662,19.169,19.286,18.999,17.798,17.219,16.139,14.753,14.867,15.027,13.959,13.361,14.867,13.959,14.278,14.867,14.638,15.928,15.777,15.919,15.759,14.943,14.952,14.493,12.911,9.7844,8.1171,13.888,15.425,16.78,17.013,15.83,16.662,15.425,15.998,15.425,14.867,14.278,14.867,14.337,14.288,13.959,12.845,12.746,12.779,12.834,12.216,12.251,11.43,11.865,12.49,12.376,12.613,13.529,13.766,12.779,11.43,5.54,6.5636,7.6529,8.5562,8.5067,7.8884,9.083,8.0998,7.0795,6.4772,7.4478,6.1882,7.2174,9.7411,7.8884,9.0364,10.506,10.626,10.506,10.613,10.939,11.344,11.782,12.388,12.03,13.266,13.181,13.009,12.49,10.573
17.557,20.916,21.012,21.481,21.298,21.172,19.886,20.421,19.757,18.403,16.489,16.284,15.916,15.322,15.574,14.84,16.292,16.292,16.292,17.13,17.247,16.893,17.122,17.672,16.996,15.916,15.566,13.53,11.176,9.5672,15.082,17.503,18.541,18.801,18.743,18.278,17.403,17.442,17.618,17.442,16.611,16.996,15.609,16.118,15.189,14.685,14.975,13.922,14.114,13.922,13.299,13.126,13.46,13.971,13.922,15.127,15.109,15.082,13.845,12.496,5.1885,6.2693,7.8517,8.8662,8.8358,9.0614,9.0762,8.3823,7.9029,7.4289,8.3663,8.3179,8.0715,9.8582,9.7484,11.832,12.102,11.979,11.832,11.706,11.66,12.624,13.698,14.095,13.58,14.162,15.322,14.247,13.53,12.971
16.378,18.394,18.637,19.744,19.716,18.959,18.271,17.636,17.109,16.777,15.96,14.712,13.526,13.926,12.42,14.491,14.007,14.94,14.481,14.674,15.081,15.006,15.495,15.613,14.741,14.712,14.047,12.386,10.571,8.6365,13.599,15.916,16.524,16.651,17.346,16.455,16.162,15.676,15.96,16.387,14.798,14.285,14.413,13.526,13.794,13.422,12.832,12.386,12.777,12.744,12.521,11.969,12.34,12.611,13.103,13.103,13.763,13.526,12.386,10.937,5.4104,6.0491,6.9174,7.5029,8.5547,8.782,7.887,7.6515,7.0783,7.887,5.7386,6.9781,7.5029,8.2362,9.1585,10.205,10.301,11.04,11.863,11.684,11.192,11.636,11.672,11.636,12.306,13.263,13.263,12.611,12.431,11.154
15.913,18.687,19.627,18.889,20.164,19.425,18.528,17.792,17.139,16.606,15.273,14.478,14.154,14.566,13.261,14.566,13.771,14.947,14.671,14.738,15.447,14.862,15.19,15.42,15.392,14.738,13.524,12.246,10.741,8.5037,13.586,15.61,16.614,16.572,16.478,16.237,16.656,14.862,15.709,15.3,15.709,15.3,14.044,14.43,14.283,13.293,13.101,13.101,13.524,12.753,12.108,11.967,12.096,12.775,12.096,13.004,13.304,13.555,12.731,11.19,5.0042,6.186,7.4452,8.1143,8.3871,8.5037,7.9567,8.7484,7.832,6.7097,6.186,6.4532,6.7515,9.0176,9.0176,9.2639,10.245,10.741,11.92,11.24,11.389,11.451,10.923,11.967,11.778,13.272,13.261,12.819,12.383,10.935
16.969,18.437,19.547,19.547,20.169,19.718,18.822,18.238,17.167,16.559,14.879,14.242,13.872,13.544,13.678,13.781,13.872,14.399,14.418,14.66,15.001,15.435,15.407,15.812,15.589,14.85,14.418,11.911,10.413,9.0572,13.678,15.453,16.643,16.87,16.994,16.224,16.465,15.759,15.91,15.01,14.926,14.736,14.272,13.75,13.123,13.293,12.831,13.112,13.037,12.098,12.475,12.087,12.202,12.743,12.765,13.513,13.822,13.377,13.091,11.269,5.457,6.4698,7.3825,7.7174,8.6931,9.0261,8.6931,8.0208,7.9505,6.8904,7.4958,8.1079,8.5629,7.8258,9.2566,10.494,9.6721,10.601,11.244,11.181,12.087,11.852,11.911,12.809,12.408,12.362,13.513,12.374,11.958,10.494
16.357,18.545,19.783,19.91,19.2,19.258,19.2,18.047,17.614,16.426,15.006,14.874,14.414,13.509,12.595,14.316,15.071,13.571,14.921,14.655,15.512,15.154,16.211,15.905,15.448,15.293,14.237,12.083,10.41,8.8821,13.087,15.896,16.731,16.63,17.3,16.211,15.584,16.115,15.475,15.173,14.732,14.55,14.996,13.756,12.761,13.162,12.728,12.739,12.198,12.505,12.595,12.358,12.404,12.561,12.903,12.816,13.868,13.509,12.903,10.518,5.4036,7.3611,8.5438,8.0183,9.2537,8.5438,8.6256,7.877,7.437,7.948,6.3804,8.088,8.0707,8.7708,9.7414,10.123,10.872,10.716,11.669,11.24,12.415,11.24,12.083,12.29,12.639,12.739,12.903,12.761,11.954,10.491
16.318,18.296,19.778,19.856,20.241,19.398,18.811,17.925,16.726,16.215,14.842,15.001,14.025,13.742,13.243,13.864,13.905,14.459,14.718,15.426,15.398,15.444,15.444,15.75,14.926,14.546,14.613,12.468,10.231,8.6232,13.536,15.651,17.025,17.23,16.557,16.318,16.032,15.75,15.9,15.001,14.983,15.15,14.41,13.985,12.735,13.338,12.932,12.9,13.083,11.904,12.812,12.366,12.23,12.823,12.468,13.37,14.39,13.864,13.105,11.262,5.2171,6.3787,7.7129,8.6232,9.0208,9.0674,8.6881,8.5415,8.0858,7.435,7.4914,7.7129,8.2914,8.5415,9.7676,9.8534,10.713,11.46,10.804,12.321,11.904,10.92,11.904,12.4,12.321,12.4,13.401,12.412,11.762,11.023
16.115,18.508,19.288,19.541,19.72,18.816,19.024,18.485,16.435,16.831,15.08,14.722,14.55,13.909,13.777,14.463,13.582,14.761,14.694,14.579,15.173,14.079,15.448,16.588,15.173,14.617,14.463,12.595,10.179,8.771,13.119,15.43,16.964,17.646,16.503,16.323,16.638,15.584,15.071,14.732,14.987,15.155,14.395,14.617,14.079,13.087,13.279,12.595,13.373,12.29,12.013,11.657,12.013,12.816,12.415,13.257,14.656,13.756,12.739,11.438,5.4554,7.2071,8.1055,8.378,9.4341,9.147,9.1163,8.7389,7.5866,7.5866,7.3612,7.4935,7.8771,9.0078,9.2538,9.7272,10.558,11.14,11.14,11.14,11.729,10.924,12.739,12.595,11.848,11.954,12.827,12.728,12.595,10.192
16.466,18.964,20.254,19.505,19.265,18.377,18.92,18.239,17.258,15.408,14.322,14.263,14.272,13.514,12.744,14.88,13.994,14.272,14.468,14.964,15.454,14.936,15.946,15.884,14.964,14.419,13.994,12.203,9.959,8.4976,13.283,15.653,16.466,17.258,17.168,16.329,16.043,15.813,15.381,15.813,14.468,14.851,15.086,13.587,13.167,13.944,12.363,12.81,12.744,12.51,12.766,12.017,12.374,12.099,12.744,13.751,14.272,13.252,12.733,10.915,5.2205,6.7881,7.5894,8.2288,9.0267,9.1503,8.2799,8.0213,7.5336,7.4962,7.1313,7.4962,8.2968,9.2723,9.6727,9.5559,10.561,10.441,12.237,11.381,12.329,11.577,12.203,12.897,12.644,12.744,13.294,12.821,12.722,9.959
16.164,18.622,19.209,18.409,19.04,19.216,18.447,17.827,17.339,16.448,15.461,14.23,14.279,14.426,14.792,13.552,14.279,14.279,14.773,14.773,15.195,15.269,15.669,15.186,15.306,15.018,13.88,12.605,10.187,8.7783,12.947,15.669,15.989,16.164,17.371,16.845,16.465,15.66,16.465,15.741,14.792,15.009,14.475,13.583,13.92,13.098,13.3,12.75,13.098,12.827,12.75,12.197,12.023,11.679,12.516,12.827,13.5,13.001,12.914,11.25,5.4599,6.4733,7.2131,7.5929,8.6329,9.2615,8.5511,9.062,8.0775,8.0775,7.5372,6.9752,8.2498,7.9547,8.5675,11.149,10.446,10.446,11.149,11.858,10.738,11.149,11.237,11.386,12.116,13.92,12.947,13.268,12.116,11.149
16.137,18.456,19.509,19.174,18.819,19.429,18.234,18.024,17.517,16.525,14.894,14.675,14.335,13.506,13.423,13.927,14.286,14.286,14.286,14.713,14.941,15.304,16.232,15.026,15.423,14.018,14.018,12.203,9.9686,9.082,13.641,15.605,16.525,17.127,16.456,16.041,16.345,15.917,15.469,15.423,14.894,15.423,13.836,13.927,13.527,13.126,13.296,12.756,13.104,12.099,11.781,12.307,11.781,12.307,12.522,12.612,14.098,13.264,12.909,11.685,5.5393,6.8975,7.8875,9.3868,7.5967,8.894,9.1283,7.447,7.8875,6.8975,7.1381,8.029,8.0989,9.082,8.6371,10.925,10.743,10.678,11.155,11.243,11.392,11.588,12.578,12.386,11.781,12.778,12.656,11.864,12.215,10.925
16.163,18.841,18.893,18.96,19.313,19.291,18.661,17.661,17.274,15.917,15.313,14.482,14.008,13.927,14.637,13.433,14.128,14.799,15.469,14.598,15.423,15.277,14.951,15.961,14.752,13.805,13.693,12.822,10.137,8.5717,12.822,16.058,16.041,16.778,17.453,15.926,16.111,15.668,16.111,15.193,14.979,14.598,14.237,13.641,13.264,13.264,13.296,12.122,12.756,13.104,12.386,12.099,12.215,11.636,12.745,12.778,13.836,13.836,12.578,10.743,5.932,6.4547,7.0788,7.8876,9.2661,9.2661,8.3048,7.5967,7.6521,7.7253,7.7253,7.6521,7.5035,9.0354,9.2661,10.925,10.424,11.155,11.923,11.478,11.923,11.636,11.923,11.429,12.249,12.215,12.833,13.527,11.429,10.532
16.187,18.097,19.682,19.682,18.969,19.445,18.806,16.967,17.262,15.942,14.665,13.826,14.997,14.325,13.413,15.183,13.998,13.998,14.482,14.482,15.183,15.09,15.192,15.522,14.626,14.148,14.088,12.423,10.417,8.2481,13.755,15.594,17.099,17.074,16.376,16.221,15.906,15.458,15.413,15.413,15.015,14.404,15.071,14.404,13.765,13.755,12.603,12.647,12.998,12.513,12.298,11.347,12.769,11.997,12.298,12.513,14.088,13.632,12.747,10.93,5.2219,6.7484,8.0759,8.4999,8.7765,8.7765,8.6311,8.2481,7.9708,7.8821,6.9131,7.8821,8.5493,9.7333,9.5584,9.7765,10.918,11.235,12.114,11.628,11.915,11.147,11.58,12.824,12.48,13.127,13.298,12.813,12.423,11.071
16.036,18.247,19.286,19.611,19.199,19.023,18.537,17.613,17.087,16.963,15.283,15.07,15.005,13.776,14.471,13.816,14.655,14.413,14.394,15.474,15.402,15.402,15.402,15.807,15.691,14.693,13.816,12.198,9.9969,9.0072,13.508,15.255,16.219,16.459,17.062,16.73,16.018,15.691,15.583,16.036,15.402,14.835,14.616,13.341,13.404,13.372,13.341,12.738,12.198,12.012,12.989,11.848,12.105,12.232,12.561,12.902,13.581,13.086,12.186,11.376,5.5317,7.0689,8.0876,8.7704,7.9652,9.1156,8.6251,8.2933,7.8766,7.9475,7.9652,8.2763,8.2253,9.0072,8.2763,10.65,11.025,11.704,10.923,11.668,11.62,11.656,12.012,12.198,12.738,12.232,13.816,12.804,12.232,11.413
16.752,18.29,20.449,20.462,19.144,19.608,19.137,18.359,16.456,15.804,14.871,15.002,14.303,14.254,11.846,15.077,14.469,14.411,14.69,14.575,15.17,14.757,15.937,15.445,14.918,15.058,14.264,12.367,10.515,8.6237,13.773,15.445,16.902,17.117,16.836,16.55,15.972,15.399,14.833,15.399,14.871,14.614,14.871,13.568,13.084,13.105,12.356,11.846,12.08,12.287,12.824,11.702,12.367,12.725,13.116,12.758,14.106,13.286,12.813,10.921,5.4541,6.4447,8.376,8.9901,8.8802,9.2516,8.6885,8.4925,7.8753,8.0165,7.5291,7.4918,8.6885,9.7681,10.286,9.9953,10.286,11.175,11.726,11.137,11.905,11.137,12.401,12.802,12.813,13.105,13.116,12.987,12.23,10.408
15.748,18.982,19.166,19.566,19.174,18.982,18.803,17.796,17.637,16.853,15.193,14.865,14.364,13.886,13.05,14.799,14.286,14.482,14.751,14.894,15.386,14.856,15.007,15.395,15.496,14.433,13.422,12.099,10.136,8.3889,13.764,15.468,16.456,16.241,17.127,16.609,16.618,15.926,15.313,15.917,14.413,14.335,14.335,13.589,13.104,13.527,12.431,12.733,12.386,12.386,13.104,11.923,11.923,11.648,12.611,12.656,13.422,13.264,13.136,10.938,5.7143,7.138,6.8973,8.2365,8.7019,8.8938,8.0987,8.2365,7.8337,8.0289,6.9177,7.4468,8.6369,8.7503,9.6818,9.869,10.73,11.28,11.72,11.28,11.142,11.28,12.249,12.099,12.249,12.756,12.833,12.833,11.923,10.464
18.058,20.328,21.106,21.802,21.808,21.61,20.824,20.427,19.065,18.376,16.825,16.149,15.872,16.099,16.281,15.399,15.633,15.829,17.055,16.568,17.43,16.881,17.735,17.698,17.329,16.984,16.007,13.699,11.454,9.0552,14.665,17.391,19.016,19.484,18.874,17.879,17.72,17.43,17.43,17.391,16.881,16.624,15.872,15.416,14.555,14.739,13.835,13.481,13.699,13.57,13.57,13.219,13.451,14.152,13.961,14.675,15.468,15.072,14.152,12.237,5.5118,6.7405,7.7775,9.6447,9.1879,10.014,9.5325,8.5827,9.0552,7.6556,8.8298,8.4406,8.6917,9.1879,8.6296,12.541,11.513,11.478,12.138,11.835,12.616,12.487,13.481,12.838,13.056,13.61,14.527,13.689,14.444,12.105
17.711,20.756,21.395,21.275,22.125,20.762,20.21,20.297,18.716,17.764,16.294,16.894,16.027,15.55,16.094,14.841,15.367,16.285,16.409,16.966,16.71,17.068,17.404,17.558,17.734,16.838,15.128,13.699,11.38,9.9135,15.057,17.558,18.338,19.136,18.802,18.169,18.477,17.249,17.021,17.505,17.186,16.75,16.285,15.576,14.612,15.128,14.277,13.972,14.621,13.739,13.29,12.972,13.29,13.972,13.817,14.352,15.155,14.529,14.538,12.625,5.2917,7.9036,8.806,9.8454,9.3545,9.9677,9.8727,8.0721,8.8365,7.714,8.367,8.2045,8.9274,9.3976,8.5893,11.201,11.844,12.147,11.855,11.603,11.333,12.378,12.721,13.096,13.137,14.163,13.972,14.352,14.314,11.98
15.63,18.54,18.631,19.899,18.85,18.835,17.865,18.046,17.114,16.259,14.89,13.98,14.041,13.818,12.235,14.699,14.349,14.359,14.359,14.776,14.918,14.661,15.421,15.107,15.032,14.515,13.413,12.269,9.7561,8.5694,13.581,15.228,16.483,16.679,16.981,16.981,16.637,16.137,15.693,15.988,14.975,14.31,14.515,14.031,12.799,13.549,12.854,12.974,12.509,12.361,12.942,11.943,11.884,12.441,12.599,12.632,13.445,13.612,12.407,10.956,4.5407,6.3995,7.4022,8.0423,9.1434,9.0814,9.0814,8.1122,8.1296,7.6647,7.0904,7.8467,8.1122,7.5158,9.1434,9.6249,9.8855,10.223,10.549,10.223,11.704,11.274,11.059,12.269,11.656,11.74,12.599,12.843,12.269,10.943
18.127,20.531,22.128,22.34,21.176,21.17,20.74,19.891,18.349,18.349,16.296,17.134,15.818,15.272,15.483,14.697,15.578,15.818,15.707,15.844,16.255,16.485,17.252,18.349,16.493,15.886,15.578,12.818,11.605,9.356,15.264,17.752,18.748,19.314,19.005,18.633,18.164,17.322,16.213,16.615,16.163,16.68,15.987,15.264,14.099,14.697,14.165,14.42,14.279,13.79,12.818,13.139,14.317,14.614,14.022,14.099,15.784,15.131,14.165,12.466,6.2708,7.2842,8.3682,9.356,9.3416,9.2401,10.077,9.6535,9.0635,7.0588,8.8378,8.3682,9.6953,10.223,9.6535,11.523,11.107,11.709,11.948,12.477,12.303,12.336,13.129,14.42,13.016,13.974,14.87,13.533,14.354,12.116
17.546,20.249,20.644,21.38,21.717,20.973,20.98,20.249,19.8,18.674,17.237,16.625,15.974,15.864,16.722,15.677,15.694,16.2,15.591,16.133,16.593,16.504,17.143,17.009,16.601,16.083,14.83,13.005,10.69,9.391,14.602,17.615,17.737,18.208,19.298,18.333,18.149,17.82,18.464,17.392,16.698,16.794,15.771,14.966,15.634,14.685,15.046,14.304,14.087,13.962,14.602,13.914,13.291,13.482,13.69,14.639,14.966,14.739,13.64,12.88,6.244,7.778,8.1987,7.7953,10.435,9.9742,9.9066,9.2322,9.3336,9.1738,7.8468,8.3772,8.8607,9.5331,9.9066,11.971,12.488,12.456,12.838,12.456,12.838,12.963,12.838,12.963,13.571,13.729,14.611,13.699,13.522,12.094
17.641,20.262,20.578,21.499,22.165,20.663,20.348,20.883,19.036,18.808,16.708,16.489,16.209,16.611,16.251,15.78,15.365,17.02,16.093,15.814,17.317,16.292,16.383,16.708,16.676,15.78,15.269,13.698,10.945,9.9803,14.839,17.649,18.152,18.403,18.707,18.1,18.219,17.921,17.868,17.247,16.837,16.159,15.78,15.6,15.916,14.537,14.565,13.961,14.247,13.922,13.922,13.47,12.971,14.095,13.942,14.537,15.154,14.975,13.97,12.113,5.5155,7.5546,7.8,9.1794,10.194,10.22,9.9803,9.5389,9.7896,9.5248,8.2037,7.7828,8.4463,10.074,9.5248,10.896,12.56,11.979,12.113,12.463,12.667,12.496,12.815,12.836,12.815,13.845,14.426,13.49,13.53,11.934
17.106,19.739,21.71,21.778,21.704,21.146,20.716,20.01,19.705,18.232,17.693,16.474,16.693,16.145,16.011,15.113,16.078,15.766,15.74,16.103,17.098,16.269,17.098,17.387,16.693,16.095,15.033,12.824,10.984,9.5584,14.598,16.925,18.408,19.208,18.783,18.919,17.541,17.487,17.114,17.302,16.596,16.62,16.145,15.042,14.44,15.113,14.338,14.006,13.518,13.929,13.996,12.876,13.725,13.695,14.459,14.952,15.586,15.069,14.101,12.102,5.412,8.4385,9.6423,10.432,10.38,10.687,9.9035,10.224,9.8355,8.8124,8.3585,8.4385,9.3882,9.9576,10.224,12.322,12.289,12.201,12.09,12.322,12.538,12.824,13.083,13.725,14.149,13.114,13.114,14.006,13.124,12.549
17.622,20.989,20.634,21.369,21.369,21.351,20.64,19.804,20.319,18.499,17.166,16.266,14.959,15.549,14.26,17.048,16,16.365,16.39,16.617,16.528,16.1,16.593,16.714,16.528,16.1,14.95,13.955,11.08,9.6824,14.549,17.69,17.849,18.103,18.456,18.723,17.834,17.894,17.69,18.199,17.048,15.823,16.2,15.03,15.11,15.093,14.232,13.485,13.946,14.335,14.604,13.683,13.722,13.275,14.032,14.678,14.595,14.95,13.683,12.144,5.4111,7.7049,8.4371,9.0515,10.822,10.785,9.9694,10.288,9.4578,9.6407,8.3731,8.688,9.2278,10.417,11.473,10.933,12.199,12.957,13.05,13.214,12.439,12.874,12.706,13.244,13.83,14.668,13.634,15.03,13.325,12.099
17.841,19.953,20.901,22.046,21.15,22.028,20.662,19.483,18.586,18.11,17.545,15.563,16.281,15.072,14.756,16.567,16.082,15.905,16.015,16.098,16.825,16.478,16.273,16.396,16.753,15.563,15.072,13.381,11.594,9.7828,15.39,17.429,18.177,18.788,19.627,18.788,18.236,17.629,17.735,17.545,16.371,15.973,16.107,15.769,15.32,15.416,14.61,14.237,13.689,14.527,14.341,13.57,13.086,12.827,14.406,14.341,15.249,14.518,13.698,11.937,6.2649,7.3691,8.198,10.187,10.639,10.187,9.7828,10.499,9.5323,9.8377,8.198,8.0491,9.9057,9.8649,10.689,9.7828,12.204,12.093,12.324,12.541,12.827,12.368,13.219,13.086,13.961,13.219,15.072,14.747,14.009,12.711
17.748,20.245,21.312,21.662,21.606,21.255,20.898,19.87,19.245,18.388,16.887,16.541,16.146,15.767,16.012,14.845,15.767,16.079,16.533,15.767,16.926,16.394,16.004,17.233,16.926,15.97,15.466,13.002,10.675,9.3316,15.07,17.326,18.871,18.871,19.126,19.118,17.854,17.906,17.233,17.876,16.879,16.598,16.079,14.827,15.114,14.553,15.034,13.726,14.15,14.376,14.46,13.608,13.519,13.379,14.235,14.672,15.353,14.339,13.638,12.366,6.2426,8.3754,8.5028,9.389,10.433,10.212,10.497,10.497,9.1865,9.0539,8.6283,8.2948,8.9193,9.6849,9.4603,12.103,10.42,11.417,12.614,12.656,12.624,12.29,13.479,12.825,13.911,13.608,14.442,13.959,14.007,12.528
15.676,18.08,18.851,19.029,19.184,19.44,18.328,17.837,17.193,16.787,15.201,14.75,13.607,13.934,12.763,14.055,14.135,14.294,14.75,14.606,14.987,14.499,14.987,14.987,15.024,14.372,13.596,12.256,9.9171,8.241,13.398,15.934,16.396,16.871,16.996,16.353,16.353,15.477,15.837,14.958,15.284,15.201,13.771,13.782,12.96,13.648,13.303,13.314,12.927,11.787,12.221,12.035,11.691,12.785,12.393,12.438,13.802,12.851,12.129,11.691,5.2552,6.5663,7.5074,8.7066,9.4067,8.8987,9.2861,9.1639,8.2922,7.6006,7.656,8.1031,8.6416,8.6416,9.9171,10.016,10.072,10.931,10.577,10.944,11.642,11.249,11.398,11.249,12.347,13.314,13.782,13.534,11.87,11.261
16.127,17.806,18.838,19.127,19.587,18.252,18.838,17.07,16.937,16.473,15.621,14.301,14.112,13.572,11.982,14.506,13.809,13.655,14.022,14.35,14.69,14.379,15.32,15.63,14.35,13.278,13.603,12.111,10.582,8.0372,13.614,15.466,16.904,16.499,17.004,16.601,16.541,15.933,15.439,15.729,14.497,14.795,14.814,13.278,12.433,13.118,12.388,12.319,12.791,13.02,12.591,11.648,12.399,12.444,12.747,13.15,14.35,12.857,12.769,10.516,5.2309,6.9249,7.8418,8.7915,9.6189,9.7933,9.0445,9.1376,7.9844,8.7109,7.0859,7.6044,8.564,9.0445,9.7644,9.9787,9.922,10.475,10.833,11.648,11.697,11.793,11.465,12.123,12.111,12.966,13.541,13.193,12.319,10.622
16.145,18.08,19.007,19.14,18.828,19.029,18.542,18.119,16.871,16.206,15.108,14.987,14.721,14.441,14.873,13.648,14.721,14.294,14.788,14.75,14.683,14.294,15.321,14.958,14.788,14.606,14.343,11.198,9.9738,7.9805,13.111,15.926,16.491,16.962,17.136,16.396,15.97,16.206,15.613,15.685,14.721,14.949,14.294,13.44,12.663,13.314,12.618,12.381,12.393,12.438,12.21,11.691,12.105,11.87,12.763,12.585,13.534,13.534,12.313,10.617,5.0081,7.2204,7.7293,8.6417,9.0712,9.0712,9.7452,8.1205,8.7066,8.0333,6.9011,7.9628,8.5597,9.3917,8.5762,10.944,10.252,10.749,11.161,10.43,10.47,11.348,12.105,12.313,12.105,12.393,13.534,12.663,12.221,11.198
15.774,18.681,18.438,18.779,19.385,19.246,18.824,18.346,17.104,16.293,15.21,14.796,14.796,13.779,13.82,12.858,14.429,14.023,14.429,14.449,15.107,14.351,14.957,14.652,14.585,14.023,13.851,12.228,9.9794,7.9672,13.542,15.792,17.293,17.293,16.88,16.154,15.622,15.685,15.792,15.21,14.957,14.967,13.942,13.851,12.847,13.118,12.502,12.388,13.279,12.354,12.354,12.263,11.661,12.625,12.124,12.625,13.437,13.279,12.32,10.623,5.3115,6.9253,7.7337,9.412,8.6465,9.2761,8.8401,9.5754,8.2457,7.1261,7.6049,7.6049,8.7115,8.0378,8.3138,10.217,10.623,10.833,11.367,10.676,11.205,10.676,11.367,11.697,12.042,12.263,13.406,13.542,12.748,10.937
18.205,20.3,20.723,20.723,21.13,20.657,20.814,20.267,19.316,18.412,16.659,16.189,15.645,15.197,15.593,15.171,15.61,15.749,16.659,16.139,15.86,16.781,15.86,16.781,16.072,15.375,14.8,12.925,10.865,9.2059,15.61,17.203,18.862,18.92,18.397,18.063,17.722,17.661,17.7,16.989,16.724,16.339,15.313,15.445,14.579,14.653,13.982,14.059,14.059,13.266,13.569,13.509,13.529,13.529,13.338,14.011,14.288,14.607,13.738,12.069,5.6284,7.2476,8.3904,8.9524,10.05,10.523,9.5665,9.3663,8.4707,8.8612,7.7356,8.9826,8.8459,8.8917,9.9413,10.727,10.94,11.412,12.488,11.063,12.499,12.532,12.532,13.266,13.539,13.659,14.392,15.304,14.354,13.009
15.71,17.311,18.799,19.609,19.522,18.844,17.123,18.859,16.492,16.145,15.701,14.707,12.871,15.96,10.701,13.132,11.416,13.587,13.916,16.206,15.039,15.058,13.462,15.114,15.456,13.722,13.957,10.962,9.4669,7.9045,13.794,16.093,17.442,16.898,16.688,17.385,16.645,15.996,14.983,15.226,14.158,14.396,15.42,13.916,13.67,13.865,12.772,12.458,12.515,11.217,11.367,11.453,12.605,11.746,12.458,12.937,13.293,13.132,11.613,10.447,4.7558,6.4027,8.8495,7.9757,9.286,9.0392,9.0859,9.422,7.613,8.8014,4.8149,6.9327,9.286,8.4071,10.554,9.6298,8.3057,9.0548,9.7755,10.634,12.031,10.648,13.335,13.556,11.217,12.125,13.556,12.772,13.794,11.179
15.732,18.318,18.797,18.827,18.827,19.337,18.132,18.441,16.605,16.261,15.633,14.451,15.11,14.353,13.944,14.77,13.658,13.709,15.11,14.025,14.96,13.944,14.874,15.1,14.451,13.944,13.544,12.114,9.9242,8.3995,13.792,15.981,16.596,16.799,16.494,16.596,16.545,15.795,15.415,15.044,15.415,15.1,14.431,15.044,13.792,13.575,12.436,12.627,12.627,12.137,12.137,11.443,12.137,12.436,12.137,12.849,13.376,13.195,12.627,10.952,5.232,6.3748,8.0915,9.0153,8.905,8.7613,9.0153,8.4997,8.1089,6.4627,7.147,7.0875,7.5502,9.0465,9.2775,9.2775,10.218,10.437,10.218,10.315,10.757,10.743,11.795,12.264,12.794,12.402,13.323,12.969,13.023,10.545
15.853,17.76,19.048,18.787,18.787,19.394,18.423,17.815,17.374,16.677,15.3,14.803,14.258,13.443,13.284,14.964,14.298,13.908,14.697,13.908,15.048,14.357,15.048,14.504,14.504,13.548,13.327,11.799,9.5056,8.3174,13.453,15.941,16.404,16.609,16.946,16.778,16.065,15.337,15.95,15.986,14.764,14.697,14.308,13.662,13.411,13.453,12.675,12.631,12.597,12.268,12.597,11.763,12.439,11.882,12.141,12.94,13.284,13.295,12.129,10.641,5.3403,6.9079,7.8995,8.9075,9.173,9.0178,7.737,8.7959,8.4018,8.0937,7.2275,7.3822,7.6082,9.1422,9.4161,8.8439,9.7981,10.628,10.838,10.955,11.209,10.955,12.268,12.047,12.222,12.541,13.443,13.662,12.541,11.272
17.417,19.666,20.604,20.053,19.782,21.42,19.911,20.942,20.787,19.158,17.663,16.567,14.065,17.579,18.91,16.404,16.263,15.446,16.305,17.525,18.623,15.128,15.341,15.385,14.294,15.101,13.507,14.434,11.406,9.7606,15.146,18.301,18.183,20.067,18.071,17.876,18.543,17.041,17.853,16.962,17.269,17.363,17.339,15.279,14.132,14.776,14.712,14.546,14.331,13.081,12.831,13.755,14.265,12.736,14.132,14.629,14.331,14.583,13.507,12.05,5.8083,7.3469,7.9469,8.8469,8.7085,10.71,9.3655,9.8706,10.71,6.7536,7.4924,7.2731,9.7606,9.4087,8.8773,12.128,10.442,10.312,11.441,11.96,11.106,10.659,11.96,14.444,13.081,13.275,16.038,14.065,13.988,12.988
16.25,18.651,19.188,19.767,19.312,18.651,18.772,17.855,16.972,15.486,15.21,14.957,14.882,13.972,13.065,14.614,13.779,13.81,14.302,14.023,14.815,14.498,15.622,14.729,14.252,13.542,13.521,11.983,9.4121,8.2457,13.279,16.128,16.905,17.203,16.872,16.474,16.154,15.792,15.694,15.467,14.302,14.585,15.191,13.902,13.542,13.321,12.112,12.67,12.4,12.792,12.228,12.4,12.4,12.389,12.625,12.967,13.321,13.194,12.77,10.516,5.4167,6.9254,8.0903,8.7116,8.515,9.2762,7.8962,8.0903,8.0903,7.605,6.57,7.2245,7.4551,9.0452,9.5016,9.0764,10.217,10.583,11.167,11.601,11.053,10.95,11.794,12.32,12.389,12.77,12.934,12.967,12.32,10.95
16.07,18.06,19.443,19.122,18.907,18.951,17.674,18.161,17.586,16.148,14.876,14.905,15.398,13.846,13.017,15.027,13.443,13.937,14.346,14.267,14.876,14.647,14.375,15.018,14.905,14.138,13.805,11.351,10.144,7.6021,13.651,15.973,17.417,17.53,16.672,16.765,16.357,15.724,15.315,14.905,14.647,14.876,14.686,14.058,13.967,13.274,12.754,12.787,12.919,12.665,12.621,12.131,12.119,12.497,12.665,12.497,13.774,13.306,11.789,10.254,5.7186,6.9836,8.1047,9.2879,9.0262,9.1349,9.4086,8.8369,7.6021,7.2218,6.9228,6.758,8.1221,9.5719,9.1349,9.616,9.7903,11.163,11.263,10.632,10.539,10.738,11.789,12.497,12.224,12.258,12.787,13.274,12.258,11.596
16.527,18.566,20.311,19.642,19.749,18.754,18.807,18.26,16.485,16.139,14.868,15.028,14.338,14.279,14.981,13.767,13.929,14.484,14.944,14.02,14.484,14.677,15.398,15.499,14.802,13.777,13.508,11.747,10.207,7.8888,13.267,15.929,16.663,17.056,17.113,16.655,16.278,15.751,15.616,15.607,14.484,14.677,14.367,13.889,14.01,12.922,12.824,12.422,12.58,12.758,13.053,12.124,12.113,12.422,12.124,12.58,13.309,12.524,12.343,10.466,5.3331,7.5979,8.2892,9.0212,9.6107,9.2676,9.0212,8.5566,8.2551,7.4292,7.5421,8.1175,7.9599,8.1175,7.7265,10.304,9.7561,9.7561,9.9702,10.823,11.783,10.732,11.48,12.835,12.388,12.49,13.797,12.78,12.614,10.138
15.789,18.25,19.25,19.243,18.678,18.411,18.549,17.395,17.142,16.394,15.207,14.955,15.095,14.879,14.299,14.299,13.899,14.65,14.378,14.582,14.955,15.216,14.793,14.992,14.611,14.582,13.319,11.29,10.434,8.2612,13.899,15.843,16.667,16.667,17.395,16.497,16.488,15.682,15.976,15.464,14.582,14.955,14.65,13.818,13.653,12.855,12.745,11.695,12.623,12.26,12.226,11.791,11.647,12.789,12.668,12.499,13.602,13.319,12.855,10.74,5.7442,6.9037,7.9658,8.7905,9.7633,8.902,9.4551,9.1674,8.8385,6.9037,6.7173,7.8946,8.5629,7.9658,8.3123,9.5737,10.948,9.5737,10.948,10.311,10.687,11.253,11.089,12.121,12.11,12.668,12.932,13.019,11.695,10.753
15.466,18.838,18.71,18.71,19.543,19.186,18.413,18.034,17.814,17.103,16.249,14.291,14.428,14.506,14.69,14.496,14.022,14.496,14.69,14.651,15.022,15.031,14.112,14.795,14.994,14.251,13.139,11.793,10.105,8.7914,13.117,16.127,16.257,16.541,16.153,16.499,15.764,15.292,16.292,15.764,15.411,15.041,13.788,13.809,13.603,12.769,13.436,12.535,12.758,11.935,11.876,11.793,11.267,12.319,12.387,12.933,13.064,13.278,12.111,10.936,5.7202,6.9248,8.3132,9.5008,9.2754,9.1375,9.7932,9.2906,8.5803,7.8955,7.5485,7.4545,7.3975,8.5803,9.0445,9.7643,10.257,9.4113,11.052,11.166,10.754,11.254,10.462,11.204,11.876,12.966,12.922,12.669,11.166,10.949
18.172,20.222,21.312,21.812,21.607,21.344,20.454,20.434,18.763,18.437,17.759,17.196,16.911,15.558,16.153,16.17,15.79,16.095,15.79,15.576,16.903,15.584,16.951,17.414,16.253,15.584,15.092,12.823,11.147,8.641,15.137,17.66,19.315,18.72,18.437,18.553,17.88,17.453,16.775,16.775,16.775,16.295,15.558,15.619,15.056,14.056,14.36,13.658,14.694,14.123,13.469,13.135,13.499,14.463,13.707,13.98,15.27,14.546,13.931,11.986,6.3162,7.4336,9.796,10.24,9.8645,9.9868,10.513,9.6992,9.3598,8.5626,7.4336,8.1266,8.0599,9.7546,9.3454,10.384,11.469,11.038,11.986,11.387,12.504,11.748,12.99,13.588,13.539,13.98,14.657,14.256,14.028,11.469
15.808,18.699,18.842,20.014,19.679,19.265,18.797,17.553,16.788,15.95,15.455,14.667,13.986,13.721,12.548,14.365,13.956,13.864,13.956,13.986,14.463,14.599,14.599,15.038,14.782,13.834,13.131,11.66,9.6289,8.0981,13.617,15.808,16.266,16.922,17.047,16.61,15.985,15.861,15.959,15.418,14.443,14.365,14.705,13.793,13.555,13.292,12.804,11.995,12.604,12.638,12.947,11.948,11.805,11.709,12.24,12.804,12.859,12.859,12.136,10.486,5.7509,7.1331,7.4623,9.0851,9.4661,9.054,9.4661,8.7685,8.5729,9.1007,7.1528,6.5764,8.1155,9.7746,9.57,8.6549,9.5848,10.553,11.278,11.063,10.844,10.948,11.769,11.66,11.948,11.672,12.412,12.804,12.446,10.553
15.704,18.288,18.791,19.266,19.78,19.317,18.45,17.539,17.699,16.51,14.662,13.819,13.951,13.86,12.633,13.716,13.798,13.86,14.594,14.891,14.311,13.582,15.477,15.22,14.739,13.981,13.202,12.442,9.6988,8.0954,13.623,15.802,16.373,16.681,17.14,16.086,16.269,15.495,15.856,15.559,15.108,14.507,14.594,13.456,12.932,13.613,12.932,12.408,12.224,12.05,12.27,12.453,11.884,12.236,12.12,12.544,12.756,12.678,12.362,10.762,6.4659,7.5539,8.3021,8.5204,9.9858,9.2973,9.5816,9.0509,8.5204,8.268,6.9298,7.9012,8.2509,9.0353,8.652,9.6988,9.4629,10.223,10.55,10.683,11.374,11.362,11.705,11.991,12.544,12.442,12.778,13.202,12.12,11.3
17.424,20.56,20.58,21.466,21.403,21.536,21.156,20.56,19.756,18.419,17.024,16.41,15.807,14.589,13.994,15.592,15.807,15.505,16.664,15.807,16.187,16.32,16.245,16.969,16.145,15.592,14.496,12.993,11.049,8.881,14.964,17.532,18.775,18.968,18.375,18.079,17.921,17.143,17.3,17.347,16.237,16.145,15.841,15.807,13.868,14.864,14.071,13.984,14.271,14.186,13.513,14.299,12.836,13.672,12.91,13.602,14.138,13.809,12.993,11.725,6.7764,8.3318,9.3694,9.6674,10.964,11.243,10.355,10.251,8.881,8.8353,7.4413,9.5832,9.4126,9.8061,11.049,11.11,11.398,10.927,11.783,12.055,12.397,12.133,13.731,13.493,13.483,13.76,15.108,14.042,14.645,11.965
16.554,18.428,19.26,19.253,19.201,18.972,19.609,18.328,17.354,15.99,14.262,14.624,14.312,14.183,14.033,12.943,14.043,13.799,14.262,14.312,14.74,14.459,14.768,14.701,14.361,13.299,13.32,11.212,9.6263,8.1133,13.299,15.955,16.227,17.083,16.605,16.261,16.069,15.22,15.043,14.595,14.459,14.508,14.459,12.801,12.856,13.074,12.634,11.944,11.992,13.128,12.511,11.375,11.693,12.027,12.225,12.409,12.932,12.845,12.237,10.697,5.3152,7.0914,8.3026,9.2826,9.5674,9.4635,9.6263,8.5705,7.9016,8.0959,7.7391,8.6526,7.9728,9.0202,9.0827,10.265,10.47,11.657,11.449,10.265,10.958,11.263,12.144,12.443,13.128,12.132,13.457,13.288,12.845,11.06
15.008,18.2,19.035,19.212,19.271,18.788,18.668,18.308,17.672,15.993,15.233,14.186,13.72,14.393,15.223,12.858,14.704,14.364,14.364,14.666,14.923,15.055,14.442,14.704,14.364,14.704,13.152,11.947,9.4654,7.6117,13.585,15.426,16.072,16.651,16.489,16.412,15.499,15.307,15.454,15.344,14.462,14.923,13.914,13.333,12.946,12.869,12.858,12.411,12.411,12.681,11.947,11.947,11.947,11.744,12.053,12.803,12.979,13.152,11.768,10.752,5.3163,7.6117,8.2531,9.4055,9.1773,10.267,8.8,8.5887,8.3213,8.0975,7.5183,7.9032,7.9921,8.4058,8.7193,10.752,9.8888,10.101,10.553,10.646,11.215,11.611,11.672,12.445,12.858,12.274,12.869,13.833,11.672,11.177
17.698,20.61,20.948,20.889,22.096,21.197,20.61,20.799,19.753,18.915,16.758,16.134,15.589,15.624,15.345,15.83,16.042,15.354,15.94,15.572,16.276,15.804,16.79,16.79,15.864,15.667,14.716,12.834,11.023,9.368,15.079,17.211,18.453,18.714,18.504,18.038,17.881,17.429,17.156,16.83,16.317,15.804,15.45,15.079,14.67,14.41,14.136,13.992,13.866,13.309,13.521,13.248,12.515,13.309,13.156,14.04,14.559,13.719,13.719,11.85,6.8348,8.7108,8.9403,9.5394,11.479,10.09,10.09,9.368,9.368,8.6486,8.067,8.9403,9.3536,9.982,10.522,10.354,11.157,11.997,10.962,11.724,13.837,12.643,13.41,12.855,14.438,14.962,14.494,15.838,14.373,13.228
16.056,17.853,19.715,19.477,19.038,19.715,18.792,18.619,17.971,17.291,15.764,14.689,14.88,14.496,13.309,15.328,14.583,14.583,14.447,13.9,14.766,14.88,14.651,14.496,14.756,14.251,13.849,11.66,9.5744,8.3129,13.063,15.62,16.153,16.395,16.498,16.498,15.791,14.871,15.438,15.968,14.689,14.379,14.349,13.849,14.021,13.277,12.59,12.624,12.624,12.433,12.353,11.935,11.648,11.166,12.134,12.261,12.534,12.261,11.648,10.105,5.9378,7.5483,8.5636,8.5636,9.2752,10.312,9.0442,9.013,8.0369,7.6595,7.4543,7.5108,8.0369,9.396,9.764,9.2752,9.5744,9.7496,10.949,11.051,11.266,10.754,11.266,11.696,12.215,12.444,13.436,12.624,12.856,11.166
15.984,18.83,19.164,19.594,19.046,19.252,18.482,17.86,17.924,16.22,15.215,14.763,14.027,14.453,13.283,15.028,14.772,14.177,14.306,14.82,14.763,14.962,15.49,15.112,14.657,14.385,13.577,12.128,10.095,7.8448,13.123,15.636,16.684,17.151,16.802,16.411,15.797,15.445,15.626,15.445,14.512,14.306,14.257,14.067,13.41,13.546,12.392,12.629,12.139,12.358,11.604,11.797,11.797,11.271,11.737,12.046,12.851,12.358,11.94,10.025,5.9403,7.4574,7.8986,9.4598,8.7627,8.9065,9.5045,8.2482,7.6628,7.0886,6.9071,7.6073,7.0886,9.4598,9.797,8.8429,10.261,9.9825,10.081,10.466,10.953,11.094,11.17,12.438,12.438,12.358,13.452,13.906,12.774,11.653
16.658,18.462,19.505,19.271,19.764,19.678,18.576,18.864,17.389,16.418,15.23,14.787,13.828,13.211,13.559,13.838,15.062,13.828,15.118,14.604,14.986,15.313,15.015,14.815,15.239,14.191,12.808,11.713,9.9924,7.9953,13.465,15.813,16.513,16.496,16.175,16.149,16,15.46,15.35,14.901,14.977,14.672,13.339,13.591,12.984,13.838,12.808,13.038,12.608,11.664,11.481,11.713,11.181,11.809,11.369,11.952,12.864,12.058,11.282,10.769,5.9462,7.8525,8.1182,8.5261,9.3034,8.8035,9.0881,8.4092,8.4092,7.6148,6.9344,7.9776,7.6703,8.1356,9.0413,9.7778,9.5879,10.216,10.449,9.5139,10.703,10.847,10.326,12.416,12.461,11.999,13.082,12.853,12.336,11.664
16.054,18.125,18.525,19.496,19.3,18.789,18.585,18.023,17.596,15.77,15.408,14.687,14.059,13.569,12.442,14.868,13.538,14.347,13.538,14.426,14.347,14.426,14.764,14.347,14.649,13.969,13.538,11.488,10.145,8.1055,13.538,16.15,16.666,17.231,16.496,16.15,15.436,15.019,14.878,15.509,14.581,14.139,14.298,14.019,13.517,13.286,12.039,12.397,12.385,12.259,12.351,11.164,11.98,11.364,11.79,12.109,12.622,12.622,11.79,9.9768,5.2567,7.1243,7.4342,9.0272,8.8378,9.0428,9.3946,7.4531,7.8941,7.5096,6.8003,6.46,7.377,9.0272,9.0272,7.8941,9.617,9.5729,9.617,10.31,10.831,10.934,11.252,11.646,11.597,12.385,13.371,13.601,13.115,10.947
15.478,17.986,18.512,19.142,19.26,19.493,18.181,17.669,17.354,15.981,15.109,13.666,14.033,14.262,13.666,14.595,13.624,14.312,14.043,14.508,14.701,14.391,13.911,14.892,14.282,13.861,13.415,11.885,9.8009,8.4042,12.944,15.857,16.554,16.554,17.117,16.262,15.804,15.424,15.053,15.118,14.768,14.624,13.624,14.312,13.551,13.32,12.363,12.409,12.454,12.237,11.375,11.766,11.945,11.802,11.885,12.121,12.409,12.679,11.657,10.21,5.4724,6.4005,7.9018,8.8464,7.9729,9.4037,8.6527,7.9729,7.4604,6.8069,6.4663,6.1986,6.66,8.6527,8.8464,8.096,9.0828,10.32,10.224,10.155,9.5823,10.631,10.841,12.132,11.263,11.669,12.511,13.16,12.511,10.958
15.85,18.258,18.656,19.156,19.722,18.784,18.095,18.048,17.605,16.159,14.886,14.296,13.378,13.854,13.409,13.814,13.525,14.384,14.355,13.976,14.453,14.067,14.147,14.589,14.296,13.854,12.85,11.664,9.5781,8.3161,13.525,15.734,16.298,16.683,16.479,16.159,15.408,15.046,15.948,14.772,14.502,15.626,13.282,14.256,12.045,13.293,12.449,12.505,12.595,11.652,11.761,11.664,11.469,12.449,11.208,12.045,13.025,12.358,11.664,10.479,5.2596,6.6571,8.5669,8.5833,9.2939,8.5007,8.7139,8.04,7.5511,6.9272,7.5136,6.5718,8.0924,7.8445,8.2479,9.3996,9.6222,10.024,10.438,9.7533,11.094,11.17,11.17,11.939,12.139,12.358,12.403,13.525,13.144,11.652
15.477,18.756,18.756,19.049,19.814,19.432,18.839,17.578,17.383,16.539,15.134,14.415,14.306,13.853,12.867,14.066,14.336,13.574,14.147,14.286,14.483,14.542,15.031,15.367,14.177,13.843,13.342,11.965,10.13,8.5851,12.965,15.134,16.921,16.71,16.254,16.718,15.477,16.008,15.477,14.993,14.726,14.415,14.483,13.935,13.311,13.605,12.656,12.257,12.43,12.43,12.257,11.677,11.181,11.677,11.725,12.047,12.954,12.164,11.822,10.488,5.051,6.8183,7.2417,8.5354,9.5243,8.8613,9.0668,8.4184,8.057,6.7766,7.4729,7.163,8.1445,8.1271,8.6672,8.781,9.9037,9.8174,9.5984,9.8174,10.781,11.117,11.518,11.628,11.677,12.384,12.954,13.637,12.656,11.079
17.753,20.497,21.652,21.325,22.177,21.331,21.331,19.771,19.124,17.684,16.587,16.332,16.065,15.464,15.681,14.461,15.742,15.604,15.913,15.819,16.291,16.056,17.006,17.445,16.652,16.249,15.681,13.034,10.972,9.0983,15.092,17.484,18.847,18.982,18.448,18.204,18.025,17.195,16.982,16.934,16.595,16.942,15.819,16.056,14.573,15.297,13.878,13.493,13.956,13.158,13.423,12.58,13.24,13.613,12.919,13.613,14.73,13.613,13.493,11.454,5.8151,8.0744,8.8573,10.467,10.219,9.9911,9.8822,9.2604,8.3381,8.4669,7.8191,8.1411,8.6095,9.0835,9.3765,10.519,9.8135,10.86,12.33,11.204,12.176,11.883,13.003,13.849,12.751,14.196,15.119,14.794,14.386,12.064
16.169,18.053,18.053,19.563,19.323,19.52,18.842,18.57,17.358,16.49,15.233,14.315,15.131,14.772,14.076,14.705,13.387,14.156,13.985,14.462,13.985,14.036,15.037,15.037,14.971,14.266,13.586,11.696,9.7598,8.523,13.554,15.807,16.169,16.954,16.787,16.421,15.482,15.233,15.131,15.233,14.971,14.772,13.955,14.156,14.076,13.131,13.152,12.604,13.131,12.147,11.415,11.611,11.672,12.514,11.672,12.274,12.446,12.239,12.239,10.947,6.4896,7.2312,8.4061,9.2848,9.4657,8.7682,8.589,8.589,8.4061,7.3859,8.589,6.7249,7.6675,8.7682,8.7197,8.912,10.031,9.8031,10.323,10.323,10.323,11.365,11.215,11.888,11.804,12.239,13.206,13.291,12.331,11.452
15.632,18.079,18.874,19.923,19.318,19.608,19.082,18.141,17.532,16.373,16.086,14.662,14.507,14.152,12.544,14.92,13.551,13.829,14.701,14.072,14.595,14.182,14.768,15.22,14.892,13.829,12.976,11.449,9.626,8.4038,13.319,15.45,15.981,16.554,17.215,16.069,15.74,15.201,15.496,15.785,14.892,14.36,14.595,13.582,13.551,13.819,13.202,12.51,12.132,12.844,12.943,11.944,11.212,11.275,11.705,12.05,12.236,12.544,11.449,10.154,5.9424,7.9014,7.9014,9.4183,9.7716,10.224,9.7571,9.4183,8.798,7.7388,7.5166,6.93,8.1131,8.5867,9.0512,9.0512,10.113,10.21,11.362,10.944,10.59,10.944,11.174,11.262,11.885,12.634,13.149,13.202,12.408,11.705
15.989,18.266,19.464,19.347,19.859,19.347,18.724,18.056,17.548,16.554,14.892,15.414,14.39,14.361,14.768,13.799,14.152,14.072,14.459,14.507,14.777,14.507,14.892,14.967,14.517,14.595,13.298,11.669,10.028,8.1131,13.32,15.45,15.954,16.681,16.892,16.27,16.086,15.523,15.45,15.945,14.507,14.459,14.595,13.415,13.288,12.932,12.866,12.225,12.408,12.271,11.801,11.801,11.212,11.474,11.669,12.12,12.866,12.236,11.669,10.099,5.7491,7.7389,8.5703,9.4632,9.7716,9.0979,9.0512,9.0512,8.3024,7.46,7.2293,7.2293,8.1131,8.4039,7.46,10.154,10.154,10.55,10.643,10.55,10.643,10.55,11.705,12.05,12.271,12.236,13.33,13.551,12.8,10.841
17.666,20.614,21.223,21.639,21.184,21.583,20.719,19.94,20.263,18.758,17.489,16.754,14.798,15.123,15.797,15.15,17.042,15.823,15.925,16.136,16.559,16.136,16.591,16.136,16.938,15.23,14.66,13.295,10.418,9.3067,14.798,16.938,18.938,18.65,18.15,17.161,17.689,16.452,17.489,17.232,17.161,17.176,15.686,15.468,15.168,15.016,14.577,14.577,14.39,13.264,13.038,13.162,12.011,12.701,12.658,13.325,13.775,13.735,12.334,11.552,6.7834,8.3889,8.5329,9.9396,10.248,11.41,10.102,10.261,9.086,8.6118,8.6118,8.9054,8.0933,8.9054,9.4939,10.826,10.938,12.19,11.493,11.795,11.122,11.552,13.007,12.583,13.335,13.853,14.715,15.468,13.507,12.508
17.768,20.303,21.941,22.033,21.342,21.373,21.373,20.283,19.173,18.204,17.283,16.67,16.975,16.416,16.416,15.158,15.812,15.915,16.767,15.458,17.188,16.242,16.71,17.165,16.284,15.291,14.779,12.137,11.402,8.975,14.888,17.662,18.085,17.927,18.746,18.315,17.707,17.228,17.314,16.325,16.325,16.325,16.588,14.788,14.788,13.726,14.567,13.97,14.124,13.844,13.367,13.286,12.661,13.255,12.564,13.039,13.999,13.647,13.091,11.856,5.7426,7.6764,8.8537,9.5867,11.73,11.544,10.411,9.9329,9.8919,8.8537,7.2973,7.0715,8.8842,8.3994,9.1981,10.918,11.402,10.93,11.764,12.478,12.586,11.969,12.914,13.039,12.521,13.677,14.714,14.65,14.076,12.325
17.489,20.719,21.451,22.377,21.857,21.356,20.81,19.694,18.852,17.94,17.696,15.959,16.287,15.301,14.057,16.203,14.715,15.097,15.088,15.616,16.203,16.262,16.754,16.452,16.136,15.925,15.23,13.162,11.036,8.7211,15.301,17.294,18.438,18.938,19.186,17.719,18.06,17.365,16.882,17.45,16.162,16.027,16.452,15.521,14.577,15.23,14.153,13.882,13.853,13.882,13.853,12.754,12.583,12.508,13.567,13.686,14.352,13.775,13.007,10.611,6.843,8.6589,9.263,10.522,10.611,11.036,10.522,8.6118,8.8902,8.4051,7.5751,7.9414,9.086,9.6774,10.611,10.102,11.036,11.061,11.977,12.146,12.486,11.772,12.497,13.325,13.264,13.745,14.907,15.097,13.96,12.53
17.934,20.311,21.727,21.95,21.733,21.42,21.223,19.907,19.075,18.032,16.529,16.521,15.793,15.844,16.554,15.164,15.603,15.741,16.447,16.149,17.227,16.149,16.595,16.934,16.587,15.681,14.656,13.291,10.935,8.3866,14.683,17.36,17.791,18.586,18.753,18.644,17.599,17.227,17.437,17.912,16.324,16.324,16.056,14.507,14.784,13.878,14.004,13.332,14.004,13.731,13.652,13.127,12.58,12.526,13.533,13.26,13.771,13.493,12.58,11.419,6.517,8.9785,8.7187,10.672,11.513,10.722,9.8135,9.5904,8.9483,8.9029,8.6564,8.3866,9.5904,9.3765,8.5779,10.935,10.722,11.872,11.359,11.419,11.883,12.098,13.044,12.666,13.523,14.451,14.711,15.119,13.82,11.548
16.181,18.097,19.992,19.344,19.692,19.366,19.101,18.089,17.19,16.207,15.02,14.325,14.136,14.276,12.78,13.965,14.897,13.925,14.906,14.296,14.897,14.375,14.453,14.782,14.531,13.995,13.965,11.62,9.7086,8.8066,12.988,15.511,16.501,16.706,16.527,15.961,15.656,15.346,14.982,15.057,14.84,14.056,14.196,13.595,12.42,13.301,12.34,11.813,12.003,12.409,12.791,11.223,11.956,11.423,11.777,11.51,12.78,11.717,11.46,10.22,5.6555,7.4103,9.0445,8.5952,9.5913,10.234,9.8963,9.0913,7.9092,8.1036,6.9164,7.7464,8.1211,9.0601,9.0445,9.7086,9.3067,10.33,9.8963,10.654,10.641,11.223,11.286,12.248,12.132,12.522,13.343,12.879,12.42,11.311
16.18,18.853,19.1,19.969,19.218,19.481,18.367,18.158,17.172,16.696,15.754,14.791,14.373,14.314,13.331,15.354,14.324,14.195,14.165,13.923,15.122,14.403,14.714,15.131,15.056,14.045,13.042,11.716,9.4267,8.3098,13.3,15.51,16.18,16.551,16.705,16.083,16.275,15.215,15.131,15.464,14.403,14.314,14.905,13.964,13.139,13.16,12.131,12.247,12.419,12.339,12.131,11.484,11.895,10.967,11.459,11.667,12.143,12.419,11.285,9.9382,5.7543,7.6723,8.7737,9.0905,9.4117,9.6346,8.5779,8.2586,8.3268,8.2586,6.8127,7.4667,8.3098,8.7737,9.106,8.7251,9.6346,10.56,10.163,10.56,11.172,10.163,10.163,11.716,11.752,12.419,12.867,13.139,12.878,11.459
16.173,19.218,19.51,19.473,19.79,19.21,19.262,18.861,17.149,16.519,15.64,15.013,14.318,14.446,14.515,13.795,14.708,14.785,14.397,14.67,15.041,14.899,14.708,15.05,15.125,14.368,12.862,11.95,10.229,7.9766,13.421,15.64,16.269,16.382,16.494,15.793,15.567,15.209,14.833,15.458,14.747,14.318,14.16,13.294,12.851,13.589,12.414,12.785,12.334,11.95,11.268,11.614,11.066,11.18,11.663,11.747,12.46,12.231,11.38,9.8054,5.475,6.9335,8.1346,9.087,9.149,9.0558,9.149,8.525,8.3066,6.9944,7.2329,7.9766,6.9335,7.9766,7.6694,9.6308,9.8054,10.649,9.8054,10.229,10.768,10.768,11.455,11.675,12.64,12.138,13.337,13.294,13.209,11.771
17.941,21.428,21.859,22.512,21.884,21.741,21.186,20.405,19.558,17.782,16.536,16.755,16.658,15.73,16.155,14.899,15.653,15.653,15.592,16.155,16.601,16.155,17.319,17.296,16.33,15.884,16.163,13.737,10.939,9.2638,14.981,17.797,18.329,18.651,17.971,18.099,17.49,17.012,16.812,16.288,16.155,16.601,15.918,15.125,14.316,14.689,13.498,13.884,13.737,13.049,12.509,12.585,12.702,13.657,12.335,13.008,14.287,13.568,12.924,11.634,5.9324,7.7349,9.3076,9.8995,9.8172,10.249,10.249,8.6597,8.722,7.2471,7.6823,7.9592,8.47,8.9819,7.3583,11.634,10.535,11.256,11.364,11.256,11.037,11.796,12.487,13.245,13.049,14.391,15.409,14.689,15.196,12.851
16.591,18.901,19.466,19.226,19.574,19.057,19.027,17.795,17.354,16.463,15.475,14.786,14.719,14.103,14.681,13.438,14.871,13.963,14.439,14.575,14.757,14.37,14.642,14.871,14.439,14.103,13.532,11.641,9.7583,7.9618,13.27,15.475,16.394,16.489,16.667,15.835,16.204,15.457,14.956,14.805,14.748,14.439,14.748,13.646,13.532,12.617,13.109,12.254,11.869,12.425,11.641,11.433,11.083,10.93,11.592,11.869,12.346,12.391,11.689,9.7872,6.3694,6.7139,8.2911,9.7583,9.0389,9.8732,8.7539,7.8907,7.3739,6.9002,6.4135,6.479,6.9814,7.9618,7.2194,9.9725,9.4055,9.7439,9.9159,9.5688,10.428,10.469,11.749,10.93,11.458,12.437,13.312,12.827,12.034,11.247
16.667,18.165,18.655,19.497,19.526,19.483,18.311,17.653,17.395,16.29,14.504,14.504,14.299,13.705,14.06,13.319,14.02,14.446,14.755,14.582,15.03,14.582,15.095,15.105,15.216,14.02,13.445,12.397,9.9208,7.8946,13.137,15.4,16.768,17.101,16.151,15.976,15.682,15.29,14.504,14.726,14.446,15.03,14.06,13.939,13.276,13.116,12.589,12.499,12.855,11.165,11.29,11.265,11.202,11.934,10.948,11.647,13.062,11.875,11.647,10.581,5.9373,7.1247,7.8946,9.0901,8.5629,8.5793,8.7582,7.6589,8.2441,7.3775,6.4167,7.6034,7.1445,7.4536,7.7322,9.2895,9.2743,10.02,9.6177,9.878,10.634,10.146,10.674,11.647,11.791,12.397,13.371,13.57,12.844,11.165
16.494,17.809,19.327,20.239,19.588,19.327,19.033,16.866,16.999,15.937,14.685,14.961,15.111,14.296,14.018,13.815,13.537,14.375,14.685,14.424,14.685,14.876,14.647,15.964,14.876,14.108,12.919,11.789,10.254,8.7082,13.537,15.48,16.932,16.765,16.399,15.973,15.973,14.989,14.791,14.502,14.296,14.989,13.805,13.805,13.516,12.754,12.531,11.872,12.223,11.596,11.4,11.437,10.946,11.872,10.751,11.437,12.587,11.789,12.108,10.738,5.9362,6.3935,7.8932,8.7082,9.0418,9.2879,8.3107,8.2426,7.6575,6.5675,6.1919,6.6528,7.0838,8.3107,7.9819,9.2879,9.7903,9.8763,9.7903,10.018,10.829,10.018,10.946,11.932,11.872,11.693,12.919,13.316,13.599,11.753
15.877,18.219,19.077,18.898,19.756,19.583,18.165,18.443,18.102,16.626,15.053,15.062,14.141,14.141,14.05,13.929,14.33,14.477,14.996,14.33,14.987,14.28,14.477,14.996,15.024,14.33,13.219,11.9,9.7842,8.5317,13.176,15.36,16.325,16.395,17.063,16.558,16.045,15.543,16.107,15.062,14.844,14.758,14.05,13.969,14.05,13.047,13.09,12.65,12.458,11.817,11.72,11.672,10.763,11.513,11.112,11.684,11.9,11.72,11.289,10.333,5.3219,6.9389,8.0006,8.3301,8.8574,9.7116,8.6634,8.515,8.2789,6.9389,6.6683,6.4305,6.9999,8.4147,8.0535,9.2943,9.5942,9.999,10.483,10.604,10.644,10.763,11.315,11.72,11.672,12.287,12.872,13.837,12.872,10.483
16.497,19.066,20.071,19.687,19.787,19.361,19.273,18.178,16.995,15.715,14.321,15.016,14.518,13.808,14.371,13.039,14.321,14.192,15.24,14.469,14.518,14.321,14.778,15.044,14.673,13.992,13.56,11.81,10.231,7.9782,13.466,15.715,16.385,17.029,16.523,16.514,15.706,15.643,15.706,14.978,14.321,14.836,14.321,12.941,12.985,12.787,12.865,12.152,12.451,12.371,12.129,11.506,11.22,11.308,11.22,11.81,12.643,12.152,11.506,10.231,5.553,7.522,8.4098,9.5887,9.042,9.3041,8.4098,7.907,7.8532,7.4083,6.7278,7.9782,7.4653,8.2742,7.907,10.477,9.5887,10.77,10.77,10.704,10.965,10.965,11.457,11.457,11.774,11.953,12.865,13.297,13.34,10.77
18.392,20.315,22.223,23.524,22.663,20.527,20.808,19.422,18.118,18.17,16.776,16.059,17.159,15.3,15.467,16.067,14.491,15.796,15.881,15.308,17.064,16.26,17.717,17.237,16.16,16.293,15.796,13.005,11.492,9.8152,15.095,16.881,19.128,19.436,18.326,17.363,18.326,16.532,16.067,15.958,16.326,16.067,16.655,15.606,15.149,14.208,13.293,13.881,14.388,13.015,12.922,12.753,12.571,13.744,12.01,12.795,14.313,13.655,13.425,11.169,6.7826,8.7202,8.4683,10.862,10.047,10.724,10.52,9.5638,9.8975,7.9405,7.7334,7.4482,8.4683,9.3636,9.3057,9.3781,11.023,11.169,12.144,11.06,11.456,12.144,13.098,13.655,13.615,13.734,15.095,13.851,14.686,11.862
18.18,20.738,21.915,21.748,22.311,21.841,21.221,20.549,19.525,18.562,16.983,16.727,15.772,16.302,15.892,15.704,15.626,16.044,16.269,16.959,17.086,16.261,17.267,18.009,16.695,15.832,15.934,13.355,11.392,9.2044,14.701,17.422,18.707,18.18,18.908,18.357,17.752,17.422,17.267,17.204,17.086,16.302,16.508,14.983,14.488,14.637,14.13,13.505,14.187,13.485,14.13,12.563,12.51,12.51,12.861,12.986,14.034,12.986,12.85,11.345,6.9689,8.4557,9.0715,9.9915,11.533,10.846,9.8555,9.5355,9.7038,8.8303,7.2348,7.4371,8.2129,8.8912,8.8303,10.708,10.696,11.189,12.082,11.868,12.553,11.189,11.992,12.553,13.314,12.986,15.277,14.034,13.505,11.992
16.301,18.416,20.004,19.597,19.54,18.871,18.72,17.982,17.375,16.405,15.124,14.514,15.493,14.309,14.698,14.387,13.528,13.858,14.698,14.436,15.199,15.217,15.692,15.493,15.337,13.528,14.309,11.606,9.7987,8.6508,13.028,15.448,16.678,17.302,16.162,16.162,15.629,15.217,15.692,14.965,14.974,14.803,14.259,14.803,14.279,12.754,12.798,12.234,12.798,11.799,11.373,11.273,10.628,11.799,10.955,11.703,12.451,12.269,11.472,10.083,6.399,7.6087,8.6508,9.2807,9.6973,10.208,10.318,9.0808,8.5688,7.9,6.7219,6.4211,7.5153,8.3179,8.5192,9.1427,10.097,10.153,10.642,10.548,11.16,10.548,11.21,11.496,10.955,12.269,13.412,12.798,12.632,10.839
16.997,18.942,19.617,19.861,19.796,19.334,18.942,18.156,16.567,15.967,15.121,14.451,14.164,13.963,14.519,12.789,14.372,13.963,14.932,14.372,15.046,14.789,15.509,15.064,15.509,14.78,14.529,10.758,9.8946,7.9968,13.676,15.798,16.661,16.997,16.821,16.099,15.343,15.13,14.904,14.713,14.78,14.47,14.519,13.635,13.341,12.464,12.281,12.246,12.644,11.678,11.954,11.272,11.221,11.372,11.508,11.372,12.866,12.153,11.895,9.5897,5.9473,7.3899,8.3092,9.8085,9.0898,9.1518,9.6338,8.275,7.9968,7.9078,7.4661,8.1197,7.7452,7.097,7.9078,9.5897,9.4709,10.232,9.8946,10.232,10.491,10.599,11.183,11.618,11.954,11.895,13.562,12.52,12.954,11.811
16.241,18.65,19.07,20.111,19.159,19.181,18.582,17.612,16.907,16.5,15.234,14.637,14.324,13.342,12.236,14.714,14.374,13.924,14.374,14.315,14.905,15.122,15.132,15.465,14.753,14.452,13.729,12.155,9.5907,8.3271,13.3,15.574,16.319,16.215,16.526,16.084,15.755,15.51,15.646,15.243,14.981,14.753,14.472,14.045,13.469,13.964,12.779,12.465,12.282,12.556,12.002,11.07,10.967,11.07,11.484,11.07,11.752,11.385,11.668,10.038,6.4061,8.1031,8.0506,9.7806,9.8095,10.329,9.3061,9.2909,8.2588,8.1031,6.916,7.2359,7.3907,8.6603,9.4719,9.1063,9.1528,10.122,9.7806,10.653,11.668,10.653,10.533,11.716,11.812,12.645,13.459,13.3,12.131,10.533
15.996,19.034,19.048,19.152,19.277,19.365,19.071,17.685,17.37,16.663,14.782,14.608,14.374,14.374,14.637,14.045,14.981,14.325,14.086,14.472,14.452,14.906,15.656,14.906,15.141,14.637,13.3,11.812,9.7808,8.5783,13.042,15.318,16.215,16.526,17.132,16.389,15.791,15.871,15.345,15.656,14.791,14.403,14.295,13.3,13.636,12.867,12.646,12.248,12.34,12.42,11.223,11.385,10.452,10.955,10.968,11.185,11.619,11.812,10.693,10.33,5.5543,8.0507,8.3272,8.8543,9.576,10.33,9.9386,8.8062,8.8062,7.6171,7.7461,6.813,7.5237,8.3101,8.5783,9.635,10.64,10.33,10.772,10.693,10.56,10.653,11.668,11.185,11.668,11.716,12.408,12.955,12.867,11.185
16.14,18.695,19.559,20.31,19.165,19.209,18.725,18.267,17.549,16.512,15.034,14.44,14.508,14.033,14.921,13.718,13.953,14.518,14.978,15.341,15.109,14.969,14.702,15.497,14.779,14.596,13.331,11.945,10.099,7.8482,13.331,15.642,16.201,16.691,16.96,15.991,15.633,15.497,15.804,14.969,14.46,13.666,14.033,13.331,13.861,12.856,13.447,12.443,12.237,12.226,11.706,11.475,10.697,10.47,10.842,11.802,12.511,12.398,11.413,9.8874,6.9306,7.9909,8.4045,9.464,10.155,9.464,9.8013,8.8467,8.7665,7.5547,6.9914,7.8482,8.1137,8.1311,8.4045,10.266,10.225,9.9869,10.443,11.376,11.742,10.524,10.644,11.376,11.886,11.945,12.801,13.552,12.272,10.551
15.706,17.584,18.608,19.066,19.361,19.044,18.279,18.193,17.753,17.447,15.231,14.75,13.829,14.133,15.212,14.518,14.321,14.836,14.75,14.817,15.016,15.016,14.527,14.469,14.778,14.449,13.623,12.451,9.289,8.916,13.297,15.992,15.939,15.706,16.385,15.643,15.652,15.787,15.868,14.987,15.138,15.016,13.56,14.133,13.623,13.039,13.137,12.952,12.451,11.22,11.75,11.308,10.12,10.965,10.848,11.506,11.22,12.059,11.106,10.162,6.0644,7.4083,8.5764,8.8523,9.7786,10.327,10.162,9.6329,9.0577,8.1363,6.9349,6.7279,7.0962,9.3042,9.289,9.289,10.45,10.704,10.77,10.77,10.952,10.598,10.952,12,11.506,12.28,13.633,13.424,11.75,11.506
15.495,18.06,18.684,18.857,19.973,19.222,18.532,18.371,18.091,16.666,15.513,14.327,13.429,13.997,13.732,14.327,15.246,14.984,14.784,14.984,14.784,14.717,14.908,14.937,15.069,14.327,13.68,11.67,9.4287,8.6619,12.87,15.874,15.722,16.183,16.935,16.104,15.874,15.577,15.963,15.05,15.218,14.611,13.628,14.455,12.41,13.461,13.088,12.456,12.157,11.898,11.621,11.225,10.853,10.774,10.761,11.072,11.778,11.778,10.918,10.454,5.853,7.6184,9.4137,8.4132,9.8113,9.7824,9.6366,8.1221,8.5962,8.8558,7.7474,7.2373,7.9991,8.4132,9.3079,9.7824,9.7824,10.276,10.774,10.774,10.969,10.969,10.481,11.225,11.778,11.814,12.781,12.41,12.692,11.425
16.297,19.074,19.942,19.715,19.743,19.258,18.843,18.071,17.812,16.401,14.733,14.452,14.588,14.501,14.501,14.026,15.12,14.501,14.694,15.625,15.489,15.938,14.961,16.366,15.733,14.511,13.122,12.231,9.7529,8.517,13.314,16.018,16.366,17.15,16.976,16.409,15.796,15.697,16.184,15.12,14.305,14.588,14.026,13.292,12.839,13.068,12.265,11.796,12.231,12.021,11.736,11.055,10.586,10.08,10.692,11.093,11.652,12.127,11.207,9.7674,6.0575,8.0396,8.9058,9.7674,9.925,10.08,8.583,8.1269,8.8422,7.7355,7.7355,6.8036,7.9868,8.7136,7.8442,10.315,9.0317,10.315,10.315,10.678,10.901,11.207,11.295,12.403,11.37,12.265,12.448,13.143,12.265,10.836
16.079,18.843,19.999,20.363,19.251,19.743,18.319,17.684,17.297,16.062,14.694,14.885,15.12,14.256,13.154,14.876,13.905,14.344,15.407,14.885,15.027,14.961,15.796,15.849,15.688,14.761,13.854,11.493,10.478,8.5666,13.659,15.471,16.529,17.297,16.674,16.632,15.625,15.489,15.334,14.97,13.945,14.501,15.12,13.324,13.154,13.282,11.652,11.736,12.97,12.403,11.796,10.953,11.169,10.953,10.953,11.258,11.939,12.265,11.37,9.6218,6.7202,7.5134,9.2783,9.4591,9.2783,9.7674,9.5777,8.762,8.2988,7.5134,6.927,7.898,7.3998,9.2935,9.094,9.3992,9.1712,10.546,10.219,10.546,10.639,10.546,11.357,12.539,11.7,12.795,13.143,13.282,12.795,10.438
16.369,18.143,19.407,19.444,20.181,19.204,18.275,18.737,16.967,16.361,15.451,14.782,15.287,14.397,14.962,14.962,14.417,14.27,14.465,14.735,15.406,15.406,15.378,15.811,14.99,14.934,13.749,11.767,10.29,8.5456,13.677,15.899,17.091,16.843,16.092,15.908,16.092,15.65,15.259,15.259,14.465,14.141,14.735,13.871,13.512,12.597,12.741,11.465,12.293,11.623,11.242,10.731,10.731,10.926,9.9995,11.575,11.851,11.416,11.242,10.236,6.0426,7.7165,9.0717,9.4359,9.3912,9.9007,9.5543,9.2556,8.8205,7.2084,7.3817,6.4692,6.91,8.2445,8.2954,8.5456,9.9995,10.29,9.5543,10.07,9.7722,10.718,10.599,11.242,11.91,12.293,13.122,12.818,12.597,11.242
16.002,18.566,19.056,19.699,19.056,19.373,19.041,18.103,17.506,16.213,14.826,13.642,14.061,14.201,13.432,15.24,14.614,14.845,14.33,15.498,15.516,14.72,14.911,15.516,15.053,14.526,13.642,12.561,9.8134,7.9119,13.569,15.824,16.221,16.635,16.703,16.326,15.949,15.516,15.725,15.824,14.281,14.33,14.33,13.817,13.735,13.569,12.413,12.287,12.16,12.16,11.96,11.189,10.334,10.644,11.227,11.075,12.136,11.96,11.075,9.7845,6.0681,7.6201,8.3304,9.8997,9.1873,9.0475,8.5981,8.7774,8.1064,7.7491,6.732,7.6201,6.732,7.5641,8.415,8.5816,9.0944,9.2946,10.604,9.9993,10.456,10.71,10.972,10.972,11.96,12.148,12.817,13.631,12.617,10.776
16.004,18.098,18.622,19.28,19.572,19.229,18.477,18.168,17.694,16.509,14.722,14.616,13.809,14.332,14.372,13.737,14.616,14.332,15.149,14.828,15.252,14.989,15.519,15.826,15.027,14.79,13.403,11.722,10.099,7.913,13.049,15.727,16.832,17.066,16.224,16.048,15.436,15.445,15.826,14.989,14.914,14.847,13.809,14.053,12.786,13.434,12.652,12.381,12.619,11.625,11.391,10.659,10.566,10.973,10.96,11.279,12.15,11.902,11.291,10.099,6.069,7.5277,7.8591,9.7715,8.5829,9.0645,9.5959,9.0645,7.6212,7.1612,7.471,7.1414,7.3948,8.1424,8.3316,9.9439,9.7715,9.5959,9.5959,9.7715,10.239,10.646,10.659,12.044,12.254,12.426,12.426,13.571,12.415,11.674
15.762,18.081,19.374,19.109,19.585,19.227,18.445,18.291,17.271,16.636,15.545,14.41,13.93,14.941,13.684,14.997,14.202,14.912,14.202,14.912,15.581,15.352,15.762,15.717,14.537,14.001,13.93,12.137,9.4313,8.7779,13.317,16.091,16.187,16.713,16.577,16.636,16.222,15.517,15.129,16.003,15.073,14.912,13.93,13.93,13.818,12.873,12.95,12.561,12.288,12.067,11.177,10.972,10.334,10.96,10.972,11.228,11.901,12.043,11.378,10.224,5.8788,7.2393,9.0324,8.8101,9.6393,9.4163,8.1417,8.1243,8.1417,7.2393,6.9191,6.409,6.9191,8.5821,8.8582,8.6642,9.157,9.1105,9.5951,9.6393,9.4163,10.645,10.538,11.721,11.673,12.527,13.57,12.618,11.721,11.228
15.996,18.519,19.853,19.523,19.551,19.172,18.573,17.675,17.385,16.172,15.484,14.465,14.396,14.307,14.513,13.462,14.707,14.367,15.42,15.04,15.049,15.347,15.236,15.996,15.337,14.445,13.957,11.77,9.9335,8.7695,14.078,15.792,16.38,16.646,17.123,16.146,15.711,15.711,15.809,15.337,14.601,14.707,14.898,13.619,13.588,12.861,12.806,12.276,11.503,12.447,12.149,10.487,10.688,10.159,11.217,11.806,11.746,11.662,10.845,9.4672,5.3438,7.8509,8.4074,10.159,9.5119,9.9903,8.9134,8.8497,7.9047,7.4061,6.8095,6.3808,7.9047,8.2547,7.6132,9.0237,9.5859,9.4672,10.324,10.949,10.089,10.767,11.662,11.478,12.402,11.77,13.336,13.133,12.762,10.701
16.166,18.166,19.559,19.782,18.793,19.349,18.36,18.08,17.314,16.409,15.304,15.304,14.508,14.183,14.46,13.8,14.508,14.625,15.221,15.006,14.807,15.705,15.006,14.968,15.633,14.893,14.033,12.144,10.155,8.32,13.289,15.991,16.166,17.216,16.64,16.409,15.705,15.991,15.221,15.804,14.508,13.8,14.596,13.458,13.416,12.944,12.601,12.363,12.272,12.601,11.363,10.958,10.644,10.551,11.175,11.276,11.706,11.802,11.263,9.8012,6.4227,7.4606,9.2831,9.4639,10.443,9.7724,9.5086,8.7665,8.8467,7.7394,8.0963,7.2298,7.9909,9.0519,7.4036,10.266,9.5826,10.085,10.266,10.763,10.484,10.443,11.67,11.609,11.413,11.945,12.779,13.203,11.886,11.301
16.122,18.974,18.832,19.181,19.144,18.545,18.27,18.854,17.84,16.536,15.769,13.846,14.296,14.502,13.369,15.186,15.204,14.961,15.111,14.952,16.209,15.724,15.315,15.625,15.213,14.989,13.651,12.108,10.213,8.3951,13.316,15.625,16.536,16.148,16.209,16.485,15.616,15.543,15.84,15.407,15.093,15.102,14.296,14.502,13.846,14.018,12.765,12.621,12.842,11.979,11.645,11.2,10.751,10.751,10.254,11.4,12.429,11.932,11.486,10.472,6.1919,7.982,8.3951,9.7903,9.616,10.213,9.2727,8.3951,8.7567,7.9643,7.4334,7.5463,7.7308,9.073,9.3935,8.122,10.459,10.579,11.437,9.747,10.144,11.288,10.632,11.288,12.223,12.014,13.316,12.665,12.831,10.946
16.149,17.912,19.646,19.328,20.184,19.182,18.705,17.841,17.288,16.589,15.481,14.648,15.435,15.093,14.444,14.686,14.346,14.953,15.435,14.868,15.769,15.408,15.399,16.009,15.028,14.792,14.168,12.038,9.9196,8.6438,13.6,15.617,16.486,17.288,16.469,15.841,16.071,15.093,15.481,14.648,14.868,15.037,14.376,14.346,13.569,13.017,12.788,12.755,12.441,11.79,11.487,11.087,10.686,11.873,10.58,11.401,12.132,12.108,11.289,10.255,6.9232,7.9648,9.2733,10.075,9.8769,9.5725,9.4539,9.7909,8.3112,7.5093,7.1437,6.3939,6.9232,9.1662,8.5619,7.8937,9.089,9.7909,10.633,10.144,10.673,10.54,11.201,12.108,11.201,11.645,13.37,13.061,13.114,11.401
16.153,18.314,19.384,19.543,19.587,19.529,18.77,17.519,16.795,16.361,14.584,14.69,14.728,13.941,14.35,15.512,13.901,14.35,15.022,15.512,15.548,15.764,15.329,15.916,15.684,13.85,14.142,12.353,10.091,8.1071,13.278,16.179,16.541,17.004,16.635,16.669,15.693,15.116,15.439,15.116,14.497,14.448,14.497,14.112,13.85,13.193,12.758,12.018,12.227,12.018,11.697,10.542,10.741,10.754,10.833,11.366,12.227,12.111,11.441,9.8793,6.1938,7.9667,9.9221,10.741,9.4562,10.258,10.077,9.8793,8.564,7.5486,7.6044,6.9249,7.6044,8.7915,9.0446,9.0446,9.7644,10.105,10.949,10.636,10.147,11.166,10.949,11.204,12.227,11.441,13.436,12.791,13.02,11.267
17.409,20.225,20.907,21.214,21.642,21.692,20.165,19.977,19.547,18.44,17.571,16.762,16.106,15.793,15.793,17.033,16.396,16.494,16.762,16.722,16.778,16.978,17.261,16.954,16.906,16.527,15.281,13.023,10.805,9.5467,14.77,17.686,18.063,18.063,18.293,17.777,18.293,17.517,17.285,17.261,16.494,16.592,15.819,15.793,15.201,14.851,13.982,14.87,13.501,13.137,12.825,11.53,11.75,12.044,11.773,12.559,12.898,13.023,12.559,11.436,7.789,8.8733,10.655,11.101,11.185,11.669,11.471,10.655,10.437,9.5749,8.8885,8.5954,7.6669,11.003,9.659,9.8525,12.078,11.341,12.078,11.864,11.495,12.559,12.343,13.269,13.63,14.4,14.4,14.107,13.709,13.075
15.215,18.404,18.457,19.053,19.658,18.525,19.06,17.51,17.446,16.593,15.021,14.51,13.472,14.277,13.472,14.654,14.433,14.433,14.918,14.72,15.406,15.039,15.604,16.071,14.946,14.51,14.041,12.471,10.26,8.2203,13.586,15.693,16.39,16.918,16.175,16.381,16.071,15.333,15.361,14.805,15.361,14.307,14.199,13.749,12.56,13.253,12.37,11.589,11.875,11.601,11.296,10.7,10.164,10.568,10.568,10.842,11.296,12.073,10.996,9.9282,6.3411,7.8021,8.6021,9.8718,9.5263,9.715,9.5116,10.151,9.2285,7.9264,7.0501,7.621,7.944,7.9264,9.4083,9.2285,9.715,10.026,10.409,10.7,10.881,11.197,11.109,10.894,11.697,12.165,13.78,12.792,12.781,11.147
15.851,18.159,19.194,19.157,19.046,19.157,18.135,17.813,17.821,15.984,15.326,13.977,13.525,13.906,13.442,15.196,15.215,14.772,14.962,15.047,15.949,15.797,15.949,15.78,15.028,14.763,13.784,11.881,10.627,8.6494,13.619,16.368,16.16,16.777,16.676,16.48,15.949,15.984,15.491,15.112,14.772,14.434,13.906,13.326,12.774,13.41,13.026,11.653,11.701,11.371,11.47,10.954,10.466,10.081,11.056,10.837,11.94,11.445,10.837,10.081,7.1285,7.9699,9.2792,9.46,10.745,10.941,9.7683,9.2792,8.795,8.0929,7.2268,7.6629,8.5178,8.843,9.0482,9.7972,10.206,10.68,10.902,11.158,11.371,10.837,11.494,11.271,11.797,12.324,13.546,12.851,12.139,11.358
15.487,18.278,18.96,19.256,19.042,18.185,18.092,18.069,17.295,16.476,15.405,14.874,14.352,14.586,13.543,15.034,14.692,14.883,14.692,14.883,15.731,15.487,16.13,16.182,15.487,14.911,14.024,12.136,10.149,8.3146,13.28,15.794,16.364,16.798,16.68,16.501,15.441,14.911,15.405,15.441,15.1,14.352,14.692,13.974,13.141,13.12,12.401,12.446,12.229,11.698,11.168,10.899,10.677,10.756,10.834,11.368,11.698,11.368,11.442,9.7948,6.926,8.399,10.204,9.7948,9.4129,10.204,9.5616,9.046,8.5653,9.046,7.968,7.5123,7.968,9.5763,9.5763,9.6935,9.7948,10.314,10.938,11.268,11.054,10.834,11.368,11.795,11.937,12.136,12.771,12.859,12.503,11.65
15.487,18.531,19.152,19.718,19.589,18.78,18.5,17.657,17.424,16.015,14.653,14.381,14.586,14.958,15.441,13.902,14.43,14.883,15.731,15.487,15.623,16.155,16.294,16.873,15.211,14.293,14.43,11.878,10.477,8.3144,13.657,15.294,16.94,17.031,16.68,15.731,16.26,15.487,15.099,14.911,14.653,14.43,14.759,13.28,13.902,12.019,12.263,12.229,12.113,11.442,11.662,10.834,10.544,11.155,10.951,11.355,12.043,11.168,11.205,9.5761,5.9388,7.9855,8.5651,9.5761,10.637,9.8806,9.7946,9.5021,8.7605,8.7121,7.4555,7.1464,7.7342,7.8966,7.5121,9.6202,9.4575,9.1697,11.205,10.584,11.442,10.69,11.601,12.389,12.626,12.435,13.119,13.022,12.043,10.834
15.932,18.302,19.116,19.581,19.517,18.811,18.57,18.325,17.411,16.143,14.871,15.199,14.748,14.439,15.402,14.282,14.341,15.393,15.923,15.835,16.488,15.393,15.402,16.248,15.319,14.604,14.013,12.254,10.251,8.6405,13.312,15.611,16.667,16.616,17.093,16.48,16.204,15.199,15.31,15.457,14.292,14.292,14.488,13.27,12.838,12.391,12.75,12.034,12.311,11.653,12.104,10.929,9.9725,10.251,10.929,10.942,11.749,11.483,11.159,9.5688,6.7139,8.7055,9.4949,10.099,10.21,10.929,10.21,9.7872,9.0389,8.2911,7.4499,6.6507,8.5751,8.3924,8.257,9.5688,9.7583,10.141,9.7872,10.669,11.045,10.734,11.045,11.785,12.437,12.783,12.958,13.605,12.391,11.869
15.544,18.431,18.974,18.974,19.588,19.298,18.408,17.912,17.841,16.486,16.149,14.99,13.651,14.346,13.937,15.48,14.99,15.462,15.48,15.204,15.434,15.434,15.84,15.544,15.027,15.462,13.61,12.441,10.213,8.7084,13.815,15.616,16.175,16.244,16.999,16.537,16.052,15.724,15.76,15.616,15.204,14.297,14.168,14.444,12.93,13.306,12.831,11.979,11.486,11.681,11.693,10.83,10.213,9.9759,11.087,10.933,11.753,11.163,11.049,9.7472,6.9229,8.3109,9.4535,9.9192,10.432,10.199,9.042,9.042,9.042,8.7084,7.2219,7.3955,8.3109,8.512,9.0731,9.4982,10.579,10.018,10.213,10.539,10.633,10.144,11.729,11.789,12.316,11.789,12.743,13.274,12.621,11.693
16.176,18.272,19.3,19.733,19.712,18.856,18.585,17.124,17.288,16.538,15.509,15.725,15.029,14.953,15.436,13.938,15.399,15.399,15.408,15.436,15.966,15.399,15.93,15.436,15.626,14.248,13.402,12.225,10.46,9.0271,13.652,15.77,16.632,16.632,16.792,16.071,16.254,15.545,15.094,15.103,14.445,14.494,13.847,13.652,13.37,12.788,12.755,12.397,12.317,11.933,11.597,10.934,10.46,10.752,10.934,11.088,11.438,11.658,11.164,10.214,6.9843,7.8402,8.396,9.617,10.46,10.31,10.145,9.3945,9.0427,7.894,6.46,7.1242,8.396,7.8402,7.894,9.5581,9.3945,10.103,10.54,10.739,10.752,10.739,11.202,11.264,11.79,11.694,13.6,13.275,12.498,11.252
17.925,20.195,21.407,21.694,22.088,20.67,20.48,19.899,18.813,18.899,17.078,17.007,17.414,16.903,17.88,15.926,16.418,16.687,17.352,17.141,18.022,17.258,17.759,18.356,17.258,16.128,15.85,13.499,12.042,9.8508,15.065,17.759,18.611,18.26,19.315,18.356,17.721,17.759,17.196,16.975,15.765,16.036,16.903,14.703,15.137,14.123,13.539,13.021,13.216,13.021,13.267,11.667,11.839,11.953,12.504,12.854,13.509,12.253,12.341,10.653,7.2871,9.2,9.919,11.208,11.184,11.528,11.099,10.384,8.8414,9.531,7.908,7.3424,8.8108,8.3716,7.5594,10.703,10.5,10.306,10.903,11.434,11.986,12.109,13.308,12.341,13.628,13.717,14.481,14.028,13.658,12.253
15.701,18.285,18.788,18.538,19.256,19.079,18.87,17.824,17.76,16.258,14.889,14.964,14.514,14.736,14.592,15.853,14.504,15.328,15.115,15.629,15.853,16.066,16.083,15.52,15.411,14.774,13.621,12.406,9.7986,8.1289,13.285,15.411,16.499,16.98,16.223,16.61,15.629,15.638,15.328,14.698,14.765,15.124,14.504,14.514,13.827,13.548,12.853,12.394,12.268,11.41,10.76,10.588,10.481,10.641,10.548,11.21,11.799,11.763,10.955,9.7986,6.9895,7.846,8.7156,9.1734,9.9841,9.8846,9.7986,9.0494,9.0961,7.5152,7.4586,6.4866,6.4209,9.0806,8.3008,8.7641,9.1426,9.2805,10.76,10.588,10.222,10.467,10.955,12.141,11.882,12.631,12.864,13.827,12.141,11.471
15.432,18.338,19.175,19.175,18.885,18.576,18.499,17.421,16.175,15.955,15.569,14.467,14.081,14.777,13.21,15.569,14.603,15.126,15.505,15.349,15.459,15.136,15.999,15.785,15.505,14.31,14.131,11.892,10.034,8.5257,13.919,16.201,16.96,17.225,17.126,16.418,16.148,15.34,15.229,15.051,14.081,14.603,14.603,14.161,13.725,13.038,11.951,11.369,11.381,12.278,11.381,10.65,10.912,10.636,10.529,11.181,11.505,11.664,11.282,9.0877,5.9459,8.0479,8.5753,10.034,9.8062,10.091,9.5875,8.5753,8.2731,8.5257,6.8106,6.995,7.67,7.6145,8.5753,8.6574,9.0565,9.4687,10.16,10.964,11.369,10.768,11.48,12.404,12.45,12.278,13.21,12.94,12.951,10.964
18.153,20.593,21.365,21.704,21.517,21.365,20.632,19.777,18.011,18.22,16.574,17.276,16.76,16.607,16.12,16.541,16.663,16.969,17.276,16.639,17.346,17.159,16.833,17.307,17.182,16.145,14.964,12.645,11.783,8.9717,15.152,17.777,19.314,18.55,19.166,18.197,17.655,17.701,16.921,16.76,16.319,15.807,16.052,15.134,15.152,13.984,14.042,13.311,13.672,13.483,13.513,12.354,12.397,11.725,11.851,12.57,13.553,13.148,12.741,10.714,6.7763,8.3963,9.9292,10.523,11.725,10.714,10.926,10.316,9.7091,8.8199,7.8131,8.6498,7.9161,8.2174,8.1182,9.9969,11.049,10.963,10.523,12.233,13.024,11.679,12.321,12.656,13.024,14.496,13.984,14.271,14.412,12.645
15.609,17.642,19.179,19.644,19.665,18.764,18.052,18.013,17.016,16.045,15.317,15.473,15.672,15.095,14.717,14.784,14.803,15.308,15.427,15.011,15.4,14.64,16.062,16.665,15.427,14.26,14.679,12.344,10.746,8.101,13.768,15.672,17.057,17.642,16.991,16.176,15.93,15.427,16.001,15.02,14.945,14.784,14.29,14.051,13.562,12.424,12.759,12.218,12.748,11.358,11.082,10.68,10.305,11.258,10.139,11.145,11.639,11.195,11.652,10.098,6.2119,7.8897,8.7528,9.5676,10.305,10.098,10.941,9.5676,8.6394,7.9784,7.2185,6.8993,8.0312,7.9607,8.2389,8.6394,9.5676,10.209,9.7859,10.139,11.358,11.258,11.639,11.748,12.125,12.424,14.021,12.913,13.593,11.258
15.191,18.453,18.021,18.755,19.288,19.31,18.506,18.323,18.529,16.951,15.923,15.191,14.333,14.362,14.948,14.739,16.273,15.923,15.311,15.746,15.611,15.172,14.567,15.466,15.448,14.596,13.69,12.776,9.9669,8.5538,12.918,16.134,16.169,16.342,16.376,16.649,15.674,15.959,16.134,16.108,15.014,14.479,14.005,13.273,13.762,13.294,13.42,12.213,11.719,11.634,11.153,10.61,10.422,9.9669,10.936,10.936,11.743,11.779,10.61,9.9669,6.6469,7.9749,9.2645,10.135,10.204,11.153,10.449,9.9103,10.009,8.749,8.749,7.2154,7.4457,8.6357,7.8325,9.2645,10.463,10.3,10.3,10.728,11.634,10.61,11.278,12.201,12.384,13.357,12.654,13.793,12.304,10.936
15.901,17.797,18.82,18.842,19.481,19.633,18.842,18.017,17.218,15.998,15.008,14.942,14.238,14.714,14.857,14.57,15.314,15.194,15.194,15.963,15.497,15.424,15.758,15.927,15.497,15.194,14.238,12.823,10.137,8.5723,13.392,15.927,16.779,17.128,16.653,15.963,15.927,15.714,15.176,14.867,15.083,14.483,14.287,13.528,12.216,12.954,12.757,11.746,11.924,11.193,10.939,10.939,10.452,11.479,10.425,10.939,12.387,11.479,11.243,10.137,6.7952,7.7258,10.207,10.532,10.303,11.865,10.068,10.207,9.5657,8.8311,8.5064,7.9592,7.2171,7.7258,8.5559,10.207,10.012,9.9693,10.248,10.303,11.155,11.281,11.722,12.523,11.865,13.392,12.834,12.757,12.489,10.939
17.761,19.85,20.729,21.177,21.968,20.653,20.932,19.709,18.434,17.761,16.813,16.559,16.342,16.463,15.966,15.289,16.342,16.106,17.032,17.347,17.4,16.844,17.998,18.261,17.484,16.342,16.237,13.837,11.726,9.0976,15.341,17.094,19.466,18.908,17.939,18.086,17.732,17.094,16.098,17.024,16.261,16.334,15.841,15.741,13.989,14.325,13.798,13.615,13.576,12.352,12.363,11.418,12.191,12.701,11.556,12.897,13.37,13.35,13.11,11.383,7.2176,9.44,10.7,12.512,11.994,11.499,11.101,9.9845,10.848,8.8471,9.1122,9.6066,9.1556,8.757,8.6201,11.077,11.383,11.499,12.223,12.384,12.438,13.09,12.856,13.817,13.884,13.498,14.626,14.045,13.989,11.749
15.609,18.813,19.014,19.359,19.503,18.753,18.992,18.011,16.849,16.106,15.921,14.937,15.012,14.478,15.3,14.282,15.663,14.937,15.663,15.446,15.419,15.309,16.036,15.528,16.132,14.671,14.094,12.095,10.421,7.8853,13.271,15.744,16.383,16.477,16.656,16.228,15.744,15.189,15.464,15.309,14.565,14.671,14.565,13.356,13.387,12.917,12.574,11.92,12.608,11.633,11.741,10.74,10.727,10.529,11.189,11.352,11.967,11.426,11.037,9.4885,6.4528,8.8915,9.8664,10.935,10.622,10.74,10.299,9.7372,9.2634,8.5692,7.8853,7.6498,8.0267,8.6346,8.3867,10.448,9.5623,9.4885,10.064,10.675,10.74,10.448,12.119,12.119,12.095,13.261,13.261,13.387,13.554,11.189
15.504,17.646,18.056,19.49,19.294,19.176,18.768,17.741,17.061,16.669,15.321,14.489,14.499,14.682,14.576,15.099,14.293,15.476,15.476,15.201,15.612,15.21,15.969,16.145,15.476,14.806,13.596,12.255,9.7449,8.51,13.513,15.836,17.291,16.787,16.49,16.533,16.066,15.504,15.54,15.312,14.293,14.721,14.014,14.44,13.596,12.494,12.584,12.128,12.255,11.484,11.148,11.286,10.211,10.931,10.577,11.16,12.255,11.786,11.16,10.47,6.798,8.5595,9.0865,9.4959,11.198,11.16,10.892,10.1,9.3915,8.51,7.9625,7.6004,7.3937,8.3089,7.9802,9.7449,10.429,9.7593,10.252,9.9168,11.484,11.261,10.892,12.255,12.105,12.916,13.303,12.828,12.221,10.943
17.152,19.958,20.445,21.296,21.296,21.327,20.418,19.755,19.37,18.806,16.962,16.282,16.024,15.982,15.564,16.609,17.269,16.487,16.835,17.112,17.269,17.501,17.851,17.707,16.512,15.778,15.607,13.959,11.601,10.298,14.756,17.555,18.741,18.856,18.597,18.217,17.866,17.245,16.962,16.577,17.175,16.406,15.125,15.107,14.424,14.856,14.535,13.618,13.921,12.537,12.633,11.842,11.704,12.244,11.977,12.559,13.338,12.633,12.97,11.175,7.7124,9.9115,10.695,11.83,12.462,12.299,11.378,11.83,10.683,9.6918,8.6344,9.0603,9.0603,9.0751,9.8434,10.795,10.581,11.943,11.83,11.139,12.145,12.537,12.813,13.921,13.338,14.017,14.526,14.964,14.415,12.813
15.899,18.088,18.737,19.341,19.115,19.108,18.366,17.488,17.238,16.505,15.899,14.269,14.763,15.185,14.658,15.586,14.924,15.176,15.451,15.757,16.179,15.295,16.179,16.326,15.881,14.933,14.031,12.372,9.7718,8.2441,13.417,15.658,16.759,16.992,16.505,16.505,15.739,15.378,15.405,14.465,14.111,14.269,14.475,14.22,13.819,12.938,11.731,11.731,12.096,11.44,10.874,10.652,10.731,11.229,10.665,11.142,12.807,12.085,11.267,10.235,7.0704,8.627,9.9991,10.912,11.329,11.242,10.612,10.18,9.1484,8.2441,7.4947,7.9493,7.8783,9.2552,9.1176,9.2552,9.9569,9.743,11.066,10.452,10.718,11.267,12.235,12.372,12.763,13.573,14.031,13.511,12.938,11.635
15.459,17.785,18.986,19.096,18.68,18.792,18.498,17.626,16.943,16.642,15.414,15.441,14.733,15.082,15.658,15.304,14.941,15.091,15.414,15.267,15.667,15.766,16.127,15.819,15.487,14.885,14.277,12.367,10.618,8.5501,13.633,15.595,16.515,16.65,16.642,15.952,15.667,15.267,15.184,14.589,14.941,14.424,13.383,13.766,14.119,12.604,12.57,11.916,11.916,10.919,11.335,10.931,10.618,11.248,10.618,11.629,12.299,11.641,10.919,10.458,7.5921,8.5501,10.445,9.8633,11.186,11.385,10.931,9.9059,10.005,9.061,7.8291,7.8291,8.1113,9.5593,9.1536,9.7486,10.061,10.2,10.565,10.737,10.931,11.072,11.641,12.413,12.333,13.042,13.425,13.519,12.413,11.348
15.957,18.644,19.766,19.361,18.644,18.637,18.909,17.636,16.515,16.221,14.833,15.032,15.331,14.288,13.323,15.136,15.451,15.061,15.479,15.479,15.524,15.661,16.019,16.221,15.07,14.387,14.068,12.623,10.117,8.1279,13.742,16.116,17.014,17.385,16.541,16.098,15.769,15.257,14.65,15.004,14.833,14.337,14.148,13.354,12.791,13.184,11.727,11.678,12.293,11.823,11.763,10.977,10.86,10.977,10.86,10.977,11.763,11.966,11.69,9.775,6.819,8.6024,10.131,10.489,11.321,11.296,10.964,10.284,9.4355,9.5253,7.1041,7.3974,9.0521,8.1454,8.7333,9.0521,9.4805,9.6436,10.543,10.663,11.296,11.727,12.824,12.351,12.879,12.868,14.098,13.576,12.385,11.08
15.894,18.083,18.882,19.713,19.076,18.678,18.494,17.59,17.33,16.516,15.487,15.003,15.079,14.345,13.489,15.487,15.003,15.487,15.487,15.823,15.992,15.823,15.992,15.894,15.154,14.774,14.186,12.254,10.248,8.5908,13.893,15.983,16.932,16.823,16.593,15.992,16.204,15.45,15.45,14.956,14.395,13.944,14.63,13.061,12.358,12.897,12.3,11.302,11.239,11.526,12.149,10.971,10.494,10.29,10.508,10.467,12.392,11.697,11.188,9.7805,6.9465,8.6073,10.179,10.467,10.345,10.932,10.669,10.656,8.7868,8.7382,6.4155,7.5346,8.1499,8.3393,9.0728,9.1197,9.0728,10.179,10.656,10.248,11.402,10.983,12.265,11.83,12.483,13.33,13.646,12.974,13.489,11.973
15.456,17.675,19.371,19.752,19.32,18.825,18.538,17.353,17.643,17.116,14.487,15.031,14.37,14.438,14.022,14.861,15.392,14.946,15.61,15.834,15.905,15.282,15.682,16.385,15.198,15.198,14.281,12.311,10.209,9.0228,13.891,15.834,16.624,16.658,16.615,15.967,15.428,15.474,15.106,15.021,14.419,14.281,13.311,14.012,12.379,12.253,12.391,11.785,12.115,10.942,10.825,10.942,10.098,11.044,10.428,11.652,12.103,12.103,11.158,10.209,6.3911,8.0842,10.195,10.14,10.468,10.929,10.575,10.305,9.2692,7.8902,8.0842,7.506,8.2906,8.119,7.979,9.7866,9.0384,9.8726,10.209,10.455,11.158,11.592,12.219,12.311,12.103,13.438,14.487,13.055,12.914,11.927
15.899,17.953,18.6,19.48,19.508,18.96,18.039,17.637,17.379,16.618,15.899,14.286,13.641,14.569,13.527,15.667,15.45,15.423,15.1,15.193,15.961,16.162,15.961,16.162,15.313,15.081,13.957,12.122,10.611,8.3046,13.264,15.025,16.344,16.162,16.853,16.344,15.202,15.961,15.468,15.276,15.193,14.097,14.433,13.558,13.007,12.656,12.488,11.636,11.636,11.342,11.78,10.664,10.505,11.154,11.354,11.192,11.636,11.78,11.154,10.136,6.9784,8.8303,8.555,10.624,10.938,11.192,10.821,10.192,9.5648,8.7018,8.116,8.0986,7.3898,8.6369,9.4909,9.2658,8.7823,10.247,10.451,11.392,11.078,11.192,11.342,11.478,12.756,13.05,13.764,13.886,13.391,11.192
15.821,17.945,18.884,19.629,19.304,18.832,18.47,17.573,17.266,16.449,15.075,15.306,14.943,15.461,16.129,14.735,15.461,15.269,15.918,15.084,15.821,15.918,15.75,15.91,15.768,14.934,14.011,12.335,10.659,9.2617,13.521,15.705,16.517,16.576,16.92,16.466,15.91,15.989,15.379,14.934,14.426,14.668,14.001,13.521,13.88,12.369,12.415,11.582,12.209,11.667,11.679,10.933,10.933,10.201,11.775,11.679,11.775,11.643,10.933,9.4421,7.115,8.5017,9.5605,10.297,11.715,10.738,10.297,9.9638,8.633,8.633,7.4434,6.4734,8.3008,7.593,7.9548,9.2617,9.2617,9.7354,10.297,10.606,11.137,11.275,11.858,11.917,12.482,12.369,13.001,13.13,13.119,11.631
15.764,17.509,18.669,19.322,19.139,18.827,18.172,17.093,17.118,16.928,15.43,15.032,14.948,14.872,15.612,14.42,15.032,15.96,15.394,14.901,15.43,15.43,16.248,15.933,15.764,15.2,14.014,11.929,10.63,9.1325,13.699,15.969,16.668,16.895,17.118,16.786,16.144,15.924,15.539,15.43,14.332,14.263,14.901,13.27,13.564,12.312,12.784,11.69,11.69,11.976,12.116,10.748,11.084,10.748,11.869,11.786,11.976,11.434,11.046,9.7444,6.4138,8.706,9.2702,9.2702,10.536,10.307,10.307,9.5694,8.7865,8.1199,7.6555,6.3918,7.9622,8.2404,7.5068,9.391,9.0861,10.197,9.5694,9.7877,10.735,11.198,11.084,12.116,11.976,12.528,13.801,13.11,12.346,11.36
16.058,18.292,19.129,19.151,18.651,18.824,18.583,17.399,16.594,16.075,14.691,14.585,15.321,14.691,14.957,15.191,14.957,15.513,14.957,15.191,15.631,15.033,15.33,15.917,15.44,13.972,13.604,12.135,10.217,8.7921,13.542,15.765,16.602,17.104,17.104,16.25,16.058,15.631,15.321,14.585,14.449,14.585,14.585,13.374,13.542,12.536,12.847,11.697,12.228,11.292,12.262,10.95,10.742,11.367,10.435,11.367,11.697,11.793,11.167,9.5754,6.2169,7.8961,9.5015,10.106,10.937,10.689,10.217,9.0139,9.0918,8.2627,7.9672,6.802,7.2244,8.5645,7.549,9.0451,9.8799,9.5607,10.623,10.636,11.267,11.205,11.649,11.793,12.228,12.934,13.279,13.542,12.77,12.042
17.317,19.967,21.171,21.279,21.896,20.767,20.87,19.134,18.424,17.913,16.209,16.093,16.546,16.292,16.804,16.407,16.093,16.876,18.16,17.278,17.192,17.019,17.247,18.07,16.603,15.983,15.26,13.339,11.74,9.6928,15.26,17.891,18.743,18.858,18.707,18.388,17.988,17.503,17.13,16.676,15.814,16.611,16.159,15.189,14.975,13.815,13.53,13.208,13.53,12.549,13.299,12.815,11.66,12.72,12.56,12.549,13.815,13.619,12.333,11.2,7.4287,9.3536,10.22,10.796,12.495,12.376,11.332,10.908,9.7482,8.8203,8.0546,8.1046,8.4462,8.3661,8.6353,9.858,10.273,10.39,11.426,12.113,13.258,11.831,13.708,13.97,13.97,15.268,15.78,15.703,14.857,12.549
15.49,17.702,19.306,19.306,19.123,19.422,18.311,18.103,17.121,15.92,14.794,15.463,14.042,14.669,14.152,14.002,15.095,14.476,15.445,14.736,15.599,15.197,15.823,16.035,15.381,15.599,14.281,12.382,10.608,8.5026,13.501,15.955,16.98,16.881,16.654,16.192,15.707,15.298,15.445,15.011,14.564,15.011,14.669,14.002,12.484,12.828,12.245,12.118,11.632,11.919,10.921,10.818,11.351,11.151,10.934,11.251,12.651,12.336,11.776,10.243,6.7921,8.6988,10.298,10.568,10.501,10.934,10.739,9.2626,8.5685,8.3017,8.0784,7.5938,8.0958,8.026,8.0784,9.5615,9.0164,10.243,10.202,10.243,11.584,11.151,12.118,12.915,12.828,13.121,14.251,13.769,13.121,11.74
14.988,18.096,18.749,18.659,19.286,19.344,18.628,17.764,17.04,16.002,15.435,14.912,14.172,14.331,15.054,14.301,14.912,15.129,16.047,15.352,15.499,15.25,15.653,16.439,16.187,14.682,14.527,12.873,10.042,8.1242,13.167,15.653,16.222,17.065,16.831,15.878,15.967,15.517,15.545,14.941,15.073,14.41,14.478,13.306,12.95,13.548,12.288,12.253,11.624,11.673,11.428,10.856,11.315,11.19,11.673,11.19,12.425,11.757,11.428,10.126,6.9395,9.0636,9.9998,11.721,11.29,10.959,11.113,9.9998,9.0948,9.048,8.0542,8.2796,8.1416,9.048,8.2796,10.126,10.224,9.6392,10.334,10.457,10.972,11.96,11.782,13.091,12.459,12.961,14.615,12.873,12.561,11.228
16.28,17.942,19.176,19.36,18.615,19.36,18.886,17.422,16.658,15.786,15.23,14.468,14.399,14.311,13.633,15.313,14.816,15.506,15.715,15.506,15.938,15.23,15.313,16.176,15.651,15.795,14.192,12.128,10.53,8.9155,13.56,15.642,16.793,16.928,16.565,16.522,15.867,15.506,15.35,15.341,14.192,14.468,14.399,13.622,12.787,12.853,11.665,11.457,11.677,12.336,12.552,10.756,11.282,10.637,12.058,11.182,12.462,12.279,11.773,9.9359,7.234,9.4694,9.8069,10.449,11.665,11.282,10.49,10.476,9.0883,8.8038,7.9066,8.2566,8.5759,9.0572,9.0883,9.5882,10.272,9.9927,10.769,11.419,11.27,11.893,12.787,12.608,13.339,13.633,13.961,13.392,13.339,10.756
15.947,17.987,18.973,20.311,18.673,18.604,18.635,17.765,17.67,16.167,15.452,14.779,14.46,14.807,12.801,15.497,15.203,15.221,15.497,15.305,16.306,15.221,15.804,16.193,15.929,14.702,14.702,12.329,9.987,8.571,14.509,15.929,16.555,16.918,16.691,16.512,16.026,15.11,14.921,15.452,14.44,14.46,14.826,13.82,13.161,12.801,12.237,11.766,11.945,12.133,12.409,10.907,11.213,10.763,11.475,11.945,12.511,11.706,11.276,10.029,6.7237,9.0207,10.266,11.609,11.658,11.363,10.484,9.8013,9.2984,8.7666,7.9021,7.4607,7.9733,8.7988,9.5679,9.1452,10.321,10.225,11.766,10.958,11.413,11.475,12.977,12.933,13.128,13.289,14.033,13.074,12.768,11.886
15.708,18.796,19.469,18.856,19.352,19.035,18.2,18.107,18.107,16.204,15.564,14.462,14.186,14.772,14.156,14.354,15.056,15.427,15.418,15.949,15.418,15.418,15.807,16.09,15.046,14.521,14.598,12.411,10.087,9.0223,13.864,15.958,16.643,17.358,16.787,16.204,15.5,15.527,15.454,15.205,14.511,14.781,14.186,13.586,11.804,13.302,12.03,12.239,12.457,11.365,11.415,11.265,10.96,11.66,11.101,11.888,12.147,11.888,11.66,10.323,7.1525,8.2533,10.157,10.947,10.699,11.215,10.553,10.115,9.4656,8.5229,7.9034,7.9746,7.3858,8.5889,9.0535,10.157,9.5696,10.213,11.177,11.804,11.804,11.804,12.804,14.364,12.77,13.554,14.186,14.126,12.804,10.593
17.802,20.307,21.377,21.547,22.123,21.828,20.193,20.092,18.749,18.088,16.32,16.32,16.842,15.917,16.444,16.145,16.769,16.419,17.379,17.16,17.286,17.16,17.711,18.267,16.55,16.672,15.609,13.953,12.005,9.5601,15.089,17.749,19.324,18.669,18.318,18.385,17.596,17.033,16.978,16.802,16.444,16.769,15.909,15.116,14.145,14.799,13.738,13.041,13.992,12.577,12.843,12.005,12.502,12.695,12.005,12.523,13.679,13.031,12.566,11.055,8.0725,9.7144,11.452,12.502,12.663,12.404,12.491,11.452,10.969,9.3744,8.7168,8.7168,9.2583,9.8936,9.5883,11.869,11.116,11.858,12.491,12.139,13.61,13.728,13.768,14.448,14.001,14.999,15.635,15.116,14.643,13.237
16.174,18.575,19.27,18.621,19.175,19.175,18.315,18.175,17.678,16.495,15.704,14.834,14.467,13.391,13.59,15.014,15.229,15.014,15.505,15.229,15.812,15.713,15.998,16.314,15.505,14.447,14.04,11.951,10.23,8.4086,13.807,15.865,16.546,16.699,16.691,15.998,16.417,15.505,15.713,14.632,15.238,14.319,13.422,13.558,11.951,12.95,12.641,12.37,12.127,11.381,11.219,10.912,10.649,10.964,10.847,11.381,12.232,12.127,11.455,10.16,7.135,8.5089,10.964,9.7772,11.281,11.418,10.702,9.935,10.034,8.9147,8.1003,8.1003,8.5751,8.7223,9.2876,9.9918,10.271,10.768,11.181,11.615,12.404,12.127,12.983,13.156,12.607,12.852,14.319,13.167,13.156,11.663
15.72,18.098,18.346,17.885,19.865,19.191,18.16,18.003,18.066,16.698,15.873,15.058,14.326,15.058,14.983,14.783,15.657,15.124,15.049,15.124,15.512,16.182,15.997,15.648,15.494,14.983,13.565,13.043,10.453,8.9188,12.691,15.512,16.698,16.528,15.97,15.873,16.103,15.217,15.873,15.245,14.84,14.326,13.813,13.141,12.283,12.691,12.421,12.409,12.133,11.681,11.11,10.707,10.773,10.969,10.773,11.186,12.004,11.312,11.11,10.165,7.9095,9.5176,10.165,11.461,10.494,11.717,10.494,9.9395,9.0917,9.0449,8.104,8.2597,8.7263,8.5791,8.807,10.234,10.331,11.374,11.386,11.287,11.717,11.813,12.466,12.769,12.813,13.162,13.638,13.731,12.421,11.669
15.804,18.104,18.451,19.268,19.261,18.875,17.986,17.828,17.018,16.262,15.23,14.625,14.625,14.508,13.912,15.633,15.642,15.332,15.341,15.23,15.633,15.696,15.99,15.777,15.642,14.283,13.666,12.144,10.551,9.5825,13.458,15.415,16.305,16.14,17.249,16.614,15.633,15.642,15.633,15.221,14.769,13.952,14.312,13.331,12.329,12.867,11.886,12.398,11.945,11.945,11.945,10.841,10.958,10.644,11.301,11.175,12.051,11.886,11.263,10.224,7.4605,9.283,10.155,10.841,11.766,11.802,11.175,10.524,10.113,9.8012,7.5171,7.666,8.0962,9.1758,9.5825,10.321,10.484,10.763,11.213,11.263,12.635,12.845,12.635,12.635,13.552,13.8,14.033,13.83,13.552,11.706
15.81,18.573,18.573,18.815,19.327,18.55,18.86,17.676,16.891,16.146,14.984,15.134,15.227,14.813,14.898,15.04,15.421,15.059,15.43,15.457,16.032,15.208,15.747,16.172,15.711,14.514,14.367,12.448,10.688,8.8019,13.208,15.997,16.032,16.612,16.899,16.415,15.997,15.997,15.457,15.31,14.514,14.465,14.038,13.805,12.861,12.055,12.23,12.032,12.242,12.126,11.807,11.38,10.447,11.065,11.103,11.503,12.242,12.126,11.179,9.5862,7.3872,9.1485,10.089,10.846,11.38,11.267,10.27,9.891,9.102,9.4674,7.52,7.4063,8.3231,8.5906,8.272,9.7034,9.776,10.635,10.528,11.71,12.414,12.276,12.806,12.938,12.684,13.63,13.671,14.288,12.949,12.055
15.5,17.864,19.323,19.498,19.058,18.842,18.076,17.824,17.146,15.637,15.709,14.981,15.745,15.206,14.628,15.5,14.628,15.709,15.932,15.131,15.932,15.131,15.7,15.807,15.308,15.047,14.924,11.805,11.178,8.3048,13.669,15.418,16.507,16.196,16.686,16.266,15.959,15.482,15.7,15.308,15.009,14.521,14.463,14.157,14.186,12.859,11.948,12.274,11.948,11.366,10.96,10.646,11.303,10.844,11.215,11.612,12.548,11.697,11.502,10.227,6.9116,9.0382,10.323,11.278,9.7744,11.215,11.278,9.147,9.6288,8.6548,7.6122,7.133,7.3861,9.1006,8.4063,9.285,10.472,10.96,10.445,10.948,11.888,12.548,11.888,13.721,13.034,13.586,14.315,13.034,13.555,11.888
15.81,18.056,19.002,19.334,19.327,18.86,18.883,17.7,17.676,16.647,15.227,15.648,15.059,14.899,15.864,15.05,14.974,15.792,16.032,15.639,15.997,15.935,14.813,16.199,14.813,14.984,13.389,12.784,10.447,9.4077,13.421,16.199,16.697,16.613,16.493,16.544,15.567,15.639,15.864,15.227,14.746,14.708,14.367,13.305,13.133,12.684,12.861,12.056,12.414,11.662,11.95,11.28,10.528,10.648,11.217,12.126,11.674,11.89,11.28,9.934,6.9128,9.0555,10.325,9.0867,10.635,11.18,10.555,10.117,9.0242,7.5202,8.0995,6.2013,6.9128,8.3063,8.1169,9.0555,9.8051,10.688,11.065,11.997,11.95,12.149,12.448,12.684,13.036,12.861,14.631,13.63,12.126,11.18
16.14,18.198,18.782,19.536,18.602,18.352,18.534,18.352,17.475,16.21,15.502,14.541,14.57,14.95,13.501,15.502,15.052,15.583,15.718,15.93,16.105,15.247,16.105,16.079,15.718,14.912,14.249,12.731,10.404,8.8768,13.563,15.574,16.313,16.954,16.945,16.14,15.357,15.357,15.886,15.798,14.912,14.1,14.912,13.768,13.111,13.249,12.498,11.431,11.614,11.614,12.225,11.758,11.171,10.484,11.698,12.006,12.709,12.075,11.221,9.7355,6.9044,8.8134,9.1413,10.917,10.865,10.644,9.7643,9.1413,9.5465,8.0134,7.4889,6.9044,7.3567,9.0022,9.5465,9.1106,10.186,10.431,10.551,11.407,12.099,11.9,12.554,13.239,13.501,13.281,13.9,13.154,12.982,11.614
15.472,18.033,18.986,19.201,18.845,19.687,18.096,17.733,17.541,16.683,16.063,14.962,14.657,14.355,13.814,15.983,14.734,14.999,15.214,15.797,15.698,15.121,15.224,16.08,15.408,14.589,14.306,12.232,10.22,8.7141,13.452,15.517,16.185,16.607,16.53,16.607,15.85,14.962,15.196,15.554,15.103,15.028,14.355,14.355,13.325,13.441,12.629,12.358,11.761,12.127,12.116,11.056,11.271,10.902,11.271,11.797,12.116,11.94,10.953,10.261,6.9274,9.4148,9.7968,10.466,10.626,10.953,10.316,10.22,8.9063,8.4007,7.6072,7.3812,6.907,9.3998,9.768,9.079,10.692,11.445,11.88,11.258,11.94,12.438,13.122,13.546,13.546,13.946,14.914,14.037,13.855,11.652
15.941,18.628,19.32,19.494,19.048,19.261,18.56,18.16,17.136,16.082,15.029,14.963,14.503,14.513,13.326,15.225,15.123,15.628,16.222,15.492,15.798,15.419,15.446,15.492,15.104,14.878,13.948,12.267,10.759,9.1727,13.526,15.637,16.403,16.634,16.803,16.634,15.7,15.123,15.492,14.916,14.658,14.435,14.503,13.124,12.797,13.124,12.439,12.267,12.541,11.702,12.675,11.762,11.095,11.057,11.702,12.023,12.764,12.047,11.47,9.4606,6.9281,8.8436,9.6233,9.8839,10.467,11.259,10.941,10.082,9.0331,8.5679,7.5146,7.8992,7.8992,9.2798,9.295,9.1727,10.262,10.221,11.798,12.047,12.764,12.863,13.026,13.124,13.442,13.578,14.068,13.948,13.326,11.495
15.975,18.024,18.82,18.976,19.147,19.713,18.79,17.532,17.652,16.462,15.789,15.482,14.764,15.104,14.688,14.289,15.482,15.436,15.409,15.789,15.966,15.842,15.436,15.509,15.842,15.436,14.14,12.26,10.256,9.0431,12.844,15.509,16.177,16.876,16.59,16.462,15.789,15.931,15.789,15.409,15.095,14.954,14.348,14.06,13.018,13.539,12.789,12.016,11.731,12.109,11.265,10.935,11.088,10.753,11.646,11.933,12.26,12.109,11.202,10.753,6.9238,9.4099,10.145,10.46,10.831,11.265,10.145,10.621,9.6904,8.3963,7.4534,7.5473,7.6032,8.3119,7.8943,10.634,9.7917,11.164,11.646,11.695,12.039,12.756,12.789,13.286,13.148,13.318,14.03,14.494,13.286,11.658
16.246,18.696,19.025,19.135,19.135,18.392,18.605,18.076,17.115,16.529,15.4,15.03,15.473,15.308,15.609,14.486,15.427,15.427,15.427,15.922,16.176,14.87,15.391,15.93,15.609,14.437,14.437,12.781,10.825,8.6395,13.89,15.966,15.833,16.58,17.016,16.246,15.957,15.427,15.427,15.391,14.87,15.03,14.418,13.696,13.562,12.253,12.435,12.218,12.032,12.39,12.378,11.082,10.746,11.395,11.591,11.652,12.615,12.102,10.889,9.5677,6.9197,9.1308,9.786,10.746,11.64,11.258,11.358,10.427,9.2838,8.6395,7.5429,6.9805,9.1308,8.239,8.0312,10.508,10.084,10.941,12.207,12.435,12.31,12.032,13.31,13.183,13.279,14.679,14.052,13.531,13.593,11.926
15.205,17.838,19.641,19.432,19.316,19.512,18.821,18.05,17.35,17.568,15.607,14.868,15.471,14.639,14.953,15.471,15.196,15.453,15.928,15.009,16.663,15.009,15.607,15.616,14.953,14.715,14.05,12.388,9.9134,8.6384,13.602,15.92,16.527,16.856,16.654,15.777,15.964,15.679,15.777,15.67,15.453,15.018,13.959,14.677,14.288,13.309,12.835,12.49,12.846,11.156,11.686,11.344,10.745,11.431,10.679,11.925,12.58,12.388,11.638,10.426,6.9188,9.0211,10.012,10.626,10.207,10.679,10.745,9.7415,9.1605,8.5729,7.8887,7.2176,7.8887,9.5664,9.2674,9.2826,11.08,11.194,12.49,11.356,11.674,12.101,12.747,13.529,13.435,14.288,13.929,13.776,12.758,11.59
15.935,17.837,19.243,19.699,19.324,18.648,18.903,17.647,17.837,16.354,15.676,15.477,14.807,15.183,16.119,14.015,15.432,15.322,15.024,15.541,16.18,15.926,15.395,14.902,15.784,15.099,14.025,12.117,10.617,9.0246,13.367,15.432,16.206,16.067,17.284,15.926,16.18,15.622,16.049,15.613,14.721,14.499,14.294,13.7,13.648,12.618,12.585,12.393,12.035,12.256,12.221,11.594,10.749,10.931,11.87,11.361,11.87,11.87,10.931,9.8746,6.9012,8.5103,9.5702,10.253,11.261,11.691,11.161,10.537,9.5702,9.3919,8.6418,7.7294,8.8353,8.0334,8.7873,9.974,10.577,11.046,11.87,11.361,13.282,12.438,13.314,12.529,13.965,13.534,13.813,13.597,13.607,11.361
15.905,18.401,19.174,19.487,19.026,19.181,17.842,18.023,17.523,16.479,15.208,15.61,14.497,14.719,14.871,14.133,15.096,15.474,15.718,15.474,15.967,15.474,15.967,15.31,16.002,15.087,14.438,12.616,10.535,8.8972,13.269,15.834,16.759,16.385,16.394,16.238,15.932,15.456,15.474,14.946,15.199,14.603,14.497,13.532,12.738,13.396,12.493,12.115,11.927,11.641,11.868,11.458,11.482,11.689,11.284,11.785,12.219,12.254,11.592,9.9155,7.4496,9.023,10.942,10.825,10.251,11.653,10.14,10.14,9.5685,8.2908,8.6402,8.0843,7.8366,9.4051,9.5685,10.209,10.747,10.942,11.653,12.254,11.868,12.925,13.055,13.269,13.563,13.962,14.281,14.053,13.605,11.868
16.006,18.306,19.303,19.119,19.141,19.141,18.337,17.806,16.872,16.207,14.684,15.025,14.808,14.959,15.016,15.623,15.184,15.541,15.505,15.1,15.935,15.46,15.677,15.686,15.202,15.016,14.166,12.619,10.538,8.2416,13.315,15.686,16.997,16.594,16.397,16.389,15.971,15.202,15.614,15.212,15.322,15.025,14.295,14.295,13.701,12.84,12.851,12.785,12.785,11.692,11.262,11.149,10.893,11.728,10.893,11.692,12.222,12.256,11.349,10.253,7.2208,9.0407,10.253,11.287,10.828,10.684,10.471,10.308,10.143,7.981,7.1423,8.0338,8.5603,9.1645,9.0407,10.143,11.161,10.538,11.871,12.106,12.84,12.664,12.496,13.535,12.829,13.649,14.645,13.649,13.783,11.085
16.048,18.079,18.991,19.489,19.897,18.426,18.609,17.282,16.455,16.532,16.004,14.44,15.107,15.43,14.283,15.403,14.682,15.96,15.089,15.014,16.352,15.54,15.612,16.49,15.765,14.489,14.498,12.22,10.63,8.8346,13.143,15.621,16.464,16.786,17.061,16.144,15.933,15.033,14.901,14.758,15.014,15.311,14.293,14.489,13.533,13.281,12.438,12.392,13.11,12.105,12.128,11.16,11.459,11.36,11.26,11.786,12.105,11.929,11.483,10.456,7.6556,9.2856,10.669,10.748,10.748,11.16,10.141,10.141,9.451,8.5097,7.8912,7.4315,7.6556,9.2704,9.0396,9.451,10.63,11.36,12.392,11.198,12.617,12.381,13.132,14.024,13.013,13.596,14.342,13.842,13.302,11.397
18.08,20.184,21.935,22.027,20.926,20.699,20.849,19.86,18.258,17.702,16.188,16.97,17.16,16.171,16.994,15.636,15.834,16.794,16.794,16.994,17.952,17.215,17.779,18.31,16.64,16.146,15.834,13.554,11.852,9.8891,15.575,17.702,19.083,19.062,18.969,18.391,17.68,17.278,16.665,16.543,15.627,15.842,16.64,14.338,14.673,14.479,13.947,13.149,13.947,13.995,13.554,12.742,13.312,12.571,12.582,13.251,13.947,13.484,12.474,10.703,7.7964,10.212,10.964,11.68,11.68,11.966,12.134,11.622,9.9978,9.0772,8.9423,8.8512,9.5557,9.8755,9.3701,10.46,11.68,11.864,12.561,13.514,13.81,13.81,14.646,14.479,15.287,15.082,16.64,15.454,14.12,12.089
15.046,17.546,18.504,18.942,19.682,18.867,18.686,17.449,17.097,16.567,15.426,14.313,14.194,14.607,13.728,14.372,15.426,15.436,15.463,15.046,15.958,15.573,15.958,15.573,15.426,14.402,13.8,12.142,10.121,8.8053,13.624,16.003,16.703,16.931,16.567,15.958,16.038,15.87,15.463,15.426,14.904,14.713,13.562,14.164,12.554,13.309,12.789,12.866,12.986,11.618,11.458,11.184,11.107,11.811,11.284,11.715,12.418,11.895,11.679,10.492,6.7287,8.2752,9.0899,11.284,10.559,10.232,10.037,10.451,8.8053,8.1372,7.9792,8.5112,8.1198,8.1024,8.5112,10.218,10.652,11.715,11.284,11.811,12.644,12.407,13.16,13.138,13.16,12.877,13.831,13.426,12.611,10.771
16.129,18.408,19.152,19.196,19.248,19.152,18.439,17.729,16.948,16.363,15.192,13.973,14.352,14.381,14.034,15.486,14.968,14.797,15.918,15.118,16.155,15.622,16.059,16.076,15.024,15.211,14.114,12.446,9.7945,9.0457,13.448,15.514,17.105,16.603,16.906,16.076,15.514,15.55,15.192,14.958,14.768,14.498,13.943,13.902,12.592,13.615,12.355,12.626,12.626,12.124,11.984,11.662,10.834,11.368,11.205,11.491,11.758,11.601,11.268,10.436,6.9257,8.5815,10.544,10.69,10.742,10.624,10.314,9.7512,9.2767,8.565,7.3985,7.6608,9.0457,8.712,9.2919,10.259,10.756,11.937,11.442,12.355,13.065,12.355,13.28,13.851,13.543,13.543,14.958,14.024,13.194,11.442
16.254,17.968,19.582,19.932,19.182,18.585,18.856,17.231,16.358,15.841,14.877,15.399,15.545,14.581,14.687,14.953,15.019,14.877,16.254,15.103,15.93,15.626,16.053,16.071,15.436,14.376,14.298,12.351,10.739,8.5785,14.029,15.68,17.025,16.934,16.071,15.761,16.245,15.187,14.493,15.038,14.877,15.038,14.493,13.703,14.139,12.843,12.766,12.259,12.532,12.109,11.646,10.947,11.463,11.79,11.201,11.289,12.396,11.873,11.401,10.31,7.2224,8.644,10.255,10.673,10.895,10.947,10.686,10.255,9.4988,7.7314,7.2224,7.965,8.1053,9.9199,9.0892,9.4542,10.673,11.289,11.98,11.933,12.498,12.385,13.433,14.298,13.433,13.6,14.868,12.854,13.115,11.364
15.767,17.562,19.256,19.769,19.719,19.19,19.241,17.849,17.401,17.106,15.551,15.193,14.382,14.654,14.615,14.114,15.98,14.798,14.798,15.794,16.182,14.997,15.98,16.156,15.551,15.044,13.791,12.264,10.517,8.3991,13.195,15.731,16.295,16.595,16.467,15.936,16.077,15.193,15.632,15.193,15.487,14.769,13.903,14.293,12.771,13.12,12.837,12.771,12.848,11.467,11.795,10.743,11.294,11.687,10.899,11.206,12.229,11.759,11.602,10.079,6.8027,8.841,10.218,10.259,10.544,10.677,9.881,9.5764,9.2771,8.7609,8.1085,7.4558,8.2636,9.0928,8.7609,10.464,10.584,10.69,11.443,11.662,12.627,12.125,13.439,13.323,13.066,13.543,14.293,13.974,12.936,11.985
15.629,18.923,19.395,19.05,19.489,19.496,18.076,18.66,17.593,16.678,15.124,15.227,14.436,14.299,14.12,14.309,15.692,15.115,14.889,15.493,15.411,15.42,15.8,15.951,15.521,14.309,13.328,12.234,9.5802,8.5688,13.548,15.8,16.499,16.98,16.223,15.854,16.162,15.124,15.701,15.448,14.965,14.765,14.07,13.548,12.632,13.285,12.676,12.853,12.798,12.222,11.058,11.606,10.694,10.942,11.096,11.21,12.118,12.44,11.058,10.222,6.9084,8.7964,10.153,9.7988,10.76,10.027,10.222,9.2959,9.2807,8.1117,7.4017,8.1291,8.2668,9.5802,8.9081,10.76,10.839,10.548,11.21,11.655,12.798,12.451,13.381,13.611,13.858,13.908,14.436,13.58,13.58,11.667
15.962,18.336,18.68,19.335,19.062,19.217,18.336,17.939,17.868,17.313,14.899,15.348,14.269,15.311,15.962,14.669,15.43,15.421,16.493,15.811,15.988,15.421,15.962,15.458,14.602,14.318,13.421,12.242,9.7619,8.5249,13.134,16.278,15.649,16.416,16.425,16.269,16.077,15.748,16.077,15.348,14.602,14.189,14.514,13.805,13.867,13.166,13.294,12.807,12.334,12.403,12.277,11.418,10.767,10.963,11.18,11.455,11.771,11.807,11.218,9.8914,6.4692,8.5745,9.4678,9.1024,10.767,11.065,9.5866,9.4079,8.5083,8.3065,7.9942,6.913,7.4067,8.408,7.9053,10.229,10.555,10.118,10.963,11.368,12.685,12.334,12.982,12.807,12.785,13.918,13.589,14.269,11.711,11.418
15.427,18.745,19.659,18.954,18.723,19.284,18.481,17.761,16.828,15.937,15.078,14.994,14.343,15.003,15.445,14.576,15.281,15.509,15.805,15.373,15.363,15.373,16.147,15.929,14.984,14.919,13.744,12.559,10.08,9.0062,13.339,16.551,16.432,16.753,16.903,16.728,15.902,15.427,15.876,15.653,14.576,14.547,14.46,13.507,13.579,12.737,12.814,12.288,12.737,12.759,12.637,11.57,10.727,10.909,11.325,11.338,11.846,11.846,10.909,9.9958,6.445,8.5588,9.0217,9.3876,9.897,10.286,9.7686,8.6241,8.5424,7.9466,7.5852,7.4922,7.8757,8.5424,8.8806,10.596,10.286,10.87,11.138,11.619,11.703,12.503,12.469,12.637,12.988,12.933,13.774,13.569,12.593,11.263
15.39,17.84,19.024,19.172,19.172,18.422,17.958,18.021,16.656,15.317,14.29,15.011,15.085,15.39,14.784,15.28,14.101,15.672,15.779,15.206,15.317,15.672,15.454,15.681,14.954,14.485,14.28,11.748,9.7857,8.8963,12.913,15.681,16.991,17.016,16.349,15.965,16.202,15.832,15.473,15.095,14.869,14.573,14.011,13.363,13.53,13.107,13.107,12.114,12.615,12.032,12.252,10.889,10.627,11.688,10.733,11.688,11.676,11.784,11.432,9.7857,6.8992,7.9783,8.5738,9.7857,10.667,10.013,9.7569,9.0687,7.8358,7.3919,7.2184,7.2184,7.4299,8.2899,7.3919,10.139,10.454,10.427,10.928,11.973,11.481,12.836,12.218,12.615,13.562,12.825,13.268,13.89,13.129,11.258
15.307,18.051,18.513,18.535,19.178,19.134,18.152,16.655,17.13,16.613,15.196,14.16,13.929,14.367,13.107,14.868,15.196,14.678,14.868,15.028,15.535,15.607,15.535,16.043,14.484,14.259,13.96,12.58,10.013,8.8321,13.509,15.616,16.459,16.391,16.663,16.244,15.964,15.67,16.279,15.607,14.745,14.802,13.929,13.808,12.923,13.561,13.01,12.78,12.217,12.217,11.925,11.245,10.927,11.257,11.638,11.675,12.434,11.344,10.94,10.138,6.1886,7.8352,9.0836,9.9704,9.7418,10.138,9.037,9.6108,8.3906,8.3906,6.8987,7.6534,7.96,8.3906,9.2829,9.7851,10.613,10.627,10.888,11.257,12.377,12.614,13.107,12.923,12.377,14.16,13.695,13.838,12.835,11.194
17.384,20.019,20.64,21.35,20.989,20.503,20.398,18.579,19.26,18.199,16.922,15.462,16.192,16.142,15.313,17.048,16.471,16.945,16.561,16.225,17.376,16.69,17.376,17.422,16.463,15.763,15.462,13.604,11.08,9.1839,14.75,17.728,17.961,18.915,18.78,18.199,18.103,17.713,17.158,17.376,16.266,16.365,16.389,15.686,15.305,14.922,13.955,14.146,13.722,14.231,13.634,12.546,12.45,12.546,12.61,13.274,13.485,13.683,12.133,11.367,7.2002,8.8715,9.6823,10.634,11.319,10.685,10.43,10.482,8.8108,8.6879,7.5463,8.1124,8.3087,10.288,10.01,10.822,11.83,12.133,12.748,13.455,13.693,14.099,13.955,14.335,14.841,15.788,15.462,15.763,15.462,13.604
15.507,18.616,19.615,19.361,19.044,19.148,18.069,17.753,16.971,16.904,15.342,14.083,14.902,14.978,13.561,16.151,15.342,15.351,15.054,15.129,15.535,14.931,15.063,14.931,15.054,14.528,13.34,12.245,9.9933,7.671,13.297,16.177,16.151,16.904,16.617,16.523,15.814,15.507,15.535,16.177,14.902,14.605,14.902,14.449,14.052,13.675,12.865,12.952,12.406,12.28,12.141,11.271,11.457,10.477,11.182,11.271,11.953,11.702,11.22,9.5888,6.4048,8.593,9.4101,9.5888,9.7061,10.162,9.7061,9.0422,9.4251,8.1015,7.0963,7.6155,8.049,9.4101,9.9365,9.7642,11.106,11.22,11.482,12.245,12.519,12.129,12.28,12.81,13.34,13.424,13.829,13.561,12.688,11.182
17.748,20.167,21.817,21.412,21.7,21.139,20.695,20.039,19.151,17.907,16.594,16.594,17.657,17.011,17.011,17.011,16.496,17.082,16.979,16.979,17.748,17.263,17.457,17.263,16.569,16.232,15.829,13.311,11.716,9.2023,14.88,17.725,18.441,18.903,18.405,17.725,17.763,17.2,17.411,16.257,16.78,17.082,16.747,15.769,15.274,14.364,13.935,13.983,14.78,12.826,13.661,12.9,12.464,13.24,12.636,12.983,13.502,12.983,12.646,11.041,7.7202,9.0695,11.016,11.401,11.67,11.716,11.235,11.016,9.9758,9.0695,8.3737,8.5962,9.3621,9.7985,11.102,11.39,12.157,12.344,13.311,13.799,13.935,14.466,14.175,14.661,14.661,14.401,14.988,15.44,14.988,13.24
15.934,18.149,18.882,19.501,19.406,18.427,18.11,17.866,17.312,16.075,15.039,14.784,14.396,14.707,13.452,15.711,15.484,14.983,15.639,15.236,15.863,14.898,15.039,16.172,14.898,14.513,14.048,11.71,10.474,8.5738,13.42,15.429,16.415,16.518,17.09,15.791,15.502,15.53,15.566,15.863,14.513,14.366,14.898,13.619,12.948,13.325,12.948,12.368,11.662,12.784,12.85,11.77,11.217,11.103,11.503,11.613,12.276,11.806,11.217,9.8907,6.7678,8.8016,9.1017,9.9902,10.962,10.648,10.767,9.8046,8.8016,8.7695,7.1339,8.2546,8.4073,9.055,9.9902,10.595,10.962,11.267,11.417,11.77,12.861,12.515,12.981,12.937,13.208,13.336,13.588,13.325,12.773,11.674
15.984,18.075,19.034,19.145,18.93,19.086,18.728,17.934,16.811,16.693,15.111,14.393,15.111,14.51,14.828,14.035,14.97,15.055,15.984,15.788,15.453,15.417,15.426,15.417,14.97,14.598,14.314,11.804,10.212,8.1321,13.033,15.13,16.203,16.514,16.377,16.377,16.072,15.644,15.526,15.499,14.665,14.895,14.665,14.075,13.29,13.616,12.331,12.411,12.273,12.547,11.994,11.414,10.959,10.959,11.671,11.476,12.603,11.887,11.277,9.5838,7.1323,8.5224,10.472,11.302,10.751,11.214,9.9314,9.9881,9.0842,8.1147,8.0448,9.4052,8.1321,8.572,8.7191,11.214,10.632,10.646,11.659,11.708,12.053,12.273,13.616,12.935,12.869,12.803,13.954,13.954,13.033,11.265
15.468,18.201,19.42,19.288,18.813,18.216,18.532,17.568,16.936,15.999,14.679,14.909,14.717,14.455,14.198,16.183,14.64,14.785,15.144,15.247,15.321,14.994,15.722,14.984,15.348,13.835,13.597,11.682,10.124,8.1223,12.958,15.468,16.521,17.003,16.087,16.043,15.468,15.468,15.069,15.44,14.318,14.406,15.069,14.455,14.327,13.335,12.648,12.693,12.342,12.25,11.815,11.313,11.187,11.313,10.642,11.67,12.422,11.898,11.225,9.7682,6.4734,8.58,9.8116,10.096,9.9406,10.918,9.5927,9.4739,8.1397,8.8561,8.0523,8.2777,7.9993,10.221,10.235,10.332,10.957,11.111,12.614,11.621,12.87,11.779,13.566,13.142,13.461,13.142,13.303,14.168,13.088,10.957
15.997,18.446,18.804,19.513,19.279,18.622,18.059,17.566,16.934,15.997,15.539,14.716,14.326,15.021,15.466,14.375,15.049,15.058,16.006,15.236,15.819,15.236,15.319,15.466,14.983,14.793,13.312,12.144,9.7673,8.4126,13.344,15.711,16.243,16.041,16.934,15.971,16.182,15.439,15.819,15.657,14.907,14.326,14.277,13.638,13.844,12.557,12.946,12.869,12.455,12.283,12.41,11.374,10.917,10.641,11.387,11.287,12.039,11.754,10.956,9.577,6.2276,8.6613,9.045,9.5177,10.76,10.534,10.234,10.039,9.7091,8.6613,7.9986,7.8557,8.8071,9.292,9.0606,9.9396,11.071,10.969,11.681,11.778,11.956,12.375,12.455,13.333,13.638,13.833,13.429,12.814,12.249,11.224
15.541,18.586,18.655,18.624,19.015,18.685,18.1,18.349,18.162,16.392,15.247,14.842,14.524,14.328,14.937,14.318,15.973,15.432,15.441,15.803,15.468,15.432,15.441,15.126,14.985,14.328,13.303,12.285,9.2931,8.5802,13.335,15.973,15.973,15.973,16.21,16.158,15.946,15.144,15.973,15.496,14.994,14.985,13.804,14.048,13.845,13.175,12.782,12.881,12.342,12.559,11.487,10.957,10.602,10.775,10.775,11.187,12.648,11.719,10.762,10.332,6.7309,8.7275,9.593,10.166,9.7685,9.7685,9.4292,9.155,9.1859,8.7275,8.1399,8.5967,9.0461,9.9409,9.155,11.187,11.67,11.815,11.67,11.719,12.134,11.815,12.041,12.771,13.567,13.045,13.567,13.335,12.285,11.073
16.001,18.302,19.177,19.622,19.513,18.797,17.879,17.185,16.497,16.176,14.835,15.119,14.893,15.461,14.162,15.751,14.042,14.931,14.672,14.931,15.063,15.461,15.534,15.992,15.063,14.449,14.052,11.677,10.162,8.1013,13.297,15.424,16.701,16.895,16.203,16.316,16.001,15.016,15.489,14.605,14.517,15.119,14.4,14.292,13.798,13.158,12.462,12.245,13.212,11.893,11.22,11.27,11.106,11.068,10.691,11.383,12.519,11.893,11.42,10.035,6.9348,8.8041,9.8073,10.757,10.035,10.477,9.9363,9.764,9.4249,8.4097,8.8041,7.5219,7.9069,9.7059,9.4249,9.8073,10.757,10.965,12.279,12.417,11.75,12.129,13.392,13.87,14.082,13.726,13.829,13.87,12.371,11.068
15.786,18.091,19.506,19.527,19.265,19.184,18.115,17.712,16.624,16.28,14.977,14.672,15.424,15.118,14.604,15.137,14.321,14.711,15.341,15.35,15.239,15.35,15.706,15.314,15.137,14.468,13.92,11.893,10.035,8.3249,13.211,15.652,16.496,17.127,15.965,16.211,15.965,15.461,15.433,15.062,14.902,14.672,14.36,14.311,13.798,13.455,12.687,12.416,12.552,11.809,11.665,11.169,10.557,11.282,11.382,11.282,12.035,11.809,11.665,10.161,6.9346,8.8519,9.6324,10.091,10.637,10.119,10.217,9.2885,8.8519,8.2567,8.3079,7.465,7.9779,9.7055,9.5882,10.769,10.965,11.677,11.952,11.506,12.519,11.952,13.039,13.328,12.952,13.633,14.604,13.307,12.371,10.65
15.527,18.2,18.788,18.796,19.087,18.93,17.831,17.989,17.831,16.42,15.008,14.125,14.462,14.971,13.626,16.195,14.809,15.499,15.223,14.781,15.957,15.788,14.895,15.055,15.454,14.598,13.449,11.994,9.7737,8.2529,13.162,16.264,16.308,16.962,16.557,17.02,15.743,14.895,15.86,15.699,15.008,14.314,14.314,14.442,14.035,13.626,12.445,12.547,12.803,12.411,12.273,11.671,11.265,10.592,11.215,11.476,12.399,11.947,10.445,9.8026,7.1324,7.9743,9.7011,10.699,9.5839,10.685,10.212,9.0999,8.8479,8.6541,7.3855,8.3212,8.6541,10.157,9.5839,9.9315,11.671,11.365,12.547,12.411,11.659,12.77,12.411,12.803,13.554,13.832,13.205,14.075,12.946,11.476
15.946,18.655,18.746,19.289,19.231,19.053,18.163,17.325,17.037,16.624,14.938,15.349,15.358,14.994,14.68,14.938,14.68,14.909,15.051,15.441,15.804,15.441,15.051,14.938,14.909,14.641,14.199,11.288,10.455,7.9108,13.43,15.469,16.658,16.436,16.184,16.219,15.999,15.469,15.514,15.126,15.135,14.909,14.089,14.328,13.733,13.399,13.175,13.314,13.218,11.899,12.251,11.111,11.187,10.97,10.775,11.187,11.899,11.815,11.313,10.332,6.773,8.8084,9.0619,9.9979,10.236,9.6374,10.166,9.5932,8.7277,7.9997,7.9108,7.0996,8.1052,9.5932,9.1087,9.4744,10.643,9.8121,11.187,11.719,11.755,12.135,12.285,13.927,12.782,13.629,14.199,13.64,12.882,11.111
15.967,18.19,18.376,19.227,19.19,19.801,18.697,17.725,17.04,16.577,15.054,14.615,13.838,13.971,13.178,14.988,15.517,14.827,15.241,15.472,15.878,15.352,15.139,14.912,14.846,14.052,13.338,11.818,10.645,8.1418,13.091,15.717,15.976,16.628,16.713,16.091,16.047,15.825,15.967,15.129,15.581,15.064,14.331,13.642,12.884,13.57,13.338,12.961,12.796,11.514,11.709,11.316,10.856,10.96,10.972,11.465,11.961,11.961,11.228,10.279,7.2393,7.1606,9.0481,9.1105,10.169,10.169,9.9003,9.8141,9.5952,8.5325,8.2798,8.6643,8.8102,8.8583,9.188,10.645,10.605,10.711,11.673,12.425,12.884,12.288,12.067,12.873,12.818,13.349,13.433,12.961,13.818,11.278
15.772,17.895,19.163,19.684,19.713,18.978,18.145,17.657,17.497,16.133,15.772,14.976,14.234,14.938,13.587,14.796,15.013,14.43,15.199,15.447,15.199,14.796,15.923,15.825,14.748,14.853,13.833,11.862,10.093,8.5535,13.524,15.42,16.479,16.95,16.453,15.923,15.825,15.664,15.958,15.19,14.777,14.283,14.234,14.095,12.841,13.524,13.102,12.753,12.338,11.862,11.586,11.646,10.728,11.352,10.609,11.634,12.304,11.152,11.19,9.738,6.7933,7.5951,9.1572,9.4447,10.569,9.9099,10.3,9.6071,8.7003,7.5019,7.3694,8.5699,8.1145,9.1265,8.235,10.19,9.1572,10.462,11.24,11.152,11.742,12.338,12.12,12.12,13.304,12.83,13.833,13.69,12.609,12.026
15.294,17.848,18.621,18.712,19.07,19.502,18.316,17.855,17.399,16.259,14.882,14.768,13.14,14.253,13.943,14.063,15.192,14.449,15.21,15.694,15.622,14.967,15.21,15.033,14.816,14.508,14.033,11.268,10.203,8.7603,13.022,15.404,15.73,16.628,16.129,16.181,16.129,15.486,15.631,15.793,14.882,14.768,13.656,14.253,13.194,13.851,13.279,12.77,11.937,11.491,11.205,11.268,10.742,11.662,10.755,11.442,11.937,11.937,10.676,10.259,6.3961,8.3141,9.0455,9.1694,9.5758,10.078,9.9798,9.0766,8.3141,8.246,8.2971,7.4553,8.3985,8.3141,8.5648,9.7654,10.217,10.476,11.442,10.95,11.794,11.984,11.698,13.322,13.151,13.29,14.449,12.935,12.626,11.466
15.531,18.39,18.483,18.939,19.081,19.118,17.928,17.656,16.865,16.247,15.028,13.999,14.36,14.03,13.172,15.057,15.057,14.567,14.857,15.028,15.531,15.028,15.393,15.028,14.79,13.712,13.205,11.926,9.8052,9.2068,12.889,15.695,16.326,16.705,16.739,15.982,16.044,15.057,15.549,15.686,15.028,14.674,14.201,13.503,12.9,13.67,12.889,12.643,12.162,11.842,11.782,11.339,10.68,11.414,11.513,10.995,11.745,11.697,10.995,10.189,6.4222,8.1584,9.1292,8.7473,10.119,10.119,9.3295,9.4507,9.3295,8.1584,7.1554,8.1235,9.1292,8.682,9.3143,10.02,10.505,11.301,11.213,11.513,11.985,12.033,11.842,12.451,13.02,12.988,14.171,13.02,12.844,11.414
17.651,20.247,20.754,20.806,20.955,21.109,19.761,19.29,18.836,17.428,16.764,16.014,16.148,15.81,14.895,17.28,16.323,16.521,16.439,16.837,16.869,16.708,16.24,16.635,16.439,15.456,14.378,13.233,10.717,9.2554,14.592,17.887,18.135,18.313,18.779,17.948,17.467,17.028,17.028,17.028,15.87,16.521,16.148,14.886,15.43,15.508,13.997,13.997,13.734,14.303,13.486,12.356,12.169,11.624,12.659,12.839,13.284,13.556,11.968,10.513,7.3516,9.0785,9.6695,10.461,10.397,11.125,10.526,10.24,9.5571,9.3715,8.07,8.3982,8.9738,10.318,10.717,9.5429,12.001,12.573,12.86,13.556,12.744,12.996,13.253,13.842,14.555,14.378,15.508,15.638,13.605,13.365
17.496,19.932,20.557,21.444,21.444,21.482,20.497,19.966,18.728,17.987,16.668,15.693,15.208,15.562,14.919,16.372,16.798,16.578,16.496,17.031,16.839,16.57,16.701,16.798,16.855,16.196,15.163,12.692,10.754,9.519,15.046,17.736,17.987,18.22,18.145,17.805,17.713,17.277,17.34,16.578,16.855,16.179,15.925,15.055,14.763,15.342,14.466,14.248,14.19,13.772,13.653,12.563,12.099,11.895,11.895,12.617,13.653,13.299,12.788,11.09,7.018,8.6347,10.433,10.128,12.211,10.754,11.164,11.066,10.354,9.745,8.4112,9.3314,9.6186,9.7031,11.053,11.2,11.918,11.547,12.831,12.278,13.33,13.919,13.462,14.837,14.503,14.938,15.208,15.342,14.615,12.735
15.527,18.216,18.579,18.761,18.548,18.487,18.632,17.347,17.631,17.017,15.481,14.997,15.073,14.73,15.26,15.672,14.921,15.25,14.921,14.624,14.921,15.063,15.082,14.921,15.138,14.653,13.314,11.68,9.9491,8.6695,13.314,15.26,16.101,15.977,16.406,16.021,15.527,15.371,15.726,15.508,15.26,13.979,14.34,14.34,14.487,13.483,13.609,12.659,12.704,11.789,11.472,10.718,10.105,10.966,11.12,11.435,11.68,11.908,10.979,9.82,6.0722,7.6251,9.0536,9.3161,10.665,10.784,9.9491,9.7911,9.3161,8.6038,8.3359,7.6251,8.0591,9.1626,9.3008,9.5268,11.825,11.234,11.385,11.234,12.015,12.704,12.433,12.892,12.793,13.186,13.578,12.969,13.186,11.631
17.263,20.271,20.662,20.865,21.027,21.001,20.424,18.935,19.694,17.835,16.225,16.744,16.776,16.175,16.703,16.275,16.15,16.614,17.318,16.776,17.474,17.2,16.557,17.628,16.284,15.879,15.331,13.353,11.149,9.5778,15.036,17.318,17.743,18.264,18.144,17.987,17.82,17.835,16.679,16.679,16.581,16.744,16.474,14.918,15.251,14.409,14.587,14.076,14.409,13.515,13.545,12.686,11.88,12.162,12.899,12.514,13.343,12.888,12.383,10.626,7.2375,8.8717,10.74,11.27,11.994,11.567,11.88,11.426,10.74,10.275,8.9933,8.4807,8.592,9.3918,10.115,11.461,12.207,11.994,12.207,14.153,13.313,13.901,14.475,14.334,14.22,15.428,14.809,15.189,14.229,13.066
15.915,18.037,18.392,19.098,18.994,18.801,18.037,17.45,16.951,16.16,14.976,15.274,14.74,14.155,13.102,15.611,14.125,14.045,15.014,14.48,15.302,14.48,15.494,15.384,14.673,14.284,13.925,11.683,9.9103,8.2525,13.431,15.674,16.238,16.522,16.649,16.273,15.665,15.773,15.191,15.098,14.711,14.431,14.74,13.639,13.69,13.431,12.654,12.247,12.109,12.418,12.12,10.936,11.586,10.742,11.452,11.39,11.427,11.452,11.253,9.9103,6.8963,9.0339,9.2646,10.936,10.82,10.676,10.449,10.422,9.2798,9.2646,8.3035,8.3035,8.8926,10.009,9.6805,9.4451,10.3,10.742,11.341,12.213,11.968,11.779,12.486,13.389,12.743,13.134,13.431,13.102,13.177,11.921
15.66,17.643,19.293,19.293,19.116,18.636,18.908,17.579,17.171,15.804,15.154,14.057,15.069,14.097,13.343,15.66,14.287,14.765,15.367,14.621,15.884,15.358,14.533,14.918,14.994,12.867,13.438,11.714,10.046,8.0045,13.183,15.144,16.018,16.255,16.643,15.884,15.587,15.66,14.727,15.723,14.65,14.65,15.003,13.575,13.606,13.311,12.384,12.623,12.532,12.566,12.258,10.925,11.494,10.964,11.965,11.469,12.464,11.822,11.726,9.5247,6.9423,9.3141,9.5989,10.715,10.046,11.194,9.9041,9.6431,9.0673,9.0673,7.9867,8.7814,7.7526,10.228,9.947,9.5247,10.977,11.282,11.232,11.494,12.566,11.762,12.889,12.823,13.226,13.481,14.067,13.844,12.823,11.469
16.25,18.04,18.849,18.864,19.029,19.318,17.874,17.431,16.458,15.543,15.051,14.552,13.707,14.196,12.548,15.023,14.355,14.552,14.503,14.552,15.68,14.085,15.387,15.378,14.434,14.404,14.166,11.509,9.8304,8.1553,13.456,15.267,16.561,16.741,16.553,15.976,15.851,15.267,15.543,15.743,14.668,14.085,14.746,13.902,13.07,13.167,12.672,12.639,12.672,12.48,11.921,11.132,10.663,10.782,10.582,11.309,11.981,11.692,11.309,9.6112,6.2401,8.2936,9.8015,10.144,10.991,10.623,9.6112,9.787,9.3107,9.0632,7.9256,8.613,9.5369,8.6787,9.787,9.7287,9.787,10.623,11.705,11.132,12.4,12.157,12.639,12.817,13.167,13.498,14.707,13.189,12.672,10.991
16.309,17.721,18.749,18.908,19.789,18.893,18.65,17.584,16.465,15.85,14.164,14.812,14.638,15.097,15.349,13.993,14.638,14.638,15.496,14.936,15.459,14.936,15.097,14.936,14.706,14.482,13.359,11.446,9.6545,8.1197,13.338,15.247,16.534,16.187,16.274,16.422,16.274,15.386,15.021,15.265,14.667,14.638,14.55,13.654,13.486,12.981,12.716,12.365,12.445,11.776,11.98,10.99,10.794,10.728,11.308,10.99,11.396,11.92,10.728,9.6103,6.4852,8.2757,9.4913,9.8296,11.131,10.351,10.254,9.8296,9.1249,8.4288,8.4288,7.6326,9.4913,8.5293,9.3099,10.058,10.473,10.662,11.207,11.691,11.74,11.74,12.445,12.716,12.547,13.327,13.86,13.014,12.883,11.408
15.917,17.656,19.151,19.334,18.681,18.277,17.656,17.847,16.5,15.935,15.023,14.585,14.957,14.252,15.042,14.882,14.272,14.957,15.44,15.44,14.691,14.957,15.404,14.872,14.351,13.79,13.279,12.042,9.6927,7.5491,13.119,15.413,16.406,16.628,16.363,16.259,16.154,15.622,15.023,14.882,14.691,14.585,13.79,13.779,14.292,13.29,12.792,12.263,12.858,11.466,11.661,11.255,10.258,10.937,10.436,11.661,11.936,11.466,11.293,9.9228,6.7605,8.0903,10.106,8.8402,10.689,10.742,10.203,9.5608,9.794,7.985,8.2969,8.0378,7.8424,9.4121,9.0296,9.794,11.154,10.543,11.205,11.367,11.734,11.367,12.32,12.858,12.263,12.77,13.973,14.023,12.858,11.441
17.754,19.705,21.017,21.205,21.205,19.905,20.73,19.433,18.594,17.615,16.587,16.388,15.709,15.787,15.578,15.709,16.12,16.213,16.513,17.358,17.358,16.718,16.62,17.762,16.313,15.881,15.648,12.844,11.015,8.6436,14.769,17.287,17.823,18.914,18.096,18.284,18.187,17.358,17.24,16.213,15.648,16.815,15.709,15.358,14.443,15.035,14.012,13.933,14.108,13.054,12.576,11.908,12.619,12.63,11.781,12.324,13.425,13.313,12.63,11.296,6.7883,8.8924,11.212,12.379,11.077,11.839,11.5,10.714,9.9351,8.8924,9.1195,9.6001,8.877,10.044,9.6001,11.065,11.065,12.179,12.412,12.641,12.543,12.929,13.587,13.786,14.137,14.518,16.718,15.358,14.06,12.748
17.74,21.033,21.418,21.57,21.033,21.29,19.834,19.142,19.157,17.847,16.802,16.005,15.194,16.208,14.84,16.574,16.2,16.334,16.705,17.281,17.059,17.059,16.672,16.826,16.475,15.869,15.354,12.834,10.756,9.1122,15.023,17.532,18.528,18.202,18.667,18.351,17.5,17.163,17.281,17.344,16.107,15.894,15.843,14.767,14.941,15.05,14.553,14,13.864,13.864,13.893,12.62,11.898,11.491,11.806,12.533,12.96,12.402,12.214,11.154,7.3788,8.8853,11.287,10.969,12.136,11.909,11.263,10.756,9.4495,10.565,8.2498,9.3336,9.803,9.9682,10.744,10.642,10.744,11.263,13.536,13.374,13.864,13.536,13.374,14.049,13.775,14.693,15.345,14.097,14.702,12.046
16.001,18.414,19.059,19.267,19.267,18.204,18.047,17.729,16.221,15.686,14.79,14.674,14.567,14.172,13.959,13.598,14.4,14.713,15.504,15.104,15.019,14.645,15.273,15.504,14.79,13.959,13.66,12.186,9.6594,8.1238,13.577,15.686,16.317,16.975,16.221,15.75,15.356,15.057,14.567,14.857,14.567,14.361,14.311,13.671,12.845,13.577,12.8,12.068,12.845,12.068,11.213,10.943,10.786,11.098,10.786,10.995,12.267,12.174,11.213,9.6151,6.5104,8.7476,9.6151,10.259,9.8345,10.627,9.8056,8.8767,8.6823,8.433,7.2544,8.6166,8.1238,8.9406,8.3312,10.148,9.8056,10.68,11.339,11.213,12.092,12.313,12.911,14.03,13.173,13.173,14.121,14.41,13.493,10.667
17.807,19.722,21.51,21.39,21.447,20.346,21.031,19.31,18.46,17.738,15.901,16.307,16.498,16.498,17.248,15.237,16.181,16.637,17.342,16.382,17.287,16.703,17.86,17.033,16.173,15.651,15.021,12.694,11.442,8.6042,15.138,17.089,18.445,18.379,18.08,17.769,17.723,17.216,16.605,16.248,16.299,16.248,16.206,15.564,14.691,14.43,14.086,14.038,14.173,13.332,13.694,12.608,12.368,11.897,12.313,13.209,13.332,12.832,12.618,10.755,7.5961,9.4485,9.7043,11.454,12.101,11.805,11.584,10.434,9.2446,9.6198,8.4122,8.1493,9.1112,8.4122,8.8843,12.011,11.805,11.584,12.011,12.179,13.891,12.79,14.701,14.326,14.617,14.691,16.232,15.564,14.848,12.906
17.931,20.066,21.422,21.416,21.168,21.117,19.979,19.248,18.022,17.161,16.196,16.641,16.196,16.154,14.973,16.154,15.952,16.518,16.444,16.978,16.129,16.802,17.216,17.658,16.649,16.154,14.891,13.42,10.97,8.9468,14.681,16.978,18.052,18.929,18.193,17.286,17.38,17.169,16.551,16.154,15.816,16.641,16.584,15.609,14.146,14.9,13.65,13.49,13.876,13.125,12.748,12.273,12.006,12.524,11.96,12.588,13.37,13.156,12.588,10.361,7.2988,8.8403,10.72,10.217,11.511,11.546,10.933,10.4,9.2148,8.4653,7.2988,8.8556,10.413,9.6729,10.097,10.217,11.417,11.628,12.328,12.865,12.791,12.844,13.739,14.203,14.203,14.002,16.129,16.154,14.279,13.258
15.538,18.376,18.742,18.825,18.99,19.071,17.947,17.427,17.174,15.791,14.521,14.715,14.404,14.906,14.473,14.715,14.473,14.982,15.465,14.906,15.465,14.906,15.429,14.906,14.792,14.325,13.343,11.813,9.6353,8.121,13.086,15.511,15.961,16.706,15.493,15.465,15.355,14.906,15.235,14.906,14.453,14.315,13.843,13.965,13.595,13.162,12.879,12.248,12.42,11.185,11.509,11.109,10.707,10.955,10.453,10.955,11.777,11.777,10.64,9.9958,6.066,8.3105,9.3066,9.5912,10.22,9.939,10.234,9.2914,8.8065,8.1035,7.3911,7.6174,7.5239,8.051,8.2592,9.1533,10.164,10.22,11.717,10.916,11.223,11.386,11.286,13.301,12.868,12.879,13.311,14.166,13.332,11.223
17.311,20.283,20.283,20.548,21.069,20.336,20.416,19.61,18.776,17.459,16.826,15.898,15.631,15.872,16.898,17.177,15.872,16.672,17.342,16.954,16.542,17.311,16.826,16.302,16.076,15.666,15.021,13.06,10.836,8.9138,14.525,17.129,17.919,18.293,17.675,18.234,17.404,16.954,17.505,16.64,16.468,16.615,15.7,15.465,14.912,14.403,14.012,13.55,13.748,13.019,12.52,11.989,11.504,12.606,11.644,12.595,13.519,13.439,11.989,10.948,6.7898,8.8528,10.057,10.415,10.985,10.337,10.948,9.9489,9.388,9.2717,8.2338,8.7294,7.8113,9.388,9.2277,9.9489,11.047,11.071,13.184,12.595,12.378,12.52,12.862,13.895,14.299,14.299,15.631,14.994,14.299,13.174
17.487,19.853,20.44,20.88,21.401,20.486,19.955,18.841,18.956,17.588,16.626,15.128,15.155,14.929,14.42,16.594,16.196,16.238,16.17,15.959,16.813,16.918,16.886,16.371,15.719,15.554,14.542,12.696,10.748,9.3989,14.838,17.197,18.068,17.917,18.514,17.479,17.078,16.569,17.642,16.757,16.238,16.17,15.891,15.262,14.316,15.641,14.682,13.272,13.595,13.595,13.189,12.392,11.658,11.762,12.556,12.556,13.034,12.534,12.534,10.748,6.5326,7.9752,9.2384,10.748,11.658,10.961,10.557,10.557,9.585,9.12,7.4647,8.2434,10.028,9.8369,11.084,10.544,9.9605,11.517,12.216,12.685,12.877,12.392,13.525,13.535,13.774,14.542,16.288,14.746,14.458,13.076
17.069,19.643,20.235,20.947,21.005,20.349,19.91,18.788,18.967,18.2,17.037,15.848,15.192,15.848,13.982,16.362,15.95,16.153,16.683,16.56,16.56,16.354,16.65,16.086,15.984,15.192,14.478,12.03,10.843,9.1002,14.03,17.321,18.058,18.238,18.482,18.305,16.965,17.321,17.203,17.632,16.836,15.192,16.229,15.111,15.147,14.821,14.812,13.558,13.447,13.845,14.337,12.298,11.464,11.57,12.528,13.285,13.182,12.87,12.086,10.742,6.3605,8.3535,9.1002,10.117,10.955,10.742,10.435,10.742,9.9142,9.6926,8.0893,8.7348,8.5463,10.023,10.742,10.117,11.476,12.165,12.678,11.894,12.386,12.528,12.721,14.223,14.487,15.254,15.192,15.003,15.174,12.528
15.585,17.896,18.458,18.664,18.838,18.702,17.888,17.243,16.717,15.98,14.686,14.096,14.335,14.482,13.352,15.439,14.005,14.619,15.503,14.763,14.85,14.763,15.03,15.002,14.648,14.055,12.777,11.688,8.8125,7.9858,13.31,14.992,16.632,16.538,15.549,15.585,15.658,15.058,14.725,14.907,14.384,14.531,14.619,13.974,13.852,13.181,12.429,12.417,12.964,11.964,11.193,10.975,10.924,10.701,10.648,11.294,12.046,12.291,10.78,9.5977,5.4812,8.0564,8.6009,10.227,9.5977,9.5977,9.4339,8.3331,8.7803,7.6781,7.4724,7.1625,7.1029,9.5236,8.6666,8.6666,9.9029,10.337,11.193,11.281,11.904,11.468,12.14,13.341,12.429,13.573,14.065,13.934,13.224,11.904
15.432,18.202,19.106,19.581,18.814,18.897,18.07,16.701,16.828,15.714,14.985,14.059,14.089,13.968,12.959,15.515,14.985,14.329,14.329,14.757,15.238,15.238,14.476,15.061,14.985,13.567,13.165,11.112,9.7834,8.414,12.882,15.322,15.578,15.822,15.759,16.436,15.496,15.061,15.651,15.061,14.199,13.877,14.525,13.304,13.304,13.567,12.457,11.959,11.671,12.286,11.959,10.854,10.563,10.125,10.919,11.175,11.719,11.622,10.971,9.4297,5.9496,8.3124,9.4297,9.8123,11.073,10.277,9.5194,9.769,7.7482,8.3294,7.6192,7.911,9.3088,7.9999,9.7834,9.0934,10.277,10.775,10.709,11.276,11.463,11.671,12.649,12.649,13.346,13.165,14.319,13.877,13.346,11.289
18.15,19.88,21.23,21.584,20.973,20.244,20.097,19.55,18.454,17.605,16.07,16.939,16.592,15.643,15.96,15.302,16.722,15.858,17.177,16.987,16.262,16.657,16.851,17.177,16.204,15.469,15.408,13.049,10.826,7.9247,14.465,17.169,18.476,18.939,17.94,17.94,17.114,16.535,16.535,16.154,15.729,16.262,16.592,15.643,14.315,14.286,13.617,13.244,13.617,13.427,12.871,11.887,12.135,13.049,11.796,12.498,13.657,12.871,12.101,10.938,6.9997,9.0864,10.419,10.826,11.411,11.738,11.255,10.522,8.9513,9.2194,9.0864,8.9513,9.4227,9.5935,8.2264,11.037,10.726,11.493,12.53,13.049,12.53,13.376,14.908,14.153,13.295,14.512,16.028,14.568,14.456,13.007
15.672,18.138,18.889,19.009,18.964,18.647,18.487,17.703,16.723,16.056,14.33,14.418,13.557,13.938,14.487,14.06,14.623,14.487,15.147,15.554,14.467,14.921,15.147,15.527,14.653,14.487,13.578,10.862,9.3007,7.5315,13.314,15.072,15.959,16.197,15.816,16.056,15.138,14.95,14.73,14.95,14.31,14.389,13.578,13.409,12.969,12.703,12.535,12.144,12.26,11.297,11.196,10.651,10.34,10.717,10.611,10.966,12.015,12.074,10.862,9.4819,6.0721,8.6694,9.6008,11.196,9.645,10.571,10.244,9.0534,8.9273,8.4204,7.625,9.0691,9.0534,8.4204,7.569,9.7182,9.6008,10.244,11.082,10.664,11.397,11.297,12.478,13.356,12.144,13.056,14.06,13.001,11.728,11.082
17.451,20.246,20.746,20.849,21.68,20.674,20.359,18.818,18.897,17.742,16.949,15.789,16.168,16.741,17.123,16.127,15.652,16.902,17.131,16.62,17.005,16.563,16.62,16.741,15.789,15.487,14.619,12.252,10.226,8.9315,14.756,16.685,17.186,17.878,18.258,17.566,17.566,16.973,16.973,16.62,16.563,15.789,15.789,15.091,15.117,14.255,14.619,13.235,13.587,13.266,12.545,11.985,11.527,11.433,11.77,12.556,12.119,12.989,12.108,10.951,6.2512,8.8709,10.434,10.512,11.385,11.098,11.146,9.9857,10.512,9.6982,9.0662,8.3707,8.8252,9.2429,9.7949,10.914,11.838,11.94,12.978,13.143,13.715,13.133,13.02,13.497,13.978,14.461,15.33,14.17,14.026,12.119
15.665,17.585,19.3,20.021,18.389,18.489,18.672,16.952,15.988,15.836,13.859,14.332,14.625,14.072,14.062,13.358,13.579,14.391,15.084,14.999,15.483,14.391,15.446,15.988,14.809,14.341,13.475,11.324,9.7195,7.5701,13.23,15.149,16.023,16.546,16.059,15.818,15.455,15.446,14.381,14.732,14.011,14.062,15.252,13.611,13.003,12.262,12.052,11.73,11.73,12.017,11.969,10.613,10.785,10.245,10.464,10.967,11.969,11.122,11.324,9.6021,6.5015,7.6817,9.1171,9.5279,10.231,10.12,9.8212,9.1946,8.4216,7.5325,7.5325,7.5325,8.5884,7.7552,8.0071,10.176,9.6463,9.8212,10.666,10.98,11.826,11.399,13.058,12.705,12.354,13.579,14.469,14.072,13.443,11.198
16.031,17.747,18.499,18.841,18.613,18.712,17.529,17.642,16.852,15.996,13.947,13.947,13.947,13.618,13.323,13.896,15.092,14.018,14.633,15.007,14.349,15.26,15.044,14.778,14.349,13.988,13.01,11.204,8.8693,8.0643,12.889,15.092,16.181,16.031,15.745,16.181,15.344,15.016,15.518,14.497,14.428,14.319,13.418,13.896,12.9,13.855,12.834,12.023,12.633,11.479,10.777,10.934,10.181,10.79,11.127,11.204,11.796,11.528,11.204,9.7828,5.8861,8.1169,9.7973,9.7245,10.497,10.012,9.443,9.3067,8.7888,8.1169,7.8682,8.5431,7.6856,8.4259,8.5264,9.0436,10.711,10.658,10.618,11.204,11.687,11.639,13.01,12.543,12.268,13.492,13.896,12.878,12.966,11.796
18.136,20.033,21.273,21.808,20.933,20.62,20.335,19.203,17.773,17.31,15.656,15.871,16.442,15.63,14.59,15.101,16.218,15.656,16.954,16.793,17.081,17.255,17.403,17.773,16.201,15.324,15.182,12.421,10.948,8.3965,14.747,16.671,18.955,18.543,17.712,17.341,17.216,16.954,16.151,15.482,15.7,16.351,15.931,15.897,13.748,14.617,13.256,13.629,14.59,12.882,12.345,12.19,12.022,13.143,11.562,12.29,13.519,13.173,12.421,10.479,7.2342,9.2713,11.132,11.373,11.144,10.948,11.806,10.531,9.6861,8.8677,7.8109,8.8677,10.016,9.3875,9.9485,11.468,9.9075,11.071,12.595,12.29,12.156,12.861,14.524,14.893,13.787,14.478,15.622,15.182,14.44,12.421
15.888,17.339,18.395,18.912,19.209,18.829,18.021,17.051,16.917,16.171,15.481,14.34,14.181,14.01,13.346,15.371,14.181,14.211,14.624,14.624,15.232,14.468,15.138,14.95,14.807,13.651,12.535,11.323,9.601,7.2437,12.295,14.921,15.481,16.057,16.232,15.672,14.921,14.855,15.26,14.855,14.34,14.211,14.624,14.101,13.441,13.056,12.261,12.144,11.435,11.789,11.435,10.784,10.611,9.5269,11.12,11.197,11.909,11.825,10.651,9.7185,6.413,8.2677,9.1627,10.244,10.133,10.651,9.9492,9.3009,8.336,8.6039,7.7543,7.8633,7.7543,9.4821,9.4371,10.244,10.463,11.521,11.297,11.521,12.015,11.825,12.015,12.569,12.261,13.229,13.175,13.473,12.826,11.909
17.911,20.344,20.92,21.062,21.381,20.784,20.706,19.474,19.074,17.934,16.619,15.844,16.323,16.022,14.72,16.447,15.818,16.323,16.805,16.981,16.619,16.281,16.941,16.748,16.131,15.516,14.347,12.75,10.722,8.4665,13.849,16.675,17.683,18.166,18.292,17.599,17.037,17.312,16.651,17.218,16.323,15.463,16.281,15.516,15.002,14.646,13.731,13.522,13.002,13.127,13.26,11.791,11.973,11.973,12.142,12.131,13.77,12.504,12.579,10.722,7.3552,10.045,10.415,11.688,11.871,11.118,11.13,9.8954,11.13,9.9364,8.948,8.4024,8.2234,10.822,11.359,10.004,11.203,12.845,12.33,12.866,13.492,12.75,13.422,13.77,13.849,13.878,15.844,15.724,14.572,13.127
17.316,19.153,19.608,20.998,20.966,21.477,20.262,18.673,19.104,18.35,16.554,15.461,14.825,15.843,14.807,16.156,16.612,16.677,16.612,16.677,17.007,16.799,16.774,16.554,15.868,15.902,14.585,12.149,10.726,8.6695,14.17,16.173,17.347,17.818,17.992,17.711,17.464,17.253,16.554,17.063,16.815,15.902,14.669,16.089,14.407,15.142,14.407,13.033,13.633,13.064,12.294,11.566,11.992,11.878,11.89,12.523,13.342,13.033,12.116,10.988,6.9886,8.9164,10.114,10.34,11.878,10.379,11.184,10.939,10.313,9.4339,8.4796,10.114,9.3181,9.7868,10.951,10.313,11.46,11.787,11.992,12.161,13.553,13.28,13.553,13.752,14.733,15.461,16.081,15.249,14.898,12.512
17.991,19.69,20.997,20.743,21.476,20.919,20.038,19.109,19.102,17.991,16.643,15.635,15.328,16.611,15.816,15.168,16.306,16.172,17.062,16.87,17.086,16.741,17.408,16.797,16.18,15.669,14.668,12.544,10.469,8.669,14.303,16.942,17.571,18.193,17.709,17.686,16.773,16.471,16.553,16.773,16.314,16.347,14.915,15.539,14.668,14.51,13.976,13.898,13.869,12.544,12.16,11.565,11.435,12.381,11.705,12.115,13.28,12.886,12.544,11.037,6.7913,9.0966,10.687,11.244,11.424,10.988,11.135,10.417,8.9916,8.3987,8.7313,8.5904,8.87,8.9158,9.2298,10.738,11.878,11.147,12.081,12.204,13.543,13.259,13.553,14.015,14.594,15.105,15.764,15.381,14.742,13.053
15.173,18.111,18.04,18.545,18.66,18.667,18.095,17.094,17.069,16.074,14.746,14.966,13.572,14.405,15.544,13.624,15.387,14.085,14.503,15.544,15.525,14.784,14.503,14.852,13.903,13.903,12.906,11.484,9.2034,8.1205,12.895,15.155,15.544,15.788,16.215,16.03,15.461,14.966,15.155,14.937,14.707,14.405,14.325,13.872,12.884,13.36,12.818,11.981,12.028,11.838,11.838,10.186,10.663,9.4923,11.247,10.991,11.209,11.534,10.502,9.1725,5.8645,7.9257,9.4923,10.297,9.6556,9.4322,9.079,9.0634,8.4297,7.4066,7.113,7.2515,7.483,8.138,8.138,10.475,9.6113,10.475,10.255,10.475,11.534,11.838,11.534,12.446,12.169,13.168,13.707,14.325,12.673,11.693
17.45,19.981,20.601,21.215,21.732,20.594,19.369,18.572,18.651,17.141,16.464,16.169,15.935,15.707,15.527,16.826,15.527,16.561,16.841,15.977,16.561,16.682,16.529,16.944,16.439,15.766,15.081,12.263,10.41,8.8997,14.603,16.944,17.927,18.289,18.097,17.195,16.944,16.243,16.658,16.585,16.094,16.169,15.518,15.432,15.081,14.307,14.005,13.657,13.429,12.723,11.819,12.296,11.796,11.909,12.076,11.942,12.807,13.025,12.263,10.863,7.1863,8.3409,9.8147,10.268,10.875,10.202,10.664,10.189,9.8147,8.5625,7.8279,7.3155,7.5317,9.496,9.9367,9.3684,11.392,11.486,10.912,11.942,12.973,12.032,12.932,14.373,13.578,14.345,15.733,15.596,15.432,13.188
15.059,17.923,17.804,18.137,19.585,18.942,17.923,17.277,16.665,16.083,15.256,13.6,13.631,13.673,13.378,15.106,14.945,14.333,14.945,14.715,14.974,15.088,14.945,15.163,14.123,13.869,12.28,11.215,9.3312,8.5515,12.679,14.715,15.396,15.86,16.127,16.144,14.831,15.616,15.579,15.275,14.511,14.123,13.631,13.849,12.847,13.6,12.813,12.07,11.748,11.416,11.515,11.253,10.302,10.507,10.735,10.801,11.808,11.1,10.788,9.4974,5.8677,8.1424,8.3324,8.281,10.302,9.9223,9.6165,8.7489,9.2084,8.2982,6.9345,7.1765,7.7668,8.4342,8.4342,9.0839,9.4373,10.191,10.997,11.316,11.844,10.88,11.844,11.844,12.847,13.336,14.093,13.378,12.315,11.928
17.657,19.87,20.899,21.104,20.75,20.325,19.945,18.563,17.899,16.982,15.414,15.903,16.541,15.631,15.793,15.414,15.596,16.105,16.879,16.279,17.14,16.879,16.105,16.501,15.631,14.954,14.442,12.464,10.998,8.6905,14.682,16.598,18.034,18.263,17.816,17.265,17.304,17.116,15.971,15.768,15.596,15.903,15.827,14.846,14.405,13.959,13.775,13.248,13.638,12.836,12.486,11.935,11.65,12.136,11.65,12.202,12.992,12.323,12.202,10.825,7.6546,8.3595,9.9723,10.013,11.215,10.936,10.998,9.3892,9.172,7.3318,7.477,6.9555,8.3595,8.1972,8.1972,10.066,9.9723,11.191,12.147,12.442,12.878,13.054,13.687,14.151,13.804,14.599,15.802,14.599,14.442,12.614
17.037,20.227,20.956,20.49,21.643,20.699,19.101,19.394,18.903,18.246,16.081,16.256,15.778,16.065,16.863,15.056,15.956,16.264,15.956,16.775,16.526,16.461,15.956,15.616,16.131,15.163,14.147,12.355,10.372,8.6204,14.137,17.163,17.679,17.217,17.587,17.822,16.582,16.526,16.461,17.411,16.379,15.753,15.582,14.428,15.021,14.071,14.4,13.205,13.236,12.949,12.99,12.047,11.811,11.085,12.092,12.355,12.813,12.792,11.811,10.202,5.9055,8.6824,8.4316,10.359,10.665,11.072,10.255,9.8954,8.7899,8.8204,8.495,7.8892,7.5415,8.9111,8.6824,11.639,10.475,10.926,11.582,12.279,12.613,13.674,13.946,13.684,14.447,14.4,15.538,15.659,13.898,12.792
17.75,19.379,20.908,21.462,21.296,20.42,20.172,18.823,18.122,17.045,16.184,15.98,16.714,16.116,15.574,16.259,15.354,16.351,17.283,16.591,17.005,16.125,16.082,17.045,15.705,15.22,14.505,12.007,11.172,8.4179,14.858,16.509,17.819,18.692,17.857,16.836,17.611,16.509,15.8,16.243,15.696,16.393,15.574,15.176,15.14,14.655,13.783,13.703,13.573,12.176,12.627,11.836,11.592,12.019,11.556,12.616,13.051,12.321,12.019,10.506,6.9651,7.9688,10.137,9.9328,11.172,10.571,9.8086,10.571,9.8086,8.1045,7.8308,7.8482,8.1715,9.1173,9.397,9.4115,11.27,11.209,11.732,11.905,12.453,13.217,12.968,14.655,14.784,14.766,15.495,15.705,14.849,14.057
15.456,17.813,18.118,19.034,18.464,18.033,17.26,17.039,16.562,15.384,14.995,13.875,13.682,12.997,12.997,14.995,14.402,14.995,15.384,15.374,14.854,14.625,14.854,15.014,13.946,13.04,12.823,11.146,9.2738,7.9699,12.735,14.73,15.655,16.045,16.124,15.913,15.411,14.882,15.411,14.324,14.265,13.875,13.682,12.823,12.899,13.578,12.297,12.376,11.711,11.771,11.961,10.735,9.7467,10.239,10.916,11.07,11.42,11.184,10.603,9.2738,6.7059,8.1097,9.0126,10.198,10.129,9.1211,9.904,9.0126,7.7191,7.6459,7.5906,7.4975,8.0226,8.5484,8.2472,9.0281,10.129,10.087,10.496,11.711,12.376,11.675,12.834,12.239,12.768,13.254,13.682,13.516,12.823,11.146
16.013,17.607,18.727,19.135,19.076,18.448,18.546,17.245,16.95,15.748,15.066,14.717,13.984,13.751,15.149,13.4,14.755,14.213,14.774,14.727,14.869,14.252,14.831,14.982,13.812,13.669,12.899,11.224,9.4307,8.0678,12.557,14.457,15.37,15.361,16.031,15.89,15.37,14.982,14.84,15.149,13.751,13.984,13.984,13.104,13.242,12.399,12.59,11.629,11.761,12.365,11.701,10.447,10.23,9.8952,11.022,11.236,11.761,11.568,10.725,9.0666,6.5518,8.2738,9.2504,9.6657,9.7668,9.6657,9.8526,8.879,8.6874,9.0666,7.5281,8.5572,7.2044,8.375,7.7122,9.9518,10.189,10.407,11.174,10.712,11.236,11.701,11.665,12.59,12.501,12.756,14.252,13.863,12.8,11.136
15.988,17.73,18.581,18.914,19.241,18.141,18.141,17.706,17.053,16.014,14.693,14.42,14.062,13.694,12.537,15.446,14.42,14.693,14.923,14.732,14.952,14.332,14.42,15.084,14.391,13.889,12.872,11.826,9.4232,8.1477,12.883,14.77,15.809,16.546,16.199,16.059,15.14,15.593,14.732,14.952,14.693,14.42,14.182,13.58,12.434,13.58,12.262,12.076,12.297,11.236,11.633,10.719,10.245,10.465,10.653,10.864,11.436,11.198,10.772,9.7923,6.7373,9.0704,9.0547,10.505,10.666,10.342,10.465,9.3173,8.4217,8.4217,7.1062,7.9181,8.1477,7.3996,9.4832,9.5874,10.176,10.12,11.73,10.772,11.523,12.354,12.705,12.354,12.571,13.358,13.23,13.694,12.297,11.633
17.826,19.831,20.754,21.22,21.265,21.105,20.271,19.346,19.458,17.472,16.628,15.85,15.85,15.433,13.906,16.214,15.634,15.952,16.967,16.356,16.356,16.164,17.015,16.975,16.088,15.149,14.823,12.551,10.475,8.9661,14.74,16.879,18,17.97,18.091,17.634,17.142,17.039,16.839,16.562,16.48,16.231,15.149,15.336,13.798,14.414,14.081,13.449,13.53,12.871,12.723,12.032,11.43,11.653,12.355,12.387,12.818,12.387,11.815,10.065,7.0883,8.6736,10.024,11.653,11.907,11.653,11.571,10.119,9.5669,8.4193,8.24,8.5474,8.9206,9.5669,10.344,10.436,11.43,12.68,12.355,12.691,13.184,13.768,13.709,14.081,13.709,14.31,16.181,14.923,14.31,12.818
17.501,19.578,20.144,20.59,20.816,20.59,19.977,19.903,18.648,17.864,16.655,15.865,15.211,16.108,16.191,14.601,16.695,16.428,16.058,16.355,16.838,15.516,16.166,16.066,16.058,15.079,14.491,11.895,10.65,8.8074,14.573,16.679,17.285,17.192,18.161,17.347,17.386,16.91,16.232,16.846,16.232,15.429,15.636,14.518,14.573,13.878,14.23,13.771,13.022,12.847,12.423,11.794,11.668,11.805,12.107,12.03,13.084,12.93,11.895,10.65,7.0345,9.813,9.9483,10.996,10.959,11.94,10.91,9.6619,9.3238,9.6619,8.8377,9.3238,8.8529,9.5365,8.561,12.107,11.355,12.173,13.216,12.584,13.916,13.536,13.186,14.491,13.576,14.564,15.272,15.272,14.002,13.447
17.748,19.766,21.547,21.338,20.286,20.253,19.766,19.491,18.266,17.472,15.643,16.525,15.608,15.16,16.517,13.953,16.525,16.328,16.648,16.195,16.253,16.874,17.152,17.222,16.019,15.293,14.049,12.588,10.361,8.8245,14.001,16.591,17.68,18.05,18.318,17.472,16.672,16.55,16.713,16.443,15.46,15.951,15.608,14.643,14.652,14.193,13.257,13.649,13.56,13.419,12.501,11.685,11.546,11.452,12.184,12.061,13,13.01,11.789,10.216,7.0726,9.6723,9.7697,11.116,10.72,11.225,10.82,10.452,8.8551,9.3598,8.6543,9.5457,8.9764,9.1995,9.5457,11.51,10.82,11.971,12.874,12.491,13.56,13,14.68,14.202,14.799,14.42,15.84,15.513,14.344,13.155
17.346,19.477,21.011,21.062,20.857,21.112,19.905,19.332,18.293,17.683,16.239,15.279,15.436,15.436,16.362,15.085,15.736,16.064,16.508,16.247,16.893,16.172,16.5,16.758,15.939,15.217,14.57,12.461,10.976,8.486,14.716,16.468,17.199,17.871,17.841,17.569,16.686,16.702,15.973,16.443,15.383,15.796,15.829,14.385,14.726,14.413,13.883,13.302,13.252,13.452,13.191,12.001,11.359,11.145,11.945,12.726,12.976,12.439,11.348,10.477,7.7783,9.036,9.885,11.061,11.945,11.193,10.976,10.348,9.9524,9.3276,7.4081,8.0322,9.2121,9.3132,9.3276,11.359,11.3,11.627,12.589,12.631,12.976,12.81,13.979,13.922,14.487,14.707,15.226,15.505,14.643,12.779
18.113,19.698,20.853,20.718,21.006,21.209,19.961,19.14,18.752,17.867,16.658,16.358,15.528,15.319,16.358,15.319,15.978,16.061,16.505,16.061,16.505,16.44,15.792,16.626,15.733,14.813,15.082,12.209,10.664,8.421,14.053,16.913,17.382,17.596,17.657,17.837,16.682,16.202,16.194,16.358,15.528,16.061,15.792,14.813,14.494,13.929,14.373,13.087,13.42,13.259,12.776,12.263,11.796,11.486,12.076,12.629,13.087,12.597,11.796,10.475,7.6902,9.3257,9.9504,11.796,10.974,10.664,11.143,9.6639,9.4963,9.3257,8.1792,7.8962,9.4398,9.2102,8.6715,12.032,11.298,11.345,11.943,11.808,13.087,13.189,13.578,14.373,14.714,14.65,15.037,14.576,15.354,12.974
17.814,19.96,20.993,21.199,21.755,20.74,20.477,19.604,18.294,17.622,16.673,16.303,16.303,15.423,16.616,16.551,15.865,16.551,16.311,16.616,17.178,16.178,16.444,16.178,16.169,15.183,14.47,13.03,10.545,8.9901,14.366,16.673,17.622,18.227,17.829,17.691,16.795,16.771,16.955,16.345,15.975,15.865,14.675,15.667,14.895,14.167,14.224,13.974,13.52,12.607,12.499,12.202,11.242,11.887,11.703,12.379,12.682,12.291,12.51,10.949,7.235,9.3886,10.622,10.736,11.266,11.469,10.686,10.429,9.9496,8.8686,8.2343,7.742,8.3974,9.5603,10.232,10.874,11.899,11.528,11.703,12.079,13.339,13.061,14.73,14.619,14.366,14.73,15.899,15.484,15.183,13.061
15.974,18.45,19.539,19.188,19.225,18.373,18.164,17.69,16.904,16.01,14.329,14.613,14.91,14.408,14.329,14.642,14.05,14.825,15.239,14.535,15.024,15.024,15.239,14.986,14.719,13.847,13.431,11.188,9.5939,8.1058,13.347,15.239,16.394,16.001,16.29,15.359,15.062,14.986,14.786,14.2,13.877,14.09,14.05,13.474,13.599,12.286,12.378,12.159,12.959,11.226,10.854,10.333,10.125,10.919,10.125,10.919,11.756,11.426,10.776,9.3092,6.0677,7.5261,9.3092,9.4751,10.125,10.333,9.7839,8.809,8.1058,7.6196,6.9183,6.496,8.5148,8.3128,7.9113,8.7768,10.237,10.776,11.426,11.112,12.412,12.286,13.144,13.463,13.347,13.806,14.526,13.969,13.641,11.72
17.569,20.083,20.944,21.38,21.097,21.261,20.745,19.468,18.733,17.5,16.198,16.231,16.19,15.429,16.501,15.865,16.041,16.436,16.436,16.782,16.678,16.24,16.066,16.558,16.24,15.729,14.126,12.679,9.8806,8.0287,13.654,16.846,17.192,17.69,17.614,17.192,17.098,16.558,16.24,16.231,15.865,15.377,15.034,14.71,14.069,14.407,14.126,13.664,13.605,13.916,12.929,11.725,11.94,11.14,11.805,12.173,12.721,12.721,12.074,10.799,6.4801,9.208,9.6616,11.622,10.042,11.39,10.611,9.3235,9.1497,7.7748,7.8943,8.3392,8.9278,8.8978,7.8773,11.295,10.873,11.564,11.793,13.536,13.165,13.456,14.379,14.564,14.304,15.034,14.998,15.429,14.719,12.794
16.634,17.69,18.873,18.94,19.11,18.999,18.398,17.809,16.041,15.588,14.033,14.726,14.083,13.292,12.742,13.872,14.261,13.872,14.736,14.466,15.159,15.075,15.159,15.935,13.912,13.513,13.09,11.029,9.5548,7.6439,13.09,14.31,15.909,16.362,15.297,15.288,15.696,14.553,14.553,13.544,13.626,14.003,13.585,13.09,11.993,12.731,12.373,11.851,12.643,11.732,10.926,10.926,10.56,10.913,10.291,10.732,11.576,11.231,10.926,9.744,6.7874,8.0728,8.4966,9.0101,9.744,9.2562,9.8587,9.5988,8.245,7.439,7.6439,7.2089,8.2279,8.2959,8.2279,9.7728,9.7728,10,10.413,10.732,11.576,11.851,12.236,13.282,12.993,13.25,14.349,14.271,13.544,10.913
17.147,20.25,20.708,21.282,21.345,20.837,19.815,19.923,18.558,17.356,16.518,15.155,15.013,15.155,14.319,16.123,16.057,15.779,17.115,16.371,16.574,16.444,17.029,16.903,15.948,15.12,14.505,12.218,10.673,9.2173,13.987,16.639,17.602,18.082,17.356,17.147,17.209,16.248,16.671,15.838,15.948,15.608,15.392,15.093,13.814,14.319,13.47,13.589,13.618,12.734,12.511,12.305,11.805,11.401,11.805,12.008,12.859,12.435,11.918,10.47,6.5892,9.2608,9.3329,10.211,11.151,10.673,11.366,9.8226,8.9067,8.5694,8.538,7.4663,9.3329,9.0559,9.8905,10.367,10.982,11.495,12.521,12.305,13.199,12.607,14.083,13.677,14.44,15.514,15.982,14.725,15.392,12.942
18.235,19.92,20.808,20.892,21.342,20.608,20.134,18.555,18.555,17.826,16.055,16.442,16.45,16.171,16.369,14.832,15.294,16.055,17.137,16.861,16.693,16.572,17.144,16.725,15.717,15.649,14.503,12.347,10.659,8.615,14.354,16.956,17.599,17.946,18.176,17.4,16.54,16.45,16.725,16.693,15.717,15.988,16.344,14.081,14.438,13.889,14.138,13.587,12.972,13.308,12.941,12.52,11.352,10.981,11.917,12.006,12.858,12.466,11.364,10.353,7.0405,9.2161,9.9568,10.353,11.114,10.196,9.8213,10.051,8.5369,8.1022,7.6427,7.8331,8.7844,7.8331,8.8452,11.352,10.968,10.417,11.678,11.632,13.105,12.216,13.548,14.503,14.823,14.382,15.98,15.091,14.392,13.034
15.364,17.504,18.175,18.501,19.424,18.616,18.562,17.423,16.568,15.694,14.418,13.966,13.605,13.125,13.341,14.128,14.516,13.854,14.798,14.088,14.884,14.368,15.178,15.103,14.516,13.605,13.125,11.32,9.8396,7.7697,13.082,14.721,15.703,16.482,16.053,15.065,15.187,14.827,15.178,14.418,14.408,14.007,13.719,13.373,12.098,12.851,12.594,12.32,12.192,11.257,11.32,10.565,10.792,10.988,10.026,10.805,11.495,10.988,10.884,9.6201,5.3363,7.6404,8.3355,9.8396,10.264,9.8106,9.1186,9.3194,8.1279,7.6404,7.2581,7.6404,8.1279,8.1279,9.1342,9.1808,9.3194,10.739,11.219,11.001,11.544,11.848,12.075,13.341,13.212,13.915,14.088,14.007,13.341,11.519
17.222,19.608,21.028,21.028,21.766,21.099,20.866,19.237,19.244,17.087,15.968,15.684,15.562,15.788,12.905,16.297,15.788,15.562,16.205,16.23,16.701,16.603,16.725,16.983,15.684,14.947,14.466,12.099,10.02,8.9291,14.238,16.578,17.111,18.257,18.168,17.496,17.111,16.895,16.38,15.727,15.492,16.171,15.562,15.271,14.428,14.19,14.171,14.036,14.094,13.462,12.905,12.443,11.236,11.236,12.167,12.043,12.884,12.167,12.043,10.498,6.5361,8.8832,9.8008,9.7031,10.967,11.582,10.249,10.498,8.9138,9.125,8.4917,8.8832,9.0049,9.8008,9.6186,10.128,12.178,12.043,12.563,12.563,13.692,13.653,14.19,14.238,15.51,15.128,15.968,15.51,14.324,12.884
15.791,17.981,18.714,18.974,18.774,18.488,18.09,17.523,17.086,15.711,14.971,14.222,13.924,13.984,14.301,13.328,14.399,14.399,14.678,14.745,14.399,14.707,14.447,14.83,14.014,13.731,12.791,10.796,8.9826,7.7068,12.747,15.35,15.414,16.34,15.861,15.737,15.24,14.915,15.277,14.716,13.772,14.242,14.014,13.264,13.148,12.802,12.492,12.22,12.391,11.895,11.752,10.86,10.796,9.9447,11.128,11.052,11.365,11.402,10.912,8.7295,6.4393,7.8687,9.0137,9.1372,10.043,9.259,9.5422,9.4685,7.7068,8.369,7.8687,6.9619,7.8151,8.5512,8.5348,9.5422,10.277,10.718,11.402,12.391,11.895,12.747,12.747,12.703,13.148,13.762,13.557,14.399,12.889,11.426
17.406,19.988,20.944,20.168,20.615,20.725,20.148,18.997,18.562,18.012,16.21,16.456,16.218,16.259,16.866,15.543,15.774,16.06,16.675,16.218,16.803,16.578,16.251,16.218,15.096,15.543,14.067,12.945,10.2,8.8179,13.942,16.127,17.08,17.613,17.605,17.08,16.906,16.374,16.448,16.731,15.395,15.774,15.334,14.508,14.443,13.68,13.942,13.758,12.976,13.621,12.82,11.921,11.497,11.178,11.819,12.308,12.352,12.524,11.808,10.054,6.7315,8.8027,9.9467,11.178,12.449,11.921,10.561,10.675,9.3779,8.1872,8.1872,7.4138,9.2193,9.3349,8.5712,11.356,11.154,11.819,11.462,12.524,13.552,13.262,13.71,13.788,14.945,14.837,15.096,15.079,13.933,12.81
17.909,20.068,21.351,21.351,21.192,20.775,20.936,19.495,17.666,17.264,16.1,16.53,16.749,15.702,15.169,15.999,14.981,16.399,17.288,16.506,17.013,16.267,17.658,17.459,15.494,15.097,14.69,12.827,10.807,8.8749,14.402,16.175,18.006,18.141,17.635,16.957,16.749,16.225,16.175,15.83,15.659,15.898,15.659,15.581,14.699,14.486,14.128,13.662,14.032,12.508,11.775,11.438,11.752,12.125,11.843,11.99,12.859,12.732,12.647,10.503,7.0641,9.363,9.9224,11.671,11.391,11.438,10.309,9.9224,9.6607,8.8901,8.0794,8.3745,8.9355,9.9902,10.084,10.387,10.593,12.169,12.637,12.984,13.751,13.829,14.69,15.142,14.468,13.8,15.999,15.615,14.185,12.562
18.094,20.427,21.154,20.69,20.585,20.69,20.321,19.501,17.694,18.183,17.018,15.86,15.826,15.447,15.499,15.129,15.801,15.447,16.511,16.305,16.6,16.503,16.272,17.199,15.568,14.994,14.713,12.641,10.233,8.8928,14.332,16.511,17.58,17.876,17.786,17.301,16.698,16.568,16.239,15.86,16.272,15.568,15.35,15.28,14.444,14.369,14.435,13.989,13.804,12.393,12.641,11.778,11.441,12.261,11.215,12.117,13.153,12.512,12.128,10.811,7.0663,9.3658,10.507,11.675,11.535,11.429,11.394,10.403,10.312,8.9684,8.5208,9.7055,8.7088,9.8023,9.8572,10.52,10.351,12.084,12.555,13.637,13.989,13.245,14.266,15.385,14.985,15.129,15.629,16.004,14.066,12.831
15.858,18.057,18.665,19.21,19.261,19.202,18.452,17.67,16.809,15.642,14.46,14.596,14.702,13.82,14.033,12.846,14.124,14.033,14.807,14.509,15.128,15.006,15.305,14.625,14.596,13.82,12.977,11.175,9.6268,7.1315,12.801,15.203,15.705,16.166,16.166,16.026,15.11,14.969,14.033,14.44,13.953,13.861,14.303,13.331,12.846,12.601,12.272,11.67,12.121,12.398,11.363,10.211,10.644,10.551,10.113,10.907,11.742,11.213,10.697,9.1451,6.4007,7.7395,9.464,10.958,9.6268,10.211,9.6999,9.2983,7.7395,8.1138,7.7395,8.269,8.5214,8.4046,7.3845,9.9302,9.758,11.475,11.213,10.443,11.945,11.992,12.679,13.447,12.846,13.583,14.44,13.953,12.944,11.061
17.812,19.336,21.51,21.39,21.339,20.838,20.265,19.833,18.41,17.721,15.522,15.918,15.365,15.169,14.578,14.881,16.029,15.825,16.812,16.138,16.755,15.961,16.601,16.796,16.527,15.125,14.799,12.531,10.222,8.47,14.513,16.454,18.211,17.69,17.327,17.241,17.327,16.163,16.188,15.747,16.163,15.653,15.592,15.373,13.538,13.854,13.884,13.737,13.737,12.872,12.411,11.494,11.796,11.739,11.423,12.012,12.585,12.66,12.531,10.864,7.4497,9.9405,10.939,11.423,10.926,11.459,10.103,9.38,8.9819,8.47,8.3249,9.1017,9.38,9.2199,8.3897,11.865,11.171,12.368,12.67,12.585,13.508,14.01,13.687,14.881,14.087,15.008,15.303,15.152,14.391,12.509
17.669,20.318,21.202,21.354,21.354,21.189,20.758,19.408,18.358,17.415,15.339,15.497,16.002,15.798,16.044,14.47,15.824,15.627,16.984,16.508,17.267,16.598,16.727,17.267,16.426,16.111,14.983,12.082,9.924,7.6695,14.628,16.727,17.874,18.181,17.874,17.134,17.015,16.27,15.592,16.508,15.418,15.798,16.426,14.628,14.178,13.987,14.188,12.553,13.486,13.546,13.355,11.534,11.992,11.754,11.44,12.127,13.079,12.564,12.314,10.389,7.5633,8.8915,10.518,11.237,10.921,11.237,10.846,10.032,9.0717,7.912,9.0717,8.8459,8.8306,9.924,8.8306,12.16,11.673,11.992,13.274,13.141,13.017,13.635,15.1,14.784,15.144,15.144,15.286,14.765,14.188,12.391
17.422,19.955,20.79,20.861,21.195,20.783,19.635,19.049,19.07,18.068,16.035,15.934,15.797,15.772,16.227,15.099,16.227,16.11,16.177,16.11,16.564,16.31,16.855,16.767,15.772,15.099,14.774,12.829,10.658,9.0712,14.13,16.532,17.414,17.637,17.691,17.172,16.629,16.911,17.29,17.014,15.417,15.496,15.797,14.488,14.366,14.691,14.034,13.594,13.304,13.545,12.902,11.992,11.958,11.104,12.259,12.048,12.509,12.734,11.845,10.708,6.8319,9.759,11.043,11.006,11.019,11.776,11.213,10.231,10.032,9.759,8.8758,8.1136,9.4785,10.517,9.8553,12.115,12.048,12.574,12.477,13.594,13.515,13.976,13.594,13.831,15.277,15.277,15.583,14.691,13.801,12.734
15.982,17.297,18.556,19.155,18.419,18.715,18.047,17.532,17.297,15.973,15.407,13.904,14.146,13.792,13.292,15.101,13.823,14.275,14.344,14.656,15.416,14.275,14.875,14.656,14.588,14.026,12.85,11.169,9.2933,7.4566,12.85,15.101,15.796,15.982,15.516,15.416,14.694,14.885,14.295,14.432,14.452,13.975,14.146,13.659,13.377,12.448,12.219,11.651,12.794,11.7,11.357,10.478,10.757,10.757,10.465,10.585,11.939,11.493,11.157,9.5035,6.3752,7.7353,9.399,10.08,10.315,9.7671,10.094,8.7134,9.0471,8.2986,8.0395,7.5507,8.1268,9.5035,10.15,9.5627,10.545,11.169,11.27,12.265,11.7,12.231,13.545,13.292,13.153,13.904,14.305,14.51,12.794,10.939
17.264,20.367,21.617,21.446,20.739,21.668,20.34,19.579,18.488,17.993,16.806,15.687,15.998,15.083,13.923,16.42,15.696,15.731,16.839,16.378,17.319,16.142,16.708,16.684,15.696,15.687,14.974,12.647,10.588,8.3828,14.205,17.097,17.414,18.421,17.539,17.787,17.033,16.411,16.109,15.964,14.974,15.083,16.618,15.083,14.225,14.463,13.923,13.239,13.923,13.332,13.198,12.207,12.252,11.551,11.516,12.129,13.565,13.104,12.038,9.5993,7.9647,8.8894,10.523,11.117,11.288,10.993,11.48,11.031,9.6419,8.9507,8.4316,8.5123,9.7266,10.419,11.031,10.379,11.61,12.341,14.463,13.636,13.073,14.08,14.566,15.245,14.799,15.765,16.336,16.041,15.308,11.947
15.03,17.76,18.848,19.079,18.923,18.607,18.416,17.568,16.947,15.42,14.659,13.908,14.15,14.07,12.93,14.279,14.917,14.279,14.387,15.049,14.889,14.659,14.889,15.03,14.917,13.579,12.853,11.799,9.1426,8.0415,12.754,15.04,15.692,15.557,15.8,15.42,15.411,14.889,14.659,14.387,13.949,13.979,13.125,13.662,12.268,13.2,12.268,12.406,12.268,11.496,11.471,10.222,10.263,9.7697,10.026,10.955,11.172,11.172,10.152,9.506,5.9412,7.7373,9.0494,9.506,10.838,10.152,9.6241,8.7156,8.0415,7.971,7.4586,7.5526,8.4022,8.9079,10.152,9.58,10.903,11.21,11.372,12.508,13.285,12.853,12.118,13.027,13.714,13.827,15.105,14.456,13.548,11.763
17.746,19.265,20.19,21.373,20.958,20.482,20.757,19.598,19.067,17.43,16.441,15.632,15.51,15.3,14.38,16.192,16.125,15.184,16.016,15.812,16.613,16.441,16.742,16.613,16.523,15.58,14.276,12.872,10.604,8.8537,14.38,16.192,17.905,17.684,18.085,16.975,16.613,16.613,16.515,15.812,15.915,15.606,15.915,14.888,14.641,14.342,14.076,12.998,12.998,13.153,12.841,11.544,11.764,11.485,11.867,12.003,12.325,12.137,12.137,10.359,7.3893,8.3994,9.3583,10.095,11.878,10.215,10.001,10.215,8.8384,9.7682,8.5745,8.4635,10.001,10.718,11.787,9.8919,10.967,12.65,12.325,13.518,14.797,13.286,14.888,14.996,15.22,15.291,16.016,15.838,14.455,13.039
17.212,19.825,21.121,20.872,20.872,20.107,20.405,19.845,18.122,17.467,16.52,15.722,15.773,15.051,13.99,16.52,15.841,15.542,16.217,16.209,15.883,15.984,16.73,16.698,15.95,15.051,14.132,12.307,10.484,8.8022,14.132,16.512,18.011,17.52,17.951,17.282,16.674,16.258,15.654,15.722,15.096,15.228,16.373,14.827,14.645,14.809,13.312,13.201,13.272,12.944,12.275,11.682,11.403,11.391,11.739,11.92,12.819,12.598,11.83,10.407,7.7839,9.3343,10.251,10.471,10.971,10.774,9.8921,9.2187,8.8022,8.8174,7.5389,8.1045,9.2622,9.5473,11.367,11.177,11.356,12.609,12.307,13.462,13.942,13.679,13.942,14.617,14.736,14.908,16.084,16.059,14.654,12.437
18.246,19.926,21.331,21.636,21.033,20.776,19.831,19.276,18.246,17.085,15.989,15.521,15.753,15.021,14.741,14.832,15.659,16.09,16.131,16.19,16.679,15.956,16.911,17.365,15.547,15.242,14.65,12.474,10.424,8.2872,14.447,16.55,17.526,18.136,17.217,17.092,16.911,16.264,16.09,15.233,15.582,15.812,15.676,15.021,13.467,14.447,13.367,13.477,13.596,12.602,12.047,11.582,11.5,12.092,11.5,11.811,13.113,12.474,11.924,10.665,6.7334,8.8204,10.488,11.121,10.475,10.255,10.359,9.5505,8.3034,7.9062,8.3677,9.0456,8.7899,9.3375,9.3805,11.205,10.889,11.36,12.99,12.792,13.762,13.205,14.363,15.233,15.056,14.741,16.065,14.595,15.056,12.74
17.23,20.008,20.894,20.965,20.446,21.371,19.947,18.867,18.58,17.714,16.267,15.35,15.138,15.55,16.001,14.402,16.093,15.112,16.276,16.193,16.619,15.764,16.619,16.193,15.858,15.306,14.148,11.45,10.786,7.9289,14.157,16.276,17.654,17.097,18.104,17.16,16.691,16.562,16.226,16.093,15.67,15.687,15.798,15.04,13.956,14.148,13.831,12.958,13.516,13.215,13,11.509,11.189,11.474,11.368,11.966,12.526,12.526,11.966,10.011,6.327,8.3094,9.6831,10.635,9.8345,10.495,10.686,9.6831,8.8115,8.8571,7.4213,8.8268,8.8268,8.6267,10.288,10.572,11.509,11.45,12.1,12.451,13.566,13.566,15.138,14.66,14.66,14.522,16.276,16.562,14.96,12.622
17.487,19.255,20.262,20.938,21.042,20.996,19.796,18.764,18.757,17.657,16.16,16.59,15.229,15.441,14.723,15.615,16.202,15.095,16.185,16.135,16.202,16.135,16.185,16.16,16.026,15.3,14.007,12.145,10.101,8.4685,13.655,16.26,17.009,17.316,16.777,17.672,16.679,16.59,16.679,16.252,15.822,16.026,14.897,15.615,14.464,15.095,14.351,13.566,13.655,12.657,12.133,12.178,11.409,11.632,11.23,12.133,12.365,12.869,12.145,11.516,6.9988,8.8437,10.456,10.469,11.69,10.937,11.457,11.492,11.133,9.3784,8.0927,9.5924,10.26,10.047,10.974,11.409,11.445,13.263,13.047,12.593,13.685,14.389,14.603,14.732,14.575,15.122,15.406,14.897,14.056,12.668
17.678,19.731,19.975,22.535,20.606,21.382,18.808,17.254,17.632,18.686,16.553,15.195,14.69,14.478,14.543,16.553,17.129,15.052,17.324,16.618,16.389,15.82,15.485,14.356,17.716,15.415,17.254,12.82,9.9165,8.5604,14.053,16.124,17.898,16.682,17.285,18.233,18.018,15.58,15.82,16.682,16.124,15.99,16.29,15.266,14.024,14.681,14.053,13.703,13.743,13.465,12.64,11.983,12.073,12.217,11.836,12.039,12.851,11.836,12.151,10.587,8.0578,9.5708,9.6549,11.836,10.497,12.893,12.468,9.5708,9.8756,9.7934,10.381,9.7934,9.8483,11.181,11.768,9.9842,13.966,11.606,13.294,12.629,14.845,12.338,14.863,14.177,12.5,17.716,14.253,16.899,14.653,12.554
17.427,19.567,21.539,21.407,21.539,20.753,19.794,18.921,18.156,17.216,16.013,16.322,16.114,14.776,14.867,16.013,14.721,15.629,16.239,15.732,16.013,15.903,16.763,17.027,16.147,14.592,14.377,12.168,10.854,8.4618,14.273,16.544,18.044,17.681,17.473,17.098,16.795,16.272,16.281,15.715,15.732,16.189,15.603,15.181,14.711,14.121,13.605,14.121,14.273,12.995,12.562,11.623,11.623,12.179,11.448,12.179,13.006,12.912,12.356,11.051,7.2773,9.2985,11.448,11.027,11.412,11.161,10.854,11.245,10.039,8.3977,7.6748,8.8519,8.8519,10.409,9.7107,12.135,11.448,10.665,12.519,13.841,13.644,14.415,14.675,15.358,14.48,14.443,15.507,15.809,15.732,12.519
17.481,20.823,21.058,21.464,21.156,20.83,20.019,19.528,17.783,17.037,16.248,16.382,16.155,15.735,16.223,15.204,15.204,15.942,15.769,15.604,16.349,16.688,16.239,16.622,16.155,15.249,14.362,12.399,10.461,8.8917,14.054,16.382,18.156,18.126,17.543,17.324,17.205,16.622,16.415,16.147,15.454,16.223,16.415,15.06,15.177,13.689,14.132,13.314,13.599,12.95,13.086,12.21,11.554,11.927,11.613,12.661,13.609,12.651,12.399,10.316,7.1141,9.4292,10.783,11.181,12.255,12.244,10.921,10.316,9.4726,8.4337,9.4292,8.4499,10.061,10.526,9.2535,10.996,12.21,12.041,12.992,13.086,14.074,14.209,14.362,15.604,14.533,15.204,17.331,16.01,15.674,12.769
17.925,20.187,20.637,21.541,21.065,20.066,19.816,19.114,17.682,16.909,16.643,14.703,16.19,15.595,13.284,16.014,15.351,15.004,16.315,15.138,16.765,15.456,16.521,16.74,15.904,14.703,14.5,12.002,9.9316,8.4625,14.416,16.708,17.59,17.475,17.781,17.052,16.765,16.578,16.149,16.323,15.156,15.508,16.765,15.183,14.444,14.378,13.556,13.764,13.724,14.122,13.315,12.058,11.401,11.437,11.786,12.487,12.913,12.357,12.357,10.213,7.3884,8.5735,9.9316,11.448,12.324,11.484,10.292,10.449,9.2556,9.4148,8.0869,8.8526,10.526,10.213,11.113,10.817,11.542,11.682,13.254,14.995,13.764,14.189,15.138,14.886,14.968,15.138,16.24,15.81,15.289,12.86
17.461,20.258,20.906,20.686,20.364,20.939,19.745,18.822,18.298,16.63,16.654,15.063,16.136,15.444,13.475,16.001,15.338,15.496,16.136,15.891,15.703,16.127,16.751,16.111,15.444,15.17,14.063,12.776,10.518,8.598,14.442,16.751,17.668,17.911,17.782,16.895,16.63,16.177,16.111,16.177,15.591,15.444,16.177,15.17,14.432,14.874,13.831,13.753,13.304,14.034,13.976,12.466,12.259,11.533,12.39,12.226,12.986,12.509,12.314,10.401,7.3458,9.0714,10.957,10.453,12.39,11.992,11.043,10.205,9.3641,9.4072,8.4556,8.8302,9.6619,10.708,11.533,11.673,11.533,12.681,13.595,13.713,13.354,14.263,14.263,15.144,15.444,15.823,17.015,15.617,14.701,12.986
18.043,20.245,21.368,21.063,20.791,20.85,20.218,19.26,18.043,17.161,16.544,15.154,15.714,15.296,14.377,15.454,15.154,15.454,16.122,16.189,16.113,15.809,16.147,16.923,15.296,15.154,14.442,12.486,10.396,7.7968,14.591,17.161,17.68,17.535,17.05,17.703,16.544,16.641,16.544,15.732,15.594,15.296,15.868,15.393,14.121,14.775,14.034,13.252,13.673,13.119,12.743,12.123,11.876,11.876,11.412,11.853,13.036,12.838,11.966,10.703,7.2955,9.2106,10.396,11.197,11.727,11.051,12,10.317,8.9729,9.1959,8.8973,8.8516,10.212,10.525,11.051,10.928,12.135,12.486,13.604,13.604,13.644,14.044,13.644,15.11,14.72,15.11,16.313,15.834,14.187,12.785
15.74,17.702,18.252,18.407,18.185,17.563,17.809,16.14,15.869,15.108,14.744,14.096,13.99,14.096,12.188,14.22,13.058,14.019,14.438,13.666,14.671,13.892,14.475,14.587,13.666,13.834,12.88,11.069,9.5719,7.3997,12.806,14.587,15.179,15.602,15.628,14.809,14.799,14.615,14.744,14.587,14.009,14.067,14.363,13.547,13.058,12.582,12.678,12.11,12.376,11.895,11.7,10.478,10.871,9.8235,10.229,10.721,11.419,11.13,11.069,9.5008,5.9362,7.8096,9.386,10.529,10.055,10.109,9.386,9.2698,7.8787,8.2321,6.848,7.7399,7.8096,8.2321,9.5577,9.386,11.642,11.215,11.895,12.376,12.02,11.7,13.386,13.863,13.577,13.627,14.163,14.019,13.627,11.239
16.092,17.384,18.609,18.639,18.609,18.186,18.077,16.687,15.709,14.83,14.316,14.077,13.956,13.303,12.446,14.037,13.292,13.586,14.187,14.157,14.83,14.316,14.706,14.982,14.316,13.803,13.555,10.844,9.2854,7.6125,12.638,14.463,15.455,16.03,15.781,15.483,14.773,14.463,14.316,14.599,14.037,13.915,14.306,13.303,13.334,13.078,12.124,11.948,12.275,11.661,11.216,10.527,10.753,10.486,10.594,10.948,11.995,10.909,10.844,9.4663,5.7264,8.5235,9.2854,10.213,9.7022,10.032,9.585,9.7748,8.3221,8.5895,7.7414,8.4066,8.5731,10.158,9.7603,9.9326,10.766,11.477,12.24,12.412,12.98,12.86,13.618,14.512,13.865,13.803,15.308,14.157,13.387,11.948
17.165,19.699,20.724,20.737,20.087,20.815,19.884,19.506,18.763,17.33,16.166,15.455,15.091,15.455,13.53,15.801,15.376,15.655,15.655,16.065,15.963,16.53,16.157,16.758,16.14,15.612,13.963,12.014,10.537,9.367,14.012,16.266,16.887,17.014,17.555,17.392,16.207,16.563,16.652,15.861,15.62,15.472,16.166,15.091,14.663,14.81,13.963,13.01,12.586,13.51,13.298,11.867,11.258,11.125,11.867,12.149,12.586,13.041,11.46,10.473,6.785,9.7216,10.104,10.104,11.878,11.039,10.303,10.421,9.2652,9.4962,7.8058,7.304,10.303,10.614,11.365,11.878,11.867,12.104,13.339,13.963,14.663,14.012,14.902,14.654,15.01,15.646,15.929,15.655,14.204,13.53
17.038,20.399,19.915,20.909,20.786,20.399,20.01,18.754,18.382,17.776,16.324,15.404,14.785,14.573,14.424,15.165,15.794,15.879,16.424,16.333,16.258,16.333,16.846,16.879,15.648,15.165,14.573,12.494,10.468,9.377,13.82,16.53,17.29,16.935,17.685,17.29,16.75,16.291,16.774,16.53,16.023,15.227,15.084,15.093,14.311,14.657,14.005,13.423,13.683,13.241,13.045,12.187,11.119,11.419,11.408,11.689,12.505,12.698,12.008,10.972,7.226,9.377,9.717,11.058,12.143,11.204,10.723,11.022,9.3046,9.3046,8.2242,9.2022,9.8964,10.403,11.252,10.723,12.132,12.143,13.004,13.534,13.976,14.044,14.349,15.093,15.12,15.165,15.879,15.36,15.093,13.261
17.161,20.654,19.811,20.015,21.35,20.103,20.635,19.811,18.614,17.605,16.778,16.295,15.883,15.311,15.617,15.823,15.729,15.407,15.729,15.917,16.452,15.823,16.204,16.162,16.027,14.98,13.883,12.881,11.024,8.8599,13.567,16.452,17.232,17.24,16.987,16.939,16.754,16.428,16.6,16.027,15.729,16.027,15.302,15.407,15.168,14.286,14.286,13.507,13.745,12.669,13.048,11.41,11.207,11.634,11.363,11.634,12.573,12.246,12.279,11.122,6.8431,8.8904,9.3793,10.261,11.458,11.255,11.738,10.008,9.0862,8.612,8.0768,7.8041,8.8446,9.5934,10.222,10.726,12.508,12.334,13.264,13.038,13.657,14.725,14.39,14.88,15.124,15.469,14.898,16.137,15.088,13.883
17.192,19.795,20.959,20.731,20.672,20.308,19.519,18.233,18.425,17.192,15.872,16.442,15.456,15.482,16.671,15.482,15.76,15.315,16.041,16.084,16.31,16.301,16.467,16.301,16.041,15.482,14.098,12.145,10.27,8.6666,13.579,16.084,17.505,16.736,17.689,17.184,16.938,16.671,16.606,16.351,15.315,15.931,15.137,14.993,14.58,14.403,14.213,12.861,13.388,13.347,13.049,12.256,11.874,11.468,11.468,12.078,12.519,12.595,11.886,10.428,6.9474,8.9892,10.003,10.948,11.503,11.071,10.467,10.111,8.9134,9.2126,8.9134,7.4557,8.8524,9.8801,9.6018,11.748,11.988,12.19,12.112,14.021,14.021,13.509,14.82,13.973,14.82,15.665,16.084,15.11,14.59,13.06
17.455,18.969,20.274,20.274,20.861,19.515,19.264,18.802,18.371,16.974,15.679,15.62,15.895,15.383,16.011,14.35,15.073,15.289,16.043,16.287,15.912,15.92,16.527,16.503,16.019,14.504,14.756,11.832,10.173,8.4831,13.364,15.646,16.966,16.904,17.059,16.287,16.279,16.559,15.721,16.63,15.451,14.862,16.019,14.941,14.568,14.386,13.53,12.965,12.657,13.364,12.853,11.596,12.182,11.24,11.698,11.562,13.364,12.812,11.832,10.301,7.8395,8.5908,9.4498,10.069,11.193,11.517,9.4498,9.6696,9.0813,8.7574,7.6873,7.7043,9.408,9.1676,8.7723,11.686,11.379,11.46,11.92,12.678,13.226,13.334,14.862,15.961,14.897,15.409,15.945,15.081,15.587,12.3
17.7,19.217,20.43,20.43,20.622,20.158,19.488,18.633,17.536,16.793,16.09,15.727,15.727,14.788,15.294,15.217,14.761,15.618,15.826,15.078,16.09,16.293,16.357,17.042,16.09,15.592,15.008,11.968,11.197,8.7003,13.852,15.38,16.762,16.91,16.817,16.988,16.212,16.188,15.651,16.212,15.148,14.947,15.918,14.51,13.68,13.804,13.622,13.329,12.847,12.568,13.071,11.791,11.691,11.067,11.924,12.001,12.847,12.568,11.968,10.072,7.1957,8.5939,9.8481,11.197,10.96,10.9,10.266,9.4253,8.7305,8.4084,7.4646,7.8088,9.1278,8.7305,8.9534,11.702,11.244,11.702,11.836,12.662,14.501,13.418,14.391,14.903,15.516,15.078,15.918,14.947,15.078,12.662
16.898,19.689,19.628,20.034,20.061,20.198,18.903,18.5,17.832,16.638,15.858,16.318,14.71,15.256,16.081,14.466,15.325,14.897,15.003,15.325,15.624,16.122,15.758,15.624,15.758,15.649,13.327,11.992,10.197,8.4722,13.784,16.057,16.382,17.022,17.261,16.638,15.999,16.471,16.67,16.09,15.649,15.42,15.547,14.897,15.394,13.601,14.282,13.366,12.965,12.884,12.996,11.406,11.815,11.406,11.86,12.025,12.211,12.178,11.406,10.235,6.9871,8.8679,10.093,9.5554,10.837,10.59,9.8812,10.689,9.2609,9.0883,6.9871,7.7737,8.748,8.2832,8.3624,12.036,11.348,11.646,11.992,13.127,13.356,14.208,13.678,13.955,15.325,15.445,14.817,15.598,13.974,13.006
16.966,19.319,20.932,20.648,19.753,19.853,19.082,18.055,17.78,16.488,15.384,15.32,15.085,14.418,15.567,14.117,14.722,15.662,15.575,15.942,15.787,15.408,15.787,15.872,15.818,14.108,13.538,12.43,10.463,8.6624,13.538,15.787,17.103,17.132,17.353,16.842,16.637,15.849,16.217,16.194,15.4,15.408,15.504,14.731,14.461,13.968,14.038,12.982,13.02,13.429,13.493,11.675,11.79,11.146,11.579,12.109,12.646,12.2,11.759,10.043,6.4481,8.2104,10.225,10.603,10.98,10.043,9.5409,9.9201,8.5624,7.9979,7.5549,7.9979,9.1459,9.9696,9.4111,11.419,11.091,12.281,12.44,13.683,13.924,13.095,14.596,14.486,14.596,14.418,15.376,15.183,14.655,12.704
17.473,19.28,20.139,20.912,20.198,19.356,19.169,18.388,18.191,16.86,16.083,15.353,15.011,15.011,13.165,15.798,15.5,15.292,15.187,15.705,15.908,15.292,15.949,15.187,16.016,14.615,13.436,12.044,9.9328,8.7785,14.245,15.798,16.82,16.939,17.587,17.196,16.016,15.739,16.532,16.435,16.008,15.705,16.083,14.047,14.615,14.403,14.179,13.515,13.554,12.92,12.415,11.922,11.466,10.954,12.044,12.274,12.5,12.92,11.787,10.341,6.9472,9.2373,9.4231,10.172,10.595,10.954,10.745,9.5216,8.5943,8.5164,7.3027,8.2621,8.4693,10.289,11.977,10.645,11.922,12.5,12.49,13.226,14.094,13.633,13.981,13.633,15.798,15.249,15.941,15.629,14.047,14.028
14.781,17.313,18.381,17.527,18.242,18.029,16.622,17.159,16.159,15.528,14.462,13.46,13.221,12.654,12.559,14.351,13.431,13.549,14.089,14.042,14.398,13.851,14.042,14.089,14.174,13.221,11.872,10.741,9.0147,7.7427,12.313,13.975,14.462,15.528,15.049,15.251,14.79,14.398,14.609,14.6,14.618,13.946,13.549,13.271,12.997,12.822,12.399,12.182,12.149,11.782,11.119,10.141,10.741,10.324,10.246,10.375,11.368,11.356,10.889,9.4194,6.2156,8.0133,9.4194,10.022,9.3056,9.3056,8.775,8.8205,8.1615,7.6213,7.8112,7.2999,7.2999,9.7393,10.246,9.3056,10.974,10.889,11.461,11.771,11.793,11.6,12.946,13.16,13.628,13.421,13.899,13.579,12.904,11.542
17.133,19.693,20.389,20.539,20.311,19.646,19.077,18.046,17.861,17.039,16.052,15.599,15.298,15.158,14.956,16.404,14.956,15.324,16.011,15.376,16.052,15.376,16.052,16.036,16.11,14.32,13.83,12.413,9.587,9.4052,13.558,15.709,16.954,17.133,16.597,16.525,16.501,16.11,16.102,16.184,16.011,15.768,15.919,14.84,14.44,14.947,14.468,14.02,13.646,13.301,12.75,11.988,11.988,11.257,11.764,12.251,12.916,12.916,11.955,10.625,7.2156,9.4755,10.575,11.409,11.018,11.304,9.8062,9.587,9.8062,8.777,9.3343,8.578,8.5002,10.436,10.575,10.423,12.076,11.899,12.477,12.466,13.301,13.489,14.33,15.675,15.053,14.956,16.184,15.81,15.263,13.039
15.728,17.3,17.793,17.755,18.126,17.882,17.059,16.8,16.071,14.758,13.894,14.309,13.846,13.266,13.456,12.079,13.545,13.633,13.769,14.272,13.942,14.235,14.457,14.595,13.97,13.623,13.054,10.934,9.1872,7.671,12.178,13.894,14.893,15.071,15.489,14.964,14.531,14.346,14.169,14.309,13.711,13.545,13.894,13.505,13.186,12.47,12.406,11.767,11.879,12.046,11.538,10.177,10.638,10.138,10.32,10.372,11.457,11.139,10.638,9.3453,6.2349,8.4631,9.0116,10.019,9.8583,9.3024,9.5147,8.7721,8.4,8.2561,7.1686,7.8765,8.3203,9.1291,8.5414,10.934,10.448,10.524,11.767,11.364,12.776,11.969,12.309,13.156,14.037,13.505,13.884,13.505,12.931,11.879
17.294,19.142,20.426,19.932,20.794,20.406,19.086,18.691,17.455,16.866,15.714,15.518,15.311,15.101,15.232,15.021,14.771,15.689,15.171,15.039,16.156,16.148,16.156,16.393,15.458,15.389,14.608,12.761,10.93,8.5074,13.412,15.689,17.178,17.015,17.085,16.968,17.34,16.189,16.148,16.016,15.484,15.782,15.066,15.18,14.78,13.889,13.889,13.841,13.764,12.813,12.476,12.086,11.395,12.487,11.638,12.031,12.988,12.813,11.638,10.943,7.1662,8.3972,10.016,10.634,11.027,10.161,10.174,9.6366,10.016,8.647,8.3336,8.3176,8.8297,9.5115,10.445,11.266,11.785,10.93,12.229,13.262,13.451,14.164,14.342,15.389,14.599,15.518,15.171,15.79,14.59,13.151
15.196,17.312,18.271,18.161,18.315,17.902,17.419,16.859,16.007,15.335,13.952,13.145,12.92,12.436,12.95,12.659,13.856,13.406,13.856,13.236,14.319,13.856,14.207,14.179,12.95,13.633,12.274,10.443,8.7934,7.3026,12.414,14.282,15.01,15.037,14.696,14.894,14.787,14.468,14.605,14.357,14.028,14.357,12.95,13.749,12.753,12.774,12.489,12.154,12.317,11.65,11.051,10.443,10.645,10.34,10.25,10.443,12.044,10.856,10.893,9.4933,5.7732,8.278,9.018,9.9191,9.309,10.026,9.1937,8.7934,8.4059,8.278,7.3026,7.8141,8.3262,9.018,9.3518,10.456,11.147,10.633,11.278,11.337,12.659,12.241,12.753,13.72,13.195,13.165,13.515,14.403,12.774,11.604
17.346,19.473,20.249,20.518,20.305,19.594,18.988,18.39,17.288,17.538,15.84,15.297,14.666,14.801,15.092,14.051,15.141,14.734,15.65,15.934,15.61,15.769,15.84,15.934,15.297,15.223,13.962,12.174,10.484,8.8783,13.306,15.871,16.822,17.623,16.725,16.576,16.516,16.718,16.058,16.112,15.297,15.84,15.482,14.96,13.792,14.279,14.358,13.72,13.855,12.82,12.466,11.968,12.009,12.133,11.48,11.737,12.869,12.965,12.466,10.578,7.4799,8.9203,10.672,11.25,10.741,10.788,10.578,9.5789,9.0996,8.4772,8.9203,9.7971,9.9731,10.519,9.6307,11.512,12.316,12.265,12.946,13.003,13.792,13.693,14.392,15.491,15.482,14.968,16.281,15.166,14.876,12.82
15.087,17.171,17.631,18.394,18.138,17.654,17.326,16.038,15.087,14.692,14.052,13.676,13.647,13.41,14.5,12.914,12.955,13.899,14.033,13.559,14.033,13.637,14.184,14.555,13.637,13.588,12.44,10.459,8.9171,7.8679,12.048,13.861,15.505,15.192,15.358,14.873,14.555,14.212,14.099,14.212,13.861,13.909,13.861,12.914,12.955,12.44,11.892,11.688,11.881,11.711,11.926,10.649,10.536,10.03,10.03,10.749,11.892,11.055,10.459,9.197,6.5339,8.0357,9.2404,9.3552,10.459,8.7814,9.1533,8.7966,8.281,7.7483,7.9017,7.6268,8.5505,8.8269,8.7966,10.344,10.982,10.331,11.329,11.376,12.789,11.926,12.44,13.078,12.758,13.725,14.546,13.519,14.052,12.059
15.494,17.065,18.184,17.641,17.466,17.351,17.026,16.75,15.286,14.342,13.898,13.231,13.46,13.068,11.542,13.715,13.627,13.627,14.202,13.46,14.898,14.342,14.781,14.79,13.898,12.904,12.601,10.889,9.2336,7.2448,12.313,14.462,15.321,15.049,15.673,14.79,14.041,14.089,13.549,13.715,13.85,13.898,14.174,13.068,12.696,12.57,11.6,11.782,12.149,11.771,11.917,10.95,10.528,10.181,10.778,11.083,11.771,11.368,10.889,9.0293,7.2998,9.0146,9.4193,10.022,9.9288,9.5178,9.3055,8.9105,7.7426,8.0132,7.1895,7.3905,8.0132,8.7598,9.3055,9.969,10.452,11.273,12.313,11.645,12.601,12.559,13.16,13.51,13.321,13.773,13.85,14.342,13.43,11.332
15.521,16.752,18.469,18.134,18.266,17.315,17.098,16.325,15.05,14.537,13.852,13.55,13.462,12.56,11.783,14.537,13.192,13.55,13.639,13.716,13.9,14.175,14.175,14.537,13.511,13.272,12.571,10.975,9.0155,7.7434,12.4,13.9,15.05,15.006,14.674,14.683,14.764,13.9,13.462,13.775,13.746,14.175,13.746,12.998,12.697,13.402,11.543,12.271,12.085,11.322,11.794,10.389,11.144,10.023,10.44,10.742,11.427,11.427,10.592,9.3064,6.2802,8.3239,9.3064,10.63,9.8083,10.325,9.5187,8.3399,8.3399,7.3912,7.5164,7.4451,8.8364,9.8625,9.7947,9.699,10.642,11.322,11.427,11.794,12.771,12.937,13.06,12.486,13.161,13.89,15.05,14.546,13.746,11.794
16.784,19.698,20.053,20.218,20.165,19.833,18.878,18.161,17.322,17.005,15.923,14.843,14.517,14.87,13.254,15.915,15.509,15.654,15.679,16.505,15.466,15.679,15.466,15.772,14.772,14.554,13.756,12.416,10.628,8.4553,13.443,15.781,16.657,16.792,17.16,16.697,16.449,16.384,16.625,16.18,15.509,15.223,15.38,14.744,14.672,14.527,13.61,13.384,13.304,13.414,13.493,11.902,11.585,11.412,12.068,12.458,13.143,12.134,12.035,10.628,7.2907,9.2938,10.207,11.259,11.259,11.033,10.362,10.628,8.7791,8.8695,9.1352,8.8094,9.727,11.353,11.105,11.306,11.631,12.586,12.638,13.871,14.071,14.581,14.444,15.31,15.474,15.328,16.278,15.915,15.881,13.61
17.133,19.153,20.461,20.719,20.33,19.626,19.153,18.902,17.772,16.827,15.986,15.228,15.219,15.009,13.723,16.274,15.053,15.088,16.01,15.768,16.01,15.263,16.501,15.47,15.376,14.875,14.839,11.753,10.007,8.39,14.152,15.65,16.404,17.202,16.827,16.653,16.597,15.986,16.176,16.468,15.701,14.839,16.176,14.759,14.02,14.659,13.723,13.38,12.916,13.529,13.607,11.304,11.899,11.15,12.131,12.021,13.211,11.899,12.032,10.436,7.1786,9.2914,10.625,10.625,11.018,11.304,10.152,9.6284,9.4614,9.1328,7.6619,8.7617,9.1328,10.575,10.762,9.9138,11.899,13.17,12.391,13.617,13.694,14.068,15.009,15.026,15.675,16.052,16.525,15.675,15.582,14.077
16.911,19.787,19.861,19.787,20.964,20.16,19.481,18.982,17.824,16.856,15.349,15.192,14.044,14.783,15.192,14.279,16.079,15.183,15.183,16.062,16.029,15.349,15.803,15.522,16.325,14.538,14.547,12.085,9.9303,8.0641,13.629,16.012,17.091,17.161,17.044,16.528,16.472,16.161,16.528,16.037,15.701,16.012,14.891,14.547,14.4,14.4,14.241,13.717,13.581,12.906,12.271,12.487,11.334,11.601,11.369,12.041,12.476,12.771,12.041,10.951,6.3857,8.7915,9.3069,10.247,10.338,10.593,9.9303,9.235,8.882,7.761,9.4912,9.4912,8.8217,9.3498,9.7952,11.885,11.974,12.008,13.03,12.561,13.423,13.901,14.464,14.611,14.547,15.904,16.856,15.625,15.007,13.901
16.777,19.158,19.683,20.091,19.913,19.558,18.67,18.351,17.466,17.353,15.655,15.136,14.582,14.649,13.677,15.497,15.079,14.948,15.873,15.989,16.886,15.442,16.142,15.866,15.873,14.31,13.35,11.941,10.112,8.4432,13.749,15.497,16.659,16.777,16.777,16.241,15.873,15.989,16.005,15.749,15.679,15.749,14.741,15.306,14.378,14.948,13.341,13.713,13.202,12.265,12.425,11.92,11.606,11.992,11.67,12.245,13.35,13.23,12.276,11.186,6.7436,8.5589,9.537,9.9161,10.975,10.112,9.9161,9.4333,9.5241,8.5589,8.4286,8.0099,8.6588,9.1017,9.0476,11.009,11.575,11.701,12.395,12.641,13.829,12.513,14.683,14.874,14.683,15.811,16.974,16.02,15.679,13.811
15.273,17.051,17.586,17.601,17.525,17.84,17.105,16.57,15.65,14.157,13.349,13.359,13.349,13.189,13.418,13.099,13.388,13.119,14.045,14.717,13.624,14.297,13.998,14.157,13.701,13.379,12.446,10.595,8.7626,7.4211,12.144,14.045,15.134,14.958,15.002,15.002,14.735,14.045,13.189,13.807,13.379,14.054,13.807,13.119,12.36,12.74,12.349,11.643,11.835,11.285,10.806,10.558,10.304,10.608,10.304,10.188,11.425,11.285,10.419,9.6677,6.1961,8.297,8.4863,9.6128,8.3764,8.6256,9.0011,8.313,7.6495,6.4474,6.9988,7.8375,7.8544,8.4863,8.1359,10.406,9.8307,10.343,11.285,11.32,11.666,12.36,12.456,13.229,12.657,13.349,14.554,14.306,13.807,12.002
16.627,18.969,19.454,20.479,19.757,19.377,19.606,17.206,17.857,17.025,14.71,15.126,13.551,14.09,12.923,14.71,14.719,15.378,15.281,15.151,15.603,15.595,15.753,15.378,15.151,14.66,14.108,11.36,9.7872,8.3506,13.292,15.603,16.589,17.119,17.271,16.701,16.499,16.081,16.499,15.346,15.475,15.642,14.481,14.583,13.367,14.719,13.877,13.597,13.413,12.454,12.494,11.63,10.461,12.059,11.139,12.454,12.464,13.152,12.131,10.925,6.476,7.4723,9.9257,9.5693,10.013,9.5822,9.4519,9.3063,8.9113,8.4687,7.4056,8.5706,8.9806,9.2662,9.3992,10.402,11.371,12.701,11.883,12.701,13.957,13.679,13.459,14.09,14.786,15.126,16.096,15.949,15.151,13.742
17.451,19.215,19.874,20.788,18.955,18.745,19.331,18.168,16.991,16.374,14.975,14.942,14.573,15.14,15.164,13.541,15.049,14.47,15.488,15.503,15.631,15.14,15.882,15.718,14.934,14.47,13.449,11.231,10.394,7.5329,13.947,15.882,16.48,17.508,17.258,16.207,16.306,16.069,16.03,16.03,14.496,15.335,15.937,14.436,14.254,13.669,13.84,12.981,13.066,13.768,13.357,12.03,12.112,11.988,11.947,12.325,13.44,12.365,11.968,10.214,7.1272,8.8208,8.8628,9.1787,9.6653,10.262,9.0153,8.477,8.1034,8.2398,6.6785,7.4834,8.1034,9.1787,8.6935,10.917,10.951,10.917,11.988,12.981,13.768,13.804,14.053,14.975,14.975,15.82,16.419,15.875,15.503,12.75
17.412,19.727,20.079,19.414,19.555,19.797,19.024,17.732,17.562,16.277,15.506,14.601,15.131,15.115,15.53,14.079,15.205,15.007,16.277,16.068,15.571,15.53,15.943,16.006,15.571,14.316,13.655,12.499,10.546,7.9048,13.452,15.786,16.917,16.917,17.064,16.969,16.498,15.571,16.006,15.619,15.205,15.53,15.888,13.891,14.998,14.498,14.141,13.535,14.007,13.828,13.208,12.174,12.019,11.235,12.164,12.618,12.499,12.648,11.4,10.307,6.8,8.0614,9.5514,10.594,10.629,10.011,9.5514,9.3397,8.6014,8.5577,7.4992,7.6477,9.1914,9.6555,9.5121,11.4,11.044,12.102,12.658,13.728,14.141,14.007,14.559,15.53,14.712,15.619,16.029,16.559,15.881,12.97
14.152,16.371,16.92,16.468,17.856,17.099,16.404,16.152,16.849,15.128,14.558,13.725,12.982,13.462,14.952,13.225,13.413,13.85,13.696,13.619,14.124,13.619,13.84,13.384,13.993,13.013,10.996,10.184,8.31,7.7156,11.605,13.821,14.329,14.227,14.917,14.952,14.19,14.439,15.023,14.549,14.711,14.04,12.452,13.413,14.292,13.013,13.344,12.041,12.441,11.08,11.386,10.814,10.415,9.8942,10.604,10.604,11.044,10.912,10.288,9.8271,5.6815,7.6467,7.7156,8.5144,9.3157,9.1582,9.3157,8.2941,8.9832,8.2941,6.7655,6.5872,8.23,8.7595,9.2014,10.249,11.234,10.592,11.104,11.741,12.526,11.741,12.008,12.557,12.9,13.094,14.347,13.993,13.114,12.515
15.554,17.235,18.109,17.428,18.331,17.235,16.599,15.769,16.081,15.035,13.57,13.38,12.962,12.805,12.878,12.54,13.609,13.218,14.104,13.96,14.406,14.461,13.96,14.34,13.688,12.972,12.367,10.9,8.36,7.4233,12.104,14.237,14.928,15.389,14.664,15.071,14.664,14.415,14.151,14.104,13.834,13.698,12.805,13.96,12.837,13.126,12.657,12.324,12.54,11.371,11.477,10.937,9.9729,11.023,10.369,11.371,11.512,11.651,10.9,9.644,6.2431,6.9559,8.8747,9.1872,9.0694,9.9053,9.5319,8.3116,8.0654,8.36,8.0987,8.0487,8.3761,7.914,9.0546,9.9594,9.9729,10.067,11.697,10.9,13.003,13.003,12.324,13.48,13.116,14.406,14.747,14.738,13.289,12.104
15.487,17.006,18.081,17.801,18.058,17.832,17.315,15.704,15.213,15.661,13.672,14.073,14.015,13.553,14.169,12.587,13.523,14.217,14.169,13.761,14.025,14.025,14.227,14.025,13.442,12.512,11.889,10.113,8.8548,7.0846,12.025,14.369,15.168,15.487,14.742,15.248,14.751,14.594,14.369,14.102,13.996,13.583,13.341,13.032,13.351,12.598,12.886,12.425,12.26,11.471,11.565,11.147,10.417,10.687,10.43,10.687,11.647,11.424,10.839,9.7863,5.8235,7.4577,8.8701,9.2298,10.547,10.417,8.8701,8.9614,8.9159,7.4029,7.813,7.7433,9.0966,8.1362,8.8548,10.624,10.725,10.624,11.991,12.26,12.348,12.193,13.053,13.063,13.351,13.583,14.594,14.472,13.053,11.889
17.388,19.285,19.7,19.77,19.077,19.952,18.899,18.001,16.746,16.894,15.549,15.184,15.052,15.38,15.929,13.563,15.533,14.986,15.922,15.605,16.377,15.677,15.788,16.101,15.184,14.616,14.068,11.836,9.9976,8.0503,13.294,15.867,16.596,17.302,17.092,16.483,16.101,16.377,16.506,15.89,15.509,15.677,15.677,14.743,13.988,13.988,14.139,13.563,13.294,14.059,13.627,11.867,11.867,11.494,12.075,12.361,12.64,12.758,11.836,10.389,7.1483,8.8328,9.9477,10.292,11.385,11.58,10.532,9.8089,8.931,9.6034,8.5021,9.042,9.0005,9.9477,9.499,12.024,11.494,12.481,13.133,13.181,13.443,13.19,14.059,14.961,15.019,15.788,16.506,15.597,15.412,14.581
17.011,19.239,19.816,19.664,19.708,20.017,19.011,18.746,17.36,16.003,15.406,14.233,14.709,14.216,12.652,15.511,14.58,14.64,15.949,15.511,15.243,15.21,15.696,16.011,15.268,14.145,13.796,11.675,9.6197,8.0173,13.895,16.128,16.328,16.774,17.339,16.774,16.405,16.011,16.282,15.894,15.012,15.235,15.894,15.308,14.399,14.869,13.895,13.041,13.456,13.832,12.974,12.543,11.675,11.718,12.592,12.503,13.241,12.422,12.044,10.126,6.4045,8.6332,9.8255,10.968,10.609,11.513,9.6197,9.6067,9.1261,9.1943,7.7637,8.734,9.3961,9.0158,10.773,10.55,10.691,12.044,13.012,13.512,14.224,14.154,14.399,14.869,15.886,15.511,17.274,16.128,15.511,13.419
16.959,19.387,19.75,20.218,20.193,19.419,18.978,18.357,17.04,16.775,15.274,14.985,15.019,14.683,13.018,15.274,14.742,14.843,15.019,15.412,16.115,15.629,16.115,15.629,15.668,14.683,13.489,12.023,9.3798,7.9878,13.808,15.866,16.422,17.308,17.537,17.003,16.1,16.685,15.764,16.353,15.637,15.208,15.412,14.894,14.818,15.019,13.844,13.396,14.209,13.442,13.133,12.023,12.023,11.644,12.481,12.511,13.321,13.104,12.023,10.109,6.7903,9.4196,10.035,10.496,9.9847,10.484,10.292,9.9972,8.4723,8.6181,8.487,9.6418,9.0001,10.995,10.777,10.96,11.219,11.867,12.28,13.442,13.293,13.709,14.581,15.549,15.282,15.274,16.745,16.535,15.983,13.626
16.516,19.024,19.687,18.92,19.352,19.605,18.703,17.914,17.58,16.426,14.822,14.486,14.21,14.34,14.822,14.071,15.434,15.474,14.939,15.458,16.023,15.522,15.969,15.434,15.087,13.858,13.042,11.599,9.1345,8.0882,13.516,15.814,16.176,17.354,17.132,16.176,16,16.092,16,16.176,15.853,15.426,15.021,15.087,14.545,14.443,14.417,13.369,13.947,13.369,12.461,12.13,11.33,11.779,12.099,11.779,12.667,13.004,12.089,10.942,6.5351,9.121,10.06,10.243,10.528,10.749,9.9866,9.4923,8.9984,8.4611,8.4611,9.3746,9.4271,9.1345,9.4923,11.935,11.264,12.421,13.35,12.956,13.35,13.912,13.706,15.899,14.772,15.688,15.594,15.712,14.545,13.814
16.506,19.271,19.668,19.983,19.883,19.528,18.793,18.035,17.708,16.255,15.242,15.788,14.844,13.988,14.059,14.296,15.019,15.315,14.986,15.501,16.077,15.677,16.077,15.274,15.929,14.095,13.443,11.698,10.035,9.0004,13.48,15.929,17.193,17.331,17.004,16.543,16.377,15.764,16.201,15.637,15.669,15.867,15.16,15.38,14.409,14.751,14.095,13.443,13.581,13.133,12.709,12.239,11.909,11.407,11.407,12.729,13.266,12.961,12.361,10.949,6.6609,8.8468,9.9099,11.219,10.292,10.995,10.035,9.2058,9.6033,8.5895,8.5313,9.3268,9.2867,9.5382,9.8342,12.065,11.687,11.909,12.836,13.181,13.489,14.121,14.986,16.239,15.011,16.626,16.663,16.536,15.509,14.068
17.089,19.025,19.784,19.401,20.109,19.891,18.959,18.343,17.451,16.548,15.326,14.972,14.105,13.591,13.443,14.905,15.391,14.796,15.52,15.995,15.87,15.688,16.212,16.182,15.544,14.626,13.855,11.918,9.4926,8.056,13.746,16.366,16.638,16.608,16.54,16.795,16.434,16.089,15.964,15.68,15.878,15.496,14.566,15.17,13.891,14.42,14.14,13.591,13.855,12.53,12.639,11.918,11.759,12.796,11.534,12.094,13.331,12.99,12.49,11.172,7.1534,8.056,9.8158,10.622,11.172,10.3,10.055,9.3335,8.5957,8.375,8.2701,9.4267,10.19,9.9923,9.6491,11.172,11.534,12.289,13.452,13.452,13.646,14.105,14.566,14.753,15.799,16.63,16.487,16.212,15.64,14.315
17.318,18.818,19.769,20.397,20.145,19.515,19.153,18.591,17.604,16.369,15.33,14.569,14.833,15.125,13.858,15.684,14.388,15.256,15.692,15.692,15.999,15.564,15.5,15.905,15.564,14.697,13.456,11.396,9.5995,8.0734,14.205,15.516,16.91,17.604,17.108,16.316,15.692,16.216,15.395,16.092,15.644,15.652,15.524,15.067,14.975,14.31,13.456,13.594,14.527,12.721,13.146,12.087,11.698,11.878,11.656,12.251,13.031,12.493,11.878,10.601,6.797,8.7417,9.5473,9.6514,10.399,9.6125,9.5995,8.554,8.5977,8.0579,7.6116,8.272,8.0579,10.695,10.73,10.302,11.505,12.533,12.373,13.992,13.502,14.706,14.697,15.882,15.395,15.125,17.318,17.108,15.427,14.028
16.874,18.931,19.191,19.799,19.396,19.1,19.055,17.514,17.258,16.705,14.989,14.782,13.956,14.219,12.964,15.8,14.757,15.047,15.316,15.047,16.616,16.102,16.01,15.698,14.923,14.452,13.012,11.271,9.433,7.7659,13.377,16.048,16.526,16.556,16.933,16.616,16.474,15.917,15.484,16.171,15.42,15.121,15.484,14.622,13.929,14.237,13.524,13.46,13.715,12.936,13.751,11.606,11.348,11.172,12.014,12.107,12.704,13.078,11.649,10.054,7.1702,8.5535,9.6531,10.535,10.201,9.5631,9.2478,8.8097,7.8608,8.5824,7.066,8.4664,9.2478,9.433,9.4983,10.546,10.949,11.606,12.964,13.715,14.452,14.452,14.989,14.782,14.923,16.232,17.143,16.668,15.468,14
16.821,18.55,19.259,19.266,20.286,19.161,18.997,18.14,17.414,17.756,15.226,15.316,14.518,15.151,16.299,15.135,15.052,15.576,16.051,15.019,16.513,15.712,15.06,15.462,14.825,14.621,13.517,11.416,9.4985,8.5252,13.102,16.214,15.91,16.345,16.513,16.399,16.307,16.368,16.573,16.028,15.831,15.592,15.592,15.093,15.06,14.318,14.552,13.47,13.664,13.226,12.987,11.9,11.73,12.015,12.119,12.605,12.822,12.525,11.942,10.561,6.8091,8.5105,9.025,9.7202,11.438,9.7202,9.025,9.7202,8.7572,8.0722,7.9154,8.1494,8.642,9.025,8.8568,10.561,11.328,12.108,12.222,12.997,13.774,13.664,14.133,14.595,15.68,16.345,16.368,16.399,15.259,13.618
16.63,18.755,19.245,20.06,19.635,18.96,18.334,18.442,16.562,15.975,14.864,14.586,13.844,14.18,14.526,14.11,14.956,15.566,16.014,15.756,15.574,15.349,15.645,15.566,14.956,13.853,13.239,11.843,9.8648,7.878,13.535,16.045,16.29,17.403,16.97,16.45,16.926,15.478,15.566,15.574,15.063,15.47,15.389,14.814,14.526,14.483,13.535,13.554,13.416,12.732,12.771,12.306,11.621,12.051,11.759,12.123,12.732,12.496,11.727,11.029,7.0463,8.8289,9.519,10.733,9.1872,9.8899,8.9684,8.8149,8.5286,7.4737,7.6217,8.4702,8.7015,8.3521,8.9822,11.141,11.362,11.979,12.732,12.456,14.276,13.239,13.817,14.346,15.154,14.755,15.889,17.202,15.637,13.681
16.94,18.94,19.406,19.406,19.038,19.038,18.603,17.964,16.435,16.321,14.864,14.789,14.526,14.654,15.606,14.276,14.509,14.713,15.952,15.211,16.222,15.645,15.518,15.858,15.08,13.817,14.101,11.46,9.5839,8.4848,13.416,15.975,16.948,16.585,16.97,16.592,16.472,15.952,15.574,15.566,15.08,15.252,15.975,14.552,14.509,14.04,13.554,13.369,13.239,13.416,12.954,11.843,11.812,11.029,12.051,12.306,12.935,12.761,12.123,10.272,6.3416,8.2474,8.4848,9.3612,10.368,9.9649,9.6742,8.8289,8.2474,7.7348,7.4737,7.4903,7.7509,8.9822,8.9822,9.8269,10.733,11.197,12.496,13.239,13.609,13.709,14.276,15.349,14.552,15.952,16.45,16.495,15.952,13.681
16.545,18.735,18.314,19.076,19.468,19.36,18.92,18.117,17.59,17.024,15.195,14.647,14.798,13.945,13.539,15.373,14.365,15.047,15.137,14.848,15.501,15.235,15.501,14.931,15.332,14.252,13.401,11.458,10.078,8.4758,13.064,15.935,16.545,17.184,16.922,16.842,15.81,15.453,16.303,16.694,15.935,15.958,15.17,15.461,14.638,14.261,14.252,13.838,13.447,13.374,12.453,11.746,11.491,11.371,12.028,12.483,13.064,12.844,11.945,11.129,6.4894,8.0254,8.5049,9.8793,9.6639,10.016,8.8195,8.8195,8.5049,7.7905,7.6136,8.1022,8.0254,10.078,10.767,9.5088,11.662,12.483,12.67,12.95,13.374,13.475,13.766,14.511,15.501,15.437,16.723,16.082,15.629,14.33
16.535,18.83,19.201,19.678,19.201,19.111,18.512,17.601,16.423,16.195,14.997,14.773,14.956,14.46,15.186,14.357,14.503,14.84,15.612,15.104,15.871,14.63,15.153,15.364,15.219,14.087,13.394,11.645,9.5034,8.8145,13.794,16.042,16.832,16.721,16.891,16.714,16.111,15.926,15.492,15.926,14.997,15.62,16.111,14.528,14.503,14.244,13.659,13.17,13.532,13.577,13.758,11.98,11.959,11.484,12.316,12.446,12.837,13.057,11.223,10.387,6.9106,8.0209,8.5147,10.255,10.458,10.458,8.8565,8.4564,8.1585,8.0209,8.471,8.2039,8.7015,9.4381,9.4643,10.91,11.045,11.74,13.085,13.532,13.659,13.659,14.244,14.931,15.428,16.203,17.015,17.029,16.073,13.577
16.313,19.435,19.306,19.091,20.042,19.69,19.15,18.588,17.742,17.09,15.521,13.819,14.703,15.253,14.855,15.561,14.839,14.997,15.294,15.617,15.392,15.879,15.689,15.617,14.855,14.026,13.304,11.876,10.105,8.0719,13.304,15.879,17.17,16.958,16.556,16.788,16.059,16.267,16.995,16.252,16.02,15.689,14.906,15.681,15.229,14.524,13.783,14.132,13.72,12.491,12.34,12.085,12.249,12.411,12.033,12.411,13.077,12.768,11.845,10.809,6.0372,8.1947,9.6496,9.5456,9.5456,10.191,9.5977,9.5456,8.7401,8.0564,8.4791,7.4946,8.4939,10.3,9.4931,10.809,11.664,12.491,13.229,13.453,14.695,14.079,14.386,15.641,15.327,16.366,17.17,16.267,15.8,14.202
15.438,16.848,17.202,17.663,17.202,16.688,16.446,16.364,15.228,14.275,13.464,13.662,13.091,12.601,12.937,12.114,13.455,13.224,14.124,14.275,13.982,13.924,13.613,14.077,13.193,13.193,11.913,10.768,8.3602,7.3548,12.591,14.275,14.818,15.533,15.22,15.281,14.313,14.387,14.499,14.313,13.304,14.124,14.134,12.802,13.061,12.781,12.114,11.913,12.43,11.732,11.571,10.879,10.916,10.401,10.618,10.879,12.081,11.396,10.768,8.9331,6.2098,7.6405,8.1821,9.8457,9.7638,9.5138,8.3441,8.0335,8.0999,6.9041,7.0385,8.3602,8.5345,8.0833,8.3602,10.478,10.478,10.401,11.002,11.913,11.8,12.18,13.224,13.455,13.193,14.609,14.378,15.149,13.544,11.8
15.048,16.573,17.969,18.007,17.706,16.597,16.573,15.573,15.512,14.42,13.938,13.459,12.733,12.983,12.085,13.986,12.858,13.499,13.986,13.706,13.938,13.754,13.938,13.499,13.499,12.217,11.827,10.92,8.6154,7.7648,12.304,14.66,15.074,15.074,15.048,14.531,14.714,14.129,14.214,14.439,13.429,14.082,14.586,12.606,12.816,12.941,12.445,11.906,12.085,12.434,11.736,10.405,10.249,10.366,11.005,11.575,11.575,11.633,10.366,9.0552,5.7875,7.9016,8.4268,8.5373,9.545,9.2165,8.5373,8.8001,7.643,7.5371,6.403,7.1914,7.21,9.3321,9.4463,9.6289,10.366,11.353,10.871,11.804,12.085,12.785,12.806,12.983,13.89,13.548,15.048,14.242,13.548,12.04
16.969,18.732,19.599,19.637,20.294,19.497,19.082,18.598,17.094,17.057,15.232,15.026,14.842,14.57,14.766,13.723,15.395,15.001,15.516,15.257,15.395,14.57,15.653,16.339,15.199,14.135,13.822,11.396,9.7033,7.9017,14.135,15.613,17.079,17.094,16.642,16.492,16.642,15.992,15.548,15.5,15.937,16.023,15.937,15.125,14.553,14.144,14.311,13.502,13.576,13.502,12.504,12.035,12.534,11.794,12.087,12.494,13.493,12.897,11.879,10.96,6.5159,8.5397,10.254,10.119,10.601,11.33,10.007,9.5998,9.2149,7.8063,7.9959,8.1965,9.2149,9.4292,10.303,11.096,11.396,12.583,13.194,12.741,14.002,13.723,14.909,16.186,15.945,15.968,17.232,15.565,14.909,13.786
16.167,18.815,19.492,18.926,19.612,19.409,18.45,18.329,17.509,16.818,15.432,15.141,14.677,13.863,15.717,13.675,14.952,14.677,15.432,15.607,15.694,15.026,15.48,15.607,15.116,14.241,12.894,11.528,9.8656,7.603,13.711,15.913,16.19,16.544,16.964,16.611,16.029,16.005,15.311,16.454,15.141,15.717,15.858,14.626,14.491,14.31,14.31,13.81,13.502,13.374,13.429,12.73,11.949,11.814,12.011,12.103,13.122,12.455,11.528,10.064,6.4804,9.3778,9.5604,9.4304,10.342,9.99,9.8406,9.4565,8.7932,8.5077,7.3385,8.4494,9.0698,9.8656,8.6801,11.949,10.912,11.603,13.52,12.465,13.747,14.414,14.075,14.985,14.828,15.905,16.304,16.522,15.432,13.863
16.518,18.547,19.69,19.992,19.286,19.286,19.221,18.655,17.658,17.076,14.972,15.171,15.392,14.627,14.567,13.918,15.879,14.567,15.681,15.879,15.497,15.879,16.09,15.649,14.989,13.99,13.72,11.696,9.6107,8.3755,13.637,15.879,16.313,16.518,17.322,16.966,16.366,15.392,15.942,15.996,15.689,15.689,15.689,15.497,15.196,14.307,13.918,13.637,13.936,13.882,12.738,12.095,12.033,11.664,11.492,12.719,13.029,12.768,11.845,10.117,6.7958,9.0074,10.288,11.094,10.105,11.172,10.433,9.3874,8.9378,8.7258,8.1335,8.8395,8.5524,9.9175,9.3874,12.012,11.404,12.167,13.2,12.971,14.141,13.936,14.754,14.695,15.424,15.424,17.25,16.609,15.497,13.444
16.961,18.917,20.707,19.283,19.718,19.463,18.658,18.107,17.108,16.634,14.697,15.427,15.435,14.569,14.765,13.749,14.552,15.523,15.198,15.612,16.521,15.905,15.991,15.905,15.066,14.414,14.072,12.014,10.302,8.2718,13.894,16.131,17.576,17.49,16.611,15.936,16.679,15.802,15.881,15.427,15.683,15.802,15.523,15.198,14.756,14.108,14.072,13.722,14.072,12.413,12.652,12.342,12.342,12.642,11.92,11.878,12.77,12.533,11.878,10.914,6.9423,8.4952,10.542,10.764,10.811,9.9943,10.253,9.5077,9.5471,8.2415,6.9423,8.0577,8.5098,9.5471,9.8433,10.434,10.971,12.159,12.799,13.529,13.821,14.001,14.292,15.198,15.394,16.115,16.976,16.185,16.338,13.722
16.754,18.543,19.398,19.481,19.761,19.685,18.724,17.787,17.547,17.086,15.118,15.25,14.067,14.759,14.902,14.986,15.29,15.685,15.685,15.685,15.685,16.754,15.29,15.517,15.225,14.208,12.987,12.337,9.504,8.4918,13.716,15.992,16.792,16.754,16.477,16.784,16.363,15.796,15.992,15.938,15.645,15.867,15.027,15.677,14.852,14.563,14.589,14.208,13.879,13.112,12.528,12.528,12.164,11.915,11.661,12.607,12.637,12.637,12.092,10.76,6.7942,8.5358,9.5433,9.852,10.76,10.102,10.69,10.04,9.2107,8.1316,8.3136,8.07,9.4777,9.852,10.04,10.806,12.357,12.337,13.816,13.45,14.382,13.852,13.933,14.563,15.509,15.992,16.514,16.627,15.938,14.075
16.123,19.142,18.82,19.311,20.123,19.038,19.038,18.199,17.887,17.006,15.336,15.402,14.507,14.865,15.442,13.646,15.571,15.007,16.006,15.786,15.952,15.181,15.206,15.659,15.206,14.22,13.085,11.596,10.061,8.0149,14.034,15.699,16.445,16.445,17.239,16.619,15.881,15.975,16.154,15.952,15.627,15.571,15.531,14.915,15.007,14.533,14.159,14.141,13.646,13.655,13.655,12.529,12.04,10.965,12.092,12.618,12.589,12.02,11.279,9.9991,7.0704,9.0131,9.8986,10.919,10.594,10.816,9.6168,9.3933,9.3399,8.7313,8.3209,8.0149,8.6015,9.3399,10.111,11.672,12.04,12.205,13.34,13.646,14.229,13.415,14.982,15.523,15.442,15.81,16.619,16.642,15.499,13.462
17.46,18.306,20.095,20.665,19.92,19.133,18.791,17.716,16.375,16.915,15.228,14.531,14.913,13.726,12.978,14.98,15.334,14.112,15.228,14.863,15.649,15.505,16.321,15.689,14.863,14.006,13.506,11.659,10.51,8.6004,13.754,15.942,17.179,17.237,17.266,15.973,16.549,16.443,15.432,15.879,15.179,15.44,15.784,14.297,14.227,13.862,13.46,13.282,13.46,13.644,13.506,12.091,12.377,12.039,12.497,13.15,13.826,12.656,12.296,10.01,7.1573,8.3198,10.545,9.9977,10.545,10.768,10.305,8.9002,8.5567,8.0759,7.614,8.1376,9.6025,10.01,10.438,10.733,10.918,12.08,12.978,14.148,14.428,13.726,15.129,15.113,15.399,16.098,17.439,17.113,16.796,14.077
16.861,18.782,19.294,20,19.442,19.519,19.099,17.994,17.351,16.273,15.687,13.924,14.426,14.296,13.281,15.333,14.76,14.709,16.002,15.495,15.202,15.527,15.695,16.189,15.235,14.495,13.897,12.017,9.9591,7.5638,13.597,15.806,16.705,16.494,17.351,17.024,16.615,16.562,16.096,16.281,15.43,15.226,15.695,14.911,14.572,14.572,14.322,13.643,13.449,13.149,13.643,12.345,12.017,11.923,12.089,12.743,13.005,12.496,12.017,10.603,7.4305,8.0129,9.1893,10.292,11.008,10.256,10.046,8.8992,8.5557,8.8429,7.4305,7.903,8.8992,11.098,10.304,11.232,11.177,11.711,12.536,13.196,14.632,14.572,14.555,14.76,15.971,15.877,16.861,17.024,16.273,14.208
16.751,18.041,19.757,19.757,19.7,19.213,18.879,17.657,17.394,16.26,15.793,14.849,14.756,15.214,16.106,14.586,15.385,15.514,15.793,14.966,16.137,15.189,15.793,16.306,15.385,14.518,13.521,11.84,10.723,8.312,13.521,15.682,17.068,16.601,18.007,16.669,16.488,15.769,15.793,15.793,15.864,15.49,15.49,14.756,15.514,13.993,13.93,13.632,13.641,13.109,13.023,11.755,12.028,11.996,12.405,12.525,12.733,12.151,12.069,10.594,6.4925,9.0034,9.5414,10.296,11.055,10.392,10.001,9.5414,9.0034,7.8965,8.3718,6.9561,8.8919,9.2088,9.8501,11.167,12.069,12.335,12.634,13.401,14.214,14.301,15.385,15.247,16.268,16.534,17.221,16.052,15.099,14.019
14.591,17.119,17.151,17.606,17.878,17.213,16.603,16.578,15.749,14.508,13.622,13.263,12.471,12.089,11.955,13.1,13.463,13.759,13.433,13.273,14.425,13.671,13.592,13.788,12.987,12.862,12.122,10.317,9.1612,7.4141,12.352,14.508,15.052,15.543,15.097,15.017,14.508,14.285,13.991,13.933,13.463,13.914,13.463,13.553,12.308,13.273,12.987,11.955,12.977,11.309,10.923,11.178,11.082,10.408,10.356,10.985,11.819,11.579,10.408,9.0433,6.2354,7.0431,8.3013,9.263,9.0582,8.8029,8.0886,8.3013,7.4681,6.8109,6.9666,7.7673,7.7673,7.836,8.4295,10.485,10.174,10.485,10.317,11.368,12.695,12.524,13.1,13.671,13.202,14.828,15.017,14.728,14.086,12.308
14.424,17.051,16.602,17.183,17.473,17.572,16.418,16.034,15.759,14.965,13.474,12.911,12.715,13.024,11.885,13.852,13.425,13.186,13.543,13.862,13.862,13.601,14.004,14.304,13.63,12.377,11.941,10.36,9.2809,7.8583,12.018,14.061,14.724,14.415,14.965,14.497,14.579,14.424,14.202,14.561,14.004,13.543,13.814,13.513,12.881,13.105,12.398,12.15,12.117,11.974,11.512,10.75,10.424,10.86,10.563,10.823,11.338,11.113,10.424,8.8871,5.3748,7.4958,8.3011,8.1399,9.2809,8.767,8.8871,8.1399,7.8751,6.9261,5.6863,6.5928,7.371,8.4905,9.7135,9.3945,9.9959,10.75,11.302,10.909,12.715,11.974,13.024,13.355,13.196,14.497,15.281,14.452,13.862,12.366
16.618,19.024,19.335,19.596,19.697,18.959,19.057,17.369,17.391,15.634,14.945,14.854,14.37,14.711,15.143,13.771,14.92,14.92,15.459,15.241,15.011,15.507,16.002,15.878,14.97,14.1,13.097,11.365,9.3545,8.8647,13.976,16.256,17.03,17.147,16.483,16.279,16.218,15.626,15.634,15.847,14.516,15.745,15.745,14.803,14.473,14.37,13.36,13.59,13.672,13.735,12.955,12.155,12.487,11.97,12.053,12.487,13.069,12.694,11.803,9.9703,6.5487,9.1536,8.8086,10.069,10.02,9.5771,8.9759,8.0283,7.7932,8.2114,7.0764,7.2494,8.508,9.2613,9.3014,11.189,11.189,11.719,12.447,12.955,13.378,13.097,14.266,14.643,14.473,16.551,17.262,16.438,15.634,13.672
16.192,18.845,20.628,20.16,19.022,18.305,17.949,17.956,16.933,16.33,13.588,15.198,14.514,13.697,14.801,13.18,14.264,14.333,16.031,15.368,16.07,15.141,15.742,15.584,14.514,14.497,13.841,11.461,9.8185,7.4673,14.151,16.07,17.166,17.424,16.955,16.192,16.496,15.938,15.067,15.624,15.116,15.368,15.821,14.497,13.841,13.885,14.028,13.404,13.542,13.404,13.18,11.989,11.989,12.153,12.204,12.295,13.096,12.692,12.041,10.359,6.2376,8.7083,9.5108,10.08,10.263,10.501,9.5628,8.1039,7.7442,6.9872,7.4673,7.5989,8.5937,8.5648,8.8213,11.579,11.132,11.654,13.404,12.924,13.143,13.67,15.173,15.56,15.632,16.123,16.697,16.488,15.938,13.588
16.003,18.853,18.859,19.532,19.506,19.267,19.241,18.058,17.707,16.535,15.94,14.738,15.025,14.941,15.158,14.236,14.558,14.891,15.558,15.582,15.558,16.034,15.158,14.73,14.584,14.891,12.827,12.113,9.4097,8.1528,13.969,16.29,16.52,16.947,17.094,16.716,16.034,16.221,16.738,15.916,15.837,15.916,15.718,15.322,14.661,14.524,14.558,14.183,13.532,13.532,13.67,12.521,11.788,12.113,12.369,11.873,13.26,12.4,11.788,10.276,6.0928,8.0756,9.2076,9.2348,10.458,10.325,9.5289,9.6205,8.0288,8.1528,7.5789,6.9577,8.959,8.0911,9.2076,10.565,11.692,12.561,13.476,13.06,14.183,14.032,14.558,14.533,14.524,16.151,16.58,16.151,15.558,14.324
14.74,17.507,17.738,18.414,17.507,17.258,16.957,16.221,15.211,14.301,13.145,13.39,13.581,12.884,14.168,12.259,13.145,12.672,14.072,13.581,13.994,13.581,14.072,14.666,13.541,12.937,12.672,10.259,8.4783,6.7706,12.114,14.592,15.247,15.866,15.459,15.184,14.804,14.583,13.631,14.072,13.278,14.666,14.896,13.114,13.145,12.38,12.863,11.876,12.715,12.259,12.292,10.623,10.987,10.737,10.837,11.505,12.159,11.243,10.875,9.0956,5.9382,7.7425,9.3891,8.9149,10.232,9.2142,7.8296,7.2354,6.9485,6.7906,6.7906,7.3654,8.3493,9.2142,7.6897,10.259,10.377,10.272,11.375,11.876,12.597,12.521,14.072,14.731,14.215,14.703,15.9,15.113,14.508,12.159
16.415,19.378,19.873,19.262,19.57,19.519,18.645,17.867,17.72,17.171,14.778,14.298,14.837,14.549,13.427,14.114,15.21,15.598,15.373,15.669,16.193,15.177,15.59,16,14.887,14.402,13.901,11.379,10.03,8.1845,14.29,15.542,17.171,17.054,16.73,16.611,16.588,15.851,15.78,16.07,16.588,15.622,15.405,15.308,14.132,15.598,14.185,13.703,14.123,12.955,12.791,12.722,11.682,12.07,11.861,12.752,13.436,12.475,12.018,10.749,6.0913,9.1062,11.024,11.08,10.574,10.178,9.9803,10.03,8.1234,7.8901,7.6172,8.8426,9.2014,9.6891,10.287,11.777,12.634,12.752,13.703,13.62,14.368,14.298,14.402,14.812,15.598,15.914,17.494,16.52,15.502,14.744
16.013,18.886,20.286,19.605,20.06,19.933,18.027,18.006,17.139,16.013,15.3,15.522,15.652,15.032,15.233,15.644,13.936,14.621,16.068,15.749,16.226,15.91,15.934,15.91,14.716,15.124,13.614,11.633,10.039,8.2023,14.251,16.068,17.374,17.403,17.578,16.749,16.474,16.28,17.05,15.652,15.822,16.451,16.124,16.068,15.124,14.828,14.269,14.621,14.411,13.34,12.846,12.393,12.114,12.516,11.6,12.826,13.614,13.003,12.445,10.689,7.2142,9.0835,10.689,10.677,10.387,11.062,10.277,9.692,8.7996,8.3404,8.5657,7.7076,8.971,10.629,10.277,11.423,11.131,12.846,13.139,13.707,14.054,14.437,14.819,15.773,14.819,16.005,16.9,16.779,16.62,14.269
16.391,19.171,20.063,19.84,19.131,18.952,19.296,18.026,17.97,17.221,15.736,14.952,15.615,14.969,15.992,14.043,15.221,14.738,16.055,15.68,15.728,15.809,15.809,16.306,15.37,14.678,13.742,11.753,10.512,8.1956,14.258,15.769,17.095,17.221,17.125,17.103,16.236,16.438,16.181,16.736,16.118,16.055,16.736,15.411,15.112,14.816,15.221,13.631,14.24,14.106,14.258,12.177,12.865,11.623,12.383,12.586,13.128,13.099,11.882,10.182,6.8477,9.0762,10.182,10.996,11.042,11.85,10.194,10.031,9.6841,8.6178,8.1956,8.118,9.4992,9.2832,9.6841,11.753,12.177,12.895,12.093,13.888,13.631,14.969,15.104,14.952,15.615,16.212,17.036,16.606,16.024,13.824
14.705,17.165,17.438,17.745,17.376,17.282,16.975,16.125,16.125,15.113,13.647,14.417,13.326,13.999,13.647,13.527,12.872,13.527,13.607,14.076,14.047,13.676,13.999,14.797,13.153,12.585,12.575,10.718,8.527,7.2413,12.488,14.714,15.872,15.606,15.184,15.005,14.714,14.64,14.65,14.304,14.417,14.677,13.726,13.999,13.607,13.527,13.255,12.488,12.872,11.969,11.45,10.967,10.718,11.029,10.398,10.93,11.45,11.223,11.355,9.2126,6.2388,8.071,8.6528,9.5441,10.411,9.5441,8.7151,8.7151,8.6528,7.7288,6.9752,7.0714,7.9529,9.3726,8.3831,9.8094,12.003,11.053,11.45,11.787,12.997,12.872,13.039,13.726,14.501,13.999,14.566,15.086,13.814,12.137
14.278,16.929,17.595,18.088,17.892,17.23,16.977,16.119,15.443,15.088,13.728,13.165,13.031,12.843,11.971,13.649,13.53,13.728,14.193,13.846,14.278,14.049,14.193,14.382,13.53,13.318,12.005,10.361,8.855,7.5711,12.523,14.457,14.89,15.513,15.599,15.115,14.781,14.126,14.457,14.382,14.278,14.504,14.42,13.52,13,13.257,13.01,12.694,12.239,11.869,11.685,11.404,10.707,10.72,11.128,10.969,11.416,11.201,10.606,8.8855,6.2398,7.7301,8.8244,9.2141,10.72,9.9342,8.8397,8.855,7.817,8.4647,6.2614,7.6774,9.0811,8.7165,10.096,9.588,10.969,11.731,11.869,12.005,13.288,13.5,13.738,13.5,14.448,14.79,15.815,14.79,13.649,11.731
16.742,18.573,19.112,19.7,19.873,19.668,18.804,18.443,17.976,16.681,15.342,15.637,15.109,14.102,15.774,14.683,15.742,14.957,15.645,16.124,16.006,16.242,15.293,15.806,16.006,14.404,13.607,12.129,10.035,8.547,14.002,16.405,17.101,17.042,17.742,17.153,16.892,16.497,17.042,16.093,15.998,15.814,16.061,15.621,15.449,15.226,14.683,14.245,14.182,13.065,13.561,12.741,11.886,11.627,12.192,12.681,13.22,12.601,11.595,10.684,6.757,9.0794,9.8948,9.7268,11.057,11.126,9.9969,10.085,9.9969,8.6061,7.9632,7.158,9.6876,9.6219,10.48,11.595,12.469,12.631,13.607,14.422,14.64,14.03,14.881,15.092,16.257,16.467,16.443,16.497,14.605,14.048
16.681,18.849,19.373,20.442,20.318,19.639,18.869,18.653,17.475,17.116,15.679,15.178,15.111,14.327,13.601,15.344,15.136,15.102,15.735,15.638,16.49,16.062,15.999,15.919,15.236,14.239,13.924,12.103,10.378,8.7917,14.131,15.991,17.182,17.182,17.446,16.62,16.374,16.62,16.764,16.305,15.807,15.895,15.991,15.442,14.599,15.311,14.634,13.996,14.415,13.29,13.555,12.903,11.741,12.341,11.752,12.625,12.991,12.735,12.103,10.378,7.1193,8.6902,9.0754,10.131,11.178,10.703,10.181,9.6702,9.2824,8.9062,7.5679,8.8061,9.2551,10.512,10.475,11.752,11.589,13.069,13.555,14.327,15.086,14.327,15.086,15.442,15.311,15.63,17.219,17.798,15.999,14.239
16.93,18.725,19.677,19.567,20.117,19.933,19.384,17.985,17.635,16.319,15.522,14.828,14.26,14.34,13.255,15.325,15.191,14.981,15.325,15.822,16.194,15.822,15.91,16.005,15.555,14.75,13.9,12.27,10.277,8.4464,14.198,16.249,17.161,17.198,17.599,16.893,16.451,16.412,16.249,15.782,15.814,16.132,16.226,15.456,14.108,15.358,14.647,14.269,14.144,13.9,13.688,12.846,12.187,11.806,12.352,12.516,12.607,12.301,11.72,10.387,6.7601,8.9143,9.6921,10.593,11.945,10.203,10.877,10.077,8.0776,8.9711,7.7077,8.264,9.2635,9.413,10.783,11.097,11.806,12.637,13.614,13.614,15.325,14.621,14.981,14.75,15.652,17.05,17.374,17.161,16.265,13.936
16.922,19.136,19.736,20.117,20.218,19.268,19.373,18.15,17.791,16.922,16.085,15.548,14.908,15.018,16.085,14.327,14.676,15.401,16.211,16.234,15.727,16.179,15.727,15.678,15.508,14.659,13.069,12.186,10.118,8.9628,14.176,16.764,16.885,17.561,17.583,17.204,16.459,16.459,16.559,16.756,15.895,15.807,16.179,14.95,15.335,15.144,14.52,13.74,14.633,14.607,13.923,12.675,12.176,11.622,12.259,12.165,12.625,12.942,11.413,10.193,7.2076,9.0751,10.193,10.081,10.366,10.808,9.8902,9.3638,8.7915,7.6675,8.3782,8.5726,8.906,9.7742,9.4043,12.186,12.248,12.834,13.127,13.526,14.104,14.256,15.177,15.727,15.638,16.022,16.389,16.436,15.919,14.185
16.615,18.988,20.964,20.249,19.247,19.652,19.247,18.699,16.835,16.888,15.32,15.345,15.32,14.608,15.809,13.932,14.319,14.608,16.127,16.009,16.684,15.452,16.569,16.47,14.686,14.815,13.832,11.128,10.385,8.6956,14.686,16.26,17.866,17.638,17.457,16.653,16.775,16.245,15.378,16.47,15.452,15.809,16.691,14.96,14.883,14.424,13.932,14.14,14.113,14.185,13.859,12.441,12.131,11.42,11.973,12.183,13.077,12.713,12.131,9.9222,6.998,9.081,9.2609,10.2,11.093,11.048,10.125,9.2609,8.5633,8.3836,7.8845,8.2,8.9118,9.1228,10.187,11.093,12.089,11.803,12.842,13.749,14.424,13.859,15.518,15.817,15.929,16.315,17.809,17.134,16.4,14.815
16.339,19.16,18.927,20.046,19.785,19.843,19.061,18.854,17.88,16.926,16.563,15.617,15.114,14.818,15.763,15.289,14.971,15.994,16.121,15.923,16.238,15.811,16.238,15.413,14.533,15.089,13.558,12.179,10.38,8.6921,13.927,16.238,16.926,16.926,17.479,17.223,16.609,16.494,16.881,16.463,16.67,16.401,15.923,15.811,15.994,14.498,15.148,13.99,14.419,13.217,13.101,12.507,11.851,12.179,11.969,11.787,12.262,12.179,12.095,11.043,7.1209,9.0774,9.6854,10.196,10.622,10.681,10.331,9.6198,9.9946,8.6921,7.9614,7.2619,9.0634,9.9946,9.4603,11.36,11.937,12.251,12.293,13.13,14.242,14.099,14.637,15.106,15.314,16.624,17.326,16.738,16.002,14.026
16.407,19.123,19.472,20.314,19.472,19.628,18.646,17.81,17.81,16.94,15.63,15.327,14.544,14.821,16.015,14.958,15.459,15.565,15.936,15.776,16.267,15.816,16.015,16.134,15.152,14.325,13.39,12.467,10.003,8.8009,14.119,16.476,17.702,16.933,17.112,17.134,16.895,16.453,17.052,16.94,16.415,16.251,16.015,15.235,15.417,14.958,15.034,14.2,14.191,14.038,13.975,12.749,11.754,11.369,12.199,12.261,12.877,12.848,11.634,10.142,6.0891,8.9155,9.2647,9.6934,11.189,10.678,10.204,9.5082,9.9008,8.5669,7.8878,8.2035,9.6277,9.1267,9.7326,11.064,11.268,12.446,12.639,14.038,13.764,13.764,14.431,14.983,15.565,15.824,16.752,16.507,15.784,14.821
14.504,16.048,17.402,17.88,18.007,16.694,16.573,16.517,15.573,14.587,13.939,12.806,13.259,12.952,12.118,13.677,13.309,13.667,13.499,13.549,13.987,13.91,13.987,13.929,13.469,13.259,11.951,10.969,9.944,7.4118,12.531,14.063,15.744,15.744,15.33,15.365,14.439,15.286,14.614,14.243,14.383,14.129,14.318,13.987,13.939,13.429,12.691,12.942,12.435,12.446,11.951,10.772,10.969,10.809,10.92,11.175,11.365,11.151,10.809,9.0406,6.2335,6.9452,8.8155,9.7673,9.5031,8.9363,8.4903,7.8337,7.765,8.185,7.5373,7.4659,6.7495,9.2168,9.3323,9.4465,10.622,10.92,11.353,11.4,12.085,12.521,13.784,13.706,13.939,14.642,15.374,14.642,14.824,12.007
16.226,18.752,19.567,18.994,19.799,19.047,18.812,18.202,17.139,17.161,15.25,14.411,15.032,14.437,13.187,15.628,15.324,15.628,15.358,15.652,16.068,15.628,16.037,16.155,15.233,14.34,13.936,11.096,10.387,8.9143,14.26,16.628,17.374,17.139,17.491,17.235,16.9,16.93,16.319,17.198,16.505,16.076,16.62,15.324,15.693,15.628,14.612,14.144,13.614,14.189,14.411,12.352,12.393,11.323,11.977,12.445,13.312,12.757,11.806,10.277,6.4526,8.61,9.5867,10.375,10.202,10.09,9.976,8.6248,8.9143,9.0836,7.4905,8.2023,9.0836,11.501,11.085,10.387,11.763,12.197,12.637,13.302,14.189,14.411,15.324,15.934,16.132,16.749,17.721,16.412,16.068,14.507
14.78,16.784,18.161,17.785,17.686,17.709,17.166,15.814,15.087,15.186,13.164,13.489,13.519,12.863,13.287,12.999,13.04,13.256,14,14.144,14.125,14.381,13.608,14.144,13.766,12.842,11.879,11.224,9.1988,7.7296,12.842,14.971,15.814,16.177,15.087,15.114,15.087,14.78,14.642,14.277,14.144,14.889,14.192,13.499,13.559,13.499,13.04,12.565,12.863,12.587,11.959,11.451,10.215,11.164,10.464,11.017,11.403,10.706,10.515,9.3735,5.6,7.3532,8.4,8.9757,9.2574,9.9336,8.8544,8.9757,8.1218,7.3532,6.3468,6.7593,8.5752,8.9455,9.3735,9.3735,11.164,10.857,11.415,12.004,12.873,12.999,12.873,14.596,14.381,14.048,14.871,14.889,14.642,12.747
14.781,16.627,17.998,17.635,17.458,17.201,17.264,16.749,15.38,14.881,13.799,12.551,13.241,12.984,12.113,13.352,12.827,13.632,13.721,13.799,14.402,14.128,14.176,13.858,14.128,12.475,12.388,10.919,8.9654,7.2337,12.551,14.772,15.898,15.124,15.441,15.336,14.953,14.402,14.128,14.953,14.872,14.781,15.097,13.858,13.829,13.352,12.561,12.647,12.551,12.345,12.345,10.694,11.017,10.309,11.473,11.042,12.224,11.151,10.694,9.0849,6.6509,7.436,8.5654,9.5764,9.5482,10.204,9.3627,8.0625,7.9275,7.436,7.2151,7.0639,8.5654,9.5764,9.854,9.9899,10.516,11.613,12.158,12.345,12.827,13.025,14.662,14.662,14.467,14.261,15.615,14.854,13.984,12.257
16.847,19.564,19.615,19.232,19.82,19.921,18.914,17.695,17.759,17.063,16.081,15.772,14.627,15.301,15.186,15.772,14.833,15.764,16.05,16.198,16.568,15.884,15.644,15.772,15.277,14.644,13.261,12.314,9.9449,8.4199,14.295,16.583,17.085,17.284,17.544,16.996,17.262,16.787,17.085,16.4,16.353,17.144,15.408,16.423,15.692,14.875,14.833,15.111,14.295,13.664,13.146,12.436,11.823,12.587,11.939,12.232,13.06,12.836,11.726,10.82,6.7014,8.9431,10.171,10.596,11.153,10.843,10.785,10.488,9.4772,8.6709,8.5537,8.284,9.2345,10.171,9.5568,11.232,13.346,13.06,13.478,14.287,14.773,15.144,14.917,15.102,14.917,16.105,15.884,16.996,15.595,14.145
14.819,16.556,17.806,17.956,17.806,18.127,16.588,16.261,15.733,14.846,13.718,13.371,14.028,13.21,12.984,13.6,13.24,13.718,14.094,14.142,14.405,14.59,14.819,14.227,14.142,12.994,12.818,10.258,9.1812,7.7024,12.085,14.368,15.578,16.187,15.344,15.552,14.954,15.106,15.344,14.405,14.59,14.673,14.028,14.673,13.679,13.6,13.511,13.118,12.953,11.962,11.363,10.893,10.681,10.819,10.669,10.819,11.209,10.893,10.681,9.4549,7.0472,8.0933,9.2685,10.362,9.9528,9.5537,9.7346,8.3705,9.0486,8.6853,7.65,8.3545,8.9141,9.858,9.8307,10.362,11.586,11.643,12.532,12.87,12.446,13.21,13.999,13.999,14.075,14.517,14.746,14.331,13.941,12.818
16.567,18.404,19.629,20.185,20.968,19.37,20.054,18.404,17.869,17.128,16.066,15.629,15.054,14.861,14.971,14.352,15.757,15.459,15.948,15.459,15.948,15.749,15.717,16.507,15.869,15.063,13.779,12.585,10.55,8.7782,14.379,16.438,18.065,18.246,17.988,17.165,17.303,16.438,16.284,16.438,16.011,16.831,15.757,15.581,14.861,14.759,14.767,14.656,14.193,13.558,13.697,12.148,12.555,12.085,11.553,12.085,13.39,12.585,11.97,10.333,6.8254,9.3343,9.8973,11.051,11.221,11.553,11.142,9.253,9.0466,9.2257,9.1573,8.9767,9.8591,10.333,9.9607,12.085,12.251,12.705,14.352,13.39,14.06,13.512,15.063,15.869,16.214,16.011,16.59,16.771,15.491,14.202
16.614,19.103,19.554,19.912,19.548,19.625,18.864,18.601,18.21,17.116,15.284,15.11,14.08,14.017,14.652,14.574,15.652,15.317,15.708,16.183,15.868,15.78,15.868,15.78,15.085,14.942,12.92,11.764,9.9752,9.2391,14.107,17.329,17.329,17.768,17.782,17.618,17.057,16.584,17.072,17.153,16.592,16.856,15.611,16.058,15.151,15.635,15.085,15.076,14.294,13.799,13.191,12.604,11.914,11.732,11.569,12.155,12.684,12.881,12.082,10.848,6.8353,8.6752,10.457,11.022,11.067,10.684,11.158,9.7576,9.1014,8.6461,9.1014,9.6666,9.5351,9.899,9.2664,12.155,12.165,13.717,14.373,13.9,13.799,14.504,15.085,14.78,16.462,15.78,16.026,16.362,15.587,14.214
15.127,16.631,18.002,17.769,17.942,17.462,16.825,15.833,15.074,14.711,14.064,13.305,13.665,13.274,12.575,13.244,12.987,14.179,13.714,14.179,14.264,14.131,14.884,14.292,13.355,13.305,12.51,10.709,9.3648,7.4376,12.83,14.775,15.901,15.773,15.445,15.145,14.875,14.857,14.179,14.264,14.775,14.857,14.875,14.554,13.546,13.244,12.987,13.596,13.305,11.475,11.44,10.402,10.659,11.475,10.311,10.402,11.117,10.709,10.35,9.5785,6.6524,7.9463,9.205,9.6626,9.3648,9.5785,10.311,8.8462,8.4563,7.792,6.9887,7.8093,8.3762,9.205,9.0721,9.1903,10.958,12.172,11.616,11.846,12.639,12.987,13.754,13.724,14.292,14.292,14.554,14.628,13.506,12.127
16.582,18.952,20.002,19.818,19.888,20.19,19.191,18.143,17.434,17.084,15.275,15.201,14.907,14.771,15.569,13.855,15.201,15.882,15.771,15.333,15.731,15.954,16.08,16.025,15.366,14.933,14.205,12.137,10.595,8.7856,14.143,16.846,16.995,17.142,17.771,17.643,17.405,17.084,17.061,17.194,16.173,15.961,16.398,15.25,15.602,14.933,15.101,14.072,13.891,14.179,13.718,12.556,11.562,11.725,12.075,12.054,12.475,12.313,11.938,10.595,7.4663,9.096,9.4762,10.595,12.096,11.453,11.331,10.17,10.244,9.5953,8.5381,7.9411,9.0543,9.893,9.9692,12.22,12.556,12.313,13.791,13.891,15.275,14.294,15.05,14.933,15.723,16.695,16.995,16.604,15.05,14.099
16.547,18.911,20.179,21.123,20.223,20.066,18.831,18.088,16.766,16.676,15.033,15.058,15.183,14.915,14.89,14.966,14.915,15.083,15.864,16.061,16.379,16.209,16.341,17.276,15.864,14.626,14.626,12.134,10.665,9.0438,14.915,16.194,17.793,18.568,17.385,17.064,17.086,16.333,16.006,15.744,15.233,16.279,16.124,15.624,15.257,14.856,14.915,14.082,14.47,14.127,12.859,11.966,12.552,12.541,11.924,11.893,13.168,12.39,12.134,11.273,7.235,9.5842,11.002,11.966,11.636,11.048,11.549,11.711,10.046,8.7755,9.5183,8.5724,9.6366,10.583,10.956,11.139,12.552,12.421,13.693,13.693,13.975,14.626,15.058,16.333,14.348,16.061,17.298,16.402,15.943,13.168
14.161,16.94,17.121,17.34,17.502,18.1,17.247,16.732,16.25,15.839,14.161,13.579,11.978,13.389,13.258,13.49,13.96,14.095,14.313,14.095,14.247,14.35,13.97,13.737,13.619,12.981,11.944,11.176,8.9564,7.5543,12.332,14.684,15.055,14.839,15.109,15.78,14.35,14.965,15.268,15.153,14.537,14.675,13.579,14.537,13.815,14.095,13.96,12.981,12.887,11.601,11.601,11.176,10.338,10.074,9.9122,10.298,11.006,10.945,10.696,9.9664,6.3118,8.5094,9.5245,9.8714,10.074,10.506,9.5245,9.3533,9.5386,8.5568,8.5094,8.3013,7.7824,9.061,9.8714,11.379,11.426,11.03,11.978,12.56,13.136,13.002,12.332,13.258,13.97,14.537,14.564,14.748,13.786,12.887
16.551,19.16,19.85,19.85,20.071,20.071,18.808,18.071,17.476,17.127,15.294,14.586,14.586,14.629,14.758,14.059,15.351,15.458,15.756,16.158,16.68,15.867,15.844,16.182,16.406,14.86,13.842,12.209,9.5205,8.2755,14.192,16.71,17.149,17.648,17.797,17.569,16.68,16.566,16.321,17.068,16.002,16.088,16.002,15.261,15.236,15.17,14.766,14.263,14.192,13.951,13.056,12.063,12.584,11.552,11.714,12.25,13.085,12.147,11.584,10.644,7.5433,9.9978,11.354,12.393,12.209,11.005,11.05,10.332,9.8583,9.7427,9.5469,9.5864,9.5864,11.552,10.441,12.793,13.361,13.133,13.361,13.878,13.951,14.629,14.758,15.756,15.587,16.213,17.163,16.383,15.716,14.192
16.878,18.87,20.403,20.278,20.011,19.181,18.792,18.321,17.233,16.981,16.369,14.953,14.46,15.114,13.278,16.204,15.387,14.845,15.767,15.903,16.004,16.004,15.741,15.97,15.552,14.525,13.91,12.453,10.225,8.3108,14.035,16.54,17.427,17.634,17.973,17.542,16.926,16.75,17.052,17.626,16.237,16.27,16.597,15.561,15.466,15.256,14.953,13.726,13.959,14.745,13.518,12.202,11.935,11.191,11.65,11.822,12.322,12.235,10.936,10.368,7.2762,9.0537,10.497,10.936,11.592,11.592,11.592,10.185,9.9042,8.8738,8.0978,8.9492,9.3458,10.497,11.935,11.417,12.709,13.084,13.959,14.845,15.247,14.376,14.845,14.962,15.552,16.071,16.822,16.694,15.034,14.525
16.702,19.19,20.429,19.931,20.619,20.225,19.274,18.325,17.609,17.578,15.572,15.954,14.83,14.84,14.667,16.13,15.751,16.055,16.113,16.063,16.13,15.537,15.751,16.13,15.811,14.912,14.446,12.451,10.175,8.4942,13.79,16.605,17.836,17.858,17.881,17.247,17.161,16.581,16.646,16.988,16.262,16.678,15.451,16.254,15.537,15.161,14.667,14.501,14.649,13.505,12.948,12.19,11.821,12.124,10.677,12.124,12.979,12.526,11.742,10.677,7.7685,9.7305,10.888,10.888,11.821,11.441,10.254,10.474,10.056,9.3366,8.0567,7.9224,9.5074,10.319,9.9621,11.011,11.923,12.823,13.465,13.204,14.022,14.667,14.511,15.751,16.063,16.581,17.083,16.87,16.113,13.446
17.137,18.79,20.643,20.381,20.169,19.941,19.738,18.868,17.632,16.924,15.559,15.068,15.068,14.412,13.447,16.595,15.068,14.753,15.533,15.112,16.077,15.825,16.473,16.194,16.077,14.67,14.402,11.922,10.432,8.8272,14.233,16.884,17.964,18.502,17.632,17.425,17.098,16.692,16.277,16.82,16.202,16.194,16.102,15.799,14.606,15.095,14.374,13.606,14.158,13.606,14.158,12.321,11.832,11.321,12.09,11.967,12.959,12.548,12.101,9.9572,7.4217,8.8727,10.496,10.636,11.368,11.19,11.02,10.38,9.9031,9.3447,8.7967,8.812,10.263,10.483,11.695,11.214,11.695,12.527,13.286,13.685,13.695,14.753,14.606,14.843,15.551,16.077,17.254,17.168,16.077,13.517
16.474,18.691,19.587,20.762,20.146,19.9,19.091,18.199,17.757,16.725,15.569,15.275,15.1,14.771,14.642,15.142,16.079,14.573,15.69,15.602,16.336,15.569,16.695,16.642,15.762,14.932,14.382,13.145,10.842,9.2607,14.223,16.451,17.947,18.282,17.607,17.813,16.581,16.695,16.581,16.336,16.103,16.725,15.642,15.882,15.075,15.77,15.067,14.098,14.932,13.068,13.183,12.22,11.98,12.23,11.23,11.757,13.029,12.22,11.768,10.842,7.2433,8.8854,10.487,11.286,11.015,11.23,10.354,10.969,9.6606,8.283,8.942,9.0541,9.7516,10.354,9.5556,11.453,11.595,12.095,13.097,12.804,13.597,14.223,15.075,15.985,15.075,16.173,17.318,16.52,16.336,13.523
16.721,19.253,19.842,20.177,20.033,19.417,18.693,18.234,17.206,15.978,15.132,14.413,15.602,15.074,14.588,15.626,14.588,16.167,15.666,15.666,15.398,16.377,16.049,16.073,15.274,15.007,14.228,12.424,10.694,8.7849,14.596,16.66,18.137,18.619,17.606,17.345,17.323,16.721,16.447,16.253,16.253,15.986,16.721,16.423,15.666,14.622,14.588,14.094,15.299,13.079,13.165,12.072,11.743,12.083,11.404,11.58,12.575,12.725,12.444,10.659,6.7111,9.1101,10.37,10.694,10.671,11.032,11.044,10.111,9.3567,8.5661,7.6783,8.296,8.7849,10.185,10.575,10.694,11.569,12.454,13.165,13.165,13.232,14.794,14.726,16.477,14.956,16.073,16.812,16.789,15.907,13.422
15.115,17.191,17.892,17.771,18.088,17.595,16.93,15.72,15.222,14.278,13.257,13.738,12.843,12.843,13.257,12.748,13.031,13.649,13.953,14.001,14.42,13.816,14.202,14.145,13.738,13.041,12.184,10.858,9.5881,7.0726,13.56,15.08,15.434,15.84,16.648,14.999,15.513,14.999,14.89,15.115,13.816,14.202,14.68,13.5,13.318,12.652,12.128,13.155,12.566,12.095,12.173,11.165,10.516,10.295,10.932,11.031,11.487,10.969,10.72,9.2581,5.883,7.9202,9.3598,9.8111,9.5457,9.4889,9.5598,8.3845,8.8551,8.8398,7.4994,7.9202,8.4006,8.6543,7.8688,10.002,10.216,10.932,11.357,11.88,13.328,11.88,13.257,14.001,13.328,14.42,15.16,14.344,13.649,11.789
16.712,19.582,19.582,19.838,20.341,20.167,19.71,18.211,17.596,16.583,15.52,14.397,13.805,14.614,13.833,14.795,15.488,15.618,15.658,15.116,16.19,15.488,15.97,15.978,16.041,14.795,14.58,11.661,10.83,9.0635,13.805,16.644,17.853,17.711,17.789,17.604,17.197,16.96,16.469,16.712,16.376,16.9,15.291,16.001,15.315,15.61,15.083,14.614,14.238,13.158,13.283,12.417,11.95,12.448,11.061,12.108,12.609,12.818,12.233,10.759,6.9845,8.5468,10.57,11.298,10.068,10.316,10.57,10.365,9.5523,8.8946,8.9088,9.0635,9.7617,10.168,10.18,11.476,11.833,12.818,12.579,13.584,13.905,14.229,14.948,16.438,15.978,15.291,17.197,16.096,15.715,13.805
15.081,17.183,18.165,18.576,17.889,17.647,16.763,16.282,15.547,14.387,14.113,13.529,14.046,12.887,11.853,14.113,13.459,13.227,13.389,14.16,14.017,14.246,14.424,14.246,13.969,13.489,13.338,11.005,9.5662,7.7125,13.011,14.536,15.598,15.399,16.406,16.282,15.425,14.856,14.937,14.683,14.756,14.536,15.125,13.959,13.011,13.298,13.001,12.211,12.665,12.494,12.473,10.944,10.376,10.193,10.907,10.993,11.39,11.005,10.298,9.0604,6.8237,8.2029,8.6345,9.8708,9.9793,10.232,9.9793,8.9257,9.0604,8.3654,7.0564,7.5538,8.5089,9.3384,9.8435,10.441,10.193,10.944,10.833,12.559,12.623,13.288,13.499,13.697,13.578,14.246,14.765,13.969,13.578,11.83
17.311,19.189,19.693,19.655,20.858,19.552,19.137,18.604,17.776,16.66,15.737,15.665,14.901,15.545,15.849,15.019,15.374,16.386,15.545,16.592,16.194,16.386,15.689,16.417,15.341,14.113,13.898,13.069,10.572,9.7311,13.862,16.66,17.434,17.762,18.243,17.548,17.369,16.539,17.369,17.047,16.66,16.539,15.983,15.545,15.267,15.472,15.077,14.569,14.113,13.495,13.862,12.378,11.7,11.828,12.07,11.828,12.398,12.204,11.362,10.148,6.5346,9.6404,10.283,10.992,12.778,11.743,11.625,11.44,10.148,8.767,8.7527,8.9232,10.036,10.655,10.332,11.094,12.378,12.846,13.317,14.113,14.149,14.352,14.74,15.243,15.825,15.609,16.66,16.6,14.74,13.231
16.52,19.682,20.252,20.146,19.986,19.682,19.094,17.951,17.973,17.405,15.228,15.515,15.051,15.333,16.084,14.736,14.907,15.984,15.721,16.25,16.455,16.52,15.747,15.806,15.721,14.907,14.085,11.908,10.661,8.8171,14.085,16.601,17.149,17.611,17.973,17.951,17.078,16.96,16.217,17.366,15.984,15.721,16.697,15.747,14.934,14.907,14.826,14.132,14.32,13.786,13.551,12.087,11.496,10.922,12.307,11.818,12.809,12.64,11.402,10.212,7.3587,9.7278,10.355,12.523,11.92,12.523,10.624,9.851,10.624,10.368,9.0571,9.9996,9.8238,10.355,9.9996,12.735,11.953,13.271,13.432,14.085,14.386,14.826,15.368,15.333,15.368,15.576,16.928,16.52,15.024,14.132
16.862,19.496,20.012,19.79,20.226,19.722,18.674,18.674,17.678,17.472,15.373,15.338,14.939,15.581,15.538,14.4,15.1,15.127,15.675,15.955,16.775,16.089,15.726,16.46,16.089,15.546,14.39,12.516,10.358,8.3512,13.936,15.888,17.217,17.64,18.216,17.41,17.701,16.735,16.91,16.87,16.452,16.222,15.52,15.233,15.572,14.722,14.585,14.325,13.624,13.555,13.466,12.452,11.923,11.359,11.957,12.452,12.989,12.739,11.639,10.665,7.4696,10.28,10.677,11.441,12.08,12.527,11.581,10.358,10.889,10.28,9.337,8.9107,11.465,9.7309,9.6339,12.013,13.366,13.204,13.506,14.222,14.511,14.948,14.594,13.945,15.1,15.811,16.582,16.089,15.1,13.204
17.122,19.87,20.336,20.591,20.355,19.386,20.197,19.136,17.569,16.558,14.999,15.034,15.429,15.079,15.211,14.202,15.22,14.918,16.331,16.066,16.558,15.975,16.058,16.711,15.975,15.593,14.379,12.499,10.91,7.8777,14.23,16.494,18.366,18.54,18.286,17.706,17.285,16.623,16.158,16.623,15.832,16.166,16.965,15.73,14.564,14.792,14.202,13.654,14.05,13.654,13.605,12.118,11.907,12.118,11.94,11.726,13.487,12.509,12.03,10.344,7.4051,9.7584,10.996,12.173,11.668,12.074,11.39,11.39,10.46,9.6204,9.4379,9.5085,9.881,11.068,10.201,12.173,12.337,12.679,13.926,14.305,14.37,14.23,15.034,15.865,14.891,15.73,16.582,16.24,16.437,13.053
17.405,19.331,19.986,20.305,20.98,19.681,19.331,18.032,17.634,16.576,15.61,15.122,14.943,15.747,15.446,14.018,15.015,15.024,16.479,16.059,16.511,16.059,15.747,16.641,15.806,15.576,14.826,12.533,10.484,8.7866,14.589,16.641,18.114,17.405,18.084,17.397,17.281,16.673,16.769,16.519,16.348,16.25,16.713,15.05,14.717,14.506,13.912,14.018,13.989,14.132,14.084,12.186,12.274,11.153,12.307,12.307,12.735,12.597,11.807,10.56,7.0422,9.5188,10.885,10.774,11.577,11.953,12.448,10.922,9.9457,10.368,8.7866,8.9378,10.053,9.9995,9.8509,12.469,12.437,13.18,12.985,13.912,14.497,14.283,15.024,15.05,15.67,16.084,16.25,16.348,15.781,13.108
16.399,20.173,19.742,20.395,20.281,20.159,18.924,19.01,17.556,17.011,15.676,15.466,15.58,15.154,16.02,15.909,15.037,15.676,16.088,15.789,16.399,16.515,16.597,16.842,16.391,15.711,13.709,13.15,11.454,9.4584,14.567,17.011,17.36,18.398,18.106,18.008,17.757,17.36,17.107,17.003,16.515,16.915,15.918,15.702,15.431,15.181,14.707,15.226,13.427,13.709,13.589,12.192,12.057,12.326,12.057,11.466,12.707,12.556,12.292,10.366,6.8093,9.9776,10.406,10.716,11.783,11.678,11.213,11.561,10.867,10.287,9.1207,8.692,9.9776,10.032,9.6015,12.057,13.098,12.556,13.798,14.567,14.341,13.935,15.064,15.58,15.789,15.858,16.357,15.986,14.707,13.788
17.097,18.963,20.675,20.348,20.109,19.848,18.963,18.991,17.818,17.361,15.986,15.053,14.647,14.647,14.134,15.396,15.37,15.673,16.178,16.053,16.86,16.186,16.26,15.673,16.128,15.053,14.509,12.61,11.179,8.6806,13.991,16.804,17.834,18.087,17.713,17.675,16.804,17.081,16.449,16.732,16.547,16.963,15.749,16.128,15.097,15.396,14.656,14.068,14.323,13.504,12.352,11.955,12.309,12.352,12.089,11.809,12.6,12.352,12.122,11.009,7.0434,9.8933,10.357,11.579,10.676,12.089,10.875,10.279,10.357,9.6324,8.8488,8.5718,9.3355,10.985,11.369,10.663,12.309,12.946,13.622,13.553,14.068,14.72,15.16,15.535,14.729,15.851,16.061,16.128,15.23,13.934
17.773,19.507,20.677,20.955,20.732,19.718,19.661,18.663,17.408,16.173,15.045,15.12,15.739,14.273,15.12,14.647,15.12,14.961,16.173,15.858,16.738,15.045,16.738,16.373,15.554,14.749,14.439,12.406,10.338,8.6571,14.758,17.021,18.254,18.555,17.666,17.168,17.552,16.82,16.557,16.427,15.739,16.188,16.173,15.086,14.578,15.285,14.621,14.343,14.36,13.503,13.503,12.119,12.119,11.804,11.697,12.406,13.01,12.786,12.129,10.338,7.5223,9.6854,10.638,12.687,11.436,12.077,11.078,9.9543,9.5415,8.9288,8.5253,10.435,9.5151,10.767,9.9543,11.534,12.416,12.077,13.55,13.125,14.465,14.122,15.045,15.343,15.351,15.053,16.149,15.858,15.835,13.642
15.042,17.242,18.043,17.429,17.757,17.274,16.671,16.703,15.776,15.57,13.782,14.449,13.386,13.526,13.918,12.999,13.841,14.015,14.091,14.347,14.607,14.533,14.243,14.533,14.158,13.576,12.492,10.681,9.5221,7.9176,12.967,14.607,15.604,15.561,16.155,15.422,15.699,14.962,15.604,15.326,14.616,14.468,14.533,13.496,13.694,13.255,12.832,12.492,12.449,12.154,12.209,10.681,10.681,10.49,11.028,10.374,11.376,11.517,10.681,9.351,5.7992,8.1024,9.5644,10.335,10.643,9.8689,9.5362,8.8331,8.8026,8.3638,7.6585,7.9176,8.4438,9.1767,8.8635,10.191,10.793,10.942,11.737,11.941,12.556,12.109,13.386,12.832,13.704,13.336,14.11,14.524,13.811,11.458
15.049,16.933,18.145,18.16,17.618,17.396,17.426,16.376,16.111,14.751,14.013,14.041,12.841,13.059,14.269,13.692,14.241,13.955,14.089,14.688,15.049,13.955,14.559,14.742,14.345,13.916,12.809,10.904,9.3498,7.7968,13.059,14.642,15.559,16.086,15.876,15.867,15.147,15.262,14.42,15.076,14.307,14.522,14.688,13.643,13.614,13.384,13.131,12.49,12.976,12.469,11.94,10.792,10.334,10.692,10.692,10.99,11.48,11.655,10.373,9.2776,6.0705,8.3143,8.5849,10.373,9.3929,10.229,9.3498,9.0575,8.1179,7.8996,7.4257,8.068,8.3627,8.9229,8.9229,9.4642,10.792,10.424,11.758,11.974,12.49,12.458,13.223,12.976,13.202,14.041,14.678,13.916,13.524,12.295
15.47,16.882,18.392,18.617,18.333,17.307,16.698,15.974,15.073,14.464,13.452,14.106,13.962,13.729,13.522,13.729,13.522,13.962,14.528,14.749,14.528,14.602,14.685,15.073,13.962,13.482,13.128,11.756,9.5333,7.7781,13.057,14.74,16.008,16.208,16.15,15.771,15.556,14.749,14.676,14.239,14.676,14.464,14.239,13.836,13.522,13.22,13.087,12.205,12.659,12.467,11.595,10.827,10.902,11.373,10.015,10.988,11.653,10.902,11.218,9.3481,5.7275,8.0499,8.9213,9.5192,10.384,9.7838,9.5333,9.5333,8.8152,7.7087,7.4244,7.9152,8.4412,8.6303,8.876,9.7838,10.068,10.068,12.027,11.218,12.105,12.15,13.005,13.953,13.492,13.382,15.251,14.464,14.01,12.027
17.181,19.42,19.026,18.984,19.774,19.747,19.338,18.174,17.909,16.923,15.555,14.961,15.041,15.313,15.391,16.2,16.068,15.993,16.051,16.002,16.517,16.126,16.453,16.026,15.725,15.182,13.62,11.877,10.834,8.7705,13.737,16.67,17.219,17.879,17.812,17.887,17.15,16.517,17.095,16.453,15.993,16.453,15.555,16.614,16.315,15.691,14.997,13.93,14.232,12.99,12.742,12.403,11.787,12.033,11.268,12.306,13.052,12.563,12.176,10.846,6.7068,8.0257,10.623,10.834,11.041,11.765,10.623,10.279,10.162,9.3007,8.1573,7.8919,8.7856,9.8565,9.7887,10.968,11.911,12.773,13.453,13.153,13.503,13.62,14.674,14.755,14.592,15.339,16.068,16.388,14.782,13.63
15.065,16.718,18.289,18.697,17.864,17.568,17.187,16.294,15.118,14.629,13.307,13.468,13.498,13.021,13.95,12.557,13.628,14.104,14.027,14.171,14.359,14.027,14.322,15.136,13.979,13.236,13.144,10.703,9.5448,7.7875,12.632,14.657,15.488,16.128,16.565,15.436,15.34,14.867,14.948,14.948,14.657,14.657,14.657,13.628,13.588,13.538,12.896,12.557,12.568,12.728,11.839,11.099,11.147,11.001,10.915,11.339,11.527,10.915,10.512,9.3594,6.2731,8.3229,7.9077,9.9187,10.841,10.512,9.0817,9.4739,7.718,8.3713,7.2125,8.7028,8.3874,9.0669,8.3713,9.573,10.396,10.305,10.952,12.164,12.471,11.77,12.99,13.216,13.072,13.398,14.462,14.256,13.628,12.042
14.848,17.258,17.924,17.258,17.773,18.289,16.815,16.847,15.278,15.163,12.99,12.854,12.728,13.01,12.674,12.99,13.588,13.538,13.706,14.256,14.425,13.979,14.425,14.359,14.434,13.508,12.674,11.667,9.4739,7.718,12.822,14.867,16.169,16.524,16.228,15.41,15.136,15.163,15.092,14.684,14.574,14.757,13.746,13.716,12.568,14.027,13.216,13.072,13.103,11.713,11.386,10.915,10.703,10.703,10.915,10.305,12.042,11.398,10.915,9.9728,6.4217,7.718,9.2871,9.8778,10.305,10.2,9.9863,9.1996,9.0668,7.9417,7.9247,8.3066,7.4875,8.5623,9.3594,10.703,9.8778,11.013,11.469,11.952,12.34,12.557,12.22,13.716,13.627,13.716,14.574,14.322,13.307,12.164
16.429,19.101,20.602,20.718,20.405,19.655,18.761,18.599,17.615,16.024,15.373,15.282,14.398,14.212,13.53,15.282,14.778,15.074,15.609,15.65,16.36,16.032,16.087,16.204,16.703,15.191,13.604,12.481,10.847,8.8898,14.778,17.187,18.152,18.693,18.04,17.701,17.701,17.055,16.612,16.305,16.22,16.429,16.46,15.282,14.838,15.058,14.632,14.676,14.069,14.078,13.351,12.41,11.986,12.101,12.481,12.153,13.266,12.602,12.481,10.359,6.5322,9.4407,9.7564,11.066,11.157,11.123,11.236,10.974,10.347,9.5999,8.1798,10.012,9.7045,10.174,10.647,11.02,11.912,12.919,12.87,13.074,13.97,13.408,13.961,14.778,14.94,15.969,15.73,15.969,14.572,13.53
14.917,17.477,17.253,17.377,17.864,17.706,17.152,16.26,16.465,15.237,14.226,13.56,13.94,13.51,13.824,13.239,13.629,13.94,13.988,14.329,15.105,14.404,14.654,14.727,14.506,13.599,12.315,10.323,9.2242,8.3699,12.52,15.105,15.456,15.456,16.219,15.586,15.525,15.731,16.002,15.246,14.727,14.516,14.329,13.51,13.95,13.37,13.56,12.827,12.445,11.927,12.315,11.124,10.426,10.681,11.087,11.075,11.642,10.978,10.818,9.553,5.8614,8.0428,9.3399,9.6369,10.323,9.6786,9.7752,10.179,9.7752,8.6847,8.1916,7.7712,8.3538,9.5248,9.0479,10.478,11.642,10.929,11.41,11.916,12.869,12.017,12.227,13.117,14.093,13.56,14.292,13.824,13.28,11.585
16.728,19.509,20.545,20.405,20.291,19.862,19.509,19.212,17.994,17.369,15.234,15.438,15.216,14.788,14.779,14.972,15.719,15.684,15.719,16.597,16.366,16.399,16.223,16.523,15.684,14.853,15.044,12.298,10.721,9.0199,14.214,17.526,18.355,18.198,17.742,18.228,17.518,17.06,16.696,17.06,16.728,16.399,16.223,15.797,14.779,16.399,14.574,14.49,14.555,13.585,13.321,12.562,12.464,12.638,12.332,12.713,13.094,13.321,12.198,11.255,6.9712,9.6346,11.219,12.54,10.873,10.759,11.279,10.58,10.145,9.592,10.145,10.515,9.347,10.657,10.306,13.229,11.602,13.229,13.625,13.434,13.625,14.452,14.788,14.962,14.944,15.162,15.535,15.866,14.962,12.562
17.75,19.315,20.264,20.143,20.048,19.315,19.727,18.735,17.742,17.347,16.109,16.008,16.118,15.699,15.776,15.69,15.169,15.664,15.871,15.664,16.303,15.965,17.094,17.347,16.707,15.498,15.061,12.404,11.094,9.1135,14.852,16.99,18.494,18.354,18.509,17.75,17.441,17.503,17.37,16.477,16.65,16.845,16.829,16.344,16.642,15.169,14.778,14.621,14.778,14.099,13.698,12.535,12.227,12.535,11.831,12.535,13.171,12.888,12.622,10.758,7.3799,9.1135,9.6222,11.923,12.535,11.587,11.397,10.971,10.132,9.9012,9.8044,8.9172,9.4076,10.078,9.4076,11.094,12.014,11.9,13.658,12.632,13.816,14.769,15.061,14.943,15.025,14.943,16.609,16.202,15.568,12.708
15.059,17.682,17.864,17.682,17.983,17.886,17.104,16.586,15.816,15.455,13.509,14.14,13.94,12.962,14.093,12.993,12.951,14.14,14.589,14.14,14.45,14.394,14.589,15.059,14.14,13.628,13.208,11.642,9.5525,8.0424,12.993,15.059,16.093,16.093,15.79,15.756,15.237,15.245,15.237,15.166,15.13,14.589,14.291,13.997,14.15,13.208,13.106,12.53,12.7,12.227,11.96,11.409,10.879,11.014,10.477,11.087,11.409,11.503,11.159,9.2238,5.5797,8.3534,9.5244,10.49,10.892,10.667,9.8295,10.005,9.0475,8.3695,7.8908,7.4715,8.3051,8.913,9.18,10.005,10.49,11.159,11.362,12.127,11.825,11.814,12.743,12.616,12.743,13.901,14.225,14.291,12.951,11.014
17.421,19.28,20.318,20.272,20.159,19.944,19.666,18.08,17.87,17.11,15.685,15.409,15.172,15.242,15.965,14.003,15.409,15.685,16.389,15.591,15.999,16.074,15.999,16.265,15.762,14.841,13.945,12.099,10.208,8.3083,14.594,16.921,17.81,18.404,18.198,17.628,16.881,16.976,16.873,17.321,15.556,16.527,17.228,15.383,15.242,14.511,14.297,14.231,14.4,14.437,13.77,12.8,12.449,11.75,12.535,12.652,13.121,12.46,12.099,10.784,6.7572,9.5139,10.365,11.449,12.054,12.054,10.822,11.378,9.6818,9.051,9.5139,9.3286,9.9013,10.063,9.9689,12.143,11.931,11.413,12.61,13.375,13.604,13.243,15.242,14.437,14.155,14.841,15.242,16.274,15.038,13.08
14.636,16.64,17.656,17.433,17.899,17.433,17.425,16.509,16.436,15.348,13.994,13.035,12.571,12.354,12.266,13.643,13.994,14.138,13.946,13.81,14.196,13.994,14.645,13.994,14.138,13.523,11.965,10.927,8.8509,7.9165,12.167,15.295,15.91,15.635,15.833,15.807,15.635,15.357,15.635,14.673,14.883,14.965,13.281,13.868,13.413,13.994,13.553,12.657,12.56,11.875,11.726,11.244,10.511,10.664,10.915,11.025,11.54,11.411,10.46,9.3698,6.3442,8.4608,9.4844,9.2537,10.038,10.601,10.092,9.4129,9.5836,8.4608,8.1186,9.2098,8.7124,9.765,8.9721,10.092,10.511,10.702,11.22,10.964,12.167,11.863,12.167,12.321,11.999,13.553,13.035,13.643,13.035,12.266
16.391,19.367,19.429,19.724,20.321,19.622,18.981,18.406,18.142,17.113,16.53,15.253,15.559,15.067,16.788,15.245,15.739,16.692,16.473,16.235,16.82,16.876,16.595,16.202,16.391,15.094,14.261,12.233,9.862,9.0671,14.157,16.876,17.993,17.23,17.971,17.486,17.835,16.619,17.608,17.23,16.595,16.595,16.226,15.315,15.559,14.523,14.96,13.684,14.148,14.081,13.566,12.483,11.933,11.967,12.622,12.288,13.286,12.622,11.509,10.897,6.9735,9.4587,9.9703,10.996,11.509,11.831,11.648,11.59,10.823,10.064,8.3095,8.5013,9.8347,9.5153,9.5576,11.59,12.233,11.967,12.749,13.447,13.831,13.377,13.635,13.606,14.005,15.067,15.253,15.067,13.516,13.245
16.612,19.463,19.88,20.017,20.017,20.017,19.435,18.856,18.011,17.385,16.221,15.202,14.875,15.274,13.075,16.221,16.414,15.549,16.612,15.733,16.686,16,16.612,16.538,16.221,15.247,14.13,12.475,10.525,9.1484,14.764,16.538,17.385,18.033,18.549,18.192,17.58,17.099,18.064,17.781,16.882,15.698,16.347,15.274,15.549,15.452,14.764,14.227,14.275,13.847,13.728,12.562,12.254,11.612,12.475,12.938,13.075,13.075,12.198,10.512,6.9774,9.1484,10.046,11.032,12.164,11.753,11.926,11.612,10.473,10.46,9.6433,9.6149,10.315,11.032,11.032,10.92,11.937,12.243,11.753,13.116,14.389,13.807,13.728,13.817,14.884,14.503,15.443,15.247,15.689,13.688
17.395,19.239,20.197,20.402,20.481,20.481,19.461,18.384,18.031,17.155,15.531,15.331,15.226,15.331,16.124,15.366,15.235,15.226,16.958,15.948,16.453,16.248,16.542,17.357,15.652,15.013,14.652,11.576,10.367,8.6164,14.384,17.147,17.632,18.112,17.882,18.208,17.852,17.708,17.092,16.575,16.371,16.855,16.518,15.745,15.331,14.505,14.725,14.216,14.216,13.589,13.5,12.468,12.436,11.714,11.952,12.818,13.107,12.734,12.349,10.419,7.5379,9.2175,10.483,10.921,12.042,12.349,11.495,10.982,10.406,10.25,8.2833,7.6963,10.052,9.9448,9.261,10.982,12.273,11.806,12.974,13.589,13.94,13.756,13.199,14.906,13.756,14.652,15.54,15.652,15.288,13.43
17.719,19.762,20.009,20.573,20.882,19.989,19.9,18.917,18.391,17.735,16.706,15.98,15.46,15.176,15.14,16.217,15.504,16.259,16.31,16.393,16.509,16.484,16.509,16.393,15.522,15.22,14.249,12.841,10.454,8.875,14.515,17.503,18.122,18.092,18.302,18.59,17.781,16.997,17.758,16.997,16.738,17.125,16.082,16.385,15.354,15.149,15.14,14.701,14.931,14.057,13.31,12.894,11.556,12.453,11.074,12.638,13.31,12.841,12.627,11.013,8.1715,8.8903,10.762,10.137,11.813,11.592,12.019,9.7528,11.013,9.6263,9.2361,8.3692,8.9818,10.558,10.648,11.45,12.573,12.573,13.584,13.31,13.664,14.105,13.422,14.335,14.439,15.176,15.662,15.662,14.477,13.473
16.526,19.216,20.826,20.675,20.489,20.382,19.617,18.995,17.983,17.015,15.37,15.379,15.929,15.687,16.402,16.031,15.722,16.133,16.886,15.722,17.302,16.031,16.854,15.989,15.895,15.379,14.754,12.651,10.569,8.8997,14.865,16.732,18.734,18.763,18.492,18.358,18.141,17.317,17.466,16.797,16.732,16.797,16.666,15.817,15.895,14.874,14.965,14.274,14.754,14.265,13.568,12.908,11.917,12.759,11.545,12.031,13.221,13.065,12.586,10.912,5.7724,8.9304,10.374,10.517,11.024,11.184,11.414,11.221,9.6081,9.819,8.9304,8.6508,8.4269,9.7211,10.268,11.257,11.568,11.474,12.726,13.097,13.588,12.64,13.718,14.642,13.837,14.455,16.797,15.895,14.947,13.324
17.673,18.987,20.403,20.633,20.396,20.236,19.776,19.129,18.209,16.938,16.336,15.616,15.651,14.979,14.056,15.916,16.027,16.153,16.069,16.452,17.01,16.623,16.328,17.113,16.328,15.23,14.733,12.366,10.863,8.9808,14.788,17.294,18.297,18.525,18.758,18.029,17.696,17.294,17.719,17.48,16.534,16.328,16.623,15.651,15.52,15.168,15.194,14.008,14.427,14.008,14.152,11.977,12.067,11.41,12.011,12.19,13.048,12.923,12.011,10.674,7.2274,8.8288,10.101,10.863,11.772,10.975,11.551,10.007,9.6771,9.5928,8.4689,8.3401,9.3788,11.206,10.975,9.9392,11.036,11.863,12.245,13.294,13.161,13.526,13.161,13.823,14.427,14.209,16.294,15.857,15.31,12.923
16.661,19.783,20.725,20.843,20.66,20.209,19.817,19.093,17.702,16.952,16.292,16.3,15.447,15.526,16.457,14.516,15.368,16.158,16.531,16.457,17.047,16.432,16.604,16.726,15.456,15.412,14.692,12.927,11.04,8.5355,14.609,17.229,18.764,18.742,18.634,18.177,17.945,16.952,17.237,17.299,16.333,16.661,17.323,15.412,15.612,15.02,14.912,14.319,14.902,14.013,13.964,12.576,11.867,11.695,11.637,12.414,13.339,12.874,11.414,9.8742,6.7654,8.3429,10.01,11.137,11.04,11.637,10.941,10.369,9.3819,9.0887,8.4076,9.7777,9.8742,9.8192,9.2218,11.695,11.555,11.879,11.637,12.414,13.104,12.705,12.874,14.013,13.69,14.738,16.267,15.128,14.581,13.531
17.072,19.113,19.914,20.65,21.08,20.111,19.729,18.791,18.711,17.418,16.685,15.495,15.434,14.933,14.415,16.165,15.478,15.773,16.055,16.563,16.097,16.181,16.097,16.481,16.481,15.713,14.49,12.388,10.744,9.2351,14.713,17.072,17.72,17.827,18.711,18.426,17.191,17.206,17.395,18.091,16.677,15.495,16.365,15.469,15.635,15.123,14.741,14.225,14.033,14.177,14.235,12.355,12.167,11.477,12.519,12.551,13.04,12.616,11.536,10.319,5.9422,8.6739,9.1167,10.475,10.994,11.43,10.744,10.731,9.7362,9.7918,8.6739,8.4035,9.2204,10.63,10.54,9.6942,11.477,11.793,11.572,11.998,13.399,13.06,14.177,12.872,14.339,14.225,15.548,15.548,14.823,13.68
17.544,19.811,19.952,19.791,19.703,19.784,19.313,18.032,17.98,17.12,15.856,15.342,15.132,14.693,14.061,15.55,14.883,15.746,15.55,15.746,16.9,16.427,17.003,16.057,16.669,14.638,14.061,12.427,10.26,8.6647,14.371,17.182,17.763,18.29,18.275,18.084,17.182,17.12,17.68,17.206,15.814,16.492,16.156,15.202,14.711,15.025,14.399,14.118,14.118,14.061,13.656,12.787,11.787,11.477,11.719,11.933,13.479,12.766,11.662,10.299,6.7196,8.4144,9.0271,9.8345,10.466,10.656,10.299,10.466,9.0271,9.4889,8.6647,8.3506,9.0419,8.9229,10.643,10.036,10.904,11.933,12.502,12.587,12.491,12.766,13.734,13.918,13.646,14.702,15.368,15.07,14.883,12.672
16.965,19.615,20.113,20.534,20.488,19.91,19.287,19.159,18.267,17.092,15.942,15.641,15.147,15.174,16.052,14.534,15.396,15.396,16.32,16.354,16.965,16.187,16.965,17.203,15.545,16.086,15.192,12.549,11.151,8.402,14.903,17.321,17.693,18.088,18.766,18.058,17.716,17.701,17.321,17.632,16.32,16.354,16.56,15.675,15.95,14.673,14.45,14.45,14.534,14.175,14.107,12.527,12.164,11.651,12.386,12.386,13.182,12.869,12.03,10.742,5.8257,8.4824,9.8866,11.139,10.343,10.628,10.551,10.538,9.6924,9.3937,8.4824,8.5937,8.8581,9.3211,8.9192,12.153,10.237,11.188,11.428,11.38,12.869,12.774,13.285,14.078,14.078,15.641,16.478,14.71,14.821,13.757
17.179,19.745,19.846,20.066,20.948,20.795,19.419,18.492,18.492,17.302,15.172,15.484,14.772,14.754,15.39,14.772,16,15.925,16,16.19,16.394,15.242,16.483,15.933,16.198,14.96,14.673,12.562,10.635,8.815,14.333,17.302,17.57,18.055,17.645,18.231,17.788,16.843,17.456,17.086,16.394,16.459,16.198,16.198,15.39,14.995,14.853,14.37,14.305,13.707,12.741,12.043,12.087,12.381,12.043,12.391,13.212,13.05,12.402,10.522,6.5252,8.7544,9.9228,10.33,10.734,10.635,10.278,10.882,10.135,8.5856,9.1411,9.1411,9.0239,10.016,8.7696,11.763,10.882,10.771,11.999,12.562,12.741,13.89,13.89,13.223,13.619,15.172,15.066,14.995,14.305,13.501
17.005,19.764,20.339,20.742,20.839,20.637,19.299,18.429,17.716,17.407,15.934,15.38,15.866,15.167,15.625,15.668,16.078,15.389,16.47,16.179,16.552,16.354,16.279,16.354,15.84,15.633,14.216,12.597,10.686,9.0958,14.471,16.772,18.414,18.414,18.259,17.739,17.716,17.313,17.258,17.195,16.674,17.005,16.078,16.313,14.896,15.668,15.14,14.443,14.527,13.34,13.021,12.203,11.646,12.114,12.114,12.192,12.586,13.052,12.08,11.036,5.9383,8.5421,9.5752,10.987,10.686,11.564,10.987,11.529,11.434,9.9503,9.2143,9.4325,9.0958,9.7854,10.018,10.737,10.737,11.646,11.646,12.521,14.301,12.672,13.671,14.101,14.368,14.592,15.625,14.168,14.823,13.521
17.318,19.777,20.297,20.811,20.947,20.496,20.29,19.25,18.387,17.781,15.849,15.823,15.15,15.301,15.917,14.427,16.794,16.061,16.624,15.849,16.534,16.328,17.01,17.45,16.534,16.254,14.2,12.367,10.405,9.086,14.427,16.883,17.72,18.65,18.453,17.97,17.489,17.294,17.01,16.534,16.452,16.328,15.15,15.729,15.521,15.363,14.807,14.493,15.123,13.507,12.85,12.659,12.19,12.497,11.795,12.011,13.264,12.754,12.367,10.418,6.3293,9.1009,10.826,11.552,10.713,12.135,11.363,10.726,10.007,9.3792,9.5932,9.5649,10.47,9.7193,9.5508,12.067,10.975,11.864,12.583,13.335,13.527,12.508,13.335,13.96,14.009,14.009,14.88,15.097,14.455,13.007
17.049,20.013,20.095,20.338,20.789,20.156,19.767,19.552,18.506,17.983,16.595,17.224,15.984,16.221,16.355,15.419,15.804,16.718,16.187,16.718,16.912,16.815,16.718,16.944,15.881,15.915,14.704,12.63,10.752,8.6906,14.843,16.718,18.164,18.542,18.979,17.861,17.514,17.105,17.506,16.685,17.295,16.595,15.915,15.674,15.357,14.778,14.769,14.405,14.63,13.616,13.21,12.619,12.179,12.112,12.19,12.543,12.928,12.63,11.734,10.978,6.5428,8.2562,9.7549,10.903,12.021,12.021,11.452,11.015,10.365,9.6283,9.5857,9.1342,9.5287,9.7129,10.404,11.559,11.464,12.575,12.748,13.065,12.64,13.313,13.179,14.205,14.48,14.861,15.941,15.224,14.205,13.22
17.187,20.275,20.362,21.35,20.409,20.215,19.788,18.999,17.768,17.561,16.764,16.666,16.196,15.177,16.037,15.832,15.926,15.617,15.832,15.867,17.21,16.263,16.691,16.764,15.66,15.381,15.015,12.504,10.267,8.8497,14.294,16.82,18.13,17.707,17.912,18.071,17.615,17.46,17.491,16.691,16.263,16.146,16.601,15.652,15.159,14.733,14.806,14.473,14.094,14.065,13.694,13.014,12.374,11.882,11.894,12.374,12.857,12.709,12.504,10.267,5.8201,8.3939,9.3847,11.262,12.537,11.882,11.369,10.372,10.476,10.013,9.2245,7.8085,9.9045,9.9998,9.3847,10.618,11.177,11.871,12.591,12.666,12.931,13.545,12.537,13.575,14.007,14.659,15.626,15.381,14.613,13.045
17.409,19.608,21.476,21.254,20.894,20.626,20.421,19.69,18.416,17.338,16.314,15.67,15.461,16.156,15.609,14.444,16.046,15.626,16.676,16.273,16.356,16.181,16.554,16.619,16.046,15.141,14.594,11.992,10.26,8.5431,14.473,16.83,17.984,18.817,18.238,18.051,17.26,17.086,16.959,16.546,15.868,16.814,16.472,15.661,14.916,14.677,14.303,14.015,14.073,14.169,13.392,12.381,12.425,11.992,12.16,12.598,13.633,13.032,11.992,10.019,6.7715,9.2153,9.3903,10.876,11.424,11.507,10.688,9.5052,10.006,9.9104,9.828,9.3903,9.883,9.6046,10.06,11.424,11.184,11.647,11.471,11.471,12.16,12.26,13.311,14.169,14.227,14.825,15.842,14.668,14.407,12.886
17.773,19.98,20.04,19.735,20.676,20.486,19.735,19.146,18.877,17.842,16.951,15.61,14.758,14.684,14.481,16.219,16.228,15.79,16.613,15.79,16.128,15.824,16.128,16.169,16.169,14.975,13.706,12.632,10.703,8.5624,13.979,16.103,17.682,17.72,18.589,18.134,17.568,16.903,17.14,16.646,16.903,16.094,15.575,15.198,14.867,15.163,15.136,13.95,14.027,13.103,13.979,12.557,11.183,11.492,12.253,12.728,12.557,12.076,11.609,9.8505,6.7492,8.8259,10.027,10.305,11.469,11.147,11.667,11.183,10.915,9.5307,9.0669,9.573,9.8642,9.9729,10.08,10.841,10.803,11.527,11.77,11.952,13.216,12.46,12.568,12.632,14.434,14.056,14.758,14.984,14.62,13.348
17.164,20.614,19.945,20.772,21.351,20.52,20.13,19.55,19.592,17.651,16.547,16.008,14.993,15.557,14.282,15.914,16.297,15.174,15.776,16.017,16.254,16.43,16.43,16.621,15.94,14.883,14.472,13.081,10.065,8.9413,13.824,16.422,17.821,18.306,18.559,18.043,17.331,17.394,17.417,17.394,16.695,16.119,16.153,15.389,15.183,15.557,14.688,14.06,14.137,13.735,13.695,12.667,11.7,11.618,11.932,12.349,12.602,12.667,11.759,10.051,7.117,9.2572,9.8726,9.4764,11.488,11.038,11.186,10.36,9.9555,10.36,8.9106,10.051,9.4764,10.32,11.523,11.186,11.198,11.186,12.774,13.175,13.081,13.765,13.081,13.34,14.089,14.576,15.741,15.21,14.595,13.695
17.2,20.103,20.551,21.98,21.001,20.943,20.345,19.825,18.145,17.721,15.845,16.226,16.906,15.819,16.159,15.144,15.707,15.322,16.284,15.464,16.817,15.384,17.318,16.801,16.359,15.108,14.306,11.903,10.42,8.4005,14.818,17.247,18.654,18.234,18.145,17.904,17.01,17.224,16.582,16.226,15.879,16.284,16.351,15.322,15.144,14.736,14.153,14.172,14.41,13.979,13.282,12.525,11.994,11.568,11.788,11.983,12.941,12.084,11.903,10.472,6.295,8.9177,10.062,10.841,12.547,11.149,11.649,10.021,9.8849,9.6064,8.872,8.4809,8.9935,9.6908,9.3921,10.953,11.788,10.941,11.811,13.066,13.313,12.772,13.282,13.18,13.979,14.531,15.629,15.108,14.68,11.994
17.212,19.496,20.297,19.87,21.035,20.324,20.504,19.412,18.449,17.955,16.385,15.776,15.06,15.409,14.924,15.141,16.252,16.184,15.87,15.663,16.235,15.689,15.904,16.385,15.87,14.951,14.176,12.447,10.501,8.2505,14.731,16.9,18.581,18.151,17.993,17.093,17.212,17.093,16.476,16.21,17.212,16.377,15.347,15.87,14.777,15.141,14.759,14.62,15.168,13.657,13.045,12.696,11.726,12.047,11.668,12.545,12.315,12.523,11.726,10.958,6.3695,8.6059,9.5221,10.858,10.757,10.553,11.492,10.958,9.6217,9.3925,9.2317,9.9691,9.407,9.113,9.4503,10.436,11.008,11.899,12.567,12.182,12.534,13.365,13.087,13.657,13.657,14.328,15.024,16.075,14.432,13.211
17.261,20.058,20.698,20.992,21.23,20.757,20.139,19.376,19.171,17.332,16.104,15.951,15.554,15.642,14.524,15.476,15.951,15.96,15.72,15.857,16.163,16.238,17.214,16.959,16.171,15.039,14.039,12.393,10.349,8.5989,14.317,16.693,18.076,18.009,18.308,17.488,17.15,16.847,17.261,16.188,16.635,16.463,15.857,15.65,14.839,15.201,14.83,14.087,14.608,13.686,13.293,12.611,11.717,12.037,12.003,11.763,12.877,12.205,11.889,10.389,7.0145,8.0941,9.4427,10.557,11.231,11.048,11.279,10.029,10.123,9.8926,8.4071,9.3268,9.9611,9.2243,9.5714,10.07,10.736,11.518,11.889,11.992,12.557,13.076,13.455,14.231,13.455,14.682,16.222,15.343,14.524,13.128
17.83,20.071,21.288,21.128,21.128,20.692,20.586,19.639,18.327,17.769,15.729,16.072,15.867,15.66,16.8,14.173,15.166,15.729,17.034,16.173,16.605,16.727,16.299,16.473,15.66,14.701,14.173,12.313,10.968,8.5567,14.496,17.217,17.99,18.223,18.731,17.845,17.413,16.382,16.307,16.8,15.353,16.207,16.58,14.949,14.921,14.617,14.392,13.575,14.038,14.645,13.774,12.179,12.168,11.055,11.442,12.705,13.167,13.084,11.897,10.035,6.3683,8.249,9.4053,11.202,10.434,10.447,10.705,9.9673,9.2888,8.8844,8.8844,7.8949,9.2888,8.6043,9.0061,10.755,10.13,11.092,12.011,12.179,12.532,12.543,13.043,13.301,13.575,15.237,15.344,15.695,14.775,12.79
17.045,19.948,20.468,21.02,21.258,20.567,20.166,19.401,18.715,17.666,16.385,16.393,15.176,15.671,16.682,14.627,16.78,16.26,16.184,16.31,16.26,16.393,16.318,17.125,15.697,14.785,13.31,12.221,10.029,8.6418,13.901,16.706,17.819,17.842,17.666,17.292,17.355,16.385,17.045,16.714,16.083,16.218,15.878,15.221,14.702,15.355,14.702,14.402,14.702,13.473,13.422,12.616,11.917,11.674,11.836,12.541,12.573,12.915,11.45,10.455,6.6449,8.1717,9.9742,10.571,10.571,10.763,11.013,9.9742,9.7111,9.1176,8.9212,8.4182,8.4182,9.6265,8.689,11.27,10.029,11.013,11.099,11.497,12.638,12.799,13.793,13.574,14.25,14.202,14.515,15.149,14.506,13.584
16.253,17.886,18.044,18.572,18.13,18.572,17.798,17.605,16.947,16.121,14.642,13.997,13.875,14.328,14.565,13.17,14.555,14.506,14.358,14.555,14.642,13.71,14.358,15.683,14.169,13.761,12.809,11.249,9.0652,8.1396,12.908,15.176,15.792,15.464,16.077,15.683,15.692,15.381,15.167,15.158,14.437,14.71,14.398,13.203,14.078,12.675,13.363,12.675,12.908,12.842,12.089,10.678,10.665,9.6132,10.797,10.876,11.337,11.211,10.731,9.0808,5.3324,8.3296,8.4313,9.4491,9.4942,9.8326,9.8036,8.8268,8.1221,8.4313,7.1542,7.6349,7.9273,7.9987,7.6349,9.7891,9.9618,10.061,10.625,11.249,11.399,11.536,11.78,12.449,12.974,13.17,13.864,13.501,13.331,11.84
16.834,19.946,20.305,20.841,21.043,20.271,18.98,19.504,18.915,17.84,16.68,15.669,14.7,15.876,14.709,17.099,16.383,15.219,15.876,15.738,16.391,16.316,16.507,15.799,15.573,15.174,13.781,12.22,10.256,8.6092,13.572,16.507,17.548,17.856,17.962,17.939,16.655,16.851,17.043,17.282,16.208,15.782,16.712,15.52,15.415,15.066,14.2,14.104,14.4,13.732,13.791,12.408,11.904,11.591,12.572,12.55,12.572,12.637,11.731,9.973,7.3823,8.2537,9.2941,11.061,10.647,11.449,10.975,10.027,9.3962,9.8493,8.4333,8.9201,9.1315,9.454,10.401,9.8493,11.159,11.496,11.496,11.835,12.186,13.612,12.712,14.007,14.542,15.415,14.848,15.573,14.334,12.966
17.225,20.199,20.463,20.358,21.106,20.404,19.798,19.019,18.97,17.858,16.841,16.11,14.821,15.036,15.595,14.812,15.757,15.431,15.766,15.526,16.16,15.431,15.968,15.867,15.08,14.721,13.773,11.942,9.9361,8.03,14.203,16.528,17.342,17.503,17.449,16.944,16.713,16.713,16.944,17.14,16.495,16.332,15.036,15.976,14.566,14.812,14.575,14.63,14.269,13.024,12.262,12.031,11.485,11.727,11.67,12.511,12.436,12.775,11.485,10.801,6.25,8.0798,9.5377,10.474,10.202,10.973,10.043,10.043,9.9496,8.7933,9.3679,8.4836,8.6708,8.8389,9.0483,10.663,10.663,11.624,11.427,12.848,12.585,12.262,13.187,14.428,14.203,14.712,15.353,15.063,15.561,13.187
17.797,19.624,20.737,21.466,20.282,19.804,19.724,18.712,17.537,16.692,16.099,15.685,15.652,15.088,13.419,15.927,14.797,15.218,14.93,15.389,15.295,15.364,15.827,16.414,15.295,14.438,14.217,11.521,9.8619,8.1064,13.947,16.51,17.952,18.486,17.522,17.349,16.739,15.918,15.927,15.685,14.948,15.183,16.358,15.295,15.009,14.365,13.487,13.536,13.994,13.652,13.487,12.411,12.347,11.969,11.291,12.013,13.181,12.663,11.691,10.099,6.1949,8.0086,9.6327,10.779,10.779,10.557,10.876,10.52,9.2428,8.4088,7.7075,7.9757,8.7309,10.254,9.1714,9.4536,11.091,11.567,12.663,12.187,12.154,12.485,13.757,14.438,13.623,14.51,16.438,15.927,15.389,12.154
17.281,19.867,20.876,20.693,21.129,20.64,20.301,19.304,18.446,18.021,16.107,16.107,16.199,16.208,17.846,15.661,15.696,15.416,15.894,16.341,16.333,15.842,16.333,16.182,16.005,14.922,14.097,12.169,10.036,8.6835,13.863,16.801,16.898,17.539,17.747,17.655,16.581,16.671,16.375,16.581,16.182,16.115,15.962,15.049,15.565,14.729,15.211,13.863,13.333,13.814,13.774,13.085,12.18,11.526,12.011,12.18,12.63,12.533,11.455,10.448,6.8624,7.964,9.705,11.585,11.667,10.564,11.771,10.022,11.068,9.705,8.6048,7.7563,8.6835,9.6204,9.5779,10.077,10.743,11.443,12.402,11.667,13.044,12.619,13.209,12.445,14.431,14.702,15.635,15.868,14.506,13.209
17.546,19.949,20.748,21.165,20.428,20.25,19.847,18.782,18.348,17.143,16.15,15.591,15.556,14.749,14.239,16.545,15.1,15.565,15.599,15.771,16.241,15.771,15.796,15.599,15.145,14.556,14.154,12.369,9.9744,8.0999,14.154,16.545,17.183,17.631,17.631,16.986,17.261,16.883,16.2,16.723,15.677,15.694,15.974,15.356,15.26,14.676,14.342,13.69,14.154,13.807,13.129,11.825,11.972,11.733,11.42,12.106,12.617,13.22,11.514,10.227,7.053,9.6455,10.068,11.514,10.828,11.514,10.939,9.9068,8.9515,9.3482,8.8305,9.174,8.8305,10.293,9.276,9.5615,10.939,11.825,12.542,12.467,12.531,11.972,13.22,13.778,13.462,14.676,15.074,15.556,14.858,13.251
17.752,19.486,20.876,20.647,21.136,20.587,20.146,19.423,18.861,17.286,16.677,16.38,15.666,15.063,14.197,15.517,15.64,15.216,16.112,16.112,15.701,15.666,16.347,15.899,15.64,14.945,13.66,12.284,9.4088,7.9836,13.897,16.709,17.373,17.837,17.497,17.373,17,16.807,17,15.899,16.112,16.01,15.491,15.873,14.706,15.517,14.255,14.245,14.053,13.779,14.101,12.922,11.529,12.317,11.901,12.173,13.214,12.569,11.67,10.759,6.6837,8.4317,10.49,11.206,11.446,11.67,11.096,10.451,9.5951,9.4521,8.5599,9.1147,9.9025,10.134,10.254,10.86,11.399,11.67,12.612,12.547,13.079,12.406,13.172,15.063,14.197,14.697,15.701,15.216,14.178,12.449
17.942,19.949,20.01,21.013,20.568,20.968,20.568,19.197,18.033,17.378,16.319,16.26,16.394,15.417,15.505,15.671,15.355,15.203,15.904,15.879,15.706,15.496,16.394,16.394,15.364,15.671,14.26,12.288,9.6267,7.7613,14.106,16.715,18.161,17.843,17.511,17.006,16.869,16.812,16.715,16.31,15.671,16.715,15.575,15.417,15.505,15.221,14.336,14.364,14.202,13.902,13.063,11.836,11.779,12.143,11.21,12.41,13.544,12.222,12.053,10.648,7.3834,8.7517,10.363,10.763,11.732,10.75,10.901,11.013,10.257,8.642,8.642,7.9006,8.6892,10.042,9.5271,9.9744,11.592,11.294,12.053,12.053,12.628,13.311,13.311,14.096,14.106,14.656,15.523,15.364,14.26,13.146
17.591,19.782,20.736,20.684,20.632,20.528,20.118,19.419,18.25,17.591,16.002,15.403,15.403,15.104,15.68,15.06,15.585,15.104,15.525,15.731,15.816,14.952,15.816,16.085,15.307,14.844,12.993,12.094,9.3396,8.0593,13.559,16.586,17.53,17.53,17.245,17.377,16.811,16.464,16.707,16.383,15.403,15.756,14.952,15.237,14.329,14.835,14.626,14.093,14.226,13.208,12.952,11.916,11.814,12.455,11.123,11.642,12.795,12.017,11.745,10.322,6.2168,8.3697,9.1656,11.468,10.818,11.014,10.99,10.283,9.8569,9.224,9.8977,9.9653,9.5105,9.4539,9.0625,10.178,10.929,11.362,11.468,11.374,12.194,12.358,13.045,13.94,14.141,14.515,14.745,14.745,14.726,12.616
17.195,20.031,20.887,20.989,20.919,20.476,19.862,19.389,17.644,16.751,15.842,15.262,14.687,15.191,13.818,14.278,14.869,14.278,15.783,15.262,16.245,15.111,15.842,16.295,14.678,14.249,13.492,10.798,9.4696,8.205,13.492,16.286,17.894,17.712,17.281,17.32,16.295,16.385,16.12,15.706,15.689,15.783,15.481,15.129,13.924,14.456,14.174,13.973,13.973,13.261,12.838,12.103,11.604,12.159,11.428,11.833,12.838,12.335,12.247,10.022,6.4188,7.9381,10.443,9.9818,10.392,10.947,11.662,9.7498,10.222,9.0627,7.9041,9.7498,10.195,8.8371,9.846,10.947,10.836,10.947,11.98,13.004,12.541,13.004,13.301,14.174,14.474,13.818,15.058,14.164,14.418,12.302
14.942,17.14,17.271,17.778,17.874,18.03,17.492,17,16.389,15.971,14.727,14.242,13.604,13.128,13.941,12.79,14.242,13.604,13.682,13.865,14.279,13.516,13.358,13.388,13.198,12.283,11.854,9.8913,8.3188,6.5942,11.943,14.055,14.573,14.5,15.292,15.456,14.933,14.454,14.637,14.745,14.307,14.007,13.388,12.665,12.914,12.718,12.738,12.239,11.977,11.617,11.34,10.311,10.221,9.9047,10.156,10.117,10.862,10.414,9.8913,8.9927,6.3692,7.7921,8.7536,8.3028,9.3256,9.1679,9.2828,8.859,8.8889,8.7688,7.2089,7.0037,7.843,8.5234,8.7385,9.4946,9.9979,10.615,10.363,11.092,11.742,11.056,11.008,11.571,12.239,12.665,14.167,12.873,12.749,11.246
17.107,18.682,20.438,20.887,19.668,19.849,19.133,18.715,17.577,16.668,15.356,15.42,15.348,15.12,14.989,14.52,14.554,14.219,15.698,15.444,15.698,15.315,15.979,15.823,15.047,14.245,13.57,11.445,9.9432,7.9701,14.245,15.792,16.911,17.236,17.143,17.172,16.255,16.064,16.01,15.348,14.956,15.348,15.571,14.681,14.554,13.929,13.751,13.652,14,13.579,13.386,12.014,11.348,11.817,11.172,11.817,13.125,12.025,11.445,10.005,6.2886,9.1672,10.452,10.949,11.117,11.348,10.628,10.345,9.0039,9.9432,8.6825,8.2294,10.237,8.6825,9.4982,10.054,11.649,10.983,11.733,12.675,12.548,12.096,13.652,13.652,13.125,13.929,15.315,14.782,14.63,12.279
15.309,17.695,18.263,17.876,18.387,18.329,17.542,16.694,16.394,15.114,14.15,14.235,13.949,13.489,14.264,13.248,13.726,13.217,14.007,13.93,13.568,13.687,14.083,14.007,12.96,12.55,11.696,10.497,8.9192,7.2208,12.235,14.007,15.309,15.318,15.414,14.854,14.442,14.845,14.845,14.46,13.804,14.15,13.93,14.036,13.608,12.656,12.539,12.103,12.453,11.935,11.969,11.37,9.972,10.484,10.29,10.381,11.095,11.083,10.212,8.8284,5.9109,7.8963,8.8284,9.0686,10.212,9.5592,9.7815,9.5592,8.6282,7.9303,7.8963,7.4768,7.2764,8.5027,9.0538,9.4603,10.368,9.9044,10.368,11.417,11.417,11.592,11.833,12.464,12.804,13.217,14.007,13.489,12.539,11.935
16.957,19.825,20.058,20.856,20.644,20.982,19.363,18.911,17.76,17.309,15.918,15.608,15.274,15.823,16.605,15.241,14.747,14.359,15.543,15.438,15.736,15.608,15.95,16.044,14.883,15.042,12.835,11.569,9.5083,8.2648,14.121,16.59,17.302,17.453,17.604,17.024,16.316,17.038,16.385,16.044,15.438,15.543,15.847,15.559,15.109,13.861,14.463,13.687,13.678,13.614,13.824,12.688,11.656,11.688,12.069,12.048,12.568,12.131,11.306,9.9471,6.6859,8.5045,9.5083,10.945,11.036,11.07,10.282,10.524,10.331,9.5083,9.5083,8.2191,9.0758,9.4553,9.2132,11.206,11.036,10.818,12.11,12.558,12.618,12.757,14.254,13.632,14.95,14.61,15.241,15.34,15.109,13.761
15.68,17.435,18.22,18.794,18.094,17.824,17.272,16.597,15.473,15.121,14.42,13.575,13.956,13.008,12.534,14.109,13.09,13.465,13.09,13.335,14.532,13.06,14.308,14.09,13.254,12.296,12.545,9.6477,9.0729,7.2055,12.757,14.532,15.184,16.011,15.569,15.637,14.743,14.013,13.936,14.523,13.575,14.013,14.308,13.495,13.485,13.121,12.296,12.328,12.064,12.142,12.296,10.99,10.216,10.017,10.216,10.99,11.941,10.892,10.23,8.2986,6.0708,7.3716,9.2345,9.5637,9.5637,9.5355,9.8682,9.3503,8.0518,7.917,7.2798,8.2008,7.8488,8.802,9.058,8.5854,9.8409,9.5214,11.598,10.793,10.692,11.22,12.62,12.883,12.448,13.09,14.109,13.335,14.013,12.03
15.126,17.463,17.853,18.088,18.241,17.734,17.242,16.409,15.843,14.29,14.345,13.372,13.342,13.222,12.555,14.122,13.272,13.222,13.587,13.99,13.8,13.99,14.29,14.122,12.775,12.386,11.291,9.8926,8.743,7.1448,11.962,14.546,15.021,15.126,15.951,15.437,14.483,14.492,14.483,14.519,13.372,14.15,14.037,13.723,12.98,13.617,12.702,12.524,12.65,12.225,11.557,10.59,10.337,10.208,10.299,10.552,11.929,10.143,10.35,8.8482,5.9976,7.3635,8.3721,9.5664,10.13,9.9857,9.5664,8.3721,8.3721,8.2287,7.8503,6.8615,7.3635,8.5595,8.8781,8.435,9.4831,10.59,9.758,9.8926,10.898,11.078,11.75,12.524,12.364,13.142,14.037,13.46,13.5,11.728
18.227,19.419,20.998,20.875,20.792,19.957,19.709,18.396,16.285,16.996,15.894,15.099,16.592,14.927,15.123,14.601,14.216,15.074,15.77,14.601,15.334,15.294,16.285,15.894,14.894,13.83,13.247,11.255,9.8917,7.7548,14.294,16.209,17.72,17.608,17.489,17.439,16.865,16.39,15.462,15.398,15.462,15.917,15.801,14.431,14.877,14.129,13.56,13.56,14.015,12.451,13.191,12.211,11.461,11.769,11.2,11.769,13.107,11.59,12.018,10.04,6.1408,8.2626,10.555,11.156,11.321,10.888,10.04,10.473,9.4195,8.5413,8.1877,8.005,9.4456,9.2345,8.7971,9.7789,9.8917,10.888,11.461,12.211,11.801,12.008,13.191,13.632,14.042,14.397,15.777,14.761,15.099,13.031
15.155,17.673,18.134,18.134,17.946,18.014,17.704,16.642,15.603,15.11,14.073,14.14,13.495,13.252,13.986,12.486,13.313,13.088,13.723,13.252,14.443,13.364,14.273,13.252,13.644,12.518,12.124,10.461,8.8366,6.9739,12.179,14.638,14.885,15.155,15.672,15.074,14.638,14.452,14.121,14.993,13.364,13.996,14.302,13.324,12.87,13.088,12.268,12.356,12.124,12.001,11.876,10.461,10.716,9.6689,9.9308,10.318,11.541,11.161,10.252,8.5254,5.8809,7.6748,8.9732,10.039,8.943,9.8899,9.5564,8.5728,8.2188,7.866,8.4618,7.2958,7.2213,7.7274,7.797,9.5847,9.3709,9.6689,10.093,10.816,10.525,10.928,12.168,12.838,12.356,12.838,13.674,13.252,13.15,11.785
16.946,19.044,20.239,19.949,20.963,20.017,19.174,19.239,17.866,16.635,15.523,14.96,14.659,14.659,15.027,13.964,15.248,14.044,14.994,14.869,15.216,14.667,15.571,15.579,14.557,13.902,13.42,11.066,9.9806,7.3589,13.964,15.957,17.558,17.186,16.953,17.501,16.273,16.568,16.349,15.957,15.571,15.737,15.902,15.183,14.462,15.068,14.385,14.531,13.848,12.707,12.765,11.474,11.474,11.847,11.2,11.815,12.46,12.045,11.625,9.9681,6.7054,7.8013,10.08,10.782,10.561,10.561,8.9157,9.1631,9.3642,9.3642,8.6038,9.1631,8.7043,8.2501,8.1135,9.522,10.782,10.407,11.387,10.701,11.731,12.46,12.47,13.411,12.5,14.488,15.459,15.354,14.531,13.466
17.622,19.439,20.636,20.46,20.049,20.068,19.661,18.287,17.187,16.228,15.762,14.592,14.455,14.036,13.687,14.532,14.177,14.489,14.986,14.803,15.484,15.159,14.961,15.159,15.159,13.849,12.501,10.655,9.1908,7.6246,14.386,16.236,17.302,18.006,17.281,16.569,16.591,15.841,15.762,16.02,15.524,15.452,15.895,15.159,14.273,14.377,13.495,14.455,14.463,13.786,13.541,11.89,11.668,11.668,11.145,11.983,12.26,12.491,11.561,10.093,6.2454,9.5227,10.093,11.278,10.166,10.702,10.276,9.6264,8.0371,7.592,8.3554,8.2957,8.0371,9.1908,9.8307,10.408,10.667,10.573,12.341,11.973,12.004,12.969,12.766,13.197,14.557,13.965,14.557,14.87,14.515,12.815
17.41,19.508,19.425,20.594,20.492,19.71,19.457,18.725,17.664,17.403,15.894,15.58,14.923,14.931,15.356,13.937,14.562,14.773,14.956,15.452,15.58,15.356,15.612,15.809,14.964,13.821,13.085,10.206,9.1722,7.4615,13.577,16.019,17.267,17.325,17.417,17.239,16.483,16.714,16.408,16.264,15.801,15.62,16.241,15.452,14.79,14.923,13.964,13.722,13.758,13.577,13.394,11.959,10.576,10.989,11.045,11.824,12.235,12.195,11.613,9.7983,6.9284,8.8005,9.607,10.738,10.91,10.493,10.255,9.9983,8.8005,9.5034,8.234,8.0208,8.587,8.8005,8.8983,9.6584,10.646,9.9983,11.74,11.708,12.031,12.286,13.532,13.532,13.758,14.348,15.58,15.104,14.63,12.476
17.13,19.851,20.491,20.491,20.461,19.497,19.465,18.007,16.599,16.144,14.954,14.995,14.937,14.728,13.992,12.998,14.386,14.282,14.82,15.185,14.728,14.995,15.16,15.644,14.66,13.687,13.468,11.068,9.6268,7.4769,13.966,16.175,17.616,17.896,17.05,16.517,16.748,16.637,15.763,15.476,15.388,16.106,15.46,15.16,14.099,14.532,14.037,13.614,14.49,13.56,12.581,12.056,11.637,12.056,11.068,11.637,12.767,11.973,11.764,10.081,7.1368,8.7052,9.6783,10.932,11.068,10.932,11.011,9.2719,9.1911,8.4591,8.5322,8.296,8.5177,9.312,8.1143,10.515,10.667,11.034,12.056,11.594,12.138,12.931,13.56,14.795,13.903,13.85,15.185,14.274,14.455,12.815
14.665,16.432,17.496,17.436,18.152,18.064,17.489,16.521,15.372,15.492,14.647,13.407,13.486,13.407,14.017,12.674,13.377,13.167,12.882,13.437,13.377,12.913,13.691,13.691,13.437,12.377,11.441,10.37,8.2604,7.3775,12.128,14.214,14.836,15.005,15.049,14.952,14.592,14.952,14.943,14.437,14.574,13.922,13.922,13.95,14.017,12.463,12.747,12.291,12.632,11.75,11.348,10.622,9.8036,10.572,9.8442,10.228,10.87,10.005,10.15,9.2891,6.2046,8.1471,8.451,9.681,10.421,9.8442,9.9114,9.0135,8.8049,7.8652,8.3879,6.5986,7.7462,8.7747,7.8483,8.6374,9.9114,9.626,10.37,10.622,11.312,10.918,11.312,11.896,12.674,12.674,12.632,13.525,12.548,11.027
16.957,19.056,20.964,19.827,20.34,20.045,19.519,17.951,17.283,16.957,15.633,15.068,15.633,15.068,15.142,14.744,14.265,15.232,14.936,14.651,14.803,14.944,15.506,14.977,14.335,13.543,13.097,11.375,9.5637,7.6159,13.543,15.822,16.928,17.68,17.39,16.422,16.847,16.002,15.506,15.963,15.49,15.963,15.506,15.011,14.702,13.887,14.265,13.887,14.361,13.285,12.983,11.623,11.188,11.623,10.93,11.133,12.327,11.718,11.97,10.264,7.5833,9.1802,10.467,10.561,11.58,11.75,11.462,10.36,10.396,8.7091,8.6949,8.2862,9.5117,10.252,9.3009,9.3937,10.503,10.655,11.99,11.99,12.954,13.03,12.457,13.543,13.285,13.869,15.052,14.944,13.598,12.693
14.671,16.886,17.557,18.131,17.443,17.595,17.39,16.91,16.113,15.465,14.155,13.443,12.888,13.832,13.122,12.898,13.122,12.898,13.143,12.468,13.143,13.443,13.492,13.443,12.732,12.253,11.527,9.5054,7.6635,7.3266,11.778,14.07,15.465,15.508,15.161,15.301,14.258,14.59,14.762,14.59,13.88,14.07,13.403,13.61,13.492,13.413,12.415,12.415,12.805,11.527,11.152,10.627,9.4633,10.154,9.1347,9.9158,10.374,10.514,9.8486,9.0028,5.8776,7.5058,8.8239,9.2933,10.154,10.425,10.627,9.8486,9.5054,8.2641,7.6635,7.8856,7.8688,9.1347,8.8989,9.1201,10.323,9.8486,10.31,10.206,11.388,10.96,11.901,12.034,12.888,12.763,12.753,12.888,12.415,11.584
15.013,16.785,17.8,17.529,18.008,18.271,17.529,16.793,15.916,15.031,13.882,13.175,12.416,12.765,12.733,12.639,13.012,12.981,13.493,12.384,13.872,12.981,13.611,13.493,12.765,11.903,11.319,9.6865,8.3131,7.1809,12.036,13.872,15.51,15.233,15.45,15.013,14.987,14.362,14.844,14.072,14.26,13.93,13.444,13.872,13.144,13.255,12.889,12.384,12.416,11.903,11.153,10.439,9.9571,10.311,9.3372,10.234,10.937,10.439,9.9571,9.5064,6.1867,7.6643,9.1212,10.129,9.782,10.439,9.917,8.87,8.8999,8.3131,7.0124,8.6423,7.8697,7.8018,7.8528,9.917,9.917,9.9036,10.827,10.578,11.389,11.033,11.528,12.47,12.255,12.168,12.981,13.533,12.754,11.666
17.429,19.086,19.421,20.03,19.427,20.098,19.522,18.431,17.606,17.343,16.005,15.493,14.449,14.475,15.589,13.889,14.645,14.654,14.939,14.475,15.557,15.071,14.939,14.372,14.475,13.836,12.459,11.057,9.5785,7.6011,13.737,15.825,16.38,16.732,17.436,16.916,16.96,16.643,15.943,16.553,15.445,15.145,16.005,14.544,14.947,14.084,14.645,13.528,13.773,13.454,13.38,11.496,11.464,10.266,11.582,11.023,11.878,11.496,11.057,10.009,7.7784,9.3559,10.156,11.377,11.972,11.55,11.057,10.552,9.8087,8.8239,8.5673,7.9829,8.4507,9.0185,10.552,10.773,10.398,11.752,11.55,12.851,12.538,13.147,12.985,13.147,14.084,14.645,15.169,15.34,14.805,12.116
16.822,19.294,19.973,20.366,20.186,19.84,19.514,18.256,17.943,17.03,16.451,15.079,14.648,13.771,13.279,15.604,14.052,14.648,14.852,15.054,15.708,15.029,15.385,15.482,13.989,14.052,12.548,10.85,8.9716,7.8341,13.504,16.057,16.971,17.774,17.725,17.059,17.059,16.814,16.002,16.119,15.994,15.555,15.748,15.45,14.123,14.911,14.052,13.643,13.872,13.457,12.786,11.921,11.045,11.034,11.136,11.805,12.141,12.047,11.437,9.6471,7.0927,8.5701,10.043,10.733,11.74,11.437,11.011,10.826,9.8917,9.8789,8.1024,8.9294,9.0414,9.3289,9.2477,10.043,10.999,11.579,11.751,12.538,13.935,12.855,13.698,13.25,14.622,14.818,15.482,14.759,14.544,13.02
17.281,19.364,20.173,20.465,20.435,19.517,19.39,17.922,17.615,16.436,15.876,14.574,15.05,14.852,13.441,14.852,13.939,14.437,15.009,14.935,15.505,14.852,15.009,15.845,14.968,13.832,13.597,11.054,9.2601,7.5335,13.975,16.33,17.195,17.873,17.727,16.992,16.208,15.962,15.505,15.632,15.05,15.821,15.884,15.271,14.968,14.437,13.975,13.769,13.67,12.847,12.692,11.363,11.374,11.352,10.502,11.231,12.245,11.579,11.054,10.08,7.484,8.9747,10.263,11.187,11.547,10.918,11.132,10.08,10.154,9.393,7.9808,8.8074,9.5109,10.689,9.666,9.969,11.265,11.461,12.673,12.485,12.751,12.485,13.143,14.081,13.451,13.948,14.935,14.497,14.743,12.295
17.171,19.369,19.844,20.178,20.849,19.478,19.624,18.478,17.816,16.85,15.589,15.445,14.032,14.372,13.399,14.26,14.544,14.085,14.155,15.013,15.178,14.45,14.806,15.636,14.705,13.836,12.947,11.614,8.9772,8.0294,14.164,15.88,17.2,17.683,17.62,17.542,16.643,16.213,16.159,15.723,15.888,15.943,14.78,15.235,14.242,14.654,14.242,13.674,13.546,13.287,12.299,12.319,10.933,11.836,10.469,10.876,11.752,11.496,11.805,9.9717,6.9893,8.5092,10.362,10.469,11,10.933,11.721,10.552,10.254,9.4482,9.1414,8.9079,9.6173,8.9772,9.6687,11.29,10.505,11.355,12.947,12.054,13.033,13.033,13.454,13.033,13.482,14.268,14.922,14.164,14.518,12.985
16.927,19.422,20.85,20.339,19.839,19.473,19.237,18.521,18.033,16.728,15.822,15.585,15.117,14.515,15.141,13.589,14.36,14.743,14.944,14.334,15.141,14.802,14.919,15.457,14.239,13.442,12.848,10.467,9.5763,7.583,14.239,15.465,17.145,18.047,17.874,16.846,16.698,16.032,15.633,16.489,15.272,15.822,16.086,14.802,14.802,14.081,14.36,13.405,14.028,14.055,12.944,11.802,11.054,10.964,11.451,11.969,12.486,12.154,11.188,9.882,7.0406,9.1528,9.9694,11.132,11.612,10.467,10.215,9.957,8.4488,9.0164,8.8078,7.7287,9.3537,8.4634,9.4722,10.36,10.154,11.188,11.353,12.041,13.068,12.693,13.405,13.228,13.698,14.515,15.068,15.239,15.117,13.77
14.724,17.784,17.283,18.026,17.8,18.049,16.767,17.055,16.326,14.898,14,13.153,13.317,13.009,12.5,14.191,13.256,13.256,13.528,12.915,13.874,13.286,14,13.736,12.862,12.271,10.931,10.095,8.3998,6.6584,11.97,14.97,14.889,15.915,15.607,15.441,14.706,14.997,15.006,14.418,14.191,13.874,13.727,13.518,13.327,13.736,13.164,12.138,12.522,12.271,11.73,10.528,9.8101,9.8924,10.294,10.451,10.719,10.931,9.9876,9.0803,6.7591,8.2209,9.3732,9.2133,9.5589,9.3732,9.2572,9.3732,8.4639,7.799,6.7791,7.9194,6.9368,8.8236,8.3998,8.7157,9.3732,9.8924,10.668,10.931,10.819,11.224,12.093,12.359,12.171,12.565,13.256,14.381,13.235,11.509
16.816,18.916,20.12,20.039,20.462,19.39,19.396,18.612,17.617,17.814,15.645,15.161,14.821,15.453,15.136,13.824,14.762,14.661,15.161,14.491,15.485,14.491,14.963,14.871,14.179,13.606,13.17,10.516,9.5757,8.038,14.073,15.74,16.934,17.304,17.869,16.868,16.503,16.713,16.757,15.74,16.053,15.581,15.161,15.453,14.996,14.72,14.387,14.257,13.606,12.69,13.047,11.367,11.367,11.147,11.147,11.669,11.849,11.378,11.465,10.032,6.9253,9.0966,9.7938,10.277,10.761,11.035,10.265,10.277,10.094,8.7058,8.5182,7.6092,7.9914,8.8192,9.1647,9.7938,10.265,10.657,11.367,12.502,12.342,12.462,13.085,13.469,13.788,13.967,15.356,14.996,14.179,12.942
17.08,18.023,19.969,19.655,20.112,20.037,19.863,18.627,17.519,16.343,15.753,15.174,15,14.391,15.272,13.47,14.391,14.399,14.287,14.546,15.149,14.391,15.1,15.666,14.605,14.546,13.898,10.77,9.5316,7.4168,13.978,15.777,17.988,17.354,18.078,17.203,17.182,16.771,15.626,15.666,15.498,15.91,16.159,14.808,14.884,14.503,13.572,13.433,13.433,13.181,12.631,11.69,11.156,10.489,11.156,11.377,12.749,11.212,11.518,9.5967,6.6562,8.2282,9.5837,10.896,10.896,11.212,10.09,9.9781,9.5316,8.4814,7.8884,7.4836,9.5316,8.6125,8.6125,10.285,9.5967,10.953,11.995,11.679,12.503,12.231,13.058,14.005,13.799,14.546,14.817,15.264,14.951,12.513
16.793,19.485,19.667,20.847,19.828,19.969,19.693,18.189,17.657,16.793,15.762,14.968,14.993,14.236,14.02,15.835,14.423,14.685,14.659,14.702,15.641,14.9,16.113,15.17,14.21,13.948,13.198,10.78,9.0911,7.8285,13.948,16.278,17.389,17.249,17.65,17.131,17.153,16.418,16.208,16.649,15.657,15.576,16.588,15.469,15.044,14.702,14.129,13.718,13.984,13.578,12.926,11.332,11.697,10.347,11.14,11.499,12.647,12.124,11.276,9.6869,6.7656,8.5876,10.048,11.014,10.721,11.197,10.493,9.7,9.0911,9.2023,8.9216,8.0842,8.1313,10.396,10.602,9.6869,10.886,11.071,11.499,11.987,11.987,12.455,12.727,13.578,14.011,14.352,15.827,14.831,14.702,13.428
16.678,19.1,20.184,19.811,19.867,19.64,19.002,18.464,17.207,16.886,15.413,15.202,15.478,14.062,13.703,15.59,13.557,13.874,14.685,14.677,14.609,14.506,14.549,14.472,14.115,13.39,13.865,10.48,9.4157,8,14.123,16.293,17.494,17.466,17.069,17.43,16.588,16.415,15.859,16.316,15.478,16.07,15.946,15.852,15.502,14.837,14.053,13.575,13.703,13.013,12.723,11.639,11.214,11.521,11.159,11.214,12.625,11.777,11.488,10.105,6.9507,8.4981,10.043,11.521,10.043,10.796,11.08,9.2016,9.5339,7.4854,8.6146,7.811,7.8903,10.105,9.5339,9.1064,10.609,11.08,12.476,11.65,11.693,12.565,12.781,13.511,13.766,13.982,16.07,14.954,14.549,12.975
15.186,16.684,17.745,17.895,17.745,17.188,17.319,16.329,15.797,14.678,13.951,12.784,12.563,12.94,11.325,13.425,12.826,13.073,12.606,12.774,13.395,13.235,13.632,12.909,12.94,11.977,11.325,9.5211,7.6762,6.2817,11.786,13.855,14.983,15.738,15.797,15.499,14.687,14.356,14.541,14.974,13.98,13.951,14.282,13.642,13.514,13.435,12.435,12.563,11.604,11.921,11.604,9.9323,9.9323,9.4931,10.34,10.249,10.379,10.249,10.026,8.7932,6.387,7.7453,9.0178,8.778,10.026,9.9725,9.0178,8.342,8.8235,8.1643,7.0232,7.3024,8.4056,8.6557,9.3516,9.4931,9.3516,9.6048,10.954,10.632,10.782,10.645,11.797,12.088,12.478,12.701,13.903,13.554,13.073,11.465
16.749,18.835,20.233,20.085,19.843,19.661,18.835,17.999,17.616,16.51,15.518,15.022,14.956,13.898,13.49,15.252,14.031,14.484,14.458,14.449,15.454,14.163,14.981,14.948,14.989,13.709,12.859,11.007,9.623,7.0464,13.416,16.222,16.919,17.672,17.275,17.553,17.145,16.138,15.952,16.068,16.045,15.646,16.068,15.606,14.981,14.552,13.987,14.093,13.462,13.041,12.546,11.063,11.241,10.698,10.882,11.373,11.728,11.675,11.557,9.6744,6.9756,8.7017,10.928,11.664,10.652,11.274,11.007,10.272,9.5842,9.2681,9.0238,8.4557,7.9877,10.089,10.368,10.077,10.593,12.546,11.675,12.466,13.079,12.993,13.388,13.49,13.407,14.663,14.931,15.211,14.981,13.267
17.046,19.538,19.633,19.847,19.664,19.847,19.172,18.839,18.766,16.863,15.132,14.724,14.042,13.684,13.418,15.641,14.529,14.716,14.867,14.657,14.959,14.8,14.959,14.452,14.034,13.418,12.499,11.243,9.162,7.8796,13.391,16.438,16.708,16.588,17.556,17.633,17.206,16.171,16.922,16.271,16.294,15.287,14.375,15.083,14.279,14.992,14.529,13.847,13.298,12.705,12.548,11.761,10.884,11.143,10.941,11.243,11.623,11.666,11.143,9.791,7.1873,8.5739,10.406,11.505,11.761,11.473,10.93,10.477,9.1891,9.4817,8.8167,8.7033,9.9295,9.4028,10.091,11.591,10.884,11.846,12.928,13.194,13.409,12.499,12.339,13.455,13.391,14.452,14.166,14.867,13.557,13.298
16.17,18.641,20.2,19.573,19.952,19.58,19.011,18.554,17.367,16.982,15.413,14.297,14.305,14.059,12.787,14.539,14.556,13.926,14.513,14.209,14.513,14.209,14.513,14.895,13.581,13.489,11.909,11.645,9.0006,7.8147,13.737,15.637,17.302,17.729,17.417,17.063,15.867,16.596,16.132,16.423,16.078,15.637,14.986,15.38,14.13,14.895,14.13,13.908,14.297,12.522,12.631,11.396,11.164,11.385,10.984,10.95,12.148,12.512,11.645,10.28,6.7907,9.1107,10.673,10.685,11.526,11.264,11.909,10.673,10.293,9.0421,8.5022,9.809,9.0006,9.694,9.5384,11.085,10.293,12.189,12.351,12.758,13.581,12.512,12.962,13.627,13.443,14.401,14.479,15.094,14.068,12.189
16.571,18.686,19.391,19.953,20.8,20.163,19.359,17.814,17.618,16.398,15.186,14.997,14.939,14.662,13.085,15.486,14.805,13.967,14.457,14.457,14.822,14.594,15.071,14.517,14.038,13.788,12.621,10.933,8.8195,7.2584,13.114,15.898,16.957,17.211,17.639,17.702,16.868,16.443,17.19,16.571,15.606,15.292,16.276,15.137,14.872,14.491,14.118,13.497,13.395,13.46,13.047,10.979,11.368,10.575,10.669,11.509,11.638,11.638,11.035,10.168,7.4942,8.7061,10.094,10.703,10.979,12.057,11.035,10.888,9.9702,9.6793,8.1762,8.2216,9.1514,10.032,9.9702,10.277,10.967,12.343,12.129,12.068,12.503,12.865,13.788,13.689,13.887,14.188,15.071,14.964,14.353,12.129
16.876,19.378,19.681,20.435,19.986,19.004,19.803,18.024,17.274,16.345,15.326,14.489,15.044,13.921,15.136,14.27,14.279,14.48,14.977,14.384,14.765,14.824,14.765,15.069,14.696,13.508,13.517,10.814,8.8816,7.4631,14.137,16.391,17.427,17.076,17.513,17.535,17.135,16.688,16.444,16.513,16.166,16.221,16.041,15.293,15.595,13.564,14.279,13.517,13.517,13.712,12.799,11.752,11.147,10.649,11.01,11.557,12.153,11.933,11.752,9.7475,7.0462,8.9804,9.9395,10.837,11.113,12.153,10.554,10.301,10.053,9.9395,8.5491,8.7818,9.8886,9.2295,8.8816,11.225,11.448,11.225,12.153,12.907,13.263,12.907,13.921,12.868,13.949,14.376,15.367,14.593,14.636,12.641
16.516,19.238,19.591,19.835,19.662,20.252,19.059,18.574,18.195,16.887,15.543,14.91,15.412,15.105,15.288,13.989,14.679,14.601,15.138,14.705,15.02,14.679,14.808,15.313,13.926,13.696,13.091,11.314,9.2564,8.574,14.258,15.898,17.39,17.615,17.971,17.622,17.096,16.676,17.037,15.922,16.237,15.898,15.346,16.119,15.616,14.679,14.739,13.889,13.603,13.129,12.737,11.786,10.892,11.088,11.088,11.179,12.126,11.58,11.314,10.12,6.5646,9.0767,10.032,10.38,11.591,11.088,11.797,11.122,9.9939,9.2838,9.0066,7.8808,9.0767,9.9939,10.38,10.869,12.01,11.678,12.466,12.627,12.993,13.435,12.617,13.557,14.214,14.214,14.868,15.81,13.998,12.456
16.574,19.4,19.547,19.452,20.345,19.956,18.815,18.149,17.394,16.095,15.489,14.596,14.102,13.471,12.78,14.382,14.874,13.97,14.181,14.958,14.966,15.197,14.991,14.958,13.907,13.618,12.741,11.478,9.153,7.9775,13.79,15.932,17.308,17.515,17.564,17.055,16.871,16.332,16.596,16.149,15.262,15.986,15.513,14.991,13.907,15.4,13.907,13.97,13.545,13.049,12.008,11.304,10.659,11.149,10.935,11.204,12.142,11.478,10.98,10.096,7.3616,8.5345,10.565,11.282,11.149,10.74,10.935,10.565,10.946,10.096,9.1665,8.9885,9.5256,9.8716,10.034,11.392,10.518,11.37,12.314,12.623,12.77,13.471,13.471,13.471,14.494,14.596,14.494,15.608,14.494,12.712
16.18,18.625,19.125,19.171,19.797,20.05,19.092,18.462,18.57,17.387,15.682,15.317,14.628,14.858,14.816,14.61,15.284,14.628,14.367,14.262,14.559,14.653,15.085,14.968,14.048,13.5,13.284,11.219,9.2104,7.6584,13.509,16.435,16.564,17.162,17.416,17.125,17.125,17.387,17.066,16.858,16.549,15.706,15.035,15.456,15.586,14.61,14.824,14.376,13.777,12.791,12.207,11.452,10.159,10.831,10.343,11.55,11.713,11.083,11.219,10.536,7.042,9.6508,10.44,11.049,11.55,11.441,10.772,10.233,10.44,9.6508,9.5854,8.5881,8.8905,10.772,10.584,10.331,12.218,12.693,12.583,13.025,13.131,13.083,12.85,13.198,13.949,14.27,14.653,16.086,13.255,12.553
16.357,19.351,20.001,20.759,19.945,19.564,19.129,18.865,17.923,16.54,15.603,15.237,14.734,14.743,15.162,13.82,14.346,14.249,14.895,14.606,14.836,14.528,15.327,15.683,14.563,13.628,13.236,10.941,8.9617,8.078,13.784,16.357,17.275,17.477,17.705,17.136,17.004,16.41,16.187,16.683,15.659,15.921,16.357,15.063,14.836,14.24,14.258,13.674,13.536,12.772,13.112,11.424,10.756,10.568,10.999,11.435,11.695,11.738,11.566,9.8808,7.0849,9.5711,10.461,10.756,13.025,11.876,11.695,10.279,10.132,9.0315,8.1553,8.7492,9.2376,9.5711,10.838,11.62,10.756,11.258,12.534,13.064,13.674,13.064,13.756,13.893,14.346,15.029,15.538,14.946,15.063,12.772
17.124,18.7,20.404,20.018,19.687,19.831,18.95,17.763,17.022,16.202,15.627,15.331,15.193,14.363,13.943,14.534,14.014,13.764,14.466,14.466,14.44,14.846,15.062,14.938,13.863,13.665,13.372,11.348,9.2969,7.1253,14.023,16.301,16.927,17.839,17.189,16.684,16.729,16.301,15.878,16.301,15.619,15.587,16.049,15.587,15.004,14.846,13.473,13.728,13.446,13.025,12.451,10.914,11.489,11.183,10.259,11.183,12.531,12.361,11.489,9.853,8.0398,9.3897,11.457,11.543,10.72,10.766,10.463,10.58,9.9655,9.1762,8.9715,7.8686,9.0813,10.914,10.65,10.557,11.348,12.6,13.138,12.6,13.138,13.091,13.446,14.155,13.827,15.266,15.737,15.168,14.738,12.668
15.948,18.612,19.401,19.529,19.344,19.376,19.163,17.96,17.155,16.559,15.752,14.523,14.446,14.582,13.189,15.06,13.596,14.48,14.952,14.107,15.018,14.861,15.018,14.861,14.952,12.855,12.602,10.879,9.185,7.4052,13.605,16.218,17.263,17.612,17.427,17.327,16.936,16.7,16.581,16.218,15.886,15.94,16.203,15.018,14.861,14.65,14.168,14.107,13.449,13.403,13.037,11.618,10.73,11.359,11.194,11.06,11.882,12.038,10.879,9.6719,7.1841,9.09,10.753,11.293,10.555,11.381,11.138,10.753,10.508,9.6205,8.3502,8.8689,9.5817,9.9626,10.695,10.753,11.618,12.12,12.7,12.493,12.333,13.486,13.551,13.678,14.785,14.523,15.15,15.24,14.177,12.807
15.163,16.649,17.625,17.708,17.768,17.998,16.465,15.915,15.259,14.764,13.525,13.137,13.397,13.207,11.682,12.923,12.799,12.923,12.882,12.463,13.922,12.409,13.525,13.407,12.882,12.388,12.248,9.8443,8.4981,6.5584,11.75,13.874,15.671,15.764,15.907,15.441,15.155,14.764,14.017,14.289,13.874,14.074,14.547,13.874,13.137,12.377,12.409,11.896,11.75,12.029,11.441,9.5012,10.37,9.6811,9.9516,10.37,11.063,10.51,9.8443,8.4981,6.7183,8.3085,8.6375,9.8981,9.7766,10.124,9.5846,9.2749,8.7445,8.2605,6.7183,7.8822,7.8484,9.2175,9.2749,9.4732,9.8443,10.623,10.833,11.682,11.896,11.682,11.896,12.409,12.409,13.865,13.749,13.525,13.486,11.896
16.713,19.04,20.192,18.974,19.913,18.863,19.234,18.604,17.554,16.564,15.599,15.18,14.032,13.961,14.269,14.182,14.723,13.899,14.103,14.094,14.949,15.023,15.188,14.032,14.553,13.555,12.772,11.064,8.9831,7.7995,13.961,16.046,17.211,17.807,17.554,16.713,16.861,16.223,16.75,15.922,15.455,15.828,15.953,15.35,14.382,14.723,14.723,14.032,13.961,12.547,12.001,11.472,10.94,10.734,10.559,10.94,12.307,11.98,12.062,10.273,7.0469,9.3089,10.273,11.142,11.844,11.275,11.472,10.224,9.4807,8.8157,8.7023,8.7023,9.4018,9.1881,9.3621,10.559,11.844,12.042,12.457,11.886,12.124,12.704,13.961,14.815,12.965,15.519,15.575,15.383,14.79,12.927
16.416,18.892,20.142,19.264,20.388,19.257,18.793,17.467,17.085,16.768,15.104,14.813,14.888,14.745,14.133,14.507,14.133,14.507,14.888,13.621,15.211,14.55,14.186,14.98,13.982,13.1,12.476,11.314,9.1069,7.7955,13.391,16.04,17.581,17.701,17.07,17.581,17.324,16.476,16.739,15.923,15.86,15.923,15.013,15.852,14.888,14.481,14.473,14.009,13.803,12.516,11.778,11.746,11.159,10.75,10.899,11.402,11.608,11.651,11.314,10.288,6.7141,8.9968,9.9935,10.715,10.043,11.024,10.587,10.99,9.5865,8.4986,8.8291,8.047,9.1614,9.3231,10.093,11.292,11.489,11.651,11.988,11.998,12.985,12.723,12.516,13.803,14.481,15.276,14.888,14.838,14.838,13.1
16.349,19.057,19.129,19.744,20.119,19.49,18.574,17.554,17.646,16.257,15.014,15.179,13.623,14.474,13.732,12.832,14.396,14.117,14.508,14.482,14.577,14.055,14.508,14.611,14.474,13.559,13.439,11.403,9.2029,7.8914,13.512,15.592,16.888,17.361,17.304,17.231,16.531,16.111,16.74,16.977,16.257,16.095,15.105,15.544,15.204,15.31,14.301,13.623,13.485,12.487,11.779,11.381,10.946,10.957,10.774,11.381,12.144,11.641,11.392,10.386,6.5646,9.4697,10.681,11.684,10.774,10.946,11.523,11.293,9.6003,9.2837,8.7163,8.844,8.8861,9.4959,9.1758,11.403,11.381,11.49,11.576,12.082,12.487,12.357,13.559,13.577,14.196,14.973,16.002,15.592,14.37,13.101
16.323,18.505,19.292,19.961,19.524,19.601,19.025,18.061,17.499,16.277,15.507,13.9,14.079,13.646,12.041,14.999,13.792,14.008,14.533,14.079,14.602,14.576,14.533,14.999,13.828,12.98,12.648,11.01,9.1234,7.4324,13.6,16.506,16.999,17.441,17.754,17.101,16.529,16.277,16.529,16.4,15.699,15.531,16.006,14.576,14.915,14.533,13.792,13.508,13.453,13.085,12.805,11.179,11.179,10.511,11.067,11.179,12.082,11.884,10.965,9.9616,6.4026,9.1916,10.547,10.965,11.714,10.999,11.01,9.7074,9.0131,9.2188,8.514,8.9993,8.514,10.439,10.547,10.629,10.511,12.041,12.009,13.434,12.509,12.378,13.037,13.123,14.499,14.159,15.296,15.23,14.915,13.284
16.12,18.718,18.798,19.139,19.824,19.501,18.698,18.177,17.648,16.6,15.188,13.911,12.761,13.584,13.108,14.203,14.195,14.018,14.142,14.018,15.188,14.516,14.516,14.788,13.639,13.584,11.985,11.166,9.6959,8.0675,13.325,15.925,16.6,17.824,17.669,17.044,17.183,16.358,16.622,16.472,16.358,15.505,15.245,15.791,14.516,15.114,14.482,13.52,13.437,12.574,12.088,11.583,10.687,11.166,11.222,11.088,12.364,12.15,11.222,10.185,7.0089,8.8488,10.391,10.111,11.496,10.534,10.427,10.757,10.283,9.4748,8.4892,9.0025,9.3822,9.849,10.099,11.321,11.485,12.712,13.022,12.731,12.984,13.437,12.574,13.991,13.929,15.212,14.687,15.488,14.516,13.566
17.061,18.781,19.721,19.741,19.969,19.224,18.927,17.411,17.669,15.94,14.372,14.752,14.16,14.623,15.122,13.552,13.99,14.372,14.476,14.58,14.752,14.811,14.752,15.492,14.187,13.837,13.384,11.46,9.6349,7.6397,13.644,16.376,17.317,18.395,17.945,17.641,17.12,16.673,16.43,16.027,15.484,15.557,16.673,15.255,14.58,14.752,13.873,13.505,13.505,13.505,13.242,11.58,11.137,11.137,11,11.547,12.847,12.059,11.438,10.144,7.5403,8.7596,9.9307,11.806,12.408,11.752,11.035,10.664,10.545,9.2486,7.5902,8.5268,9.687,9.2213,9.956,11.216,11.046,11.806,12.944,13.99,12.817,13.384,14.133,13.644,14.623,14.266,15.995,14.76,14.913,12.788
17.048,19.044,18.811,19.546,19.853,19.385,18.629,18.136,17.268,16.254,15.055,14.274,13.652,13.513,13.287,14.588,14.691,14.657,13.88,14.76,14.862,14.819,14.921,15.097,13.78,13.559,12.666,11.222,9.0332,7.6604,13.652,15.949,17.129,17.268,17.457,17.334,17.283,17.166,16.439,16.682,16.012,15.846,15.5,15.46,14.691,15.362,14.862,14.353,13.202,13.249,13.135,11.759,10.551,11.006,11.052,10.646,12.21,11.673,11.844,10.099,7.1853,9.2536,10.334,11.553,12.344,12.138,11.64,10.646,10.087,9.9361,9.0332,8.8786,11.143,10.443,11.143,10.479,11.705,12.303,13.259,13.029,14.141,13.808,13.466,13.513,14.76,14.475,14.554,15.172,14.203,12.344
16.948,19.341,19.228,20.193,20.136,19.518,19.208,18.393,17.865,16.797,15.599,14.688,14.094,14.758,14.076,14.921,13.801,14.381,14.921,14.584,14.732,14.47,15.426,14.861,14.549,13.606,13.148,10.931,9.4937,7.2875,13.903,16.272,17.299,17.865,17.922,17.743,16.948,16.621,16.272,17.188,15.826,16.552,15.566,16.272,14.861,15.368,14.265,14.549,14.478,12.883,12.336,11.219,11.082,11.299,11.633,12.011,12.232,11.622,12.053,10.219,7.7296,9.9532,10.743,12.294,12.211,11.633,12.388,12.232,10.219,9.3173,9.9276,9.2898,10.169,11.523,11.219,12.148,11.786,12.632,13.559,12.673,13.138,12.883,13.903,14.732,14.715,14.265,16.736,15.293,14.861,13.68
16.682,19.067,20.337,20.224,20.211,19.307,18.797,18.441,17.386,16.796,14.731,14.478,14.372,13.224,12.672,14.372,14.757,14.148,15.401,14.792,15.367,15.2,15.142,15.5,14.478,13.975,12.882,11.162,9.2757,7.5792,13.791,16.497,17.864,18.365,17.921,17.714,17.098,16.667,16.735,16.52,15.978,16.295,15.234,15.737,14.012,14.963,14.451,14.157,14.309,12.5,12.211,11.752,11.219,11.433,10.659,11.632,12.387,12.551,11.665,10.659,7.6962,10.156,10.659,11.093,12.221,12.169,11.128,11.455,11.621,10.514,9.2205,10.231,11.522,10.219,10.231,12.672,11.4,12.941,13.147,13.596,13.292,13.605,14.229,15.2,15.392,14.731,15.978,15.426,14.653,14.3
16.596,19.011,18.654,19.694,20.524,19.011,16.254,16.982,14.961,17.193,13.489,15.094,15.859,14.296,13.736,14.513,14.986,16.738,14.139,15.38,14.751,13.881,16.007,15.984,12.981,14.094,13.396,10.579,9.6422,7.0073,13.322,15.509,18.221,18.84,17.215,17.062,17.778,16.543,16.536,16.536,16.046,16.783,15.629,15.549,14.844,14.478,14.296,13.105,13.772,12.728,13.322,11.297,10.754,11.526,10.949,11.687,11.867,11.644,11.751,9.985,8.5458,10.719,10.949,11.407,12.28,11.526,11.751,10.109,9.6937,9.5903,11.319,11.029,9.0004,9.5382,9.6033,14.556,13.019,13.809,12.491,12.728,12.63,12.836,14.844,13.067,16.842,14.513,19.291,17.077,16.17,13.181
16.602,18.88,19.142,18.767,18.985,19.99,16.625,17.538,18.985,15.99,14.302,14.967,13.223,13.42,14.302,17.869,14.126,17.251,14.757,13.448,16.107,13.814,15.426,13.586,15.675,14.561,14.02,11.301,9.6459,7.0632,13.931,16.245,17.931,18.56,17.423,16.36,17.2,16.602,16.307,15.794,15.507,16.752,16.959,15.794,15.643,14.748,14.561,13.913,13.714,13.814,11.787,12.496,11.323,12.152,10.724,10.908,12.08,12.028,11.702,10.296,7.4917,10.805,10.536,10.908,11.168,12.486,12.08,12.028,10.999,7.8969,12.526,10.284,10.954,12.007,10.393,12.645,10.805,12.645,12.07,13.641,12.802,12.733,13.271,12.486,12.986,17.069,13.632,16.55,15.288,14.206
16.261,19.523,19.777,20.399,19.523,19.847,19.004,17.689,17.027,15.912,14.575,14.998,14.558,14.114,14.498,13.645,14.149,13.944,14.532,15.229,14.703,14.763,14.703,14.981,14.316,14.078,12.746,11.596,8.9431,8.0145,14.211,16.445,17.844,18.06,18.558,17.412,17.005,16.619,16.505,16.399,15.295,15.53,15.809,14.575,14.847,14.635,14.42,14.078,12.969,13.655,12.979,11.925,11.509,11.01,11.179,11.235,12.657,12.04,11.596,9.7069,7.8252,9.9234,11.235,11.4,12.378,12.746,12.205,10.919,10.061,10.306,8.8447,9.7069,10.546,10.306,10.049,12.102,12.538,12.498,13.34,13.208,13.6,13.199,13.864,14.078,14.316,14.864,16.138,16.505,14.532,13.208
16.762,18.988,19.477,20.766,19.483,20.081,18.766,18.664,17.409,16.261,15.468,14.83,14.271,14.262,13.577,15.785,14.684,14.727,14.128,14.623,14.658,15.369,15.336,15.043,15.136,13.91,13.35,11.331,9.5139,8.1306,13.947,16.277,17.062,17.763,17.763,17.884,17.262,16.54,16.517,16.913,16.025,15.656,15.945,15.203,15.785,15.169,14.684,14.422,14.155,13.549,13.12,11.608,11.52,10.885,11.196,12.144,12.606,11.986,11.52,10.135,7.445,10.791,12.269,11.52,12.206,12.616,11.772,10.601,10.72,10.085,9.2566,9.0903,10.685,12.606,12.756,11.52,12.636,13.236,13.577,13.698,13.624,13.11,14.28,14.262,14.544,15.203,16.417,15.833,15.11,13.12
16.4,18.74,19.299,19.208,19.601,19.721,18.68,18.336,17.218,16.619,15.691,14.114,13.6,13.891,13.152,14.999,14.507,14.602,14.079,15.304,15.206,15.619,15.007,14.915,14.559,13.655,12.205,10.547,9.1916,8.0149,13.792,16.006,17.355,17.326,17.676,17.239,17.239,16.769,17.086,16.769,16.445,15.206,16.139,15.007,14.713,15.699,14.533,13.9,13.582,13.037,13.237,10.816,10.919,10.735,11.884,11.852,12.368,11.672,10.919,10.258,7.6315,9.7074,11.067,11.101,12.902,12.02,11.884,11.412,12.164,10.403,9.3399,9.8607,10.307,10.307,11.01,12.009,12.746,12.509,13.792,13.536,14.141,13.536,13.085,14.533,15.402,14.559,15.337,15.402,14.713,12.805
17.004,18.032,20.253,20.086,19.318,19.24,18.686,17.928,16.496,15.894,15.696,14.434,14.607,14.512,12.652,15.211,14.434,14.709,14.581,14.87,15.504,14.504,15.037,15.576,14.039,13.605,12.819,11.283,9.5548,7.9076,13.605,16.035,17.497,17.928,17.724,17.497,17.107,16.565,16.451,16.451,15.447,15.301,16.105,15.536,14.581,14.987,14.084,13.733,13.54,13.089,13.013,11.405,11.071,10.597,11.416,11.888,12.78,12.301,11.771,9.9649,7.0728,9.62,12.013,12.533,12.096,12.169,12.423,10.514,10.633,10.55,9.3964,9.3964,9.8258,9.9271,11.405,10.773,12.301,12.503,13.317,13.089,13.513,13.586,13.796,14.039,14.853,15.012,16.105,15.664,15.045,13.345
17.404,19.286,20.271,19.107,19.633,19.916,19.319,18.675,16.967,16.254,15.184,15.125,13.786,14.249,14.99,13.637,15.007,14.672,15.007,15.151,15.45,14.776,14.981,15.007,14.845,13.581,13.468,11.343,9.2795,7.8356,14.356,16.16,17.169,17.845,18.234,17.924,17.659,16.441,16.71,17.079,16.041,15.841,16.041,14.716,14.99,14.646,14.294,14.142,14.294,13.637,13.581,12.124,11.443,11.116,11.826,12.124,12.218,12.291,11.286,10.405,7.6381,10.22,11.207,12.208,12.629,12.208,11.532,11.173,10.503,10.79,9.0993,9.0993,10.393,9.9165,10.145,11.07,12.659,12.218,13.364,13.44,14.356,12.898,14.568,13.997,14.249,15.058,16.869,15.937,15.809,12.769
16.151,19.032,20.015,19.939,19.005,16.679,17.536,18.538,20.09,16.352,15.232,12.828,14.166,15.232,13.816,13.752,10.648,13.606,15.582,15.232,14.236,13.532,15.94,16.027,14.166,12.67,13.364,12.44,8.8748,8.153,13.925,15.598,16.648,17.785,18.699,17.764,16.558,15.94,16.527,17.834,16.306,15.558,15.55,14.35,14.324,15.158,14.891,13.532,13.108,14.032,13.852,12.278,10.984,10.325,11.255,12.103,12.561,11.421,12.062,9.8398,7.8233,10.565,11.03,11.873,11.255,12.02,11.255,10.141,10.788,12.041,11.355,9.0705,10.017,10.129,11.421,12.44,11.064,10.984,11.299,13.852,13.532,12.44,13.606,15.232,16.558,14.627,14.342,15.067,15.232,13.624
16.037,18.377,19.885,19.561,19.638,18.862,18.54,18.206,16.741,16.029,14.893,14.247,15.235,14.141,14.664,13.224,13.972,14.561,14.8,14.106,14.868,14.741,15.027,15.729,14.177,13.782,12.839,10.836,10.031,8.0769,13.782,16.169,17.71,18.144,17.935,16.801,17.236,17.148,16.308,16.56,15.267,15.816,16.583,15.069,15.061,14.326,14.344,13.891,13.487,13.366,12.829,12.032,11.422,11.301,11.256,12.105,12.771,12.523,11.737,9.8667,6.8131,9.7259,11.422,11.694,12.771,12.321,11.088,10.986,9.9805,9.4511,8.647,8.5301,9.0302,10.314,9.5698,10.567,11.031,12.043,12.553,13.224,13.782,13.234,14.168,14.238,15.102,15.027,15.919,15.919,15.56,13.234
15.449,18.007,18.007,18.08,18.211,18.277,17.71,16.357,16.422,15.746,14.31,13.471,13.122,12.959,13.858,12.867,13.627,14.001,13.982,14.235,14.448,14.235,13.935,13.906,13.627,12.908,12.277,10.821,8.566,6.6909,13.421,15.423,15.988,16.478,16.883,16.859,15.855,15.653,16.276,15.653,15.303,14.926,14.557,14.494,14.337,14.567,14.133,13.282,13.471,12.743,11.838,10.942,11.003,10.358,10.747,11.509,11.737,12.059,10.857,9.9933,6.5103,8.251,10.598,12.147,11.37,12.004,10.255,10.906,10.358,9.4623,9.1202,9.0033,9.3213,9.4623,10.358,10.906,11.509,11.612,12.004,12.114,11.737,12.395,13.182,13.421,13.588,14.133,15.423,15.198,13.906,12.99
16.699,18.428,19.718,19.403,19.211,19.244,18.976,17.198,16.714,15.751,14.69,15.052,14.184,14.002,14.265,12.807,13.631,14.742,14.265,14.408,14.716,14.76,15.422,15.196,14.256,13.365,13.451,10.571,9.7248,8.2412,13.929,16.482,18.027,18.573,17.942,18.126,16.897,16.92,16.208,16.208,15.726,16.113,17.242,15.052,15.171,14.256,14.066,13.631,13.584,14.256,13.375,11.544,11.655,11.241,11.862,12.318,12.002,12.002,11.688,9.738,8.0046,10.238,11.819,12.504,12.504,12.192,11.103,11.057,9.9849,10.326,9.0136,9.1266,10.049,9.6188,9.972,11.775,11.567,11.567,12.907,13.289,13.827,14.103,13.827,14.889,14.889,16.2,16.859,14.889,16.397,13.365
16.633,19.426,19.636,20.383,19.007,19.041,18.933,17.956,16.587,16.07,14.585,14.239,14.94,13.802,14.88,13.755,13.615,14.248,15.034,14.742,15.153,14.275,15.153,15.153,14.239,13.662,13.186,10.939,9.2825,7.5847,13.986,16.463,17.784,17.755,17.956,17.956,17.531,17.17,16.408,15.511,15.829,15.87,15.99,14.699,15.304,14.167,13.986,13.802,13.912,13.615,13.615,11.902,11.531,10.667,11.464,11.641,12.892,12.732,11.553,10.126,7.6016,9.9601,11.09,11.902,13,12.56,11.641,11.136,11.17,10.011,9.7264,9.4056,11.09,9.7657,10.375,11.902,11.531,12.396,13.186,14.239,14.248,13.755,13.811,15.212,14.699,15.837,16.189,16.189,15.618,13.157
16.516,18.655,19.965,19.58,19.863,19.889,18.71,17.954,17.209,16.462,14.657,14.726,14.838,14.447,13.946,14.341,13.623,14.154,15.126,14.76,15.126,14.438,14.966,14.991,13.872,13.623,13.148,11.274,9.3787,7.2191,13.576,15.792,17.84,18.221,18.179,17.904,17.246,16.087,16.33,15.944,15.832,16.237,15.92,16.087,15.532,15.335,15.126,14.261,14.421,13.196,12.524,11.608,11.771,12.143,10.719,11.608,12.524,12.122,11.498,10.884,8.5714,10.284,11.771,12.309,12.645,12.855,12.524,12.111,10.719,10.134,10.008,9.0896,9.3787,11.695,11.161,11.331,12.605,13.08,14.198,13.576,14.064,14.657,14.35,16.024,15.109,15.655,16.079,16.26,15.638,13.576
16.168,18.854,19.016,18.956,19.296,18.908,18.43,17.667,17.147,16.672,14.723,14.997,14.221,14.149,14.04,14.363,14.354,14.645,15.065,14.783,14.852,14.783,14.749,14.221,14.645,13.719,11.972,11.527,9.1457,7.6918,13.168,16.718,17.288,18.215,17.354,17.508,16.938,16.672,16.855,16.168,16.168,15.728,14.723,15.557,15.849,15.284,15.014,14.645,14.301,13.217,12.472,11.659,10.878,11.527,10.901,11.626,12.003,12.204,11.778,10.398,7.3527,11.121,11.746,12.665,12.625,13.255,12.421,12.944,11.821,10.411,10.163,10.213,9.9983,11.659,11.348,12.046,13.37,13.644,13.284,13.967,13.635,14.645,13.719,15.392,14.723,15.014,16.356,16.285,14.989,13.784
16.182,19.077,18.425,19.44,19.485,19.123,18.486,17.429,17.228,16.495,14.523,14.149,14.307,14.307,14.855,12.738,14.078,14.762,14.694,14.694,15.52,14.489,14.523,14.855,14.489,13.499,12.649,11.172,8.9373,7.8996,13.499,15.933,17.089,17.206,17.875,17.379,17.543,16.795,16.366,17.016,15.52,15.688,15.995,14.566,15.195,14.307,14.315,14.105,13.935,13.719,13.028,11.791,11.059,10.912,11.653,11.588,12.197,11.759,11.415,9.9922,8.2398,10.587,11.706,12.845,12.49,13.2,11.876,11.227,11.534,11.227,10.116,10.042,9.9922,10.432,11.003,12.032,12.649,13.637,13.591,14.566,14.14,13.719,14.149,13.998,15.195,15.496,15.195,16.112,14.523,13.989
16.283,18.074,19.306,20.006,19.512,19.48,18.012,17.034,16.573,15.561,15.038,13.905,13.467,13.004,12.383,14.641,13.905,13.467,14.155,14.234,15.236,14.582,15.512,14.87,14.769,14.146,13.439,11.676,9.195,7.6507,13.905,16.291,17.469,17.361,18.033,17.81,17.034,16.656,16.505,16.329,15.211,15.121,15.981,14.777,14.87,15.038,13.905,13.345,13.214,13.467,13.289,12.097,11.601,11.317,11.014,11.719,12.514,12.423,12.024,9.9275,8.5024,10.262,11.708,12.859,13.457,12.859,11.665,11.708,10.969,11.284,9.2222,10.015,10.262,10.923,11.514,11.014,12.014,12.383,13.587,13.905,14.435,13.651,14.71,14.988,14.87,15.013,16.199,15.577,15.046,13.439
16.514,17.931,20.108,19.61,19.788,18.132,18.796,17.727,16.385,15.667,14.989,14.086,14.121,13.871,14.515,12.909,14.72,13.735,14.643,13.735,14.72,14.306,14.148,14.506,14.086,13.898,13.215,11.05,9.0176,7.5197,13.898,16.567,17.514,17.621,17.875,17.095,17.014,15.983,16.108,15.699,16.162,16.355,15.238,15.659,15.015,14.923,14.148,14.711,13.735,13.735,12.374,11.417,11.548,11.073,10.74,11.71,12.181,12.505,11.516,10.128,8.7357,10.004,11.858,13.543,11.858,12.782,11.677,11.72,10.504,10.635,10.116,10.705,10.128,11.417,10.263,12.005,11.677,12.515,14.148,13.005,14.148,13.515,14.506,15.514,14.54,15.139,15.889,15.699,15.506,14.015
16.138,18.819,18.74,19.162,19.292,18.819,18.178,18.067,17.239,15.889,14.299,14.079,14.158,13.828,13.945,13.085,14.007,14.211,14.576,14.421,14.559,14.533,15.336,14.839,14.141,13.452,13.037,10.815,9.3931,7.2103,13.461,16.491,17.69,17.753,17.676,17.555,16.642,16.865,16.506,16.192,15.912,15.998,15.238,15.522,15.205,14.915,14.498,14.211,14.141,13.6,13.123,12.174,11.661,11.044,11.401,11.51,12.04,12.164,11.422,9.499,8.1997,10.307,11.884,13.452,12.648,12.815,12.539,11.703,11.179,10.123,9.8224,10.403,11.01,11.101,10.123,12.164,12.499,13.008,14.533,13.508,14.211,13.828,14.007,15.181,14.704,14.712,15.619,15.531,14.325,13.499
15.984,17.928,18.448,18.586,20.376,18.947,17.999,17.72,17.171,16.207,15.08,14.693,14.162,13.981,13.981,13.601,15.173,13.944,14.162,14.693,15.173,15.029,15.173,14.315,13.981,13.61,13.181,11.132,9.2792,7.582,13.61,16.457,17.29,17.275,18.225,17.807,16.984,16.207,17.216,17.371,16.277,15.872,15.282,15.348,14.875,15.406,14.693,14.297,14.153,13.229,12.677,11.844,11.303,11.303,11.67,11.538,12.505,12.556,11.303,10.109,8.0875,10.888,11.086,12.787,12.887,12.152,13.181,11.93,11.303,10.935,10.16,10.421,10.222,11.637,10.935,13.297,12.757,13.88,13.88,13.297,14.054,13.732,14.457,13.797,14.866,15.206,16.332,16.277,14.297,12.946
16.699,18.634,18.98,18.743,18.791,19.359,18.627,17.24,17.277,15.949,14.915,14.26,13.258,13.87,13.373,13.897,14.464,14.464,14.446,14.657,15.018,15.161,15.001,15.153,14.304,13.373,13.553,10.655,9.6499,7.906,13.722,16.289,16.942,17.936,17.277,17.743,17.277,16.858,16.813,16.305,16.052,16.265,15.195,15.691,14.464,14.726,15.136,14.224,14.446,13.142,12.506,11.661,11.781,12.206,11.181,11.781,12.778,11.824,11.628,10.401,7.8412,10.152,12.907,12.424,13.22,12.506,12.668,12.331,11.158,10.739,10.215,10.165,11.54,10.904,11.089,12.3,13.103,12.668,14.224,12.907,13.97,14.446,15.229,15.731,14.648,15.395,16.359,15.812,15.601,12.907
15.52,18.546,19.284,18.984,18.492,18.912,19.024,17.706,16.757,16.127,14.829,14.131,14.131,13.489,12.97,14.523,13.746,13.452,14.702,14.139,14.306,15.252,14.904,14.753,14.104,13.935,13.076,11.271,9.1849,7.6423,13.636,16.334,17.089,17.493,17.6,17.45,16.365,15.995,16.365,16.365,15.687,15.56,16.311,15.495,15.029,15.219,14.219,14.315,14.21,13.718,12.649,11.706,11.491,11.392,11.093,12.197,12.53,12.49,11.534,10.251,8.725,10.503,12.53,13.114,12.844,13.645,12.806,12.011,11.844,9.9543,9.1849,9.4263,9.9543,11.706,11.534,11.844,12.166,13.405,12.989,13.917,14.565,13.917,14.523,15.17,14.761,15.64,17.169,15.901,14.419,12.718
15.992,18.292,19.589,19.429,18.849,18.723,18.01,17.166,16.627,15.796,14.759,14.312,14.304,13.496,15.216,13.111,13.888,13.995,14.835,14.066,14.691,14.128,14.993,15.282,14.691,13.524,12.794,11.532,9.4775,7.641,13.995,16.209,17.202,17.568,18.182,17.66,16.902,16.476,16.544,16.085,15.167,15.677,16.178,14.52,15.027,14.066,14.691,13.57,14.128,13.634,13.3,12.009,11.532,11.225,11.532,12.03,12.528,11.915,11.693,9.543,8.0698,10.596,11.39,12.528,13.14,13.44,11.988,12.735,10.502,11,9.8137,9.1833,10.537,11.169,11.169,12.286,11.693,12.607,13.634,14.199,14.486,14.128,14.623,14.985,15.509,15.388,16.514,15.898,16.124,13.44
15.951,18.166,19.175,19.406,19.588,18.934,19.175,17.848,17.158,15.759,15.208,14.972,14.07,14.241,14.285,14.637,13.241,13.768,14.836,14.938,14.972,14.559,14.972,14.844,14.285,13.768,13.327,10.83,9.1355,7.8955,14.024,16.267,17.619,18.187,17.335,17.136,17.217,16.469,16.715,15.951,15.927,16.523,15.317,15.791,14.998,14.628,14.663,14.205,14.427,12.969,13.086,12.284,11.808,11.958,11.279,11.613,12.761,12.284,12.211,9.936,8.5752,10.641,12.273,12.761,13.431,13.115,13.202,11.646,11.905,9.7028,9.9871,9.1355,10.912,11.279,11.7,11.776,13.154,12.86,14.133,13.241,14.267,14.285,14.706,15.759,14.706,15.71,16.173,16.707,15.399,13.535
16.765,18.514,19.115,19.4,19.011,18.853,18.065,18.017,16.986,15.905,15.258,14.29,14.053,13.794,12.938,15.299,13.429,13.429,14.6,14.829,14.472,14.463,15.037,14.879,14.995,13.475,13.794,10.485,9.1556,7.8858,13.383,16.519,16.986,17.313,17.14,17.161,16.489,16.222,16.466,17.161,15.967,15.396,16.061,15.364,14.803,15.144,14.36,13.857,14.186,14.124,12.977,12.176,11.991,11.373,11.208,12.063,12.176,12.468,11.04,10.025,8.7101,10.673,11.152,12.063,12.774,12.823,12.588,11.855,11.482,10.58,9.1963,10.025,10.27,12.063,12.135,11.384,11.991,13.622,13.383,14.282,14.386,14.541,14.463,15.095,14.879,16.526,17.284,16.238,15.85,13.503
16.628,18.652,18.923,20.265,19.295,19.13,18.267,17.229,16.909,16.901,15.132,13.943,14.016,13.117,14.895,13.76,14.55,13.843,14.835,14.654,15.132,14.276,15.701,15.039,14.436,14.436,13.574,11.136,9.7882,8.1286,13.87,16.628,17.47,17.324,18.071,17.702,16.909,16.758,16.459,16.628,15.83,16.257,16.077,15.124,14.895,15.332,14.68,14.124,14.259,13.943,13.107,12.141,11.769,11.951,11.496,11.725,12.961,12.603,11.606,9.9427,8.9755,10.694,11.866,12.481,13.088,13.574,12.025,12.12,10.38,9.7361,10.208,10.208,10.882,10.393,10.393,12.276,12.643,13.088,13.76,13.574,13.713,13.843,15.039,15.257,15.124,15.918,17.361,16.697,15.636,13.078
16.3,18.119,19.353,19.373,19.445,18.784,19.027,17.252,15.872,15.984,14.377,14.58,14.098,13.796,13.944,14.296,13.944,14.162,14.693,14.667,15.406,14.189,15.164,15.206,14.27,13.879,13.152,11.359,9.7226,7.7154,14.098,16.946,17.517,18.041,17.863,17.633,17.429,16.3,16.672,16.557,15.694,16.3,15.694,15.864,15.472,14.797,14.314,14.189,14.314,13.657,12.887,12.131,11.8,11.724,11.131,11.131,12.555,12.504,11.359,10.805,7.9116,9.2237,11.404,13.344,13.142,12.504,12.636,11.131,10.817,10.109,9.2927,9.1542,10.109,12.298,10.805,11.929,12.727,13.044,14.098,13.459,13.296,13.354,14.474,15.612,14.553,15.348,16.893,15.197,15.398,13.487
16.481,17.941,19.402,19.056,19.243,18.343,18.839,17.197,17.33,15.429,15.701,14.336,12.817,13.133,14.478,13.677,13.677,13.817,14.602,14.611,14.949,15.371,14.264,14.255,14.478,13.172,12.656,11.376,9.3343,7.7438,14.183,15.529,16.582,17.912,17.747,17.316,16.774,16.858,16.736,16.481,15.823,16.207,16.088,14.949,15.102,15.195,14.681,13.9,14.183,13.631,13.817,11.85,12.17,10.834,11.687,11.818,12.746,11.807,11.32,10.124,8.6504,10.023,10.904,12.41,13.365,12.656,12.244,10.436,10.869,10.57,8.956,9.6183,11.102,9.8291,11.24,12.886,12.666,12.906,13.201,14.39,14.399,13.479,14.496,14.327,15.488,15.187,16.713,16.919,15.421,13.064
15.867,18.014,18.834,18.565,19.205,18.787,18.401,17.089,16.565,15.26,14.585,13.778,14.271,13.51,12.084,14.559,13.649,13.584,13.878,14.085,14.918,14.585,13.95,13.995,13.704,13.256,12.042,10.584,8.777,7.9334,13.51,16.336,16.859,17.148,17.782,17.265,16.829,16.158,16.679,16.859,15.843,15.169,15.946,14.628,15.052,15.186,14.35,13.631,13.878,14.058,13.501,12.042,11.713,10.644,11.551,11.584,12.084,12.136,10.808,9.5859,8.1679,10.477,10.147,12.392,12.574,12.584,11.353,12.136,11.141,11.713,9.5859,8.5297,10.738,10.831,11.713,11.016,12.301,13.36,13.285,13.51,14.368,14.2,14.481,15.036,14.918,15.562,16.565,16.565,15.26,13.055
15.919,18.177,19.369,19.164,19.765,18.984,18.877,18.592,16.947,16.329,14.989,13.649,13.565,13.944,13.944,13.547,14.62,13.944,13.761,14.268,14.551,14.445,14.828,14.698,14.437,13.944,12.694,11.273,9.5123,7.9713,14.197,16.422,16.85,17.71,17.76,17.501,17.059,16.91,16.537,16.668,16.398,16.204,15.831,15.653,15.424,15.333,14.62,15.04,14.34,14.125,13.089,12.452,11.952,11.694,12.204,11.639,12.913,12.472,11.802,10.635,8.1292,10.778,12.277,13.233,12.267,12.644,12.277,11.057,11.726,10.381,9.6975,11.103,11.137,11.194,10.491,12.694,13.621,13.612,13.547,13.696,14.655,13.696,14.964,15.531,15.242,15.831,16.046,16.258,15.333,13.761
16.62,18.364,18.918,19.339,18.878,19.019,18.44,17.208,17.179,16.081,14.661,13.262,14.093,13.107,12.168,14.687,13.651,13.651,13.975,14.147,14.652,14.156,15.073,14.468,14.011,13.557,12.792,11.127,9.289,7.8923,14.011,15.793,17.097,17.648,18.14,17.684,16.947,16.977,16.294,16.681,15.865,15.978,16.176,14.92,15.073,15.292,13.975,14.183,14.652,14.156,13.595,12.672,12.231,10.907,11.218,11.892,12.55,12.137,11.298,10.105,8.2868,10.706,12.137,12.662,13.453,13.651,12.147,12.293,11.522,10.718,10.029,9.5998,10.742,11.522,12.293,12.052,12.99,12.752,14.468,14.451,14.791,14.574,14.468,15.425,15.825,15.392,15.857,16.2,15.275,13.146
16.483,18.399,18.351,18.219,18.944,18.735,18.537,17.609,16.947,16.109,14.445,14.436,13.546,13.621,13.871,13.01,13.696,13.546,13.612,14.655,14.339,14.964,15.53,14.419,14.698,13.907,12.764,11.057,9.6842,8.129,13.319,16.203,17.347,17.384,17.413,17.362,16.289,16.583,16.46,16.758,16.14,15.2,16.046,15.258,15.166,15.241,14.836,13.907,14.125,14.33,12.961,11.951,12.183,11.273,11.194,11.693,12.204,12.603,11.639,9.6973,8.2068,10.86,12.11,13.319,13.079,13.348,13.146,12.266,11.496,10.883,10.393,10.789,10.282,11.769,10.86,13.233,13.079,12.764,14.017,13.696,14.62,14.116,14.724,15.758,14.989,16.164,16.398,16.414,15.166,13.146
16.264,18.04,19.096,19.411,19.042,19.544,18.603,17.377,17.272,16.264,14.811,13.866,14.051,14.233,14.811,13.875,13.498,14.556,14.662,15.079,15.155,14.811,14.794,15.903,14.088,13.45,12.213,11.095,9.8638,8.3784,13.208,16.383,17.34,17.302,18.018,18.04,17.19,16.54,16.485,16.328,16.264,15.274,16.169,15.781,15.01,14.767,14.941,14.115,14.17,13.819,13.866,12.402,11.188,11.495,11.36,12.235,12.71,12.118,11.816,9.8638,8.2072,11.176,12.277,12.822,13.754,13.247,12.547,12.547,12.277,10.943,10.007,9.7718,11.28,11.188,12.075,12.741,13.977,13.679,14.152,14.306,15.476,14.547,15.476,15.104,15.757,15.001,16.288,16.664,15.757,12.7
16.245,18.836,19.288,19.971,19.208,19.586,18.713,17.46,17.519,15.491,13.663,14.135,14.217,13.785,12.837,14.53,13.663,13.396,14.352,14.352,14.794,14.82,14.854,15.532,14.217,13.71,13.046,11.403,9.1476,7.7287,13.653,16.936,17.26,18.386,17.519,18.47,16.621,16.364,16.379,16.59,14.984,16.245,16.34,15.738,15.925,15.206,14.153,13.803,14.244,14.352,13.785,12.532,12.356,11.715,11.835,12.061,12.532,13.006,11.571,9.7603,8.4451,11.14,12.346,13.615,12.807,13.71,12.283,12.696,11.128,11.769,10.008,10.752,11.082,12.996,12.439,12.716,13.396,12.837,15.231,14.53,14.108,15.231,15.069,15.298,15.432,15.231,16.898,17.23,15.754,13.933
16.353,19.126,19.251,19.231,19.146,19.093,18.42,18.262,17.543,16.453,14.383,14.365,13.598,13.856,13.928,13.346,14.215,14.01,14.215,14.781,15.068,14.874,14.772,14.984,13.524,13.524,12.597,11.152,9.4367,7.534,13.515,16.36,16.944,17.406,17.644,17.694,16.847,16.719,16.847,16.787,15.643,15.643,16.582,15.276,15.505,14.933,14.392,14.01,14.488,14.206,13.892,13.098,11.768,11.061,11.563,12.221,12.096,12.096,10.784,10.095,8.9848,11.061,12.075,13.709,14.072,13.04,12.138,12.597,10.643,11.287,11.016,10.158,11.152,11.563,11.231,13.26,13.26,13.928,14.461,14.392,15.11,14.6,15.11,14.643,16.229,15.883,16.996,15.578,15.334,13.598
16.499,18.706,18.938,19.415,20.015,18.706,18.373,17.043,16.93,16.184,14.771,14.436,14.212,14.284,14.436,13.391,14.029,14.814,14.212,14.418,14.849,14.918,14.525,15.335,14.849,13.648,12.721,11.136,9.3116,8.0201,13.705,16.239,17.49,17.869,17.431,17.35,17.013,16.884,16.861,16.389,15.879,16.239,15.527,15.293,15.259,15.2,15.021,15.132,14.718,14.103,13.43,12.711,11.124,11.567,11.171,11.71,12.279,11.567,11.124,10.195,8.623,11.171,11.567,13.478,13.798,13.705,13.276,12.691,12.195,11.262,10.973,10.457,11.567,12.681,12.057,12.528,13.845,14.148,14.212,14.284,15.427,14.212,15.132,15.352,16.04,15.927,16.514,16.303,16.334,14.239
16.338,18.834,18.997,19.597,19.584,19.286,18.109,17.757,16.307,16.338,14.033,14.296,14.323,13.317,13.932,14.242,13.932,13.538,14.537,14.133,14.748,14.44,15.204,14.774,14.922,14.215,12.805,11.592,9.8511,8.022,13.661,16.235,17.168,17.721,17.354,17.59,17.115,16.188,16.735,15.671,15.736,16.124,15.204,16.212,15.85,14.853,15.489,15.263,14.792,14.133,13.191,12.261,12.06,12.386,11.208,11.569,12.438,12.261,11.401,10.447,8.976,10.929,13.201,13.848,13.614,13.783,13.279,12.187,12.219,11.173,10.787,10.348,10.667,12.684,12.271,12.602,13.23,13.652,14.792,14.215,14.853,14.818,15.025,16.044,15.858,15.63,16.773,16.188,15.671,13.661
15.665,18.665,19.009,19.301,18.767,19.582,18.514,16.763,17.388,16.294,14.685,13.427,13.615,13.313,12.727,14.659,13.948,14.2,14.545,13.874,15.17,14.9,14.519,14.9,14.236,13.874,13.313,11.609,9.38,7.631,13.625,15.665,16.951,17.388,17.907,17.41,16.702,16.426,16.294,16.262,15.337,15.37,16.145,15.128,15.245,15.705,14.263,14.156,13.847,14.2,14.236,12.403,11.697,11.06,11.697,11.901,12.269,12.145,11.197,9.7912,8.8067,11.013,12.607,13.399,13.948,13.625,12.697,12.856,11.697,11.762,9.933,10.886,11.105,11.697,12.475,12.455,14.263,13.198,14.633,14.334,14.762,14.702,14.685,14.702,15.826,15.337,16.906,16.239,14.702,13.847
16.75,18.31,18.401,19.404,19.015,19.271,18.851,17.184,16.408,15.906,15.073,13.359,14.046,13.721,12.209,14.805,13.55,13.721,14.805,14.381,14.762,14.727,15.243,15.545,13.445,14.082,12.283,10.713,9.5816,7.6848,13.814,16.393,17.969,18.394,17.767,16.704,17.266,16.541,15.938,16.635,15.545,15.816,16.163,15.751,15.42,15.445,14.542,14.524,14.3,14.381,13.213,12.573,11.953,11.591,12.209,12.491,12.696,12.614,11.218,10.016,9.1549,10.856,12.449,13.645,14.165,13.87,12.272,11.953,11.844,10.939,10.118,9.5411,11.276,12.23,12.542,11.888,13.626,13.493,14.551,14.657,15.243,14.444,16.353,16.377,15.073,15.767,16.881,15.775,15.743,14.11
16.382,18.407,18.98,18.878,19.089,19.122,19.089,17.361,17.546,16.136,14.949,14.014,13.247,13.949,14.529,12.71,14.529,14.169,14.767,14.767,15.155,14.653,14.547,14.94,14.05,13.865,12.74,10.966,9.3393,8.032,13.725,16.663,17.189,17.361,17.96,17.376,16.817,17.279,16.886,16.771,15.756,15.87,15.951,15.248,15.87,15.274,14.836,14.661,14.087,14.087,14.05,12.618,11.684,10.99,12.37,11.892,12.546,12.043,10.776,9.8109,8.378,11.584,11.859,14.169,12.7,13.247,12.075,12.402,10.472,10.907,10.716,10.716,11.517,11.957,11.359,13.295,13.218,13.334,13.949,14.377,15.282,14.626,15.69,15.45,15.78,16.04,16.382,15.756,15.542,13.977
16.386,18.892,19.099,19.264,19.421,18.791,18.629,18.181,16.821,15.804,14.674,14.324,13.747,13.057,13.626,13.057,14.173,14.412,15.082,14.324,15.107,14.656,15.107,14.964,14.02,13.82,13.124,12.121,9.7203,8.1931,13.673,16.821,17.673,18.32,17.318,17.296,16.911,16.301,16.332,16.601,15.995,16.207,15.282,15.545,14.811,15.545,15.439,14.674,15.332,14.324,13.297,12.742,12.121,11.62,11.084,11.674,12.461,11.62,12.006,10.079,8.6883,10.509,13.211,13.086,13.43,13.524,12.582,11.411,12.121,10.327,10.179,11.254,11.499,11.141,10.473,13.673,12.989,13.43,14.182,13.848,13.747,14.209,14.491,16.207,16.082,15.796,16.67,16.301,15.916,14.128
15.768,17.648,18.14,18.996,18.795,18.925,18.234,17.481,16.436,15.922,14.542,13.496,13.007,13.054,13.193,13.054,13.924,13.711,14.072,14.373,14.701,14.601,14.27,14.833,14.347,13.577,12.674,11.056,9.4979,7.5635,12.941,15.83,16.789,16.84,16.84,16.731,16.68,16.045,15.83,15.776,15.127,15.636,15.038,15.526,14.27,15.038,14.398,14.159,14.701,13.711,12.674,12.212,11.949,11.638,10.616,11.275,12.212,11.959,10.878,9.5108,8.4055,10.512,11.887,13.193,12.664,12.979,12.606,11.297,11.415,10.395,10.193,10.324,10.181,10.57,10.696,12.03,12.893,13.091,13.747,13.676,13.994,13.676,14.833,15.455,15.135,15.36,16.731,15.714,15.455,13.267
15.903,18.054,19.441,19.648,18.958,19.303,18.736,17.483,16.343,16.242,14.606,14.614,14.003,14.048,13.747,12.821,14.64,14.003,14.245,14.949,14.334,14.683,15.449,15.118,14.325,13.608,13.133,11.318,9.6877,8.2603,13.93,16.273,17.541,18.138,18.333,17.388,16.923,16.689,16.772,16.651,15.734,15.815,16.069,14.812,14.744,15.318,15.143,14.404,14.915,14.254,13.857,12.631,12.388,11.183,11.886,12.129,12.591,12.347,11.507,10.123,9.7789,10.767,11.971,12.591,13.249,11.94,12.108,12.631,11.318,9.9333,10.085,10.707,11.183,11.318,10.895,13.635,12.51,13.598,14.606,14.683,14.003,14.422,14.949,16.124,15.807,15.742,16.772,15.686,15.318,13.635
15.658,18.757,18.596,18.703,19.485,18.207,18.062,17.497,16.155,15.07,13.755,14.345,13.535,13.562,13.442,12.106,14.257,14.115,14.257,14.562,14.733,13.891,14.605,14.733,14.178,13.562,13.627,10.615,9.0724,7.6301,13.525,15.983,17.526,17.597,17.447,17.295,16.432,16.225,15.432,16.225,15.334,15.103,15.65,15.037,15.26,15.011,15.07,14.115,14.107,14.562,13.627,11.684,11.695,10.65,11.565,11.357,12.281,12.106,11.257,9.8801,8.2617,11.201,11.434,12.801,13.034,12.321,13.149,11.257,10.756,10.791,9.9811,9.7265,11.302,11.695,10.615,13.063,11.907,13.024,12.673,13.673,13.955,15.037,15.07,15.26,14.588,15.841,16.1,15.145,15.235,14.178
16.606,19.118,19.422,19.247,18.614,18.566,17.967,17.705,16.353,15.216,13.504,13.931,13.686,13.003,13.874,12.597,14.033,13.231,14.605,14.498,14.426,14.498,14.791,14.896,14.005,13.475,13.003,11.325,8.6856,7.9179,14.444,16.209,17.431,18.112,17.967,17.705,16.954,16.329,15.712,16.201,14.87,15.646,15.753,15.009,14.712,15.343,14.87,14.614,14.605,14.587,13.856,12.262,11.83,11.642,11.94,11.653,12.262,12.452,11.232,9.5827,8.6706,11.034,12.005,13.733,12.669,12.251,12.669,11.325,11.563,10.711,10.915,9.8504,11.462,10.264,10.315,13.475,12.262,13.261,13.231,13.552,15.31,14.605,14.498,15.335,16.015,15.942,16.448,16.424,15.377,13.552
16.112,18.265,18.791,18.991,18.791,18.655,17.793,16.764,15.306,14.672,13.333,14.722,14.614,13.287,12.916,13.469,12.953,13.817,13.958,14.345,15.009,13.817,15.009,15.369,13.551,13.112,12.581,10.492,8.6183,6.9789,13.287,15.799,17.69,18.319,17.237,16.88,16.844,15.737,15.369,14.804,15.202,16.013,15.799,15.488,14.804,14.837,13.975,13.826,15.706,13.36,12.581,12.426,12.735,12.337,10.595,11.393,12.735,12.337,11.771,9.9188,7.7084,10.173,12.84,13.028,13.038,12.376,12.258,12.007,10.561,9.98,9.4279,9.98,10.561,12.426,11.253,12.047,12.494,12.735,14.036,13.613,14.345,14.114,14.387,16.187,15.098,15.009,17.215,16.352,15.496,13.897
16.392,18.728,18.624,18.624,19.337,19.116,19.082,17.355,16.353,15.677,14.3,13.944,13.721,14.119,13.814,14.657,13.721,14.219,14.762,14.363,15.073,14.657,14.551,14.657,14.119,13.749,12.614,10.962,9.1549,7.7682,14.046,16.163,17.737,17.947,17.716,17.511,16.603,15.897,16.541,16.635,16.377,15.865,15.816,15.946,15.775,15.536,15.15,14.736,14.762,13.861,13.626,13.203,11.724,12.113,11.218,12.23,12.283,12.397,11.602,10.469,8.6479,10.469,12.23,12.563,12.366,13.105,12.563,12.113,11.855,10.712,10.283,10.604,11.184,12.188,12.071,12.542,13.944,14.119,14.363,14.727,14.866,15.235,14.363,16.059,15.536,16.353,16.789,16.195,16.059,14.381
16.492,18.489,19.866,19.96,19.058,18.489,18.953,16.666,15.663,15.248,14.047,14.269,14.814,13.903,12.693,14.251,13.122,13.35,13.984,14.805,15.445,14.19,15.083,15.743,14.574,14.251,13.16,11.311,9.2174,7.3,14.119,15.989,17.804,18.387,17.046,17.024,16.965,15.831,15.575,15.566,15.248,15.934,16.598,16.598,15.116,16.051,14.26,14.462,15.224,13.93,13.5,13.006,12.332,12.534,11.267,12.291,12.782,12.126,11.629,10.152,8.5379,11.917,13.16,14.47,13.794,13.49,13.045,11.747,11.041,10.636,10.077,10.846,11.433,12.332,12.137,12.534,13.831,13.546,14.907,14.677,14.574,14.548,15.663,17.164,15.663,16.044,16.965,16.666,15.743,13.5
16.798,18.37,19.11,19.569,19.404,19.503,18.278,17.707,17.041,16.199,14.596,13.603,13.837,13.268,12.714,13.837,14.499,13.772,14.702,14.276,14.806,14.517,15.047,15.013,14.41,14.231,13.307,11.072,9.6188,7.7549,13.697,16.325,17.801,18.453,17.859,16.92,16.606,16.852,15.87,15.65,16.23,16.451,15.284,15.789,15.192,15.51,14.91,14.737,14.702,13.268,13.65,12.345,12.521,12.521,11.256,11.493,12.765,12.093,11.867,10.402,8.7514,10.754,13.083,14.517,13.422,13.641,12.684,12.209,11.199,10.265,10.944,11.392,12.093,12.262,11.791,12.714,13.307,15.326,14.419,14.41,15.724,14.702,15.846,16.629,16.419,15.919,16.254,16.23,15.878,13.307
16.393,18.353,19.036,19.036,18.646,18.486,18.673,17.274,16.882,15.939,14.543,14.301,13.243,13.359,14.111,12.737,14.454,14.763,14.301,14.373,15.645,14.373,15.04,14.997,14.806,14.046,13.33,10.773,9.3367,7.1821,13.494,15.768,17.237,17.534,17.512,17.356,16.813,16.882,16.354,16.393,15.776,15.947,15.545,15.776,15.446,15.005,15.099,15.244,14.543,14.373,13.446,12.294,12.188,11.184,11.779,12.294,12.706,11.899,11.092,9.7024,9.042,11.356,11.725,14.01,14.622,13.973,13.417,12.356,11.276,11.856,10.677,11.592,12.367,11.692,11.856,13.417,12.696,13.627,14.806,14.763,15.005,14.622,14.997,15.421,16.14,16.581,16.751,15.817,14.543,12.928
16.242,18.781,18.537,19.63,19.002,19.028,18.605,17.274,16.412,15.591,13.903,13.223,13.729,13.28,12.726,14.164,13.83,13.83,13.72,14.394,14.612,14.11,15.639,15.615,14.288,13.803,12.597,11.24,9.6689,8.1208,13.729,15.975,17.42,17.708,17.998,16.957,16.8,16.656,16.35,16.21,15.197,15.607,16.709,15.526,14.886,15.346,14.945,14.784,14.655,13.609,14.217,12.577,12.415,11.605,11.605,11.916,13.05,11.948,11.296,9.4842,8.9497,10.166,11.948,13.156,13.309,13.72,12.085,11.916,11.127,12.168,10.166,11.07,12.085,11.767,12.168,13.108,12.972,13.194,15.063,15.063,15.263,14.92,15.655,16.366,15.615,16.412,16.28,15.776,15.288,12.687
16.537,18.007,18.723,19.538,19.333,19.118,17.602,17.624,16.349,15.64,14.106,13.969,13.547,13.518,12.446,14.758,13.811,13.867,15.001,13.969,15.239,14.784,15.441,15.273,14.932,13.811,13.708,11.273,9.5388,8.0274,13.67,16.159,17.366,18.007,17.762,17.624,17.066,16.877,16.373,16.599,16.135,16.349,16.135,15.771,15.146,15.681,14.932,14.538,15.001,14.297,14.225,12.446,11.896,11.688,11.51,11.721,12.57,12.195,11.352,9.6596,8.6308,11.135,12.206,13.181,13.67,14.115,13.21,12.57,11.688,11.181,10.77,10.71,10.936,11.577,11.577,12.783,13.102,12.944,13.518,14.932,15.466,14.802,15.273,15.747,15.214,16.222,16.9,16.246,15.239,13.745
16.023,18.352,18.262,18.945,19.198,18.824,18.661,17.646,16.79,16.645,14.99,13.65,12.854,13.147,13.575,12.452,14.551,14.008,14.551,14.699,15.654,14.207,14.99,14.828,14.828,13.118,13.147,11.274,9.5793,8.1295,13.575,16.141,17.326,17.149,17.903,16.759,17.245,16.706,16.078,16.668,16.461,15.662,15.751,15.831,15.309,15.134,15.167,14.699,14.437,14.008,13.575,12.635,12.267,11.103,11.694,11.899,11.984,12.452,11.194,10.394,9.1309,10.825,12.205,13.945,12.854,13.566,12.614,12.604,11.274,11.194,11.194,12.142,11.64,11.77,11.984,12.645,13.108,13.981,14.045,14.233,14.516,13.528,14.828,15.572,15.334,15.702,16.165,15.572,15.392,13.311
15.694,18.258,18.669,19.129,19.254,18.526,18.113,17.438,16.585,15.774,14.706,14.218,13.994,13.348,14.368,13.647,13.958,14.629,14.603,14.385,15.581,15.113,15.41,15.113,14.394,13.215,13.148,10.972,9.7021,7.1044,13.517,15.774,17.169,17.417,17.198,17.065,16.608,16.402,16.201,15.766,16.216,16.177,15.965,16.052,15.312,15.204,14.911,15.113,15.957,13.931,13.186,12.589,12.223,12.478,11.063,11.728,12.098,11.565,11.76,10.308,8.7877,11.029,13.148,12.876,14.49,13.071,13.186,12.15,11.771,10.561,11.018,10.657,10.786,12.428,12.599,13.148,13.601,13.263,14.783,13.526,14.012,15.079,14.936,15.957,15.254,15.605,16.85,15.989,15.254,13.895
16.774,18.304,19.676,19.961,18.802,18.043,18.269,16.843,15.838,15.41,13.184,13.978,13.718,13.783,14.615,13.783,13.492,14.014,14.902,14.331,15.468,14.624,14.772,15.715,14.133,13.634,13.261,11.386,9.4249,7.7176,14.277,16.246,18.269,18.128,17.589,17.331,16.79,16.158,15.74,15.116,15.781,16.222,15.91,16.317,15.209,15.116,14.615,14.911,15.201,13.913,13.783,12.758,12.545,12.667,11.829,11.665,13.377,12.339,12.044,10.446,9.3429,11.698,13.261,13.83,13.643,13.69,13.261,12.828,11.565,11.33,11.386,10.832,12.266,12.677,11.785,12.044,12.987,14.509,15.243,14.509,15.243,15.243,15.435,16.19,15.41,16.497,17.559,15.91,16.504,13.415
15.479,18.596,18.366,18.658,18.931,18.986,18.204,17.739,17.71,16.328,14.279,13.624,14.341,14.625,15.076,14.233,14.341,13.84,14.809,14.52,14.088,14.279,14.783,15.62,14.206,13.7,12.676,11.224,9.3495,7.8715,13.396,15.873,16.802,17.601,17.506,17.157,16.924,16.328,16.297,16.508,16.297,15.922,15.513,16.352,15.211,15.751,15.792,15.287,15.329,13.036,13.605,12.717,12.19,11.967,11.201,11.496,11.761,11.826,11.794,10.141,8.8552,11.496,12.472,13.7,13.386,13.309,13.849,12.997,12.707,11.224,11.394,11.258,10.065,13.338,12.676,12.987,14.279,13.988,14.739,14.739,14.233,15.211,15.513,15.914,15.127,16.328,16.74,16.328,15.727,14.097
15.784,18.664,19.238,18.671,19.479,18.775,18.072,17.724,16.802,16.293,14.837,14.149,13.579,14.582,13.674,14.394,13.693,14.767,14.394,14.793,14.758,14.767,14.793,14.898,13.445,13.436,12.382,10.891,9.6559,7.9494,13.436,15.85,17.22,17.578,17.407,17.928,16.67,15.386,16.069,15.809,15.801,16.237,15.94,15.719,15.85,15.343,14.758,14.767,15.478,14.259,13.358,12.309,11.605,12.097,11.173,11.482,12.011,11.716,11.173,10.178,8.6664,10.626,12.256,12.844,12.975,12.814,12.975,12.733,12.256,10.735,10.442,10.699,10.891,12.097,11.913,12.641,12.814,13.436,14.573,13.75,14.394,14.863,15.343,15.267,15.677,15.972,15.931,16.412,15.578,13.319
15.716,18.783,19.143,19.419,19.156,19.156,18.836,17.134,16.379,15.603,14.3,13.666,13.878,13.583,12.826,14.202,13.978,13.685,14.667,14.898,14.932,14.667,15.3,15.226,13.978,13.291,12.587,11.17,8.8001,7.4277,14.388,15.53,17.614,17.347,16.654,16.971,17.441,16.293,16.043,15.668,15.668,15.603,16.043,15.603,14.864,15.134,14.855,14.318,15.358,13.545,13.731,12.934,11.483,11.472,11.305,11.249,12.455,11.744,11.776,9.7678,8.3272,10.322,13.731,13.166,13.74,12.983,13.118,12.806,11.249,11.079,10.754,10.883,11.614,11.405,11.776,12.697,13.423,13.281,13.731,13.987,14.624,14.94,15.1,16.106,15.497,15.789,17.171,16.632,15.53,13.62
15.931,18.32,18.804,18.49,18.989,18.884,17.739,17.739,17.087,14.995,14.794,13.188,13.497,13.781,12.519,14.547,14.305,13.934,14.564,14.547,14.827,15.028,14.314,15.028,13.817,13.188,12.031,11.651,9.4254,8.0549,13.423,15.876,16.477,16.636,17.548,17.189,16.606,16.087,16.179,16.31,16.056,15.226,15.993,15.193,14.97,15.324,14.97,13.934,14.138,14.305,13.889,12.648,11.326,11.001,10.956,11.5,11.705,11.758,10.91,9.6994,8.3141,11.5,11.874,13.33,13.817,13.226,13.198,12.165,11.413,12.287,10.286,11.058,11.092,11.5,11.17,12.01,12.529,13.451,12.988,14.564,15.028,14.97,14.383,14.521,15.638,15.51,16.696,15.993,15.218,13.525
16.02,18.358,18.696,17.917,18.542,18.413,18.021,17.37,17.021,16.02,14.091,13.658,12.981,13.249,12.629,13.296,13.667,13.658,14.329,14.312,14.546,14.511,14.511,14.878,14.047,13.049,12.826,10.802,8.8529,7.912,13.211,15.989,16.88,17.748,17.043,17.341,16.521,16.338,16.207,15.705,15.989,15.52,15.276,14.819,14.589,14.878,15.244,14.338,14.572,13.52,13.52,12.758,11.289,11.863,11.433,11.553,12.359,11.863,11.607,10.316,8.283,10.615,11.778,13.74,13.84,12.6,12.43,12.669,11.725,11.02,9.9326,11.189,10.779,10.986,10.802,12.816,12.991,13.427,14.329,14.442,14.02,14.153,14.928,15.045,14.878,15.087,15.713,16.153,16.391,13.474
15.475,17.56,17.63,17.851,18.13,18.637,17.713,17.56,16.643,15.997,14.177,13.331,12.377,12.466,11.975,13.729,14.434,13.729,13.468,13.951,14.77,13.756,14.561,14.836,13.514,13.108,11.924,10.813,9.2492,7.2087,13.108,15.656,16.488,16.458,17.581,16.753,16.165,16.127,16.398,15.851,15.797,15.633,14.77,15.42,14.392,15.539,14.894,14.392,14.72,14.012,13.108,12.377,11.975,11.924,10.937,11.558,11.893,11.81,11.071,10.302,7.31,10.903,11.43,12.623,13.108,12.417,12.873,12.996,11.398,11.43,10.409,10.207,10.491,11.975,11.17,11.737,12.69,13.08,12.853,13.792,13.523,14.392,14.836,13.792,15.082,15.727,16.525,16.119,15.187,13.694
15.96,18.445,18.947,18.775,19.41,18.453,17.607,17.119,15.984,15.763,13.89,14.021,13.824,13.364,14.887,12.857,13.739,13.824,13.89,13.625,15.078,14.532,14.415,14.532,14.388,13.128,12.683,10.771,8.6803,7.6761,13.315,15.563,16.632,17.164,18.053,17.338,16.671,16.498,16.498,16.569,15.454,15.952,15.862,14.514,15.588,14.887,14.808,13.824,14.196,14.379,14.159,12.339,12.018,10.856,12.297,12.36,12.775,11.964,11.022,9.4151,8.7401,11.303,11.554,12.765,13.403,12.887,12.518,12.36,11.843,10.771,10.058,10.414,11.245,11.28,10.999,12.765,12.927,12.683,13.276,14.843,14.442,14.451,15.017,14.159,15.837,15.984,16.227,15.952,15.96,13.596
16.493,18.464,19.151,18.57,18.514,18.521,18.122,17.137,16.003,15.311,14.233,14.057,13.71,14.03,14.03,12.284,13.096,13.026,13.899,14.64,14.388,14.397,14.388,14.424,13.71,13.026,12.284,10.421,9.2109,7.2256,13.757,16.238,17.356,17.236,17.846,16.915,16.509,16.035,16.035,16.493,15.087,15.74,15.872,14.451,14.896,14.896,14.896,14.397,14.878,14.196,13.757,12.188,12.783,11.205,11.851,11.584,12.783,12.058,11.31,9.7612,8.0785,10.421,12.145,12.691,12.442,12.773,12.895,11.287,11.252,10.922,10.282,10.533,12.145,11.217,11.344,13.255,12.026,12.804,13.264,13.489,14.711,14.711,15.564,15.673,15.847,16.453,16.635,16.635,15.37,13.372
15.499,18.017,18.857,19.015,19.127,18.489,18.327,16.998,16.131,15.198,14.072,13.202,12.809,12.809,12.035,13.079,13.785,13.502,13.785,14.001,14.492,14.072,14.595,14.072,13.649,13.031,11.993,10.971,8.7414,8.2717,13.492,15.683,17.195,17.497,17.056,16.753,16.315,16.437,16.338,15.499,15.881,16.338,15.223,15.329,14.526,15,14.841,14.526,15.563,13.502,13.117,12.533,11.329,12.086,11.395,11.537,12.372,12.251,11.537,9.9567,7.9012,10.541,12.291,12.097,13.079,13.455,13.193,11.762,11.709,10.601,10.694,11.666,10.81,11.062,10.506,13.193,13.145,13.446,13.64,13.893,13.64,14.697,15.288,15.426,14.858,15.174,15.691,15.563,15.499,14.134
16.297,18.041,19.081,19.451,19.209,18.835,18.445,17.225,16.852,15.457,14.344,13.391,14.043,14.262,12.396,14.144,12.726,13.439,13.894,14.043,14.771,14.797,14.797,14.153,14.577,13.659,13.206,10.738,9.1769,7.7032,13.526,15.805,17.277,18.076,17.997,17.225,16.62,16.432,16.416,16.178,15.186,15.813,16.558,16.321,15.314,15.28,14.577,14.559,14.29,14.47,13.754,12.259,11.884,11.619,11.752,12.068,13.087,12.014,11.752,9.3448,8.2081,11.303,12.238,13.697,13.087,13.706,12.302,12.1,11.176,11.118,10.307,10.244,10.989,12.259,13.216,11.84,12.978,12.767,14.116,14.199,14.407,14.902,15.39,15.482,16.097,15.805,16.448,16.675,15.789,13.449
15.589,17.56,19.028,17.94,18.51,18.453,17.501,17.94,16.798,15.489,14.583,13.484,13.329,13.329,12.984,14.978,12.772,14.086,14.583,14.413,14.186,14.377,13.91,14.186,13.91,13.665,12.599,11.215,8.7913,7.639,13.143,16.104,16.439,17.112,17.345,17.345,16.494,15.983,16.752,16.929,16.249,15.918,15.489,15.861,15.688,15.278,15.286,15.193,14.987,14.15,13.712,12.732,11.724,11.215,11.932,11.889,12.433,12.265,11.169,10.147,8.8939,11.215,12.599,13.368,13.368,14.259,12.964,12.742,11.889,11.812,10.934,10.634,10.499,12.265,13.712,12.732,14.15,13.835,14.404,14.296,14.476,14.698,14.804,15.721,15.514,16.185,15.943,16.185,15.142,13.712
16.306,18.2,18.783,19.922,18.651,18.539,18.257,17.562,16.629,15.194,13.855,13.789,13.685,12.774,13.533,12.733,13.789,13.704,14.27,14.424,14.297,14.805,15.356,14.424,13.761,13.144,12.733,10.995,9.7304,7.7576,13.369,16.441,17.302,17.942,16.683,16.93,16.683,16.582,15.398,15.862,15.49,15.797,15.862,14.988,14.342,14.875,14.342,14.406,14.779,14.087,13.398,12.854,11.923,12.403,11.625,11.758,12.985,12.527,11.309,10.032,8.9094,11.251,12.885,13.446,13.485,13.911,13.242,11.445,12.527,11.445,11.124,10.313,11.813,11.89,11.636,13.855,12.527,13.985,14.691,14.406,15.194,14.27,16.21,15.797,15.862,15.862,15.549,16.186,15.69,12.885
16.486,17.515,17.989,19.079,18.716,18.577,17.931,17.411,16.619,15.456,14.143,13.582,13.037,13.273,12.301,14.179,13.205,13.525,13.438,14.37,15.039,14.97,14.585,13.977,14.469,13.273,12.301,11.011,9.2185,7.341,13.781,16.096,17.306,17.881,17.669,16.92,17.103,16.176,16.096,16.572,15.581,15.346,15.983,16.32,15.713,15.313,15.039,14.37,14.655,14.37,13.705,12.766,12.395,11.718,11.981,12.142,12.395,11.607,11.163,9.1762,8.7128,11.382,11.872,13.205,13.753,13.448,13.846,12.766,12.301,11.267,11.163,11.163,11.916,12.426,12.385,12.013,12.887,14.406,14.078,14.261,14.478,14.682,15.074,15.983,15.346,16.2,17.492,16.446,15.581,14.179
15.994,18.017,18.465,19.291,18.917,18.738,18.268,17.334,16.283,15.632,14.602,13.492,14.414,13.337,12.113,14.423,12.902,14.095,13.769,14.095,14.813,14.813,14.813,14.095,13.797,12.336,13.376,10.641,9.3965,6.837,13.674,15.929,17.431,17.923,17.13,16.871,16.662,16.283,15.74,16.195,15.288,15.871,16.219,15.929,14.84,15.126,14.414,14.432,14.787,14.095,13.289,12.441,11.929,11.929,11.632,12.113,12.534,11.853,10.894,9.669,8.7675,11.995,12.902,14.058,13.062,13.54,13.22,11.621,11.886,11.621,10.798,11.176,10.641,12.617,12.252,12.113,13.289,13.598,14.988,13.993,14.486,14.787,15.499,15.296,16.219,15.871,17.032,15.632,14.708,13.54
17.776,19.385,20.712,20.268,20.893,20.648,20.363,19.72,18.268,17.114,15.846,14.708,14.118,13.698,13.813,14.306,16.051,15.315,15.027,15.776,15.691,15.776,16.036,15.899,15.899,14.774,14.023,11.873,9.8232,8.7223,14.774,17.858,19.284,19.227,18.773,18.741,18.565,18.054,17.993,17.776,17.7,17.093,17,17.864,16.418,16.791,17.445,16.277,16.036,14.306,15.091,13.393,13.016,12.675,12.176,12.675,13.411,13.311,12.176,11.35,9.8602,12.006,13.944,14.374,15.019,14.921,15.402,13.32,14.014,13.348,12.903,14.306,13.32,13.538,12.903,15.473,14.508,16.277,16.536,15.876,16.455,16.477,15.968,17.776,17.22,18.081,18.301,17.858,17.093,14.306
16.767,17.801,18.806,19.233,18.806,18.445,17.887,17.887,16.399,15.353,13.6,13.553,13.336,12.389,11.802,13.25,13.298,13.077,13.995,13.859,14.22,14.424,15.153,15.344,14.424,13.44,13.222,11.184,9.4637,7.6224,13.748,15.768,17.192,17.865,17.31,16.767,16.812,16.126,15.688,15.353,15.186,16.22,15.153,15.55,13.895,15.119,14.406,14.538,14.874,12.911,13.222,12.183,12.256,12.471,11.093,11.759,12.603,11.802,11.486,9.9982,9.0806,10.709,13.563,13.25,13.932,13.932,13.563,13.44,11.941,11.263,11.319,11.629,12.131,12.753,11.683,12.901,13.106,13.183,15.186,14.004,14.538,14.433,16.407,15.768,15.451,15.809,17.39,16.384,16.008,13.222
15.659,17.456,18.468,18.682,18.629,18.934,18.299,17.067,16.344,15.265,14.296,13.573,12.789,12.944,12.982,12.75,13.701,14.121,13.917,14.547,15.15,14.296,14.288,13.872,14.47,13.481,12.474,11.045,9.1731,7.7458,13.388,16.191,17.03,16.772,16.972,17.067,16.518,15.778,16.067,15.943,15.659,15.62,15.306,15.232,14.547,15.084,14.607,14.547,14.885,13.863,13.097,12.514,11.86,11.86,11.389,11.378,12.058,11.637,11.022,9.8282,8.3639,10.794,12.75,14.006,13.628,13.435,11.86,12.474,11.985,11.648,11.648,11.378,11.519,10.943,11.29,11.985,14.112,13.555,14.13,13.555,13.573,14.051,15.273,15.002,15.912,14.977,16.473,15.943,15.54,13.628
15.979,17.436,18.501,19.257,18.761,18.945,18.38,17.451,16.226,15.65,13.685,13.712,13.558,13.964,13.419,13.373,12.958,13.558,13.964,14.035,14.868,13.955,14.818,14.453,13.466,13.195,12.259,10.942,8.531,7.3586,13.603,15.602,17.011,18.004,17.272,17.443,16.597,16.018,15.65,15.474,15.385,16.049,15.61,16.049,14.868,15.385,14.726,13.901,14.793,14.096,13.41,12.47,11.762,11.982,11.592,11.592,12.775,11.982,11.365,9.5866,9.3106,10.513,12.736,13.612,12.996,13.044,12.47,12.706,12.003,10.93,11.01,10.782,11.2,12.46,12.003,12.218,12.259,14.184,13.883,13.373,13.785,14.376,14.53,15.57,15.084,15.956,16.325,15.839,15.353,13.821
16.237,17.436,18.651,18.791,18.995,18.171,17.649,16.891,15.982,15.092,13.707,13.807,13.487,12.399,11.643,13.807,13.707,13.065,13.807,14.057,14.189,14.511,14.277,14.198,13.625,12.727,12.146,10.948,8.8456,7.4209,14.189,15.786,16.84,17.328,17.535,17.177,16.541,15.982,15.603,15.182,14.984,15.182,16.541,14.189,15.239,14.783,14.399,13.625,14.579,14.485,14.119,12.49,12.084,10.671,11.907,11.262,12.48,11.991,11.218,9.4976,8.7321,10.683,12.238,13.807,14.119,13.32,13.017,12.156,11.865,11.525,10.53,11.162,11.383,11.991,13.264,12.519,12.628,12.063,12.96,14.399,15.378,13.87,15.864,15.507,16.114,16.075,16.972,16.594,15.092,13.017
16.601,17.612,19.276,18.874,19.14,18.47,18.086,17.367,16.601,15.815,14.494,13.73,13.462,13.228,14.503,12.87,13.73,14.029,14.168,13.918,14.103,14.287,14.422,14.287,14.103,13.11,12.088,11.402,9.1925,7.7667,13.385,16.125,17.367,17.344,17.759,17.019,16.981,16.827,16.261,16.011,15.567,15.642,16.293,14.866,15.508,14.822,15.34,14.512,14.431,14.422,13.72,12.788,12.163,11.628,11.65,11.86,12.12,11.937,10.913,9.5803,7.9813,10.817,12.323,13.462,13.297,14.002,13,12.333,12.002,12.344,10.72,10.121,11.628,10.948,11.183,13,13.03,12.9,13.682,14.14,14.223,14.287,14.822,14.494,15.306,16.42,16.601,16.197,15.75,13.472
15.896,17.112,18.325,18.103,18.912,18.988,18.124,17.15,16.835,15.723,14.373,13.397,12.77,12.678,13.241,13.358,13.475,13.818,14.117,14.3,14.436,13.781,14.802,13.818,14.3,13.082,12.912,11.24,8.8108,8.0701,13.475,15.831,17.119,18.045,17.473,17.271,16.46,16.027,15.953,15.557,15.822,16.245,15.388,15.431,13.743,15.523,15.723,14.88,15.158,13.79,13.397,12.345,11.75,12.76,11.206,11.783,12.345,11.839,11.571,10.028,8.4486,10.827,12.429,13.818,13.397,13.251,13.043,12.132,12.132,11.298,10.73,11.413,10.472,12.77,12.132,12.554,12.606,13.043,13.122,13.884,14.88,14.454,14.81,16.027,15.388,16.019,16.625,16.14,15.523,13.743
16.348,17.437,18.055,19.453,18.292,18.645,17.579,17.135,16.578,15.512,13.756,13.756,13.371,13.371,14.395,13.134,13.41,13.292,14.611,14.13,14.894,15.025,14.709,15.369,14.395,12.638,12.303,10.74,9.8268,7.6801,13.878,16.228,17.616,17.638,17.475,16.475,16.758,16.236,15.779,15.993,15.241,15.738,16.356,15.172,15.538,14.956,14.921,14.314,14.522,14.13,14.395,12.143,12.143,11.251,11.251,11.97,12.272,12.303,10.921,9.42,7.5947,10.332,12.356,12.924,13.944,13.025,13.322,11.582,11.761,11.251,10.037,10.667,11.216,10.837,10.532,12.802,12.772,12.472,13.322,14.468,14.45,14.611,13.574,15.086,15.845,15.779,17.347,15.96,14.956,13.184
17.952,19.834,20.503,20.682,20.616,20.165,19.939,18.27,17.78,15.731,15.36,15.038,14.285,13.517,13.289,15.543,14.633,15.062,15.256,15.256,15.637,15.384,15.551,15.971,15.038,13.796,13.075,11.927,9.9665,7.9393,14.865,17.856,18.543,19.422,18.955,18.826,18.027,17.718,17.39,17.39,16.838,17.191,18.135,17.446,16.611,17.565,16.192,16.169,16.816,15.801,15.376,14.164,13.867,12.684,12.962,13.599,13.946,13.698,12.252,10.21,9.5132,13.159,14.498,15.384,14.633,15.256,14.565,14.37,13.381,12.421,10.996,10.963,12.626,12.626,12.962,13.187,14.422,15.062,15.36,16.002,15.543,16.648,16.169,16.94,16.403,17.298,18.264,17.89,17.586,15.095
17.881,19.688,19.967,19.449,20.639,20.853,19.29,19.008,18.052,16.978,15.278,14.518,14.097,14.911,15.31,13.974,15.059,14.861,15.213,15.083,15.213,14.653,14.653,15.878,15.181,13.921,13.536,11.32,9.931,7.9966,14.919,17.187,18.668,19.143,19.443,18.845,18.235,17.365,17.915,17.881,17.534,17.854,17.187,16.396,16.949,17.079,16.486,16.192,15.847,15.761,15.213,13.974,13.833,12.798,13.233,13.353,13.177,12.875,11.944,10.683,8.9817,11.331,13.344,14.459,15.01,14.416,14.459,13.353,13.018,12.198,12.077,10.729,12.556,13.018,11.449,14.201,13.833,15.318,15.533,15.14,15.878,16.245,16.84,17.194,17.611,18.235,18.589,17.881,17.59,15.213
17.379,19.798,19.853,20.628,21.323,20.347,19.498,18.944,18.373,16.915,15.351,14.615,13.938,14.016,12.868,15.502,14.387,14.078,14.557,14.922,15.415,15.351,16.114,15.869,15.15,14.413,12.868,11.681,10.406,8.2374,15.029,18.016,18.97,19.479,18.598,18.782,17.941,18.393,18.016,18.419,16.806,16.748,17.351,16.799,16.385,17.541,16.213,15.541,15.541,15.846,15.399,13.938,13.591,13.207,12.619,13.151,13.509,12.619,12.254,10.81,9.5203,12.224,13.067,13.938,15.938,14.963,14.657,13.179,13.02,13.076,12.686,12.619,13.076,13.509,14.832,13.464,15.351,14.624,15.029,16.213,16.213,17.436,17.009,16.93,17.576,17.996,17.379,18.313,16.16,15.183
17.461,19.761,19.909,20.321,20.631,20.303,19.761,19.286,17.95,17.201,16.365,14.038,14.331,14.356,12.591,15.11,14.151,15.214,15.5,15.214,15.5,14.996,15.02,15.5,14.996,14.734,12.926,11.284,9.8774,8.175,14.931,17.293,18.565,18.806,19.488,18.871,18.28,17.461,17.786,17.841,17.293,16.821,17.889,17.201,17.278,16.893,16.178,16.77,16.178,16.079,15.757,14.047,13.289,12.386,13.624,12.879,13.435,13.122,12.107,10.786,9.803,13.588,13.837,14.142,15.429,15.318,14.931,13.775,13.48,13.435,11.945,13.298,13.039,13.335,14.592,13.588,15.695,15.5,15.618,17.454,16.565,17.03,17.229,17.179,17.957,17.95,17.814,17.37,17.03,14.857
17.391,19.209,20.828,19.772,20.259,20.295,19.974,18.432,18.583,16.785,15.744,14.393,14.393,14.519,14.884,14.119,14.528,15.071,14.99,15.039,15.682,15.774,15.24,15.494,15.144,15.071,14.317,11.951,10.461,9.1029,15.104,17.697,18.766,19.279,19.228,18.432,18.206,17.8,17.454,17.834,17.676,17.363,17.454,17.243,16.792,16.588,16.654,16.85,15.774,15.24,15.24,13.902,13.429,12.836,12.567,13.338,13.265,13.411,12.807,11.365,9.7243,12.342,14.819,15.423,14.843,14.925,14.62,14.145,14.248,12.874,12.381,13.619,12.381,12.615,13.429,14.819,15.375,15.336,15.805,15.588,16.705,16.284,17.454,17.173,17.454,17.496,19.455,17.8,16.595,14.819
16.98,19.245,19.794,19.59,19.868,20.093,19.441,18.258,18.118,17.792,15.675,15.306,13.577,15.008,14.812,13.711,15.097,14.387,14.722,14.572,14.722,15.745,15.582,16.187,15.799,14.804,13.287,12.981,10.269,8.4469,14.647,17.215,18.285,19.346,19.048,18.791,17.503,17.888,18.145,18.338,17.634,18.098,16.544,17.523,16.404,17.384,17.037,17.016,16.544,15.914,14.845,14.572,13.577,12.953,13.241,13.112,13.747,13.14,11.843,11.264,9.5305,12.581,14.788,14.812,15.488,15.675,15.322,14.412,14.878,12.735,13.55,12.802,12.953,13.577,13.26,14.804,15.353,15.791,16.404,14.812,17.102,16.314,17.102,17.3,17.447,17.037,18.984,17.655,16.785,15.065
15.714,17.261,18.208,18.05,18.371,18.165,18.428,17.049,16.395,15.514,13.273,13.467,13.735,13.688,13.707,11.909,13.035,13.877,14.401,13.688,14.365,13.477,14.607,14.616,13.39,13.075,12.875,10.253,9.6248,8.1777,13.302,15.54,17.026,16.957,17.463,17.049,16.865,16.236,16.332,16.018,15.107,15.312,16.131,14.518,14.828,14.607,14.872,14.518,14.687,14.374,14.365,12.349,12.253,11.188,11.909,12.168,12.412,12.63,11.326,9.9046,9.3783,10.516,12.422,14.109,13.467,14.228,12.875,13.243,12.338,12.412,11.952,12.285,12.453,12.264,11.832,13.351,13.263,14.292,13.611,15.573,14.687,15.286,14.828,15.346,16.01,15.822,15.489,15.936,14.32,14.007
17.505,20.451,19.197,19.741,20.734,21.043,19.895,19.166,18.201,17.386,15.685,14.724,14.347,13.977,14.21,14.524,15.49,14.724,14.649,14.524,14.515,15.584,15.331,15.324,14.389,14.389,13.326,12.456,10.376,9.1803,15.01,17.836,18.578,19.349,18.78,18.657,18.367,18.268,17.877,17.189,17.281,17.802,16.788,17.505,17.018,17.132,16.845,17.132,16.583,15.426,14.724,14.347,13.261,13.362,12.338,13.362,13.261,13.552,12.378,11.394,9.5828,12.189,14.724,15.801,14.724,15.916,14.649,14.389,14.582,12.189,13.907,12.689,12.955,12.983,13.243,14.986,15.01,15.49,16.59,16.234,17.047,16.339,16.867,17.239,17.442,17.637,19.051,16.845,16.114,14.347
15.515,17.971,18.541,18.286,18.548,17.884,18.4,16.522,15.422,15.107,13.477,14.008,14.293,13.419,13.234,13.506,13.036,13.244,13.583,13.006,14.183,13.811,14.429,14.365,13.477,13.234,12.794,10.761,9.3647,7.7867,13.736,16.332,17.11,17.745,17.141,16.865,16.236,15.822,16.268,15.338,15.218,15.888,15.615,15.439,15.573,14.855,14.873,14.723,15.422,13.612,13.583,13.006,11.898,12.007,11.464,11.327,12.63,12.007,11.777,10.317,8.3042,11.464,13.066,13.244,14.109,14.072,13.858,12.784,12.599,11.407,12.126,10.266,11.141,12.126,12.243,11.953,13.263,13.351,14.829,14.447,14.794,14.829,15.515,16.01,15.978,15.822,16.554,16.904,15.54,13.006
15.437,17.617,18.482,18.369,17.852,18.077,17.566,16.778,15.538,15.646,13.466,13.734,13.466,13.781,13.734,12.904,12.421,13.232,13.242,13.301,14.108,14.006,14.227,14.372,14.144,13.004,12.628,11.011,9.8509,7.3029,13.61,15.344,16.986,17.462,17.259,16.465,16.653,15.976,16.008,15.605,15.42,16.016,15.165,15.336,15.071,14.606,15.001,14.615,14.721,14.006,13.418,12.751,12.252,12.263,11.268,11.951,12.762,12.167,11.653,10.201,9.1242,10.711,13.553,13.724,14.006,13.686,14.144,13.734,12.751,11.291,12.092,10.987,11.631,11.897,12.41,13.476,14.108,13.034,14.721,15.746,14.686,15.071,16.481,15.967,15.538,15.754,16.393,16.653,14.853,13.004
17.3,18.829,20.328,19.933,19.933,20.274,19.087,18.322,17.836,16.878,15.385,14.348,13.986,14.34,15.063,13.268,14.702,14.374,14.702,14.61,15.337,15.015,15.273,16.015,14.702,14.551,13.775,11.97,10,8.7482,14.818,17.829,18.402,19.461,19.023,18.535,17.999,17.863,17.538,17.37,17.538,16.878,17.538,16.928,16.732,16.622,16.732,16.145,16.732,15.48,15.063,13.712,13.605,12.392,12.509,13.712,13.933,13.986,11.97,10.979,10.012,12.072,14.263,16.504,14.702,15.923,14.834,14.543,14.064,13.167,12.519,13.748,13.497,13.677,12.856,15.519,14.272,14.677,16.197,16.615,16.099,16.526,17.911,17.918,17.335,17.999,18.296,17.649,16.526,14.752
16.406,17.758,18.16,18.653,17.766,18.196,17.935,17.49,16.341,14.896,14.781,13.303,13.293,12.383,11.797,13.644,13.48,13.094,13.797,13.986,14.274,13.75,14.584,14.94,14.071,13.044,12.061,10.564,9.2379,8.4821,13.567,15.585,17.669,17.339,17.766,17.61,16.204,16.18,16.204,16.05,15.132,15.235,16.374,15.585,15.08,15.786,14.575,14.94,14.789,14.674,13.996,12.963,12.656,12.18,12.006,12.394,12.656,11.996,11.561,9.5729,9.2379,11.515,13.788,13.939,15.175,13.788,13.845,13.769,12.821,13.411,10.773,11.238,12.677,12.841,13.044,12.821,13.044,14.357,14.512,15.959,16.809,16.09,15.786,16.09,16.341,16.941,17.453,17.034,16.05,14.173
15.827,17.891,17.768,18.348,19.068,18.44,18.043,17.055,16.405,15.176,14.397,12.585,12.969,13.226,11.744,13.353,12.728,13.314,13.236,13.314,13.735,14.07,14.388,14.397,13.039,13.469,12.23,10.622,8.884,7.5624,13.688,16.086,16.979,17.281,17.273,17.1,16.733,16.437,16.632,16.167,15.704,15.778,15.933,15.497,14.761,15.505,14.761,14.752,14.253,14.406,14.253,13.314,12.219,11.919,11.799,12.251,12.758,12.304,11.168,9.785,9.3385,11.6,13.039,13.772,14.549,14.831,14.325,13.128,11.744,12.717,11.295,11.876,11.973,12.512,13.029,13.885,13.265,14.469,14.253,15.065,16.086,14.814,15.471,15.605,16.254,16.609,16.856,16.381,15.925,13.968
15.779,17.922,18.885,18.761,18.434,18.851,18.001,17.327,16.288,15.779,14.034,13.383,14.254,13.354,13.745,12.97,12.729,13.431,13.886,13.698,13.839,14.577,14.815,14.398,13.315,12.95,12.472,10.301,9.0578,7.7489,13.227,15.531,17.297,16.911,17.267,16.819,16.548,16.28,16.192,16.406,15.262,16.168,15.926,15.126,15.271,15.109,15.296,14.858,14.389,13.698,14.479,12.97,12.294,11.601,12.007,12.378,13.441,12.093,11.376,10.137,9.3807,11.376,13.546,13.441,14.788,14.034,13.886,13.546,12.97,11.92,11.296,10.488,11.974,11.92,11.866,13.237,13.839,13.82,14.034,14.245,15.177,14.326,15.573,15.338,16.942,15.779,16.288,16.781,16.168,13.698
17.076,19.635,20.206,20.176,20.297,19.883,19.784,18.24,18.16,15.966,15.365,14.756,14.838,13.5,12.898,14.42,14.846,14.241,15.277,14.241,16.171,15.641,16.202,16.103,15.043,14.163,14.42,12.075,9.9415,9.1201,14.912,17.709,19.466,19.938,19.239,17.977,18.697,17.654,17.019,17.487,17.709,16.998,17.169,16.933,16.149,17.055,16.149,15.804,16.59,15.067,15.523,14.163,12.983,13.272,12.365,13.058,13.716,13.095,12.983,10.573,9.9415,12.365,14.756,15.523,14.871,15.237,14.879,14.614,13.058,12.678,11.06,13.318,13.68,13.743,14.163,13.68,14.555,15.237,16.508,15.835,15.719,17.019,17.076,17.169,17.318,17.612,18.24,17.833,16.788,15.172
16.082,17.422,18.399,19.173,18.286,18.022,18.364,16.816,16.754,14.806,14.496,13.243,13.533,13.213,11.726,12.985,12.743,12.61,12.825,13.855,13.986,13.714,14.665,14.7,13.705,12.895,12.774,10.5,9.515,7.9233,13.855,16.082,17.114,17.79,17.503,17.302,16.33,16.306,15.582,15.993,15.195,15.491,16.306,15.944,15.314,15.126,14.779,14.087,14.849,13.761,14.487,12.855,12.392,11.879,11.389,11.389,12.985,11.759,11.726,9.6906,8.4309,11.491,12.825,13.562,13.986,14.343,13.447,12.885,12.579,12.764,10.5,11.726,12.245,11.626,12.965,12.895,13.144,13.591,15.263,14.98,15.322,15.04,14.832,16.106,16.33,15.524,17.076,16.187,16.629,13.902
17.227,20.42,20.038,19.46,20.056,19.792,19.624,18.424,17.836,16.868,15.385,14.396,14.086,14.7,15.551,13.518,14.362,14.891,14.396,14.858,15.063,14.891,15.472,16.124,15.063,14.866,13.902,11.688,9.7554,8.5207,14.633,17.51,18.424,18.956,19.46,18.826,17.677,17.334,17.02,18.007,17.192,17.327,17.419,16.839,16.94,15.918,16.493,15.856,15.763,15.856,15.409,13.867,13.698,12.47,12.781,13.518,13.307,13.113,12.232,10.447,9.5135,12.141,13.454,14.973,15.297,15.385,14.025,13.518,14.464,13.518,12.302,12.391,13.662,13.028,12.858,14.566,14.899,14.439,15.856,15.971,16.94,16.648,17.298,17.327,17.552,17.857,18.956,18.351,16.611,14.891
16.949,19.242,20.078,20.334,20.213,19.325,19.502,18.172,18.273,16.419,14.732,14.873,14.716,14.898,14.64,13.082,13.633,14.267,14.446,14.102,15.07,14.906,15.559,15.361,15.669,14.848,14.015,11.002,10.417,8.9328,14.716,17.561,18.757,19.299,19.127,18.868,17.955,17.427,16.767,17.79,17.455,17.028,17.955,16.963,16.299,16.178,16.471,15.747,15.833,15.833,15.304,13.821,13.741,13.633,13.091,13.119,14.37,13.035,12.066,10.511,9.3491,12.388,13.633,14.997,15.979,15.551,15.07,14.37,13.415,12.691,12.545,12.268,13.415,12.633,11.778,14.632,14.782,14.446,15.559,16.56,16.382,15.416,17.845,17.955,17.107,17.961,18.28,18.36,17.512,14.997
16.758,19.208,19.677,20.284,19.597,19.511,19.75,17.941,17.113,16.308,14.616,14.812,14.284,14.208,14.682,12.738,13.613,14.14,14.284,14.509,14.812,15.093,15.8,15.345,15.196,14.132,13.797,11.427,10.335,7.9,14.567,17.487,18.128,18.521,19.133,18.912,17.699,17.446,17.746,17.672,16.665,16.687,17.644,16.316,16.22,16.286,16.469,16.16,16.308,15.868,15.384,13.857,13.551,12.738,12.823,12.776,13.237,13.192,11.646,10.7,9.1133,12.1,14.03,14.877,15.306,15.57,13.866,15.029,13.328,12.86,11.615,12.248,13.328,12.776,11.85,15.029,14.682,15.196,15.996,17.042,17.113,16.019,16.286,17.042,17.092,17.007,19.823,18.292,17.377,14.989
16.639,19.042,19.873,20.213,19.927,19.49,19.111,18.422,18.107,15.933,15.179,14.884,13.25,13.536,12.274,14.393,14.091,13.465,14.268,14.46,14.393,14.94,14.493,14.884,14.884,13.79,13.712,12.274,8.9973,7.9666,14.755,17.094,18.699,18.827,18.635,18.635,18.285,17.24,17.24,17.814,17.24,16.297,17.24,16.668,16.209,16.56,16.451,15.813,16.268,16.202,15.813,14.014,13.367,12.696,12.544,13.598,13.781,13.222,12.724,11.16,9.4516,12.235,13.465,14.884,16.098,15.85,15.242,14.69,13.606,13.358,11.947,12.477,13.438,12.808,14.884,14.125,14.94,15.076,15.668,16.216,17.316,17.136,17.302,16.646,17.814,17.358,17.955,18.37,17.645,15.289
16.825,18.811,19.493,18.979,20.369,20.254,19.939,18.798,18.497,16.898,15.465,13.762,13.493,13.699,13.347,13.347,14.129,13.565,14.588,14.06,14.403,15.346,14.951,15.723,15.338,13.779,13.99,11.564,9.3992,8.3982,14.671,17.184,18.876,19.184,18.811,18.117,18.285,17.791,18.218,17.894,18.225,17.375,16.57,17.709,16.767,17.319,16.898,16.182,15.931,15.154,14.596,14.36,13.439,13.302,13.182,13.042,13.42,13.042,12.967,11.405,9.8802,12.271,14.155,14.951,15.908,15.122,15.816,13.981,13.439,13.042,13.484,13.08,13.726,14.386,14.051,15.465,15.504,16.091,16.362,16.665,17.205,17.297,17.149,17.056,17.709,18.385,19.323,17.962,17.688,15.962
14.946,17.46,18.85,18.484,18.455,18.661,17.535,17.438,16.089,14.946,13.756,12.969,12.857,13.07,11.891,13.794,12.826,12.693,13.329,13.05,13.879,13.534,14.581,13.993,14.216,12.857,12.099,11.463,9.7538,7.1219,13.65,16.097,17.041,17.535,16.948,16.635,16.292,16.089,16.057,15.834,15.422,16.738,15.9,16.508,15.966,15.95,14.902,15.242,14.876,14.142,13.879,12.693,12.314,12.346,11.835,12.734,12.568,12.325,11.69,10.098,9.4527,12.399,13.879,14.436,14.5,14.68,14.946,13.993,12.682,12.41,11.383,12.099,12.066,13.803,13.65,12.473,13.13,14.796,15.499,14.59,15.362,15.422,15.617,16.089,15.917,17.133,16.948,17.43,16.211,14.281
15.402,17.258,17.576,18.166,18.151,17.91,17.703,16.996,16.588,15.169,13.641,13.319,12.998,13.089,13.348,12.876,12.866,13.328,12.957,13.089,13.554,14.2,13.823,13.823,14.301,13.119,11.819,9.8619,8.9807,7.7009,13.388,15.849,16.461,17.485,17.433,16.762,15.94,15.857,15.94,16.95,15.614,15.402,16.429,14.888,15.444,15.264,15.385,14.457,14.808,14.521,14.593,12.927,12.343,11.808,12.835,11.853,13.069,11.985,11.059,9.8083,9.4386,10.915,12.417,13.388,15.238,14.782,14.782,13.823,12.701,13.319,11.73,12.018,12.246,12.084,12.533,13.966,14.097,14.457,15.16,16.235,16.532,15.923,16.113,15.264,16.996,16.572,17.25,16.461,16.316,13.947
17.043,19.629,19.438,20.042,19.855,20.331,19.489,19.097,17.999,16.45,15.858,15.022,14.251,13.682,12.703,15.064,13.416,13.682,14.268,14.277,15.129,15.382,15.638,15.284,14.654,13.96,13.164,11.885,9.48,8.8712,14.789,17.382,17.937,18.802,18.782,18.756,18.294,18.006,18.382,17.889,17.693,16.808,17.553,17.403,17.203,17.965,16.808,16.45,16.222,15.897,15.47,14.102,13.781,13.554,13.192,13.682,13.88,14.268,13.041,11.362,9.8146,12.684,14.484,16.473,15.598,15.897,16.014,14.798,13.987,14.251,12.964,12.336,13.107,14.798,15.284,14.527,16.39,16.495,17.181,17.181,16.808,17.693,17.784,17.553,17.467,18.375,19.097,18.908,16.911,15.952
17.324,20.118,20.486,19.794,20.118,19.775,19.762,19.07,18.146,16.59,14.746,14.369,13.631,13.392,12.782,14.01,14.186,14.054,13.983,15.269,14.737,15.203,14.678,15.671,14.473,14.3,14.125,11.651,10.105,8.8436,14.972,17.41,18.472,19.687,18.753,18.707,17.659,17.475,17.701,17.034,17.581,17.918,17.209,17.056,15.916,16.998,16.249,16.04,16.071,15.179,14.55,14.054,13.84,14.204,12.947,12.947,14.054,13.576,12.517,11.49,10.492,13.41,14.55,15.105,15.663,15.916,15.544,13.867,13.438,13.438,12.947,13.576,13.84,15.154,14.01,15.782,15.014,15.853,17.056,16.071,17.034,17.151,17.701,18.493,18.084,18.167,19.264,19.438,17.701,16.769
17.642,19.44,20.842,19.08,19.993,20.024,20.135,18.659,16.933,16.548,14.967,14.08,14.513,13.769,14.359,14.168,13.404,13.769,15.464,14.742,15.464,14.976,16.085,15.376,15.066,14.436,14.018,11.833,9.8811,8.1037,14.801,17.187,18.818,19.054,18.599,18.519,17.6,17.726,17.537,17.338,17.6,17.423,18.093,17.027,16.734,16.548,17.165,16.548,16.991,15.592,14.942,14.255,13.669,13.669,12.847,13.669,14.471,13.831,12.952,11.131,9.8182,12.798,15.14,15.883,15.82,15.504,15.844,14.967,14.359,13.18,12.75,13.523,12.75,15.066,14.027,15.165,16.697,15.27,16.697,16.375,16.488,17.28,18.365,18.659,18.038,18.425,20.024,19.157,18.943,17.416
17.302,19.279,20.322,21.388,18.37,19.304,19.773,16.836,15.734,17.365,15.396,13.982,15.132,14.06,13.135,15.632,11.109,13.929,12.159,13.788,14.412,15.01,16.778,16.343,12.824,13.051,12.358,10.579,10.393,8.6473,14.412,17.046,18.317,17.912,19.279,19.196,17.302,16.988,17.533,17.906,18.529,16.807,16.836,18.297,15.26,15.515,16.432,16.261,16.163,14.412,16.617,14.639,12.976,13.921,13.735,14.06,15.444,13.982,12.671,11.54,10.648,12.239,15.035,16.094,15.059,15.515,16.313,14.336,13.493,14.259,13.31,14.156,12.398,14.138,14.871,16.321,14.747,16.61,16.306,15.132,17.823,17.491,18.947,16.455,16.011,18.824,17.72,18.811,18.37,16.011
16.692,18.199,19.247,20.056,20.163,19.469,19.272,19.346,14.849,15.771,15.097,14.449,12.535,14.383,16.656,11.448,15.595,12.724,12.686,15.786,16.019,14.316,16.656,16.145,14.441,13.806,12.573,13.849,10.082,7.9608,14.671,18.199,18.454,18.101,18.193,19.216,18.454,17.331,17.29,17.475,16.692,17.801,17.366,15.542,15.869,16.403,16.145,16.019,16.627,16.256,14.257,14.241,11.818,11.624,14.655,13.303,13.987,12.715,11.828,11.29,8.9239,10.858,13.84,15.356,16.806,15.967,16.086,14.961,12.029,10.454,14.257,12.864,13.167,13.167,13.213,15.922,14.316,13.158,17.632,17.801,15.718,16.285,18.641,18.486,12.836,17.366,18.259,20.264,18.877,15.191
16.756,19.542,20.461,20.364,20.019,20.05,19.542,18.007,17.446,16.229,14.962,13.787,14.178,13.273,11.764,14.987,13.16,13.966,14.456,14.464,15.509,15.029,15.573,15.739,14.72,14.72,13.541,11.764,9.8186,8.1755,15.16,17.972,18.389,19.183,18.624,18.544,18.117,17.75,17.56,18.254,16.719,17.701,17.532,16.756,16.6,17.014,16.275,15.951,15.865,16.457,15.865,14.456,14.169,12.62,13.687,13.198,14.456,13.605,13.16,11.011,9.5232,12.61,14.037,16.328,16.328,15.982,16.214,15.086,13.966,14.178,12.462,13.468,14.456,13.993,14.82,14.72,15.136,16.075,16.442,16.328,18.014,17.623,17.896,18.062,18.288,18.524,19.77,18.948,18.504,16.021
16.001,16.886,18.01,18.465,18.096,17.748,17.356,16.638,15.806,15.203,13.844,13.721,12.892,12.74,13.151,12.273,11.886,12.586,12.992,12.992,13.376,12.992,14.021,14.131,14.359,12.992,12.251,10.394,8.8996,8.2169,12.992,15.499,16.94,17.243,16.94,16.251,15.928,16.41,15.591,15.296,15.632,15.731,15.731,15.632,15.203,14.494,14.601,14.503,15.271,14.386,13.721,13.022,12.902,12.273,11.732,12.251,12.831,12.156,11.929,10.115,9.073,11.732,13.492,13.54,14.575,14.787,14.778,12.831,13.454,12.78,12.251,11.257,12.156,12.992,12.325,13.693,13.759,13.712,15.364,14.575,15.499,15.126,15.961,15.557,15.961,16.536,17.356,17.356,16.465,14.095
17.158,18.905,19.908,19.786,20.391,19.988,19.212,18.097,17.682,16.64,15.099,14.339,13.643,13.281,12.092,13.272,13.846,12.947,14.03,15.235,15.131,14.574,15.761,15.441,15.315,14.021,13.82,11.766,10.818,8.4864,14.574,16.64,18.847,18.976,19.034,18.251,18.197,17.606,17.661,17.264,17.439,17.292,17.101,17.348,16.285,16.756,16.307,15.792,16.64,15.441,16.127,14.202,13.705,13.463,13.272,13.82,14.339,13.544,13.281,10.863,9.5774,12.576,13.758,14.339,16.158,15.676,15.676,16.225,14.574,13.899,13.106,13.544,14.806,13.969,15.059,14.507,14.507,15.907,16.872,16.345,17.495,16.463,17.785,18.574,17.101,18.847,19.908,18.77,18.311,15.854
17.333,19.583,19.014,20.221,19.98,20.154,19.48,17.391,17.541,16.257,15.608,14.988,12.603,12.523,11.087,14.202,14.558,10.282,13.069,14.686,16.486,15.219,15.013,16.896,15.608,16.303,13.847,11.408,10.592,8.5326,14.821,18.176,18.717,18.374,19.5,18.038,17.983,18.482,17.16,17.312,15.79,16.748,18.536,16.47,17.9,16.896,16.326,16.356,17.24,16.379,15.552,13.436,14.299,13.107,13.445,14.097,13.183,14.132,12.523,10.756,10.498,12.363,13.738,16.599,16.599,15.277,14.897,14.618,13.107,13.99,11.387,10.985,14.515,13.91,14.988,14.481,16.666,15.869,17.647,15.211,17.9,17.369,16.356,17.534,18.155,17.196,19.014,21.002,18.149,17.065
17.457,18.898,19.904,20.05,19.657,19.663,18.924,18.369,17.345,16.817,14.821,14.035,13.477,13.974,13.983,14.044,12.742,13.965,14.035,14.454,15.504,15.106,15.923,15.777,14.992,14.035,13.073,12.195,10.179,8.2768,14.854,17.366,18.866,19.282,18.155,18.128,18.448,17.118,17.727,17.118,17.727,17.533,17.246,17.274,17.281,16.903,16.121,16.361,17.281,15.504,15.504,13.904,13.728,13.86,13.285,13.413,13.974,13.939,12.989,11.736,9.4975,12.989,14.25,15.808,15.314,15.808,15.049,14.327,14.035,12.875,13.035,12.923,13.34,13.825,13.913,13.913,15.692,15.314,17.246,16.346,16.598,17.338,17.225,17.843,17.802,18.435,18.905,18.737,18.108,16.598
17.352,19.517,20.245,21.908,20.561,20.615,20.088,19.241,17.498,15.005,14.205,13.475,14.383,16.228,14.136,10.301,10.82,12.014,13.475,15.029,16.4,15.741,16.752,14.383,15.484,13.164,12.636,11.727,10.65,8.27,14.577,16.466,17.877,18.433,18.786,18.093,18.42,17.651,17.685,17.484,16.839,17.519,17.568,16.803,16.694,16.54,16.13,16.333,16.07,15.005,14.51,13.238,13.062,13.136,12.865,13.61,14.833,13.547,12.373,10.954,9.1768,13.164,14.239,17.795,16.54,16.54,15.887,15.421,15.102,14.98,14.809,13.025,12.808,13.466,13.32,15.795,14.239,14.8,14.61,15.198,16.643,17.685,19.66,18.433,19.348,18.36,18.851,18.354,17.883,15.601
16.82,18.822,19.179,19.633,19.493,19.609,18.998,18.107,17.072,16.361,14.747,13.394,13.562,13.179,13.968,13.269,13.323,13.421,13.968,14.044,14.404,15.027,15.027,15.617,14.931,14.346,13.394,11.387,9.4206,8.3066,14.179,17.072,17.668,18.574,18.574,18.153,18.055,18.107,17.936,17.079,17.246,17.079,17.259,17.567,17.239,16.045,16.798,16.505,15.926,15.425,14.859,13.736,13.745,14.044,13.089,13.134,14.246,13.206,13.089,11.314,10.056,11.908,14.146,14.674,16.685,16.215,15.677,15.425,14.503,13.805,13.736,12.233,13.491,13.089,13.736,14.346,15.73,15.192,16.126,15.926,17.587,16.904,17.567,19.364,17.802,18.107,20.07,18.593,18.765,16.104
17.171,18.204,20.136,20.549,20.093,19.652,19.745,18.43,16.812,15.919,14.518,14.135,13.473,12.834,13.857,12.221,13.069,13.291,14.049,13.935,14.676,14.349,15.326,15.334,14.882,13.617,12.691,11.278,9.8724,8.1709,15.326,17.107,18.796,18.608,19.226,18.443,18.21,18.204,17.27,17.333,16.557,17.695,18.11,16.79,16.475,16.586,16.557,16.169,16.079,16.409,16.409,14.585,13.715,12.957,13.032,13.653,14.144,13.688,12.919,11.278,9.3788,13.032,14.315,14.85,16.079,15.5,15.31,14.315,14.817,13.617,12.35,13.032,14.247,14.238,13.428,15.804,15.374,15.804,17.107,16.848,18.204,16.79,18.66,18.324,18.9,18.271,19.577,19.358,18.588,15.31
15.44,17.659,17.948,18.077,18.346,18.479,17.483,16.745,16.652,15.868,13.101,12.226,11.687,11.949,11.576,11.134,12.853,12.289,12.782,13.002,13.354,13.517,13.81,13.402,13.669,13.209,12.109,11.134,8.645,7.4954,13.402,15.745,16.371,16.966,17.02,16.875,15.932,15.745,16.348,16.387,15.465,15.094,15.44,16.221,15.306,15.094,15.364,14.757,15.306,14.43,14.296,12.61,12.732,12.205,11.72,11.895,12.943,13.199,11.509,10.279,8.6301,11.851,13.17,15.238,14.105,14.991,13.94,13.66,13.716,11.851,12.701,13.716,12.701,13.002,12.943,14.448,14.537,14.448,16.348,15.672,16.875,15.892,16.536,17.327,17.027,17.29,18.451,17.71,16.253,14.448
17.379,19.227,19.815,20.651,19.717,19.346,19.365,18.127,17.811,16.229,14.615,14.255,13.56,13.281,11.97,14.787,13.497,13.372,14.084,15.039,14.255,14.779,15.435,15.544,15.079,14.255,13.711,12.16,9.831,7.926,14.755,17.316,18.814,18.503,18.84,17.811,18.187,17.26,16.713,17.169,16.516,16.828,17.434,17.232,16.633,16.799,16.487,16.48,16.281,16.406,15.676,13.798,14.289,13.308,13.56,13.842,14.515,13.912,13.281,11.316,10.45,13.912,14.664,17.288,16.516,16.487,15.521,15.309,14.263,15.435,14.331,13.235,14.187,15.143,15.364,14.861,16.828,15.989,16.251,17.204,18.24,18.027,18.353,18.53,17.455,19.227,20.177,18.471,18.194,15.951
17.205,18.962,19.931,20.461,19.857,20.371,19.863,19.091,18.247,16.682,14.663,14.426,14.124,14.468,14.323,13.026,13.362,14.045,14.211,14.314,14.805,14.494,15.95,15.826,15.019,14.01,13.627,11.951,11.097,8.9464,14.494,17.133,18.064,18.301,19.379,18.173,18.112,17.482,18.301,17.893,17.334,17.622,17.622,16.792,16.741,16.519,17.227,16.256,16.256,16.437,16.165,14.219,13.5,13.545,13.026,13.788,14.604,13.69,12.884,11.251,9.9252,11.838,14.805,16.851,16.902,17.817,16.437,15.981,15.888,14.896,13.842,12.003,14.871,14.211,13.408,16.384,15.888,15.888,16.586,18.422,19.329,19.02,17.601,18.786,18.469,19.354,18.897,19.663,17.817,15.456
17.525,19.006,20.446,20.572,19.798,19.517,18.528,18.98,17.804,15.992,15.845,14.652,13.973,13.471,11.756,14.458,13.352,13.778,13.352,13.894,15.171,14.877,16.061,15.822,15.057,14.458,13.49,10.955,9.5386,8.4447,15.082,16.889,18.448,19.142,19.154,18.64,18.051,17.525,17.588,18.193,17.532,17.7,17.755,17.384,17.525,17.321,16.312,16.67,16.633,16.372,16.061,14.415,13.92,13.787,14.105,14.304,14.517,14.026,13.617,11.619,10.519,13.176,15.5,15.571,16.633,16.007,16.962,15.571,14.483,15.571,13.617,14.113,14.86,14.885,15.899,14.183,16.244,17.099,18.401,17.532,18.818,17.525,17.741,18.348,18.515,18.883,19.742,19.289,18.287,16.191
16.984,19.285,19.14,19.976,19.83,19.41,19.51,18.517,17.599,16.181,14.741,13.382,13.508,12.94,12.415,13.703,13.668,13.534,13.641,14.626,14.741,14.937,15.963,15.376,14.609,13.913,13.245,12.219,10.033,8.7583,14.274,17.329,18.041,18.854,18.439,18.261,17.517,17.879,17.329,17.329,17.217,17.879,16.754,17.28,16.499,16.812,16.941,16.352,16.285,15.439,15.894,14.342,13.534,13.641,13.721,13.199,14.086,13.991,12.912,11.578,10.033,12.169,15.281,16.374,17.217,16.113,16.226,16.083,14.961,14.163,14.095,13.852,14.163,14.526,13.991,15.321,16.241,16.754,17.716,17.447,18.207,18.141,18.699,18.087,18.751,18.419,19.921,19.103,18.141,15.446
17.287,19.761,19.866,20.368,20.465,20.101,18.223,18.605,17.93,16.379,15.096,13.977,13.337,13.411,12.438,14.213,13.318,13.188,14.222,14.699,15.006,14.899,16.16,16.566,14.874,14.471,13.484,11.545,10.232,8.4816,15.096,17.457,18.789,19.004,18.545,18.71,17.992,17.591,17.485,16.854,17.372,16.941,17.372,17.896,16.168,17.144,16.228,16.327,16.44,15.546,15.331,15.185,13.629,14.039,13.907,13.907,15.193,14.126,13.141,11.619,10.328,12.809,14.932,16.41,16.106,16.206,17.057,15.798,14.923,14.056,13.141,15.696,15.185,15.193,14.454,16.678,15.953,16.499,17.379,18.25,18.425,18.067,18.203,17.549,18.25,18.789,20.008,19.636,18.203,15.86
17.658,19.599,20.183,19.407,19.156,19.826,19.288,17.733,17.465,15.692,15.151,14.092,13.701,13.243,12.91,13.85,12.91,12.938,14.465,13.989,14.869,14.886,15.365,15.255,14.365,13.998,13.718,11.482,9.9588,8.3467,14.322,17.298,18.435,18.521,18.257,18.481,17.903,17.596,16.643,17.631,16.988,17.27,17.596,16.643,16.823,16.838,16.133,16.111,16.371,16.111,16.371,14.673,13.859,13.243,13.433,14.161,14.598,13.806,12.693,11.408,10.56,12.825,14.934,16.058,16.349,16.489,15.96,15.278,13.911,15.255,12.91,13.78,15.151,14.673,15.444,14.755,15.93,17.514,16.297,18.204,18.038,17.326,18.304,18.297,18.728,19.587,20.021,18.748,18.985,16.238
17.041,18.684,19.226,19.574,19.226,19.226,18.781,17.722,17.722,17.062,15.268,14.924,13.657,13.496,13.85,13.416,13.496,14.186,13.971,14.33,14.981,14.753,14.745,14.924,15.245,13.371,12.376,12.598,9.4416,8.2392,14.33,17.196,17.803,17.817,18.716,17.864,17.433,17.231,18.073,17.722,17.062,17.266,16.048,16.827,17.378,16.812,17.722,16.486,17.203,14.876,14.456,14.389,13.28,13.416,12.902,13.271,13.371,14.152,13.416,11.683,10.263,13.087,15.141,14.556,16.948,17.033,16.74,15.949,15.543,14.522,14.152,14.288,13.841,15.426,14.778,16.002,17.315,16.123,18.026,17.999,18.026,18.292,18.186,19.444,18.476,19.326,19.512,20.39,17.803,16.07
17.261,19.165,19.446,19.165,19.783,19.783,19.415,18.105,17.351,16.606,14.367,14.982,14.434,13.855,13.26,13.251,12.882,13.959,14.156,14.053,15.658,14.533,15.022,15.245,14.641,14.164,13.214,12.19,9.5289,8.0491,14.591,16.944,18.474,18.944,18.238,17.558,17.537,17.12,16.922,16.901,16.951,18.045,16.901,17.695,17.092,16.751,16.887,16.461,17.015,15.712,15.158,13.967,13.404,13.855,13.04,13.855,14.492,14.367,13.574,11.551,9.8152,12.994,14.853,15.519,16.951,17.142,15.41,15.735,15.978,13.776,15.285,13.959,13.889,14.926,15.496,15.651,17.351,16.402,17.837,18.098,17.695,18.165,17.776,18.79,19.446,19.464,20.235,19.446,18.474,16.461
15.831,17.46,17.823,17.551,18.307,17.995,16.435,16.857,15.293,14.473,13.413,12.421,12.411,11.589,10.234,12.017,12.411,11.842,12.089,12.656,13.659,13.367,13.988,13.55,12.993,11.8,11.8,10.933,8.9495,7.0556,12.993,14.934,16.163,16.502,16.747,16.435,15.862,15.862,16.009,15.228,15.333,15.413,15.333,15.413,14.533,15.588,15.188,14.05,14.81,14.224,13.731,13.115,11.935,12.211,11.8,11.997,13.115,12.421,11.842,9.9286,8.9495,12.017,13.19,13.935,14.6,14.216,14.701,14.6,13.413,13.358,11.925,14.059,13.413,12.993,12.45,14.431,15.074,14.224,16.375,16.261,16.98,16.284,16.009,16.849,17.439,17.795,17.995,17.628,16.944,14.901
16.699,18.988,20.179,19.645,19.571,19.761,18.783,18.354,17.38,16.341,15.247,14.516,13.991,13.852,13.904,13.982,13.236,12.762,14.29,14.332,14.927,15.007,15.738,15.436,13.991,14.077,13.973,12.091,9.8807,8.3569,14.29,17.17,18.68,18.969,17.813,18.354,17.813,16.714,16.815,16.583,16.634,17.567,17.149,17.622,16.699,17.317,16.518,16.215,16.282,15.08,14.788,14.731,13.597,13.659,13.498,13.921,14.391,14.332,13.973,11.349,9.4558,13.227,15.615,15.853,15.884,16.371,15.853,15.007,15.428,13.525,12.562,13.982,13.498,15.31,14.616,14.077,15.623,17.29,18.135,17.317,17.813,17.724,17.813,19.316,18.075,19.645,20.647,20.245,19.515,16.481
17.042,19.576,19.196,20.01,20.226,19.477,19.196,18.195,17.12,16.893,14.747,14.877,14.747,13.281,14.076,13.99,13.236,14.153,13.877,14.153,15.428,14.788,14.861,15.246,14.059,14.153,13.596,12.532,10.416,8.0622,14.289,16.778,18.294,18.471,18.248,18.028,17.893,17.317,17.758,17.268,17.758,17.724,17.064,16.742,16.8,16.072,16.979,16.169,16.072,16.072,15.428,14.153,13.236,14.153,13.525,13.372,15.143,13.773,13.658,11.317,10.026,12.686,14.665,15.143,15.707,16.37,16.229,15.435,14.665,14.457,14.315,13.498,14.877,15.183,14.95,15.007,15.365,16.517,17.233,16.814,18.248,17.393,18.195,19.272,18.51,19.39,20.244,18.738,18.968,16.251
17.203,19.506,19.869,20.407,20.377,20.256,19.181,17.898,17.459,16.944,15.098,13.73,13.44,12.656,11.578,14.608,13.631,13.486,14.111,14.901,15.445,15.389,15.8,14.532,14.734,14.014,13.246,11.935,10.365,8.081,14.759,17.117,18.206,18.634,18.922,18.468,17.438,17.232,17.438,17.565,16.389,16.907,17.628,16.797,17.081,17.139,16.283,16.412,16.501,16.885,16.162,14.532,13.504,12.763,13.549,14.456,14.6,14.925,13.218,10.53,9.7782,12.714,14.293,16.162,16.531,16.746,16.687,15.776,14.473,15.548,13.549,14.215,15.008,15.955,16.23,14.934,16.23,16.885,16.965,18.226,18.547,18.474,17.718,18.474,18.547,19.104,19.537,20.079,19.462,17.06
17.396,19.244,19.854,20.292,19.714,19.542,18.627,18.221,17.541,16.079,15.83,14.235,13.098,13.398,12.193,14.37,12.959,13.823,13.858,14.269,15.121,14.57,15.6,14.84,15.24,14.311,13.831,11.385,10.436,8.5725,14.056,17.732,17.915,18.451,18.788,18.445,17.739,17.431,17.841,17.705,16.718,16.206,17.868,16.696,16.718,16.804,16.61,15.845,16.317,16.258,16.191,14.039,13.753,12.959,14.167,14.065,14.767,13.647,13.262,11.204,10.32,12.762,15.335,15.413,17.562,17.124,16.61,15.83,15.225,14.767,13.217,13.884,14.235,14.445,16.464,13.892,15.738,16.317,16.804,17.698,18.34,17.562,18.89,17.868,18.884,20.499,20.239,19.616,18.679,16.464
16.798,18.708,18.708,18.532,19.218,19.685,18.792,18.727,18.149,16.27,15.312,13.815,12.303,13.251,11.903,13.612,14.306,13.789,13.998,13.674,14.943,14.968,15.161,14.878,15.288,13.576,13.132,12.45,9.4536,7.9507,14.272,16.653,17.833,17.961,18.843,18.216,18.109,18.236,17.778,18.374,17.621,16.711,16.74,16.998,16.248,17.455,16.761,16.536,16.023,15.633,16.188,14.748,14.093,12.777,13.514,13.514,14.101,13.867,12.88,11.984,9.6689,12.88,14.348,15.288,17.232,16.448,15.939,15.702,15.28,15.453,13.92,13.937,14.306,14.764,16.653,15.756,15.563,16.307,16.761,17.778,18.447,17.225,18.109,18.236,18.843,19.2,19.294,19.3,18.374,16.998
17.298,19.525,20.092,19.58,19.826,19.893,18.592,18.037,16.722,16.489,14.523,14.465,13.243,13.022,13.505,11.824,13.858,13.997,13.424,13.997,14.738,13.718,14.869,14.787,14.672,14.322,13.068,11.15,9.6627,8.3753,14.473,17.072,18.363,19.099,18.779,18.303,18.097,17.277,17.214,17.875,16.751,17.326,17.821,16.237,16.496,16.349,16.058,15.891,16.282,16.489,15.838,14.339,13.885,13.197,13.885,13.885,14.339,14.339,13.096,11.354,9.3961,13.379,14.754,16.289,16.237,16.642,16.222,14.339,14.523,14.623,13.243,13.197,15.183,14.092,14.339,16.525,16.297,16.437,17.705,17.402,17.712,18.084,18.197,18.831,19.893,19.654,19.826,19.826,19.673,16.349
15.458,17.527,17.477,17.798,17.419,17.39,17.091,16.159,15.868,14.369,13.465,11.928,12.343,12.219,12.137,11.005,12.635,12.147,12.137,13.511,13.511,13.706,13.942,13.632,13.502,12.695,12.545,9.9603,8.3062,7.237,12.545,15.947,16.771,16.68,16.831,16.68,16.057,16.002,16.252,16.283,15.458,16.182,15.868,15.709,15.087,15.261,15.062,14.919,14.587,14.059,13.879,12.823,12.545,12.823,12.219,12.862,13.361,13.056,11.896,11.085,9.4678,11.443,13.133,15.499,14.474,14.69,14.059,13.047,12.695,12.665,13.511,13.65,13.39,13.257,12.545,14.97,14.818,15.237,15.393,15.939,15.58,15.868,17.677,17.755,16.628,18.675,17.953,18.072,17.281,14.63
14.879,17.886,18.24,18.24,18.212,17.706,17.965,17.006,15.998,15.16,13.622,12.678,12.025,11.647,11.312,11.767,12.163,12.443,12.319,13.356,13.442,13.808,13.622,13.762,13.163,12.768,11.767,10.732,8.7037,6.5961,13.279,15.386,16.641,17.407,16.695,16.517,16.763,16.291,16.315,16.291,15.756,16.197,15.756,16.101,15.519,16.078,15.219,15.411,15.411,14.487,13.817,13.153,12.443,13.006,12.443,13.279,13.279,13.356,12.236,11.369,9.1201,11.799,13.891,14.487,15.024,15.092,14.255,13.817,13.762,12.898,13.442,13.356,13.622,13.442,12.878,14.749,15.419,15.756,16.817,15.185,16.595,16.22,16.817,17.208,17.23,17.561,18.338,17.822,16.817,15.177
15.517,17.688,17.567,17.857,17.702,17.857,17.251,16.357,15.533,14.849,13.837,12.507,11.775,12.213,11.108,12.172,12.356,12.265,12.537,12.988,13.208,13.424,14.439,14.221,13.591,13.208,11.517,10.613,9.0189,7.2842,12.988,15.215,16.63,16.78,17.337,16.78,16.234,16.149,15.899,16.456,15.701,14.992,15.986,15.215,15.629,15.637,14.714,14.722,14.159,14.925,14.543,12.823,12.978,12.183,13.007,12.978,13.591,13.132,12.356,10.314,8.5048,12.183,14.017,14.097,16.04,15.701,15.24,14.815,13.909,14.088,12.386,13.517,13.801,14.044,15.05,14.404,14.773,14.874,15.701,15.709,17.039,16.04,17.366,16.54,17.214,17.878,18.449,17.688,16.456,14.611
15.805,17.664,18.999,18.303,17.727,18.021,17.671,16.861,15.694,14.137,12.899,12.654,12.089,11.7,12.161,11.332,12.535,11.397,13.081,13.504,13.148,13.449,13.504,13.824,13.824,12.743,12.202,10.508,8.7288,7.0152,13.205,15.876,16.501,16.913,16.441,16.441,15.884,15.036,15.43,15.332,15.502,15.686,15.502,15.438,15.028,15.299,15.127,14.7,15.201,14.295,14.312,13.458,13.119,12.535,12.016,12.344,13.642,13.43,12.365,10.255,9.3373,12.495,14.529,15.623,15.686,15.526,15.291,14.911,14.004,14.495,13.504,14.598,13.578,14.004,14.004,15.201,14.572,15.291,15.397,15.782,16.095,16.764,18.021,17.84,16.764,17.082,18.432,18.028,16.861,14.844
16.13,18.208,18.848,17.633,17.524,17.282,17.23,15.486,15.657,14.674,12.488,13.096,13.251,12.21,12.137,12.21,11.512,12.158,12.62,12.781,13.164,13.251,13.593,14.026,13.212,12.62,12.199,10.109,8.8307,7.0854,13.106,15.706,16.605,16.651,16.811,16.728,16.559,16.436,16.28,15.674,15.592,16.443,15.584,15.657,15.353,15.649,15.353,14.674,15.852,14.216,13.733,13.779,12.62,13.28,12.62,12.62,14.063,12.93,12.283,10.733,9.5915,12.468,15.009,15.592,14.216,15.411,14.847,14.847,14.026,13.366,13.733,13.28,13.164,15.722,14.367,14.907,15.328,15.584,17.171,16.781,16.72,16.536,17.926,18.285,17.495,17.348,18.76,17.669,17.282,15.06
15.544,17.487,17.715,17,17.694,18.381,17,16.822,16.215,15.136,13.847,12.636,11.295,12.099,10.714,11.688,12.764,12.109,12.636,12.764,13.48,13.17,12.92,13.555,13.471,12.036,12.036,9.9124,8.7435,6.7356,12.666,15.423,15.641,16.514,16.574,15.911,15.997,15.911,16.468,15.713,16.369,15.528,14.345,15.681,14.622,15.721,15.423,14.936,14.86,14.098,13.434,13.141,13.017,12.556,12.192,12.556,12.794,13.103,12.119,11.116,8.7578,11.784,13.17,14.725,15.997,16.642,15.423,15.152,14.885,13.601,12.764,14.161,14.86,13.255,14.733,15.019,15.649,15.966,15.649,15.26,16.529,16.346,17.088,17.379,16.59,18.051,18.409,18.361,17.052,15.227
15.257,17.443,18.47,17.421,17.834,17.558,17.385,15.726,14.559,14.891,13.485,12.561,13.022,11.563,11.82,11.563,11.735,12.113,12.44,12.561,13.108,13.022,13.925,13.485,12.837,12.44,12.186,10.141,9.2348,7.9188,13.307,15.265,17.006,16.474,16.828,16.027,16.29,15.558,16.034,15.598,15.726,15.814,15.331,15.322,15.29,14.738,14.73,14.662,14.941,14.103,14.032,12.611,12.521,13.108,12.44,12.531,13.532,12.67,11.692,10.612,9.0288,12.319,14.166,15.067,15.726,15.331,15.322,14.798,14.559,13.952,13.67,13.002,13.679,14.584,14.166,14.559,16.151,14.73,16.167,16.252,17.006,16.352,17.27,17.764,16.151,17.291,18.799,17.749,16.895,15.534
15.659,17.718,18.06,17.845,17.669,17.669,17.239,16.642,15.401,14.839,13.728,12.529,12.082,12.174,12.499,11.542,11.661,11.884,12.97,12.648,13.199,13.6,13.891,13.237,13.199,13.037,12.092,10.546,9.0129,7.2103,13.284,14.915,15.912,16.491,16.769,15.691,16.154,15.691,16.154,15.81,15.205,15.659,15.531,15.401,15.115,14.559,14.763,15.336,14.772,13.864,13.927,12.746,12.746,12.348,12.588,12.902,13.461,12.648,12.418,11.235,9.433,12.164,14.316,14.915,16.445,16.619,15.531,15.205,14.864,14.141,14.007,13.237,12.97,15.181,13.582,14.864,16.006,16.262,16.506,15.943,17.064,16.649,16.619,17.326,17.028,17.69,18.826,17.086,16.399,15.336
15.874,17.546,17.905,17.87,17.1,18.38,17.596,16.491,15.874,14.52,13.643,13.196,12.357,12.337,11.873,12.89,11.757,13.025,12.735,12.89,13.569,12.407,13.486,13.3,13.272,12.842,12.367,10.783,8.7233,7.2727,12.958,15.492,16.308,16.544,16.108,16.247,15.984,15.929,16.054,15.605,16.054,15.605,14.563,15.605,15.167,15.676,15.387,14.993,14.901,13.449,13.328,12.607,12.357,12.958,12.357,12.607,13.496,13.025,12.071,11.499,9.2102,11.873,14.993,14.758,15.605,15.557,15.795,15.026,14.101,14.312,14.382,12.987,12.527,15.026,15.191,14.485,15.557,15.06,17.012,16.604,17.085,16.85,16.626,17.085,17.447,18.099,18.589,18.882,16.536,14.826
16.192,17.493,17.184,17.407,17.642,17.998,17.493,16.951,16.497,14.47,13.482,12.722,12.233,11.829,10.585,12.474,11.996,11.574,12.78,12.633,13.435,13.126,13.574,13.98,13.801,12.722,11.861,9.6884,9.0369,7.0918,12.594,15.003,15.62,16.965,17.227,16.617,16.092,16.368,15.597,15.779,15.975,15.412,16.122,15.66,15.209,15.003,14.886,14.684,15.085,14.886,14.978,13.258,12.514,12.273,12.954,12.945,13.629,13.435,11.996,10.419,10.238,12.504,14.113,15.011,15.975,15.975,15.176,15.003,14.184,14.548,13.173,12.983,14.131,13.701,14.53,15.233,15.597,15.779,16.161,17.464,17.148,16.995,16.973,16.951,18.074,18.272,18.306,17.684,17.656,15.492
15.811,18.111,18.668,18.2,18.507,17.903,17.464,16.348,15.435,14.23,13.657,13.124,12.176,11.18,10.512,12.619,12.042,12.207,12.659,13.2,13.537,13.793,13.537,14.603,12.981,12.5,11.673,10.308,8.8601,6.8008,13.124,15.133,16.447,16.8,16.508,16.401,16.771,16.225,15.403,15.532,15.403,15.444,15.7,15.116,14.222,15.264,14.807,14.422,14.714,14.841,14.222,12.904,12.981,12.619,12.369,12.904,14,13.314,12.083,10.124,9.2196,12.349,14.318,14.916,16.264,15.89,14.983,15.444,13.463,15.008,12.855,13.038,14.08,13.865,14.16,14.08,14.535,15.572,15.403,16.621,17.205,16.194,17.755,16.621,17.671,17.241,18.111,18.118,17.27,15
15.687,18.712,18.067,17.854,18.929,17.911,17.2,16.073,15.655,14.645,13.169,12.625,11.029,11.292,11.075,12.38,12.625,11.886,12.746,12.297,13.332,13.418,13.55,13.475,13.032,12.625,11.348,11.746,8.6441,7.6919,12.934,15.728,16.488,16.938,16.542,16.968,16.441,16.387,16.049,15.849,15.969,15.809,14.921,15.969,14.355,15.857,14.989,15.334,15.133,14.068,13.894,13.55,12.983,12.625,12.715,12.934,13.867,13.13,12.472,11.087,9.3117,11.972,14.221,14.723,16.286,15.158,15.712,15.284,15.458,14.149,14.301,14.149,13.644,13.37,13.672,15.065,15.184,16.441,16.673,15.777,16.231,16.168,16.787,18.382,16.787,17.869,18.794,17.668,17.668,15.849
15.462,18.049,18.583,19.062,18.63,18.084,17.086,16.527,15.679,14.343,12.996,12.108,11.611,11.814,11.415,10.979,12.19,11.867,12.831,12.763,13.945,13.225,13.357,13.525,13.054,12.792,11.867,11.058,8.3315,7.5255,13.479,15.018,16.12,17.261,16.588,16.283,16.027,15.933,16.05,15.964,15.526,15.225,15.026,15.225,14.413,15.059,15.25,15.059,15.454,14.595,13.432,13.301,12.763,12.384,12.313,13.015,13.618,13.525,12.18,10.417,9.5638,12.097,14.017,15.25,15.323,16.144,15.018,13.963,14.791,13.673,13.945,14.413,12.986,13.479,13.216,15.093,15.258,16.144,15.639,15.591,16.027,16.05,17.348,17.027,16.67,17.283,18.359,18.201,16.64,15.018
15.457,17.596,18.075,17.747,18.917,18.216,16.938,16.394,15.694,15.366,14.155,12.23,12.167,12.167,12.146,11.183,12.671,11.977,12.63,13.174,13.376,13.594,13.65,13.452,13.136,12.167,11.631,10.167,9.1079,7.2863,13.29,15.864,16.269,16.68,16.976,16.456,16.269,16.056,15.976,15.856,16.056,15.864,15.291,15.783,15.14,15.498,15.67,15.198,15.021,13.79,13.603,12.751,12.989,13.452,12.791,13.575,13.79,13.603,12.549,11.827,9.1079,11.297,14.299,15.864,15.735,15.498,15.424,15.165,15.021,13.678,14.046,14.29,13.038,13.223,12.91,15.291,14.361,16.198,15.366,15.67,15.864,15.864,16.817,17.421,16.794,18.501,18.72,18.528,17.798,15.856
15.545,18.094,18.087,17.744,17.758,17.779,17.38,15.967,15.054,14.179,13.555,12.12,12.676,12.11,12.765,12.11,10.981,11.526,13.142,12.527,13.472,13.056,13.92,13.965,13.481,12.637,12.517,10.75,8.7583,7.3924,13.142,14.937,16.301,16.515,16.643,15.904,15.833,16.146,15.545,15.904,15.682,15.674,15.359,16.123,15.26,15.029,14.869,14.52,15.577,14.528,13.848,12.607,12.517,13.666,12.223,13.056,14.179,13.256,12.666,11.195,9.0261,12.386,14.657,15.137,14.597,15.318,15.326,15.02,14.232,13.555,12.437,12.607,13.142,13.528,14.099,13.435,14.886,14.793,15.682,15.674,16.515,16.347,16.643,17.695,16.83,17.976,18.927,18.633,17.948,14.734
15.455,18.214,18.63,18.249,17.383,17.767,16.982,16.793,15.814,15.071,13.451,12.639,11.793,11.793,11.114,12.508,11.63,12.548,12.008,12.75,13.115,13.173,14.091,13.451,13.789,12.86,11.52,9.7565,9.1072,7.233,12.629,15.339,16.823,16.701,16.571,16.447,16.268,15.79,16.447,16.701,16.11,15.455,14.994,15.823,15.693,16.079,15.189,15.155,15.562,15.164,14.226,13.798,12.66,12.291,13.451,13.789,14.297,13.899,12.145,10.905,9.1072,12.219,13.26,15.397,15.455,15.138,14.545,15.389,15.389,14.262,13.742,13.037,13.222,14.288,13.798,14.226,15.855,15.289,16.268,16.236,16.447,17.183,15.782,16.739,16.884,17.746,18.63,18.534,16.937,16.055
16.22,17.836,18.37,18.734,17.778,17.555,17.248,16.927,15.182,14.221,13.102,12.657,12.657,11.996,12.038,12.206,11.08,12.133,12.647,12.767,13.589,13.362,13.438,13.71,13.247,12.485,12.133,10.017,8.7119,6.7896,13.276,15.374,16.957,17.188,17.262,16.646,16.477,15.807,15.588,15.182,15.407,16.646,15.959,15.935,15.677,14.566,15.588,15.324,15.123,14.911,13.589,13.121,13.409,14.221,12.975,13.542,14.67,13.276,12.926,10.789,9.4819,11.618,14.058,15.005,15.935,16.707,15.588,14.945,14.739,13.466,13.589,12.617,13.784,14.077,13.16,14.635,14.644,14.635,16.181,15.718,17.188,16.776,17.159,17.49,17.188,18.07,19.792,18.238,17.144,15.847
15.665,17.881,17.853,18.338,17.774,17.881,17.652,16.435,16.271,15.052,13.632,12.151,11.112,11.876,10.786,12.844,11.605,12.214,12.369,12.461,13.882,13.089,13.725,13.33,12.864,12.214,11.648,10.389,8.3974,7.7016,12.933,15.179,16.411,16.216,16.953,16.527,16.373,16.772,16.863,16.154,16.09,15.771,15.835,15.803,15.145,15.714,15.674,14.553,14.693,15.12,14.667,13.725,12.734,12.704,13.205,13.632,13.955,13.463,12.764,10.703,9.3852,12.276,14.073,14.984,15.543,15.37,15.001,15.649,14.244,14.217,13.244,13.854,14.136,13.955,14.457,14.693,15.835,15.843,15.763,16.658,17.184,17.724,16.658,17.273,17.361,17.221,19.266,18.338,17.623,15.714
15.894,17.988,18.156,17.797,18.24,17.79,17.203,16.883,15.507,14.941,13.693,13.299,12.164,12.258,12.584,12.175,12.432,13.068,12.432,12.734,13.959,13.432,13.822,14.237,13.174,12.247,11.784,10.474,8.1166,7.1542,12.453,15.284,16.021,16.801,16.489,16.558,15.997,16.733,16.435,16.249,16.233,16.396,15.637,15.997,15.637,15.143,15.798,15.284,15.334,14.414,14.022,13.507,13.068,13.126,12.34,13.554,14.493,13.068,12.814,11.479,9.7736,12.744,14.175,15.017,15.629,15.766,14.941,15.4,15.101,14.736,13.693,13.554,13.507,15.629,14.676,14.966,15.604,14.966,16.611,16.021,16.178,17.1,17.144,18.509,17.625,17.618,18.807,18.625,18.156,15.766
15.75,17.362,18.156,17.76,18.537,18.1,16.85,16.645,16.078,14.698,13.31,12.764,12.204,11.639,11.952,11.329,12.4,11.802,13.528,13.714,13.32,13.348,13.944,13.147,13.147,12.634,12.142,10.393,8.1292,7.4437,13.011,15.563,16.141,16.645,16.947,16.759,16.258,15.919,16.537,16.258,15.831,15.258,15.366,15.758,15.465,15.333,15.637,15.108,14.698,15.358,14.233,13.396,13.108,12.853,13.528,13.089,14.017,13.195,12.183,10.635,9.4183,12.853,13.575,15.2,16.109,16.537,16.141,14.724,15.424,15.391,13.575,14.419,14.437,14.542,14.197,15.531,15.661,16.046,15.831,16.759,16.668,16.078,17.149,17.059,16.759,18.537,18.762,17.645,16.947,15.2
15.908,17.352,18.069,18.268,18.518,17.637,17.651,16.582,15.408,14.048,13.255,12.511,12.786,12.27,9.9018,13.008,11.484,11.857,12.501,12.321,13.255,13.283,14.048,13.869,13.57,12.718,12.471,9.5955,8.495,7.1945,13.056,14.832,16.087,16.469,16.769,16.454,15.664,16.469,15.584,16.53,15.081,15.367,16.769,15.147,15.205,14.965,14.501,14.604,15.081,14.882,14.285,13.625,13.432,12.718,13.57,13.17,14.048,13.385,12.391,10.284,9.8388,12.699,14.056,15.536,17.23,15.584,14.544,14.293,14.544,14.197,13.616,13.698,14.672,14.773,15.007,15.4,15.196,16.409,16.188,16.65,16.612,15.994,17.063,17.317,17.179,17.714,18.484,18.076,17.573,15.007
16.007,18.251,18.056,17.886,18.534,17.978,17.368,16.275,15.928,14.642,13.562,12.622,11.628,11.508,10.685,12.602,11.397,12.602,12.822,12.602,13.534,13.748,13.412,13.096,13.702,12.13,11.364,10.673,8.1994,7.1232,13.336,15.352,15.808,16.894,16.743,16.743,16.522,16.007,16.499,16.499,15.119,15.152,15.999,15.516,15.516,15.744,15.816,15.244,15.026,15.186,14.976,13.106,13.221,12.183,13.221,13.6,13.831,13.383,12.255,10.673,9.6229,13.076,14.406,15.808,16.149,15.808,15.622,15.294,14.685,14.916,13.831,14.326,15.647,15.152,15.319,14.95,16.126,16.071,15.639,16.683,16.568,16.894,16.275,17.214,17.808,17.31,18.907,18.334,17.39,15.622
16.167,17.828,18.664,18.403,18.076,17.641,17.677,16.792,15.922,14.01,13.236,12.186,12.279,11.728,10.601,12.144,11.641,11.815,13.265,12.727,13.398,13.398,14.01,14.155,12.915,12.925,12.196,9.6993,8.6753,7.2197,12.616,15.785,16.144,16.83,16.913,16.701,15.922,16.144,15.632,16.049,15.664,15.435,16.261,15.136,14.342,15.435,14.623,14.975,14.658,14.658,14.839,13.577,12.964,13.322,13.091,13.398,14.019,13.698,12.756,10.885,9.7906,12.616,14.351,15.336,16.425,15.336,15.688,15.427,14.448,14.992,13.398,13.763,14.992,14.448,15.369,15.169,15.336,15.468,16.487,16.487,17.612,16.54,17.263,17.475,17.263,17.144,18.513,18.718,17.417,14.933
15.318,17.669,17.563,17.845,18.483,16.986,17.392,16.667,15.424,14.542,12.954,12.8,10.963,11.754,11.785,11.266,12.514,12.484,12.761,12.964,13.712,13.221,13.492,13.991,12.603,12.068,11.583,9.9872,8.2659,6.792,12.964,15.22,15.87,16.426,16.779,16.486,15.893,15.488,15.925,16.479,15.536,15.552,15.925,14.981,14.964,15.022,14.754,14.559,14.559,14.559,14.299,13.446,13.446,12.068,13.446,13.108,13.991,12.983,12.078,10.986,9.9997,12.524,13.884,15.956,16.667,16.38,15.767,14.989,15.022,14.559,13.911,14.071,14.097,14.071,14.989,15.6,15.987,15.536,16.486,16.258,17.506,15.925,17.008,16.689,17.442,17.9,18.094,18.039,17.044,15.488
15.617,17.366,17.622,17.516,17.755,17.978,17.345,16.597,16.026,14.825,13.472,13.417,11.977,12.008,12.712,12.742,11.988,12.06,12.335,13.164,13.002,13.417,13.117,12.964,13.173,12.974,11.205,10.096,8.117,7.4126,12.712,14.875,15.393,16.026,16.605,16.447,16.057,15,15.768,16.08,16.447,16.18,15.091,16.28,15.609,15.465,15.19,15.19,15.933,14.287,14.278,13.277,13.05,13.164,12.555,13.05,13.791,13.088,12.345,10.764,8.9891,12.624,14.112,14.261,15.091,16.303,15.649,15.165,15.514,15.033,13.791,14.041,14.261,15.744,14.665,15.585,16.234,16.982,16.665,16.026,16.18,17.056,16.507,18.287,16.931,17.755,18.013,17.874,16.924,15.481
16.365,17.632,19.483,18.56,17.988,17.988,17.639,16.652,15.272,14.049,12.392,12.067,13.284,11.743,11.256,10.987,12.015,11.69,12.015,12.392,13.058,13.572,13.699,13.617,13.181,12.512,12.077,10.04,8.4813,6.9489,12.875,14.741,16.494,16.763,16.584,16.12,15.474,15.941,14.95,15.474,15.198,15.777,16.066,15.198,14.477,14.468,14.967,14.503,14.975,14.129,13.978,13.48,13.058,13.871,13.01,13.058,14.049,13.617,12.749,10.953,10.572,12.778,15.401,16.471,16.289,16.342,15.369,14.884,14.468,14.129,13.48,14.503,14.049,14.181,12.943,15.777,14.95,16.105,16.066,16.584,16.734,16.12,17.232,17.632,17.828,17.462,18.466,18.681,17.884,15.231
15.779,18.19,18.052,17.997,17.893,17.093,16.798,15.803,15.198,14.908,13.306,12.087,11.666,11.039,9.9569,12.413,11.591,12.014,12.004,12.74,13.146,13.446,13.031,13.079,12.533,12.342,11.878,9.6123,8.841,7.1549,12.848,14.858,15.612,16.521,16.701,15.779,15.692,15.62,16.316,15.999,15.905,15.564,15.524,15.289,14.629,15.198,15,14.858,14.629,15,15.033,13.409,12.993,12.169,13.306,13.455,13.858,13.202,12.004,11.174,9.1737,12.503,14.697,14.858,16.679,16.092,15.968,15.803,15.427,14.526,13.455,14.319,14.134,13.822,14.569,15.033,15.427,15.174,16.116,16.185,17.49,17.057,17.347,16.998,18.025,18.101,18.436,17.913,17.173,15.499
15.622,18.313,19.18,18.663,17.936,17.715,17.571,16.931,15.622,15.344,13.096,13.067,12.44,12.265,12.13,10.767,11.596,11.855,12.871,13.076,13.562,13.25,13.609,13.609,13.298,12.44,11.855,9.9724,9.0802,6.7763,13.096,15.377,16.682,16.69,16.773,16.313,15.647,16.126,15.808,16.007,15.928,15.904,15.928,15.744,15.377,15.294,14.873,14.184,15.094,15.622,14.641,13.562,13.221,13.307,12.91,12.91,14.255,13.637,12.296,10.685,10.199,12.682,14.255,15.516,16.399,15.999,15.451,15.152,14.685,13.562,13.307,14.335,15.094,14.031,13.183,14.607,15.119,15.671,15.622,16.743,16.126,16.773,18.139,18.167,16.69,18.313,19.455,19.18,18.195,15.816
16.014,18.125,17.896,17.571,17.507,17.875,17.471,16.131,15.707,14.923,13.044,13.206,12.595,12.109,11.932,12.821,11.185,11.71,12.545,12.303,12.986,13.044,13.092,13.092,12.374,12.181,10.97,10.445,8.1428,6.9671,13.158,16.014,16.108,16.628,16.014,16.499,16.131,15.514,16.162,15.442,15.818,16.131,15.409,15.96,15.122,15.409,15.122,14.923,15.45,14.236,13.206,13.291,12.821,13.468,12.821,13.215,13.543,13.319,12.976,11.106,9.1279,12.263,14.583,15.006,15.213,15.442,15.659,14.643,14.872,14.015,13.092,13.092,12.385,14.54,14.54,14.872,15.96,15.794,15.006,16.077,16.014,16.514,16.286,17.571,16.65,17.875,18.689,18.749,17.277,15.707
15.805,18.742,18.626,17.843,18.246,17.584,17.232,16.422,16.188,15.388,13.669,11.786,12.159,11.83,11.289,11.71,12.47,12.211,13.443,13.214,12.931,13.281,13.443,13.891,12.941,12.222,12.159,10.16,8.4028,7.2287,13.339,15.659,16.109,16.972,16.783,16.561,16.438,15.853,15.853,15.553,15.942,16.109,15.062,15.845,15.146,15.222,15.773,15.155,15.355,15.155,13.964,13.166,12.541,13.281,12.931,13.214,13.585,13.472,12.941,11.786,10.021,12.662,14.146,15.38,14.986,15.146,15.011,14.78,14.986,13.863,13.443,14.36,12.852,14.146,13.594,15.011,15.586,15.129,16.132,15.594,17.409,16.484,16.927,17.173,16.972,18.042,17.786,18.708,17.843,15.724
15.669,17.518,17.907,18.198,18.026,17.12,16.995,17.237,15.907,14.881,13.907,13.138,12.761,11.555,12.023,12.513,11.555,11.727,12.603,12.513,12.761,12.106,13.299,13.138,13.844,12.672,11.897,11.023,8.3902,7.0784,12.543,15.024,15.899,16.395,16.525,15.962,16.141,15.828,15.907,16.141,16.157,15.899,15.828,15.669,15.524,15.572,15.024,14.865,15.016,14.174,14.095,12.819,13.052,13.138,12.672,13.477,14.13,13.167,12.116,10.7,9.6146,12.543,13.661,15.198,15.572,15.419,14.999,14.549,13.844,13.616,13.744,12.219,12.672,15.132,14.166,15.057,15.669,15.524,14.999,15.057,15.198,15.899,16.78,17.353,17.201,17.696,18.356,17.752,18.053,15.907
15.477,18.04,17.717,17.928,18.377,17.395,17.037,16.361,15.066,14.532,13.067,12.756,12.538,11.427,11.427,12.285,12.13,11.536,12.047,13.038,12.407,13.067,13.153,13.76,12.558,12.325,11.569,10.147,8.7513,6.8157,12.932,15.542,16.597,17.045,16.414,16.437,16.16,15.655,15.735,15.846,15.437,16.16,15.925,15.727,14.949,15.066,14.899,15.033,15.607,14.04,13.86,13.067,13.343,13.493,12.325,13.371,13.86,13.067,13,11.024,9.321,12.12,14.173,15.265,14.873,15.534,15.339,14.84,13.923,12.883,13.229,13.067,13.483,15.066,13.896,14.566,15.216,15.265,15.372,15.566,15.846,15.727,15.925,17.531,17.279,17.257,18.398,18.151,16.956,15.542
15.415,18.073,17.665,17.614,17.73,18.242,17.73,16.466,16.192,14.667,13.304,12.232,11.676,11.195,11.092,11.365,11.989,11.103,12.021,12.347,12.734,12.894,13.188,12.953,12.894,12.44,11.309,10.228,8.2948,7.1523,12.953,15.514,16.192,16.59,16.255,16.466,16.255,15.881,16.566,16.065,15.873,15.993,15.011,15.881,14.934,15.873,15.514,15.873,15.382,14.322,14.17,13.988,12.894,13.12,12.894,13.618,13.438,12.924,12.148,11.309,9.4481,12.159,14.562,14.883,16.128,15.751,16.59,14.805,15.172,14.197,13.608,13.739,14.052,14.394,14.197,15.481,15.248,15.172,15.993,15.686,16.065,15.357,16.136,16.88,17.614,18.052,17.694,18.596,18.319,16.341
15.962,17.93,17.751,18.758,18.1,17.7,17.158,16.804,15.474,14.695,13.269,12.678,11.844,11.224,9.9317,11.801,11.725,11.438,12.132,12.153,12.648,12.868,13.658,14.055,12.997,12.016,11.638,10.161,8.3677,7.2378,13.23,15.081,16.153,16.804,17.394,16.751,16.184,16.247,15.793,15.962,15.283,15.962,15.825,15.35,14.695,15.728,14.66,15.03,14.738,14.764,14.97,13.46,13.269,13.114,13.611,14.018,14.476,13.23,12.997,10.747,8.8284,13.124,13.881,15.605,15.744,15.793,14.876,14.458,14.59,13.346,12.888,13.658,14.695,13.602,14.018,14.082,14.484,14.868,15.703,16.559,16.404,17.053,17.291,17.951,18.1,17.779,18.226,18.401,17.808,16.279
15.577,17.47,18.033,17.21,18.033,17.108,17.071,16.199,15.95,15.013,13.439,12.014,11.339,11.601,10.774,11.24,12.18,11.857,12.024,12.534,13.128,13.004,12.975,13.242,12.732,12.261,11.708,9.9277,8.3841,7.1085,12.21,14.871,15.537,16.106,16.768,16.626,16.106,15.816,16.813,16.291,15.887,15.046,14.769,15.529,15.137,15.31,15.792,14.71,14.812,15.005,14.642,13.318,12.751,12.907,13.157,13.467,14.12,13.242,12.424,11.105,9.0166,12.424,14.155,14.04,16.106,16.513,15.577,15.212,15.137,15.244,14.146,13.606,14.513,14.146,14.582,15.212,15.529,15.657,15.529,15.448,16.452,16.383,17.362,16.716,17.534,17.362,17.47,18.827,17.683,15.792
15.926,17.509,17.74,19.306,17.654,18.69,17.509,16.653,15.709,15.165,13.914,12.62,12.73,11.645,10.138,12.147,11.612,11.818,12.2,12.314,12.86,12.314,13.85,13.951,12.61,12.458,11.732,10.64,8.2727,6.5765,12.77,14.997,16.43,16.591,16.79,16.835,16.243,16.422,15.95,16.282,15.83,15.316,16.297,15.79,15.207,15.44,14.843,14.971,14.444,14.895,14.997,14.24,13.326,13.095,13.431,13.581,14.444,13.767,12.62,11.279,10.288,12.126,13.628,15.174,16.767,16.054,16.211,14.731,14.843,13.951,13.656,14.284,14.766,14.024,14.275,14.688,15.538,15.266,15.838,16.676,16.054,16.653,16.767,17.157,17.135,17.719,18.339,18.744,17.719,15.79
16.03,17.718,18.081,18.277,17.768,18.193,17.682,16.857,16.03,15.579,13.402,12.64,11.872,11.764,12.199,11.513,11.502,11.513,12.61,12.457,12.365,12.73,13.201,13.201,12.478,12.189,11.904,9.702,8.455,6.7293,13.085,15.14,16.522,16.918,16.835,16.422,16.172,15.709,16.148,16.053,16.14,16.053,15.14,15.34,14.522,15.174,15.644,15.174,15.83,14.903,13.776,13.581,13.114,13.877,12.65,13.534,13.85,13.201,12.478,11.062,10.012,12.189,14.705,16.591,15.757,16.266,15.538,14.069,14.903,15.174,14.239,14.903,13.767,14.355,14.426,15.668,15.693,15.644,16.797,16.148,16.406,16.675,17.134,17.768,17.768,17.067,18.36,18.669,17.015,15.709
15.515,17.651,18.18,17.98,17.785,17.932,17.047,16.603,16.107,14.9,13.299,13.139,12.734,11.487,12.336,10.805,12.152,11.788,12.028,13.072,12.486,13.072,12.986,13.439,12.734,12.07,11.09,9.4897,8.4907,6.5121,13.568,15.419,15.794,16.512,16.693,16.177,16.307,15.515,16.307,15.983,15.603,16.014,15.683,15.386,15.683,15.555,15.017,14.484,15.017,14.9,14.127,13.448,13.11,12.336,12.986,13.448,14.065,13.186,12.496,10.805,9.3839,11.997,14.302,16.084,16.177,15.865,15.166,16.084,14.562,14.302,13.11,13.495,13.568,15.223,13.913,15.419,14.757,15.643,15.865,15.99,16.901,16.177,16.901,16.603,17.883,18.05,19.019,17.904,17.488,15.248
16.321,17.947,18.065,18.737,18.107,17.489,17.388,16.759,15.44,14.227,12.968,12.366,12.173,11.178,10.01,12.101,11.043,11.399,11.595,11.798,12.587,12.725,13.506,13.898,13.121,11.882,12.039,9.8212,8.2443,6.7992,12.725,14.913,15.521,16.647,16.526,16.221,15.887,15.005,15.521,15.399,15.294,15.529,16.19,15.529,14.913,14.837,14.913,14.574,14.804,14.531,14.557,13.035,12.646,12.527,13.282,13.46,13.644,12.745,12.173,10.628,9.6155,12.039,14.393,15.784,16.707,16.283,16.152,15.44,14.314,15.005,14.077,14.837,14.077,12.968,14.209,15.071,14.997,15.569,16.397,16.564,17.41,16.564,16.647,17.259,17.751,18.196,18.196,18.737,18.065,15.569
15.944,18.068,18.438,17.733,18.068,17.391,17.334,16.069,14.865,14.576,13.601,13.152,12.903,11.597,12.093,11.672,11.235,11.768,12.103,12.093,12.727,12.658,13.729,13.284,13.462,12.02,11.543,9.5125,8.0617,6.576,12.727,14.865,16.769,17.028,16.007,16.154,15.881,16.007,15.81,15.787,15.304,15.571,16.278,15.507,15.231,14.865,14.764,15.041,15.263,14.43,14.008,13.152,12.103,13.582,12.419,13.009,13.729,13.416,12.539,10.816,9.4334,12.379,14.317,15.007,16.123,16.123,15.074,15.239,14.221,13.601,13.828,13.892,14.221,14.115,14.008,14.915,16.007,14.533,15.627,14.865,16.278,17.24,17.102,17.733,17.463,18.172,18.9,19.241,18.027,14.982
16.284,17.74,17.93,18.445,18.405,17.535,17.211,15.896,15.212,14.565,13.421,12.504,13.043,11.601,12.087,10.797,10.97,12.353,12.544,12.087,13.205,12.18,12.781,13.243,12.384,12.752,11.24,9.608,7.6511,7.0735,12.594,14.608,16.353,16.873,16.657,16.013,16.284,16.037,15.626,15.505,15.578,15.538,15.578,14.514,15.047,14.539,14.71,15.212,15.187,14.156,14.436,13.043,12.752,13.318,12.594,12.624,13.762,12.985,12.384,10.924,10.202,12.374,15.121,14.77,16.536,15.706,16.013,15.896,14.539,14.12,13.468,13.421,15.047,15.441,14.085,14.608,15.578,15.31,15.212,15.538,16.873,15.706,17.189,17.74,17.013,18.391,18.56,17.874,17.698,15.666
15.454,17.216,17.858,17.746,17.816,17.041,17.426,16.503,15.663,14.783,13.294,12.307,12.184,11.431,11.019,11.518,12.05,11.551,11.409,11.68,13.047,13.133,13.009,13.219,12.518,12.628,12.357,10.007,8.2819,7.0757,12.756,15.01,16.205,16.166,16.236,16.018,16.274,15.043,15.711,15.143,15.126,15.413,15.126,15.534,14.31,15.085,14.544,14.518,14.51,13.518,13.802,13.047,13.133,13.095,12.428,12.989,13.938,13.133,12.667,11.019,10.057,13.209,15.567,15.703,15.901,16.412,16.389,14.775,14.544,14.57,13.739,14.926,14.098,14.327,14.151,15.703,15.192,15.217,16.819,15.987,17.099,16.774,16.819,17.689,17.368,17.576,19.487,17.935,17.129,15.631
15.94,16.913,18.601,17.686,17.945,17.458,16.615,16.15,15.202,14.861,14.322,12.172,12.812,12.089,11.765,12.496,11.669,11.658,11.881,11.849,12.496,12.773,13.148,13.12,12.536,12.089,10.974,10.009,7.8236,5.998,12.802,14.861,15.623,16.273,15.885,15.877,15.885,15.687,16.135,16.119,16.373,16.219,15.202,15.695,15.519,15.202,15.333,15.226,14.861,14.313,13.458,13.12,12.526,12.365,12.345,13.12,13.458,13.309,12.506,10.974,9.959,12.375,15.226,15.527,15.398,16.547,16.135,15.527,15.292,13.897,13.825,13.309,13.281,15.43,14.844,15.028,15.908,15.495,16.615,16.002,16.615,16.525,17.351,17.06,16.98,18.167,19.033,17.882,18.001,15.687
16.132,17.666,17.695,17.56,17.666,17.652,16.895,15.789,15.67,14.297,13.737,12.512,12.962,12.281,12.362,12.076,11.385,11.527,11.784,12.076,12.601,12.962,13.637,13.191,12.991,11.91,11.613,9.9981,8.4878,6.99,12.631,15.185,16.117,16.117,15.985,16.008,16.301,15.678,16.202,15.765,15.93,15.985,15.421,15.789,15.218,15.012,15.218,14.987,15.218,13.989,13.434,12.991,12.729,13.02,12.482,13.323,13.908,12.601,12.522,11.086,9.4995,12.631,14.582,15.86,16.484,15.789,15.789,15.486,14.82,14.297,13.294,13.628,13.02,14.786,14.895,14.556,15.638,15.86,16.529,15.867,16.739,16.895,17.245,17.926,17.779,18.5,19.53,18.311,17.974,15.93
15.53,18.041,18.688,17.874,18.207,18.013,17.334,16.574,16.013,14.583,13.458,12.514,12.046,12.098,9.966,11.805,11.773,12.424,12.046,12.046,12.544,12.811,13.091,13.043,12.654,12.18,11.677,9.966,8.8632,7.2827,12.752,14.854,16.292,15.817,16.513,16.13,16.013,15.578,16.331,15.302,15.408,15.793,15.014,15.047,14.041,15.578,15.039,14.505,15.014,13.834,14.583,12.811,12.752,13.043,13.129,13.734,14.54,12.752,12.654,10.634,9.7117,12.504,13.834,15.047,16.694,15.562,15.578,14.711,14.436,14.608,12.663,13.318,14.54,14.165,14.121,14.583,14.323,14.565,15.441,16.285,17.072,16.873,17.211,18.076,18.364,17.276,19.307,19.151,17.853,14.871
16.241,17.944,18.806,18.697,18.505,17.744,17.744,16.737,15.795,14.453,14.23,12.633,12.222,11.633,11.094,12.295,11.786,11.894,11.534,12.633,13.341,13.138,13.119,13.341,12.643,12.481,11.786,10.119,8.3646,7.1463,12.633,15.168,16.123,16.17,17.099,16.312,16.059,16.327,15.673,16.522,15.501,14.922,15.98,15.369,15.402,15.795,15.16,15.294,14.158,15.294,14.158,13.606,12.633,12.883,12.913,13.606,13.746,14.049,12.388,10.417,9.4402,13.653,13.559,15.468,15.956,15.98,14.999,14.733,15.007,14.654,13.226,13.148,14.293,13.653,14.931,14.382,14.47,14.862,15.608,15.827,16.949,15.567,17.519,17.366,16.828,17.751,18.995,18.553,17.211,15.98
15.889,18.245,18.118,18.391,17.674,18.53,17.389,16.475,16.389,14.942,13.765,12.498,12.028,12.228,10.734,12.165,12.239,11.649,12.165,11.996,12.691,12.65,13.359,13.156,13.195,12.498,11.682,10.638,8.2373,7.245,12.66,14.753,15.889,15.816,16.752,16.575,15.588,16.295,16.706,16.459,15.76,15.719,15.889,15.881,15.39,15.423,15.189,14.709,14.891,14.321,14.392,13.811,13.445,12.498,12.446,13.397,13.959,13.01,12.405,10.9,9.3304,11.649,13.922,15.045,16.295,16.318,15.39,15.39,14.942,15.045,12.65,13.369,13.996,13.625,15.18,14.401,14.951,14.49,15.365,15.881,16.691,16.002,16.263,16.521,17.389,17.426,18.53,17.739,17.308,15.711
16.103,18.08,18.555,17.902,18.058,17.88,17.446,16.472,15.178,14.811,12.958,12.739,12.247,11.234,11.68,11.234,11.811,11.369,12.31,12.351,12.648,12.444,12.799,13.135,13.357,12.185,12.496,9.7187,8.8358,6.8066,12.899,15.52,16.573,16.818,16.573,16.519,15.692,16.347,16.292,16.166,15.619,15.879,16.292,15.22,15.254,15.043,15.254,15.043,15.212,14.381,14.39,13.357,13.193,12.879,12.739,13.357,13.92,13.623,12.526,10.564,9.3015,12.163,14.567,16.19,15.879,15.838,15.479,15.043,14.175,13.957,13.67,13.594,14.175,13.957,13.154,15.22,14.567,15.161,15.22,15.619,15.52,16.316,16.642,17.7,17.067,17.533,18.829,18.801,18.016,15.22
16.111,17.315,17.94,18.286,18.23,17.315,17.477,16.712,15.594,14.888,13.9,12.574,12.665,11.861,11.375,12.032,11.148,11.687,12.17,12.159,12.533,12.665,12.906,12.665,12.935,12.032,11.319,9.671,7.8584,6.8102,12.906,15.101,16.206,16.527,16.712,16.527,15.725,16.465,16.198,15.766,16.269,15.895,15.983,15.887,15.895,15.822,15.766,15.692,15.05,13.752,13.77,13.014,12.243,13.63,12.502,12.975,13.817,13.249,12.574,11.42,9.3064,12.886,14.758,15.895,15.396,15.594,15.887,15.05,14.948,13.927,14.065,13.014,12.965,15.766,14.715,13.364,14.957,16.087,15.05,14.758,15.822,15.495,15.822,17.418,16.979,17.55,19.055,17.94,18.258,15.228
16.206,17.68,18.124,18.25,18.293,18.024,17.24,16.857,15.765,14.887,13.816,11.946,12.243,11.86,10.821,10.903,11.565,10.903,12.032,11.565,12.032,12,13.629,13.063,12.695,11.653,11.806,10.642,7.7099,6.5997,13.449,15.486,15.894,16.65,16.007,16.425,16.087,15.894,16.324,15.494,15.822,16.206,15.32,15.894,15.634,15.227,15.634,14.74,14.947,14.254,13.629,13.507,12.502,13.402,12.935,13.449,14.406,13.478,12.695,11.239,9.8282,12.326,14.714,15.846,15.194,15.724,15.05,14.818,14.6,14.119,13.899,14,13.77,14.818,13.899,15.101,15.593,15.395,15.724,14.896,16.007,15.983,16.712,17.832,16.826,17.329,18.674,18.81,17.716,15.453
15.856,17.613,18.389,17.727,18.299,17.741,17.578,16.309,15.05,14.2,13.046,12.455,12.404,10.541,10.288,12.575,11.705,11.802,11.96,11.918,12.565,12.055,13.008,12.891,12.842,12.044,11.008,9.4205,8.0224,6.5375,13.161,14.575,16.146,16.818,16.914,15.744,16.324,15.856,15.34,15.927,14.908,15.274,15.935,15.084,14.644,15.25,14.618,14.747,15.025,14.815,14.437,12.813,12.695,12.138,13.075,13.161,13.768,13.008,12.127,10.577,9.2045,12.241,14.261,15.736,15.856,16.045,14.891,14.678,13.94,14.12,12.783,13.538,14.253,13.768,15.25,14.253,15.05,15.25,16.053,16.371,17.231,15.744,16.324,17.114,18.389,17.549,19.06,17.953,17.513,15.446
16.095,17.882,18.493,18.715,18.021,17.861,16.913,15.694,15.234,14.075,13.788,12.505,12.037,11.593,12.016,10.696,11.098,11.397,12.585,12.099,12.85,13.205,13.337,13.651,13.033,12.505,12.202,10.292,8.5554,6.7982,12.615,15.003,16.002,16.501,16.28,16.149,15.43,15.655,15.003,15.655,14.978,15.97,16.319,15.332,14.572,14.495,14.503,14.137,15.003,14.137,13.532,12.375,13.033,12.495,12.585,12.743,14.075,13.195,12.344,10.292,10.304,13.308,14.835,17.06,15.884,15.947,16.562,15.201,14.004,13.824,14.495,14.154,15.003,14.137,13.651,14.7,14.11,15.655,15.647,16.134,16.614,16.28,17.213,18.021,17.917,18.173,19.518,18.193,18.781,15.259
17.573,19.987,20.518,20.398,19.911,19.681,19.157,17.83,16.467,16.424,14.228,14.617,14.154,12.764,12.393,14.22,11.853,12.874,12.654,13.373,14.029,13.743,14.792,14.054,13.853,13.546,12.764,10.648,8.915,6.8375,14.513,16.867,17.705,17.948,17.331,17.526,17.277,16.915,16.783,17.311,17.094,17.148,17.889,17.439,16.7,16.439,15.904,16.439,15.948,15.289,14.633,13.442,14.154,14.22,13.615,13.675,14.894,14.22,13.338,11.774,10.245,13.546,16.253,17.791,17.277,17.599,17.987,16.021,16.636,15.266,15.174,15.011,14.76,16.977,16.424,16.021,16.101,16.467,17.519,17.094,18.103,17.358,18.6,19.303,18.663,19.448,20.329,19.687,19.255,16.36
15.698,18.153,18.646,17.783,17.754,18.384,16.959,16.898,15.707,14.663,13.156,12.156,11.673,11.847,10.856,11.64,11.933,11.226,12.24,12.302,12.559,12.229,12.92,13.126,12.791,11.847,11.804,10.714,8.2308,7.3618,12.791,14.973,15.796,16.188,16.069,15.828,16.321,15.869,15.836,15.617,15.836,15.869,15.51,16.282,14.698,15.682,15.747,14.663,14.663,14.166,13.605,13.185,12.64,13.301,12.488,12.731,13.605,12.891,12.791,10.809,9.323,13.126,14.802,16.132,16.069,16.376,16.838,15.674,14.767,14.698,14.767,14.698,14.301,15.177,14.085,15.869,15.21,15.609,16.632,16.061,16.321,15.609,16.469,16.807,16.996,17.434,18.103,17.725,18.125,16.251
17.762,19.589,19.632,19.718,20.152,20.406,18.762,17.386,17.122,16.005,15.037,14.139,13.804,13.523,12.783,12.867,12.255,12.783,12.83,13.272,13.934,13.317,14.317,14.292,14.216,12.603,12.565,10.884,8.8371,7.9042,14.292,16.184,17.674,17.951,17.241,17.762,17.715,16.995,17.89,17.073,17.164,17.708,17.331,17.551,16.587,16.295,16.295,16.184,16.695,15.392,14.714,13.951,13.487,14.475,14.037,14.55,15.22,14.292,14.139,11.856,9.8162,14.037,16.767,16.846,17.998,17.572,16.767,17.998,16.767,16.442,16.295,15.353,15.64,16.295,15.64,16.753,16.674,17.978,16.767,16.867,17.22,18.078,18.164,19.067,17.708,19.785,20.797,19.76,18.666,17.269
16.938,18.033,19.344,19.172,18.216,17.516,16.863,16.495,14.66,14.308,12.631,12.55,12.293,11.784,12.55,11.795,11.454,11.631,12.146,12.631,13.223,12.641,12.94,13.377,12.881,12.661,11.631,9.1081,7.7119,6.5679,13.338,14.868,16.885,16.938,16.519,16.495,15.824,16.293,15.686,15.366,15.977,16.27,16.144,16.726,15.366,15.67,14.686,14.66,15.021,13.725,13.744,12.386,12.478,13.604,12.427,12.989,13.65,13.223,12.661,11.126,9.7051,12.631,14.227,15.856,16.726,15.792,15.719,16.175,15.072,14.73,14.047,14.182,13.937,15.157,14.379,14.467,15.686,14.919,15.824,15.564,16.549,15.605,16.665,17.676,17.281,17.178,18.549,17.69,17.798,15.695
14.96,17.515,18.004,17.378,18.493,16.857,17.05,16.326,15.746,15.553,13.833,11.545,10.661,11.545,10.338,11.888,13.038,11.457,11.92,12.385,12.118,12.785,12.844,13.048,12.656,12.118,10.543,10.092,8.2246,6.519,12.416,14.603,15.342,15.251,16.917,16.601,16.023,15.738,16.373,16.812,16.172,15.937,15.489,15.251,15.342,15.448,15.706,14.368,14.272,13.687,14.121,12.334,12.211,11.888,12.537,12.854,13.352,13.048,11.888,11.134,9.6458,12.139,13.696,15.553,15.578,16.172,16.426,15.666,15.077,15.96,14.68,14.05,13.623,14.91,15.858,16,16.326,15.746,15.119,15.448,16.172,15.992,15.553,15.992,16.617,17.116,17.291,18.164,17.116,15.077
17,18.762,19.526,19.652,19.556,19.135,18.05,17.972,17.173,16.146,15.206,12.45,12.75,12.412,11.266,13.258,12.86,13.033,12.906,13.033,13.364,13.687,14.612,14.963,14.094,13.213,12.629,10.73,8.3567,6.8175,14.417,16.292,16.543,17.228,18.387,17.6,16.614,17.6,17.214,17.661,16.966,16.84,16.629,16.614,16.749,16.728,15.977,15.244,15.694,15.52,15.429,13.678,13.213,13.338,13.807,14.219,13.918,14.343,13.195,11.738,10.958,13.124,15.498,17.028,17.412,18.252,18.284,17.111,16.861,16.713,14.612,15.36,16.284,15.206,16.833,16.029,16.486,16.579,16.861,17.547,18.968,17.654,17.296,16.861,18.284,19.429,20.337,19.508,18.768,16.522
17.772,19.986,19.509,19.761,20.063,18.983,18.582,17.532,16.986,16.278,13.597,13.666,11.848,12.287,12.133,12.739,13.067,12.006,12.922,13.326,13.998,13.666,14.074,14.207,13.897,13.067,12.142,10.852,8.749,7.392,13.675,16.154,17.096,16.713,17.818,17.158,17.234,17.234,17.585,18.015,17.532,16.986,16.486,17.014,15.681,16.132,16.713,16.422,16.314,14.429,14.339,13.973,13.022,13.353,13.458,14.007,14.107,14.107,13.519,11.808,9.8984,13.326,16.847,16.479,18.009,18.191,17.983,17.963,16.882,16.278,16.314,16.508,16.271,15.845,15.801,17.158,17.471,17.505,17.048,17.172,17.963,17.858,17.579,18.172,18.009,18.035,19.394,19.951,17.585,16.529
17.381,19.541,20.012,20.247,19.781,19.218,18.746,17.73,16.581,16.214,14.013,13.55,13.035,12.184,12.145,13.215,12.3,12.414,12.49,13.689,13.55,14.163,13.68,14.574,13.637,13.215,12.184,10.787,9.0365,7.3515,13.987,15.936,17.597,17.836,17.975,17.683,16.968,17.36,17.816,17.169,16.439,16.73,17.34,16.581,16.294,16.171,16.149,15.431,15.362,15.362,14.997,13.987,13.34,13.34,14.122,13.741,14.346,14.122,13.197,11.547,11.173,14.346,15.177,16.968,18.946,17.922,17.114,16.864,15.068,16.236,15.068,15.644,16.496,15.667,15.492,16.214,15.861,16.546,17.523,17.597,18.235,17.065,17.981,17.597,17.299,19.002,20.03,19.686,19.089,16.899
16.298,18.239,18.211,19.145,18.108,17.124,16.596,15.821,14.948,14.11,13.114,11.568,12.129,11.697,9.9836,11.535,11.794,11.952,12.284,11.952,12.882,12.324,13.028,13.976,12.775,12.191,11.091,9.9205,7.7786,7.0861,13.152,15.541,16.724,16.686,16.527,16.135,15.541,15.726,15.015,15.541,15.468,15.845,15.686,15.214,14.11,14.948,14.668,13.931,14.172,13.859,13.612,12.527,12.537,12.446,12.567,12.931,13.958,13.152,12.755,10.33,10.146,12.755,16.135,15.04,16.413,16.843,16.313,15.605,15.032,14.898,14.065,13.63,15.541,13.822,14.348,15.468,14.26,15.468,15.557,14.805,15.845,15.239,17.139,17.102,17.501,16.656,18.211,18.62,17.451,15.541
17.115,19.543,19.555,20.132,19.926,18.52,18.289,17.658,17.005,16.216,14.19,14.098,12.716,13.199,13.682,11.861,12.669,12.716,13.127,13.403,14.098,13.403,14.098,13.81,14.864,13.27,12.669,10.788,9.1283,7.8341,13.612,16.583,17.605,17.732,17.864,17.983,16.837,17.012,17.551,17.551,17.005,17.253,17.253,17.362,16.697,16.837,17.012,15.463,16.099,15.256,14.776,14.165,13.827,12.453,13.69,14.445,14.445,13.896,13.154,11.332,9.8377,14.165,15.248,17.665,17.491,17.924,16.97,16.519,16.604,16.092,15.915,14.872,15.668,15.463,14.355,17.518,16.084,16.15,15.766,16.39,16.718,16.633,17.301,17.983,18.211,18.621,20.249,20.208,18.621,17.17
16.894,19.546,19.455,19.601,19.516,19.06,18.555,17.221,17.468,16.38,14.844,13.121,12.327,13.3,11.218,12.575,13.166,12.865,13.722,13.166,13.3,13.8,14.131,14.619,14.19,13.722,12.104,10.175,8.8251,7.4221,13.851,16.344,17.111,17.352,18.036,17.738,17.166,16.767,16.915,17.447,17.304,16.894,17.166,16.489,15.962,16.894,16.264,16.088,15.011,15.479,15.129,14.207,13.256,12.874,14.03,14.627,14.692,14.165,13.121,11.896,10.462,14.056,15.409,16.344,18.291,17.269,17.221,17.468,15.601,16.632,14.064,14.732,15.486,14.207,16.227,15.865,15.984,16.264,15.984,16.596,17.352,17.166,17.283,17.228,17.569,17.878,19.883,19.345,19.4,16.887
17.347,20.035,21.59,20.985,19.678,18.982,19.843,17.724,16.721,16.299,14.776,14.434,14.49,12.97,12.195,13.969,12.052,12.644,13.041,13.392,14.265,14.224,15.511,14.737,14.321,13.564,12.753,11.286,9.0883,7.3525,15.002,17.023,18.443,19.177,17.984,17.77,18.234,16.859,16.384,17.03,16.921,17.152,17.58,17.639,16.721,16.476,16.441,16.041,15.961,15.048,14.963,13.692,14.002,14.002,12.853,14.434,15.079,14.963,14.043,11.57,11.65,13.521,17.071,17.829,17.454,17.829,18.055,17.294,16.384,15.511,14.776,15.117,14.626,17.03,16.7,15.125,16.033,16.609,17.665,16.462,17.267,17.267,18.736,18.587,18.361,18.81,20.447,19.86,19.86,17.507
16.139,17.971,18.43,18.318,17.711,17.711,17.248,16.035,15.33,14.52,13.924,12.544,12.707,11.87,11.167,12.596,11.167,11.121,11.674,12.191,12.687,12.191,13.223,13.502,12.928,12.768,11.563,9.6211,7.623,6.3537,12.987,15.254,15.85,16.509,16.234,15.874,15.882,15.422,15.728,15.654,15.555,16.115,15.914,15.422,15.288,15.455,14.207,14.74,14.784,13.31,13.271,12.677,12.431,12.265,12.431,12.677,13.7,13.794,12.254,10.852,10.103,12.596,15.422,16.226,15.914,16.107,16.234,15.522,15.752,14.342,13.223,13.988,13.223,14.914,14.74,14.635,14.351,14.635,15.662,15.017,15.752,15.514,15.48,16.509,17.241,17.985,18.205,17.573,17.971,16.509
17.424,19.443,19.401,19.828,19.634,18.983,18.163,17.424,16.428,16.12,14.194,13.651,13.244,12.447,12.624,12.325,12.77,11.775,12.578,13.306,13.023,13.41,14.194,14.021,14.062,12.55,12.297,10.322,8.3263,7.5033,13.988,16.826,17.557,17.905,17.477,17.689,17.236,16.875,16.653,16.882,16.512,17.067,16.399,16.715,15.866,16.611,16.033,15.138,15.329,14.859,14.12,13.41,13.642,13.514,13.059,14.021,14.859,13.727,13.659,11.596,11.02,13.514,16.171,17.107,17.107,17.053,17.397,16.576,16.055,15.442,14.89,15.442,14.67,14.796,14.341,16.428,15.382,15.983,17.27,16.178,16.597,16.847,17.29,17.391,18.008,18.73,19.781,19.634,18.618,16.484
15.62,17.169,18.21,17.634,17.641,17.641,17.067,15.974,15.175,14.47,13.764,12.474,12.078,11.079,10.666,12.504,11.257,11.487,11.079,11.079,12.563,12.181,12.232,12.514,12.068,12.016,10.525,8.7139,7.0032,5.8188,12.789,15.273,15.596,16.518,15.849,16.16,15.5,15.755,15.778,15.755,15.5,15.857,15.66,15.628,15.101,14.885,14.547,14.504,14.504,14.13,13.481,12.016,12.514,11.776,12.633,12.354,12.982,13.011,11.829,10.794,9.4802,12.514,14.47,15.306,15.974,16.616,15.974,15.668,14.776,14.121,13.125,12.78,12.563,14.504,14.201,13.628,15.2,15.01,15.476,14.952,15.403,15.476,15.403,16.884,16.413,17.205,18.569,16.994,16.773,15.371
15.727,17.624,17.603,17.993,17.546,17.49,17.203,15.384,15.148,14.942,12.96,12.332,11.964,11.995,12.302,11.839,11.193,11.66,11.839,12.047,12.6,12.571,12.541,11.995,12.129,11.358,10.22,9.4503,7.9848,6.2409,12.61,15.246,15.592,16.467,15.751,15.6,15.632,15.751,16.093,16.039,15.751,16.315,14.859,15.472,15.344,15.464,15.384,14.504,14.716,13.875,13.365,12.767,12.037,12.767,12.302,12.728,12.988,12.757,11.585,11.059,10.159,12.119,14.263,15.246,16.216,15.915,16.062,16.062,15.512,14.026,13.848,12.699,12.452,14.479,13.839,13.776,15.472,15.075,15.246,15.512,15.344,15.97,15.148,16.467,16.062,16.854,17.652,17.965,17.799,15.56
15.618,17.94,18.17,18.115,17.807,17.138,16.857,15.928,15.569,15.052,13.018,13.248,12.211,12.385,12.415,10.079,11.435,11.134,11.961,11.313,12.128,11.803,12.536,13.047,12.843,11.577,11.435,8.8716,7.4546,6.4217,12.785,15.276,16.054,16.616,16.426,16.495,15.928,15.857,15.698,16.187,15.309,15.569,16.171,15.251,15.16,14.96,14.62,13.641,14.368,14.272,14.157,13.038,12.686,12.385,12.056,13.009,14.359,12.785,12.077,9.852,10.435,12.626,14.85,15.602,16.495,16.669,16.426,16.117,14.96,15.618,13.942,13.987,14.884,13.641,14.263,15.284,14.62,14.645,15.553,15.96,16.555,15.602,17.049,15.96,16.578,17.152,18.122,17.919,17.378,15.226
15.172,17.246,17.651,18.101,16.93,17.955,16.408,16.067,15.758,14.631,13.881,13.058,11.378,11.086,9.6924,11.278,12.221,11.222,11.466,11.278,12.128,12.415,13.249,13.058,12.546,12.128,11.554,10.587,7.935,6.5241,12.795,14.862,15.949,16.324,16.254,16.184,16.347,15.949,15.71,15.75,15.501,15.718,15.263,15.949,14.195,15.172,15.097,14.38,14.132,13.259,13.513,13.019,12.546,13.019,12.221,12.586,13.78,13.048,12.128,10.587,9.4289,12.795,15.263,16.067,17.305,16.833,16.339,16.004,15.566,15.973,14.195,13.953,14.588,14.353,13.652,14.896,14.274,14.76,15.758,15.056,16.254,16.004,16.592,16.713,15.686,17.305,18.65,17.821,17.129,15.056
15.479,16.905,17.919,17.338,17.508,16.898,16.699,15.566,15.415,14.918,13.565,12.729,13.008,12.305,12.021,12.01,10.531,12.021,11.698,11.645,12.465,12.671,12.295,13.046,13.046,12.583,11.813,9.547,8.2268,7.1678,12.729,15.116,15.415,16.227,16.028,16.431,16.181,15.535,15.857,16.043,15.598,15.795,15.566,16.128,15.439,14.951,14.685,14.893,14.145,13.382,13.262,12.425,12.021,12.345,11.928,12.544,13.206,13.074,12.133,10.449,9.2847,12.275,15.213,15.881,16.766,15.912,17.137,15.566,15.025,14.447,14.057,13.428,13.373,15.479,14.336,14.136,14.777,14.918,15.818,15.479,15.716,15.31,16.005,16.898,16.28,16.883,18.139,18.234,16.883,14.626
15.934,17.26,18.397,18.444,17.557,16.561,17.085,16.332,15.494,14.126,13.013,13.167,12.818,11.439,10.735,12.133,11.047,10.723,11.439,11.581,11.753,12.049,12.848,12.897,12.215,11.839,11.217,10.157,7.8034,6.0403,12.858,15.355,16.247,16.862,16.974,16.622,15.607,15.558,15.289,16.083,14.965,15.124,16.765,15.124,15.256,15.09,14.197,13.992,14.469,13.774,13.646,12.789,12.818,12.69,12.389,12.631,13.838,12.541,11.923,10.341,9.5308,12.389,15.607,16.208,17.735,16.454,16.922,15.942,14.821,14.443,13.46,14.126,14.373,15.281,15.049,15.289,14.126,14.65,14.625,15.863,16.06,16.005,16.825,16.974,17.143,16.5,18.176,17.671,17.326,15.347
15.642,17.47,18.691,18.528,17.542,17.339,17.061,16.763,14.642,13.662,13.058,12.353,13.058,11.463,10.044,12.22,10.865,11.452,11.463,11.474,12.23,11.98,12.646,13.183,12.705,11.649,11.562,9.4759,8.0981,6.7567,12.804,15.109,16.142,16.297,16.882,15.961,16.079,15.569,15.308,15.642,14.771,15.365,16.634,15.109,14.932,15.075,14.364,13.708,13.662,14.008,13.927,11.938,12.596,11.938,12.23,12.961,13.569,12.586,11.853,9.8927,10.169,12.863,15.332,16.196,17.164,17.105,15.698,16.024,15.05,14.495,13.096,14.205,14.071,14.205,15.25,14.839,14.178,14.294,15.075,16.266,16.079,16.071,16.351,16.266,16.581,17.347,18.751,18.391,17.52,15.075
15.788,17.346,17.635,17.104,17.786,16.873,16.752,16.129,15.399,14.166,13.684,12.825,12.178,11.17,12,10.504,12.157,11.135,11.482,11.614,12.167,12.332,12.281,13.089,12.696,11.701,11.614,8.9566,7.9539,6.3032,12.825,14.931,15.724,15.979,16.873,15.987,15.908,15.667,15.333,16.223,15.399,15.627,15.333,14.623,14.666,14.623,14.317,14.405,14.317,13.74,13.079,11.493,12.25,12.167,11.776,12.616,13.545,13.089,12,10.074,11.17,12.825,15.007,17.082,17.207,16.011,16.168,15.908,15.275,14.623,14.166,13.545,14.031,13.545,14.166,15.399,14.666,15.007,15.796,16.011,16.168,15.3,16.129,16.363,16.631,17.17,18.311,16.79,17.607,15.167
15.995,17.163,18.393,18.083,18.386,17.511,16.368,16.167,15.598,13.573,13.235,12.889,12.125,11.432,12.781,10.077,11.432,11.075,12.412,11.541,12.136,12.402,13.684,13.245,12.543,11.959,11.959,9.6432,8.5667,6.3413,13.235,14.753,16.183,15.956,16.422,16.144,15.932,15.702,15.156,15.932,15.28,15.048,16.322,15.048,14.804,14.956,14.046,13.766,13.938,13.573,13.471,12.042,12.762,12.042,11.746,12.889,13.965,12.84,11.8,9.951,10.575,13.159,15.853,18.055,16.852,16.604,17.075,15.662,14.676,15.048,14.117,13.929,15.734,14.616,13.545,15.28,14.676,13.938,14.956,16.815,16.019,15.549,17.052,16.422,16.368,17.611,19.09,17.971,17.111,14.956
14.396,17.51,17.945,17.365,17.711,16.598,17.079,16.712,15.199,14.396,12.974,13.537,12.417,11.833,12.689,10.498,11.726,10.98,11.242,11.607,12.16,12.437,13.387,13.081,12.877,12.417,11.661,9.3516,8.3219,6.9844,12.719,14.948,15.487,16.244,16.19,15.617,15.323,15.091,15.642,16.096,15.29,15.082,15.658,14.614,14.854,14.854,14.475,13.731,13.731,13.49,13.537,11.918,12.087,11.726,12.087,12.366,13.49,12.659,12.274,10.167,10.747,13.537,14.614,16.9,16.78,17.51,16.368,15.29,14.475,15.315,14.005,13.722,14.308,14.405,13.658,14.614,15.158,15.323,15.116,15.658,16.621,15.658,16.621,16.368,16.621,17.51,17.966,18.05,17.079,15.381
15.171,17.446,17.315,17.175,17.555,16.915,16.975,15.337,15.672,15.012,13.818,12.428,12.449,12.003,10.863,12.119,11.617,11.79,11.574,11.408,12.119,11.585,12.098,12.58,12.119,12.336,11.78,9.963,7.6646,6.8443,12.59,14.671,15.502,16.173,16.429,15.753,15.913,15.362,15.729,16.047,15.672,15.656,15.13,15.672,14.654,15.213,14.902,14.8,14.17,13.882,12.59,12.459,12.077,12.098,12.171,12.7,12.898,12.829,11.475,10.615,9.912,13.083,15.138,15.672,16.915,16.727,16.383,15.889,14.936,14.018,14.206,13.285,13.37,15.534,15.012,14.126,15.012,14.808,15.632,15.138,15.304,15.329,15.913,16.667,15.801,17.791,17.961,17.848,17.094,15.992
17.578,19.616,19.688,20.098,19.379,18.497,18.65,17.423,17.142,15.518,14.187,14.517,13.219,13.237,13.52,11.566,12.689,12.51,12.689,13.362,13.772,13.237,14.145,14.145,14.245,12.406,11.85,10.265,9.0513,7.8008,14.32,16.926,17.551,17.759,18.529,17.443,17.713,17.632,17.852,17.632,16.926,17.409,17.713,16.117,16.744,16.175,16.35,15.21,15.202,15.64,15.28,13.703,13.424,13.147,13.763,14.245,14.443,13.934,12.689,11.318,11.107,14.32,15.579,17.327,18.726,18.802,18.265,17.094,16.644,16.321,14.711,14.598,15.518,13.634,14.369,15.723,15.457,15.272,15.67,16.175,17.259,17.545,17.443,16.779,18.529,18.65,19.281,20.063,18.65,16.314
16.115,17.639,18.645,18.206,17.712,17.485,16.726,16.634,15.85,14.74,13.223,12.596,12.338,11.563,11.827,11.339,11.167,11.762,11.496,12.212,13.31,12.265,12.524,12.828,12.254,12.275,11.762,9.3226,7.9209,6.4142,13.165,15.514,16.171,16.61,16.579,15.874,16.517,16.107,16.235,16.795,14.914,16.107,16.517,15.422,14.74,14.207,14.705,14.705,15.06,13.701,13.989,12.687,12.275,11.838,12.38,12.768,12.928,13.531,12.348,10.255,10.781,12.191,14.784,16.035,17.241,17.928,16.509,15.288,15.213,15.017,13.701,13.701,14.343,13.701,13.155,14.289,14.521,14.53,14.6,16.353,16.235,14.784,16.856,16.353,16.68,17.33,18.177,18.283,17.008,15.288
15.945,17.385,17.985,16.669,17.978,16.949,15.571,16.263,16.949,14.909,13.311,12.467,11.448,10.555,6.9636,16.739,9.4404,9.0578,12.551,12.593,11.985,13.213,13.927,13.776,12.84,11.076,12.17,10.059,8.2554,6.6753,13.517,15.805,17.172,17.392,16.455,17.042,16.271,15.813,16.527,16.068,14.909,16.771,17.019,15.63,15.162,15.368,14.28,13.984,14.571,13.984,14.198,12.17,12.137,12.962,11.787,12.666,13.517,12.922,12.81,9.848,10.442,13.439,14.344,15.904,16.949,17.654,15.274,16.068,16.383,14.234,12.33,15.359,15.945,14.426,14.847,15.571,14.234,13.833,15.205,15.393,16.391,15.436,17.203,15.871,18.231,16.511,19.354,21.733,17.271,15.127
15.572,17.254,17.976,18.275,17.793,17.275,16.261,16.392,15.572,14.271,13.092,12.551,12.42,11.902,9.9656,12.551,11.011,11.558,11.449,11.645,12.154,12.216,12.859,13.054,12.154,12.226,11.591,9.9402,7.794,6.3902,13.264,15.137,16.019,16.515,16.56,16.576,16.074,16.019,15.466,16.629,15.725,15.27,16.222,15.401,15.302,15.095,14.978,14.28,14.067,14.377,13.704,12.701,13.054,11.902,13.034,12.8,13.713,12.8,12.091,10.35,9.6442,13.025,15.137,17.077,17.275,16.576,16.392,15.195,14.766,14.2,13.886,13.14,14.218,13.704,14.62,13.95,14.49,14.663,13.786,14.978,16.598,15.27,16.074,16.346,16.598,17.099,18.515,18.46,17.099,15.104
16.89,19.248,19.847,19.954,20.043,19.972,18.527,17.441,17.243,16.115,14.318,14.034,13.218,12.734,12.309,11.565,13.101,11.928,12.462,12.66,13.779,13.146,14.143,13.762,13.36,13.101,12.734,10.344,8.7714,7.6001,14.442,16.994,17.684,18.237,17.624,17.421,17.202,17.711,18.107,16.89,17.029,17.576,16.607,16.946,15.938,16.413,16.063,15.638,15.153,14.605,14.21,13.839,12.688,13.554,13.289,14.009,14.368,14.185,13.527,11.928,10.977,14.31,15.886,18.009,17.711,18.002,17.543,17.441,16.643,16.319,14.925,15.848,14.442,14.798,13.941,16.049,15.455,15.547,16.628,16.115,17.583,17.14,17.202,18.781,18.237,17.95,20.464,19.853,18.925,17.243
15.744,17.603,18.231,18.134,18.106,17.306,16.589,16.25,15.296,14.163,13.542,12.573,12.371,11.133,10.171,11.076,11.246,10.763,11.167,10.763,11.741,11.73,12.891,13.057,12.493,12.33,11.491,9.2463,8.4307,7.148,12.693,15.121,15.983,16.604,16.604,16.102,16.289,16.047,15.615,15.623,15.428,15.526,15.271,15.526,14.594,14.936,14.62,14.243,14.118,13.514,14.091,12.493,12.613,12.881,12.583,12.573,13.838,12.442,12.112,10.258,10.059,11.997,14.894,15.387,17.458,16.235,16.235,17.018,14.663,15.004,14.091,13.163,13.727,13.533,13.542,14.481,13.737,14.01,14.953,14.953,16.07,15.071,16.07,16.474,16.869,17.796,18.279,17.567,18.224,15.752
16.735,19.223,19.313,19.696,19.696,19.271,18.138,16.977,16.067,15.453,13.83,13.593,12.997,11.873,11.102,12.853,12.154,11.392,12.88,12.522,13.13,12.334,13.822,14.097,14.006,12.587,11.665,10.63,8.7017,6.7748,14.68,16.226,17.383,17.957,18.17,17.497,17.12,16.859,17.12,17.49,16.79,16.644,17.229,16.067,15.811,16.067,15.453,15.332,15.581,14.521,14.901,14.056,12.587,13.254,13.805,13.822,15.11,13.601,13.041,11.227,10.63,14.254,15.76,17.066,18.576,17.403,17.918,17.079,15.936,16.045,14.489,14.775,14.87,13.83,15.715,14.553,15.393,15.958,16.397,16.475,17.866,16.956,17.676,18.022,18.17,18.831,19.416,20.302,18.744,16.333
16.77,18.583,19.417,19.749,18.942,18.886,18.353,18.455,16.917,15.879,14.768,14.435,13.095,12.617,13.824,12.197,12.081,12.729,13.14,12.794,13.14,12.877,12.617,14.137,13.833,12.456,12.012,10.397,8.3674,7.2952,14.312,16.254,18.073,18.23,17.883,17.75,17.81,16.987,17.195,17.703,16.536,17.38,17.623,16.305,16.521,15.593,16.507,15.571,15.131,15.571,15.479,13.626,13.086,12.682,13.416,14.137,14.435,13.927,13.167,11.312,10.766,15.147,16.536,17.81,18.23,18.716,17.4,16.882,16.564,15.631,13.773,14.792,15.953,14.179,13.565,16.349,16.457,15.022,16.457,17.623,17.703,17.25,18.073,18.615,18.353,19.067,20.68,19.845,18.886,17.703
16.532,18.438,19.464,19.031,18.032,18.737,18.115,17.008,16.363,15.992,14.149,14.504,12.998,12.998,12.908,12.265,12.331,12.17,13.367,12.837,12.998,12.989,13.759,14.009,12.953,12.926,11.882,10.627,8.8313,6.8034,14.472,15.868,17.13,17.511,17.643,16.672,17.379,16.837,17.385,17.858,16.441,17.063,16.782,16.229,16.335,16.013,16.278,16.136,15.544,15.213,14.026,13.776,12.81,13.21,13.675,13.959,14.149,14.44,12.998,11.636,10.97,14.921,16.837,17.961,18.786,18.588,18.513,17.083,16.42,16.342,15.402,15.663,14.944,14.663,15.529,16.42,15.904,16.078,16.42,16.342,17.858,17.345,18.211,17.211,17.858,18.507,20.775,19.321,17.858,17.008
15.915,18.501,18.973,18.898,18.973,19.349,18.036,17.524,16.633,16.325,14.777,13.341,12.781,12.753,11.681,13.082,12.491,12.604,12.146,13.037,13.368,13.341,13.742,14.09,13.261,13.082,12.146,10.864,8.6094,6.9564,13.989,16.296,16.921,17.362,17.825,18.075,17.659,17.301,18.488,17.605,17.033,16.49,16.583,16.838,16.732,16.605,16.332,15.525,14.801,15.069,14.999,13.989,13.69,12.753,13.69,13.716,14.023,13.438,12.491,11.681,10.7,14.801,16.063,17.605,19.434,18.488,17.792,18.153,17.818,17.06,16.151,16.781,16.732,15.915,15.937,16.041,16.921,16.583,16.838,16.583,17.232,17.033,17.551,17.983,17.685,20.208,19.398,20.085,18.14,16.325
15.119,16.707,17.33,17.359,17.847,17.655,16.486,16.114,15.653,15.111,13.192,12.321,12.156,11.946,11.57,12.443,11.102,11.159,11.733,12.156,12.565,12.685,12.565,12.565,13.106,12.166,11.294,9.6674,7.8506,6.6105,12.724,15.285,15.261,16.532,15.893,16.278,15.612,15.376,16.035,16.223,15.515,15.31,15.119,16.184,15.111,15.078,14.79,14.653,13.672,13.937,13.067,12.239,11.722,11.657,11.461,12.156,12.685,12.882,11.829,10.977,10.251,12.724,15.078,17.095,16.775,17.417,16.114,16.184,15.781,14.374,14.61,13.864,13.579,14.61,14.918,14.713,15.483,15.153,15.996,14.584,14.994,16.654,15.701,16.208,15.893,17.117,17.783,17.554,17.33,14.884
15.571,17.427,17.792,17.311,17.806,17.099,16.345,16.26,15.326,14.489,13.024,12.7,12.829,11.72,12.142,11.226,11.282,11.448,11.709,11.933,12.399,12.307,12.858,13.053,12.956,11.677,11.09,9.6437,8.095,6.5457,13.518,14.91,16.353,16.688,16.391,16.065,16.329,16.575,16.01,15.595,15.684,15.692,16.01,15.136,14.825,14.619,15.044,14.288,14.385,13.339,12.591,12.399,11.47,12.799,12.225,12.399,12.829,12.591,11.975,10.053,10.091,13.518,16.018,16.19,17.135,17.405,16.831,15.756,14.825,14.288,14.385,14.137,14.173,13.985,14.137,14.559,15.571,14.91,15.136,15.269,16.096,15.619,16.065,16.779,16.688,16.445,19.117,17.047,17.172,14.697
15.558,17.275,17.085,17.319,17.143,17.26,17.085,15.997,14.855,14.625,13.167,12.858,11.272,11.667,12.133,10.641,12.049,11.047,11.71,12.246,11.807,12.571,12.789,12.7,12.46,12.06,10.828,10.032,7.6569,6.5211,12.63,15.743,15.965,17.033,16.675,16.278,16.332,15.623,15.55,15.997,16.122,15.863,15.347,15.743,14.126,14.965,14.582,14.547,14.556,13.553,12.7,12.54,11.635,12.54,11.807,12.338,13.013,13.553,11.7,10.534,10.329,13.281,15.679,15.743,17.55,16.553,17.158,15.942,15.558,14.813,13.874,15.256,14.364,14.197,14.054,16.06,14.813,16.028,15.743,15.032,15.574,15.314,16.431,17.158,16.561,16.855,17.792,17.813,18.086,16.06
14.935,17.016,17.779,16.747,17.075,16.904,16.904,15.902,15.352,14.026,13.54,12.572,12.369,11.953,11.063,12.111,11.063,11.379,11.577,11.74,12.079,12.451,12.612,13.39,12.09,12.328,11.74,9.5414,8.1862,5.886,12.88,15.319,16.217,16.372,16.1,16.194,15.902,15.524,15.783,15.783,15.426,15.524,15.597,15.294,14.618,14.951,14.161,13.909,14.161,13.981,12.662,12.277,12.44,11.697,11.953,11.995,13.113,12.572,11.772,10.318,9.8799,13.981,15.532,16.663,17.543,17.098,15.982,15.71,15.095,14.583,13.113,13.512,14.592,15.393,14.85,14.644,15.352,15.385,15.532,15.613,15.621,15.491,15.783,16.472,15.742,17.369,17.687,18.138,17.687,15.327
14.805,17.054,17.512,17.548,16.575,16.606,16.492,15.38,15.157,14.677,13.546,13.074,12.782,11.575,12.209,11.737,11.267,11.737,11.917,11.575,12.126,12.126,12.782,12.693,13.006,12.654,11.075,9.2174,8.1616,6.689,12.654,14.617,16.02,15.663,16.575,16.269,16.184,15.695,16.392,16.199,15.926,15.934,15.306,15.174,14.957,15.049,14.745,14.127,14.617,13.453,13.236,12.209,11.661,12.054,11.886,12.291,13.122,12.89,11.801,10.95,10.576,13.35,14.6,16.238,17.251,17.719,17.404,17.032,16.575,15.615,14.754,13.546,14.118,14.461,14.754,15.306,15.671,16.369,14.574,16.323,16.051,16.696,16.114,16.689,17.149,17.317,17.548,17.164,17.317,14.957
16.51,18.886,19.127,19.439,19.656,18.577,18.679,16.932,16.602,15.653,14.601,14.151,13.521,13.702,13.06,11.659,12.814,12.703,13.203,13.185,13.599,13.728,13.745,14.569,13.328,13.257,12.173,10.777,9.3362,7.4088,14.209,16.51,17.283,17.985,17.906,18.271,17.587,17.201,17.153,17.807,16.502,16.736,17.399,16.134,16.701,16.28,15.63,15.425,15.486,15.425,14.991,13.203,13.257,12.374,13.975,13.521,14.569,13.668,12.526,11.258,10.907,14.283,17.071,18.546,18.879,18.482,18.174,17.581,16.488,16.531,14.48,15.241,16.024,15.668,14.48,16.904,16.373,15.847,16.616,18.647,17.534,16.904,18.469,17.899,17.8,19.396,20.012,20.012,19.59,16.849
15.293,16.926,17.647,17.045,18.132,17.33,16.701,16.181,14.551,14.559,13.482,12.554,12.792,10.584,10.584,11.746,11.703,11.584,12.392,12.208,12.544,12.052,13.132,13.284,12.125,12.544,11.713,10.16,8.5149,7.1839,12.772,15.235,16.251,16.382,16.436,16.405,16.158,16.064,15.587,15.457,15.457,15.683,15.359,15.562,14.446,15.285,14.825,14.446,14.585,13.332,13.463,12.413,11.453,12.413,12.136,12.634,13.132,13.17,11.926,10.477,10.632,13.17,15.497,16.181,16.829,16.701,16.565,15.675,15.946,14.473,14.28,14.377,14.859,14.138,14.271,14.585,15.086,14.551,15.562,15.627,16.064,16.382,16.181,16.009,16.822,17.148,18.264,17.675,17.33,15.457
15.948,18.224,19.067,19.061,19.448,18.987,18.153,18.205,16.982,15.926,13.923,14.431,12.725,13.518,12.155,12.462,13.544,12.008,13.046,13.377,12.845,13.726,13.923,14.57,13.448,13.064,12.396,11.087,8.965,7.3575,14.456,16.401,17.374,18.379,17.51,17.996,17.045,17.203,17.564,16.877,17.51,17.537,16.531,16.877,16.096,16.452,16.096,15.694,15.926,14.505,14.699,13.752,13.136,13.136,13.064,13.622,14.586,14.299,12.973,12.028,11.108,14.787,17.245,18.635,17.617,18.302,17.831,16.538,17.072,16.307,15.375,15.228,15.009,16.509,15.267,16.786,16.052,16.401,17.128,16.037,16.961,17.53,17.851,18.767,17.678,17.93,19.265,20.146,18.609,16.877
14.924,17.175,17.468,17.602,17.524,16.685,16.264,15.445,15.324,14.07,13.058,13.02,12.356,11.538,12.915,11.123,11.344,11.793,11.645,11.793,13.133,11.96,12.712,13.514,13.058,12.585,12.104,9.5687,8.2343,6.9108,13.385,14.965,16.536,16.181,16.685,15.612,16.363,15.612,15.357,16.073,15.365,15.445,16.042,14.732,14.732,14.349,14.245,14.079,13.274,13.66,13.532,12.683,11.824,12.466,11.344,12.476,13.143,11.949,11.602,9.9491,10.541,13.02,14.46,16.423,16.722,16.469,16.536,16.196,14.957,15.493,14.008,13.385,14.435,14.631,13.058,14.254,14.84,15.453,15.129,15.187,16.295,15.926,15.62,16.196,16.423,17.411,18.406,18.244,17.411,15.549
16.312,18.992,18.615,19.466,19.307,18.538,18.583,17.195,16.735,15.684,14.823,14.137,13.756,12.682,12.031,13.05,12.504,12.95,12.794,12.84,13.695,13.522,14.237,14.435,14.37,13.565,12.729,10.766,9.0856,7.23,14.663,16.635,18.073,18.23,18.256,17.508,17.195,17.022,17.208,17.05,16.938,17.084,18.001,17.836,16.987,16.057,15.752,15.194,15.631,15.194,14.623,13.086,13.274,13.095,12.877,13.23,14.137,13.773,12.304,11.354,12.012,15.202,16.536,18.352,19.023,18.615,16.987,17.4,15.714,16.312,14.767,15.448,15.1,16.635,15.931,15.684,15.54,16.349,16.167,16.798,16.543,16.77,17.856,17.703,17.856,17.882,19.707,19.749,19.122,16.938
16.417,18.574,18.922,18.499,18.78,18.379,17.569,16.893,15.957,15.699,13.997,14.03,13.514,13.315,13.626,12.105,12.305,12.549,12.996,13.183,13.897,13.821,13.821,15.392,13.592,13.183,12.456,10.239,9.0168,7.1752,14.13,16.225,17.8,18.021,18.574,17.917,17.248,16.886,17.701,17.402,16.282,16.81,17.962,15.832,16.41,16.044,15.759,15.117,15.543,15.263,14.261,13.445,12.752,12.066,13.174,12.996,13.592,13.669,12.409,10.943,11.112,14.204,16.282,19.021,18.347,18.398,17.065,17.542,16.225,16.389,14.488,14.766,14.993,15.156,14.48,15.339,15.832,15.086,15.832,16.524,17.282,15.957,17.865,17.402,17.8,18.65,19.014,18.474,18.922,16.509
16.773,19.094,19.317,18.36,19.267,19.193,17.702,17.594,15.616,14.909,14.333,13.249,12.522,12.858,11.89,12.331,13.159,12.331,12.098,12.895,13.374,13.471,14.225,15.169,13.436,13.471,12.784,10.682,8.8877,6.9222,14.2,16.559,17.709,18.546,18.073,17.561,17.862,17.295,17.601,17.22,17.869,17.648,16.822,17.275,16.19,16.139,16.659,16.256,15.804,14.183,14.158,13.4,12.941,13.294,12.895,13.114,14.023,13.715,13.105,11.244,10.814,14.456,16.19,17.869,17.439,18.047,18.712,17.22,16.624,15.857,14.909,15.616,15.169,15.13,15.478,15.471,15.379,16.365,17.157,16.879,18.027,16.879,17.561,17.648,18.027,19.657,19.778,19.445,19.317,16.372
16.392,18.351,18.77,17.993,19.186,18.319,18.243,17.16,15.932,16.019,13.984,13.294,12.057,12.048,12.53,12.39,12.931,12.65,12.315,12.511,13.364,12.805,13.715,14.05,13.502,13.783,11.853,10.602,8.6206,7.2447,14.108,16.47,17.409,17.588,17.674,17.889,17.375,16.86,17.883,17.522,17.416,17.375,16.164,17.522,15.638,17.201,16.708,15.786,15.786,14.271,14.304,13.8,12.567,12.677,12.437,12.859,14.441,13.233,12.539,11.656,10.425,14.497,16.638,16.86,17.674,17.993,18.141,17.857,16.977,16.084,15.786,16.019,14.377,14.585,15.734,16.484,17.275,17.221,16.617,16.257,17.275,16.729,18.185,17.674,17.409,17.831,19.782,19.426,18.37,16.812
14.668,17.022,17.632,17.022,17.462,17.022,16.244,15.468,15.363,14.185,13.091,12.478,11.643,11.481,10.567,12.144,11.207,11.251,10.789,12.062,12.468,12.478,12.773,12.317,12.337,11.372,11.207,10.086,7.3634,6.5595,12.508,15.468,15.849,16.6,15.967,15.912,15.849,15.404,16.114,16.244,15.841,15.849,16.06,15.168,14.828,14.735,14.945,14.194,14.29,13.694,13.279,12.062,12.072,11.073,11.99,12.011,13.005,12.498,10.983,10.269,10.281,13.612,14.676,15.849,16.359,16.963,16.578,15.66,15.468,14.668,14.044,12.468,13.794,14.961,14.6,14.497,15.492,15.873,16.029,15.266,15.094,16.183,15.143,16.306,16.083,16.985,17.369,17.196,16.985,15.404
16.058,18.558,19.314,18.934,18.842,17.627,18.06,16.782,16.144,14.964,14.285,13.461,13.657,12.721,13.53,11.461,12.721,12.126,12.721,12.399,12.937,13.349,13.674,14.454,13.461,13.461,12.684,10.394,8.7014,7.2069,14.131,16.546,17.803,17.874,17.938,16.871,17.416,17.027,16.567,16.567,16.987,17.489,17.469,17.169,15.561,16.058,15.971,16,16.448,15.472,14.065,12.981,13.487,13.254,12.981,13.358,14.228,13.384,12.684,11.175,11.69,14.84,17.323,19.51,17.777,19.074,17.803,17.041,16.448,16.434,15.561,16.434,15.92,15.322,15.079,16.546,16.258,16.782,17.169,16.987,18.086,15.906,18.688,18.91,18.009,17.41,20.271,19.558,18.39,15.906
14.611,16.897,17.621,17.849,16.64,16.859,15.998,15.154,14.226,13.412,13.04,12.24,12.815,11.767,10.313,12.063,10.663,10.603,11.777,11.659,12.414,12.414,13.069,12.972,12.576,11.916,11.16,9.7596,7.8031,6.358,13.673,15.735,16.595,16.648,16.64,16.365,16.092,15.59,14.945,16.092,15.386,15.287,16.731,15.484,14.783,14.611,13.866,14.083,13.525,14.11,13.673,11.948,12.168,11.734,11.863,12.084,13.194,12.105,11.948,9.241,10.745,13.802,15.484,16.956,18.046,17.06,16.956,15.735,15.517,14.637,13.534,14.297,15.614,14.507,14.792,15.088,13.83,14.611,15.974,15.775,16.465,15.484,16.731,16.21,16.709,17.354,18.679,17.707,16.365,15.287
14.901,16.451,17.22,17.888,16.533,16.975,16.049,15.341,14.818,13.557,12.287,12.267,11.467,11.553,10.191,11.424,10.191,11.435,11.962,11.435,12.297,12.013,12.663,13.151,12.457,11.435,11.467,9.7836,7.7585,6.7557,12.923,15.333,16.398,16.895,16.807,16.033,15.995,15.588,15.588,15.871,15.333,15.236,15.995,15.236,14.818,14.934,13.738,14.54,14.506,14.049,13.738,12.013,12.267,11.691,12.013,12.176,13.038,12.013,11.553,9.9833,10.745,13.557,15.557,16.858,18.222,17.127,17.497,15.429,15.106,14.909,14.404,14.901,15.453,14.709,14.464,15.106,14.942,15.429,16.27,16.953,17.127,16.217,16.511,16.659,17.441,17.441,18.189,17.391,16.696,14.909
16.511,18.459,18.558,18.879,18.934,18.314,18.035,17.303,15.643,15.018,13.741,12.721,13.324,12.315,12.972,12.012,12.249,12.278,12.766,12.937,13.538,13.384,13.564,14.454,13.867,12.981,12.098,10.743,8.9371,7.3182,13.966,16.058,17.489,18.295,17.874,17.403,17.594,17.149,16.809,17.169,16.782,17.855,16.871,16.809,15.971,16.399,15.971,15.906,15.709,15.193,14.422,13.666,13.289,12.981,12.249,13.052,13.606,13.487,12.694,11.061,11.42,15.442,16.809,17.64,18.314,19.439,18.793,17.594,17.061,15.76,16.399,16.307,15.494,15.738,14.334,16.987,16.734,16.844,17.718,16.448,17.323,18.086,18.91,17.939,17.835,18.295,19.722,18.744,18.39,16.364
14.309,16.502,17.572,17.369,17.075,16.224,16.2,15.432,14.624,14.032,12.168,11.958,11.582,11.744,10.371,11.305,11.045,10.837,12.157,11.777,12.617,12.095,12.607,13.814,12.456,11.744,11.614,9.6112,7.6956,6.4031,13.167,14.388,15.988,16.791,16.379,15.628,15.717,15.725,15.797,15.628,16.043,15.668,15.3,15.126,14.406,15.325,14.864,14.202,14.014,13.731,13.205,11.926,11.841,12,11.17,12,12.251,12.577,11.744,10.504,9.9094,13.62,14.856,16.609,17.615,17.6,16.723,17.023,15.98,14.485,14.932,14.485,14.957,14.014,14.624,15.3,15.603,15.668,15.668,16.609,16.224,16.425,16.169,16.043,16.632,17.09,17.463,17.843,16.814,14.485
14.993,15.795,17.339,16.604,16.694,16.513,15.684,14.699,14.52,13.914,12.987,11.841,11.225,10.759,11,10.989,11.703,11,11.39,11.661,11.915,11.873,12.527,12.517,12.577,12.091,11.618,8.9908,7.608,6.664,12.987,14.985,15.874,15.96,15.684,15.984,15.541,15.018,15.684,15.191,15.516,15.645,14.137,15.167,14.198,14.993,14.834,14.993,14.52,12.527,12.735,12.029,11.703,11.532,10.69,11.757,12.735,12.081,11.532,10.394,9.5428,13.272,15.929,16.085,17.546,17.187,17.085,16.43,15.516,15.387,14.408,15.117,13.995,14.303,13.716,15.866,15.645,15.42,15.874,16.139,16.99,16.604,16.108,16.178,15.605,16.491,17.317,17.425,16.983,15.249
15.632,16.203,17.16,17.196,16.977,16.748,16.08,14.618,14.846,13.519,12.483,11.031,11.646,11.053,10.184,11.657,11.528,10.951,11.496,10.951,11.485,11.657,12.523,12.886,12.632,11.528,11.321,9.8104,8.3704,6.7917,12.333,14.281,15.679,16.531,16.538,15.382,15.671,15.504,15.512,15.162,14.988,15.022,15.415,15.022,13.99,15.187,14.489,14.481,13.99,13.491,13.711,12.483,11.265,11.496,11.221,11.837,12.642,11.657,10.779,9.5398,9.9992,12.983,15.187,16.265,17.441,17.711,16.977,16.379,15.767,14.897,14.123,14.584,13.99,13.107,14.745,14.846,15.415,15.317,16.303,16.357,18.421,16.47,17.043,16.119,16.103,16.425,17.369,17.781,16.666,14.897
14.6,16.876,16.237,16.578,15.936,16.465,15.532,15.516,14.044,14.385,12.715,12.062,11.152,11.481,11.017,10.708,11.643,11.481,11.738,11.77,12.508,12.011,11.98,12.175,12.783,11.568,11.073,10.708,7.4974,6.5025,12.338,14.523,15.201,15.967,15.936,15.771,15.747,15.58,15.99,15.532,15.468,15.168,14.497,15.532,14.668,14.945,15.143,14.54,14.394,13.694,12.715,11.896,11.152,11.207,11.073,11.373,12.478,12.062,11.383,10.52,10.281,13.428,16.083,16.518,17.022,17.455,16.668,15.849,16.306,15.771,14.54,15.299,13.83,14.828,14.106,15.959,16.283,15.99,15.967,16.153,17.369,16.336,16.083,16.876,15.849,17.197,17.073,17.369,16.51,15.652
16.859,17.97,18.692,18.772,18.741,18.463,17.705,17.23,16.133,15.176,13.751,13.851,13.178,12.561,13.523,12.301,12.301,12.45,12.752,13.523,13.515,13.523,13.515,13.992,14.245,13.037,12.779,10.525,8.6385,7.0859,13.918,17.042,17.62,17.86,17.39,17.601,17.089,16.493,16.416,17.383,15.982,16.804,17.31,16.859,16.239,15.895,16.09,15.975,15.365,15.176,14.123,13.343,12.515,12.235,12.515,12.895,13.472,13.583,12.67,10.944,12.036,14.397,17.203,18.815,19.577,18.906,18.985,16.852,16.79,16.694,15.888,15.252,16.239,16.133,15.153,17.97,16.968,16.548,16.879,18.11,18.394,18.243,18.525,17.601,18.275,18.243,19.251,19.112,18.537,16.797
14.613,16.848,17.607,17.041,16.6,17.159,16.318,15.57,15.153,13.68,12.808,12.69,12.53,11.129,11.004,12.886,11.263,11.429,11.44,12.287,12.236,12.69,13.118,12.62,12.56,12.379,12.029,10.087,7.8291,6.981,13.002,15.57,16.163,16.811,16.418,15.666,15.738,15.57,15.952,16.039,14.535,15.537,15.952,15.545,15.019,15.375,14.569,14.265,14.569,14.595,13.07,11.914,11.882,11.571,11.44,11.914,12.837,12.195,11.451,10.074,11.528,14.352,15.61,17.283,16.908,17.37,17.159,16.163,15.85,14.809,14.352,14.352,14.613,15.473,15.61,15.61,15.045,15.594,15.57,16.661,16.163,15.44,17.224,17.246,16.326,17.261,18.223,17.549,17.485,15.07
15.376,16.54,17.19,17.893,16.592,16.622,16.971,14.51,14.552,13.064,13.486,11.294,11.578,11.491,10.29,12.021,11.316,11.48,11.653,11.524,12.021,11.491,12.706,12.987,12.083,12.062,11.748,9.5361,7.8921,6.3921,13.102,15.049,15.863,16.35,16.097,15.918,15.506,15.546,15.007,15.784,14.689,14.815,15.98,14.958,14.841,14.51,13.769,13.985,13.878,14.118,14.276,12.237,12.062,11.404,11.864,11.404,12.277,12.145,11.316,9.3247,10.958,13.985,14.891,16.734,16.941,16.097,16.479,16.259,14.739,15.156,13.706,14.891,14.276,14.484,14.091,14.091,14.535,14.552,15.863,17.305,16.838,15.926,17,15.98,16.097,17.305,17.363,17.69,16.956,15.156
14.791,16.266,16.98,17.525,17.002,16.893,15.873,15.55,14.089,13.938,12.683,12.447,11.981,11.046,11.124,12.906,11.012,11.603,11.96,12.237,12.115,12.022,13.349,13.172,12.317,12.683,11.825,9.5044,7.8659,6.3709,13.533,14.699,15.927,16.425,16.074,15.582,15.574,15.106,15.188,15.81,15.454,15.325,16.425,15.325,15.325,15.454,14.358,14.08,14.358,13.823,13.533,12.033,12.307,11.046,11.224,12.033,12.935,12.196,11.614,10.256,10.256,14.35,16.143,17.096,17.002,17.715,16.922,15.494,15.621,15.04,13.66,12.839,14.64,15.927,14.487,14.254,15.81,14.933,15.446,15.873,16.686,15.325,16.604,16.716,16.922,16.567,18.346,17.183,17.241,14.631
16.48,18.463,18.254,18.763,18.33,17.783,17.265,16.648,16.423,15.142,13.909,13.917,12.084,12.537,12.547,10.707,12.397,12.984,12.519,12.509,13.267,12.509,13.724,14.059,13.579,12.975,12.519,10.674,8.8652,7.021,14.042,16.381,17.211,17.552,17.252,16.96,16.87,16.627,16.87,16.932,17.552,17.286,16.317,16.87,15.618,16.051,16.494,16.395,15.861,15.134,14.059,13.579,13.241,13.1,12.657,13.055,14.182,13.45,12.984,11.462,11.663,14.642,16.711,17.552,18.254,18.831,18.324,16.794,17.386,16.058,16.395,15.438,15.072,15.795,14.466,17.466,16.739,16.884,16.711,16.905,17.783,16.987,18.055,17.783,18.33,18.425,19.776,19.198,18.177,16.094
14.925,17.138,16.802,17.203,16.443,16.934,15.852,15.016,14.648,13.594,12.57,11.723,11.995,11.455,10.085,12.6,10.471,11.192,12.251,11.659,12.036,11.974,12.727,12.491,12.698,11.974,11.357,9.8611,8.2443,6.0796,12.766,15.246,16.315,16.742,16.338,16.443,15.946,14.975,15.496,15.946,15.181,14.95,16.2,15.448,14.808,15.172,14.34,14.034,13.874,14.262,13.411,12.491,11.974,10.935,11.974,11.807,12.698,12.118,11.995,9.6705,10.471,13.411,15.946,16.742,16.963,17.036,16.216,16.039,14.716,14.521,13.234,13.874,14.061,14.521,15.016,14.245,15.016,15.639,16.624,15.883,16.504,15.946,17,17.992,15.946,17.036,17.999,17.798,17.609,14.859
14.039,16.512,17.012,16.382,16.99,16.035,15.918,14.538,14.216,14.012,13.09,12.013,11.803,11.888,11.546,10.703,10.55,11.014,11.183,11.93,12.503,10.98,12.372,12.809,11.514,11.803,11.071,8.6335,8.1414,6.6725,12.513,14.154,16.105,16.283,16.655,16.012,15.949,16.035,15.949,15.407,15.536,15.407,15.656,14.87,15.012,14.146,14.581,13.905,14.225,12.78,13.289,12.179,11.665,11.283,11.405,11.676,12.623,11.888,11.283,9.9649,10.515,13.513,15.439,15.815,17.511,17.339,16.497,16.129,14.87,14.426,13.733,13.513,14.003,13.797,14.987,14.811,15.012,14.718,15.004,15.012,15.576,16.012,17.034,17.121,17.034,17.034,18.444,17.59,16.923,14.92
15.185,16.267,16.766,16.871,16.328,16.571,16.011,15.21,14.58,13.127,12.78,12.023,11.238,11.183,11.929,10.597,10.773,10.773,10.968,11.238,12.301,12.023,12.096,12.096,12.382,11.404,10.597,9.1942,7.4345,6.022,12.372,14.869,15.341,16.011,15.948,16.011,15.559,15.503,15.948,15.511,15.21,15.511,14.503,15.011,14.776,14.321,14.58,13.419,13.76,13.659,12.819,12.301,12.023,10.819,11.283,11.238,12.819,11.771,11.338,9.9644,10.691,13.832,14.425,17.496,16.073,16.922,16.624,16.351,15.438,14.869,14.58,14.321,14.399,14.329,14.039,15.703,14.512,15.308,15.576,15.948,15.703,16.011,16.534,16.989,17.003,18.066,17.955,18.031,17.36,14.563
14.588,17.07,16.671,17.659,16.604,16.626,15.771,15.676,13.932,13.025,12.153,11.324,11,11.39,10.724,10.489,11.324,10.489,12.029,12.081,11.39,12.081,12.487,12.527,12.367,11.585,11.412,9.0046,7.5089,6.5125,12.606,14.758,16.177,16.247,16.108,15.387,15.117,15.224,15.492,15.191,15.018,15.289,14.792,15.676,14.198,14.985,14.834,14.021,13.994,13.225,12.958,12.527,11.873,12.081,11.169,11.788,12.357,12.636,11.915,10.285,10.101,13.587,15.249,16.491,16.491,17.252,16.331,15.636,15.795,14.101,14.303,13.932,13.994,14.021,13.914,15.419,14.69,15.249,16.177,15.929,16.551,16.968,16.99,17.31,16.551,16.968,19.085,17.425,16.982,15.937
14.819,16.536,17.475,17.041,16.597,16.263,15.93,15.275,14.192,12.571,11.385,11.656,10.532,10.293,10.778,10.244,11.494,10.95,11.483,12.024,12.482,12.024,12.492,13.294,12.003,11.264,10.591,9.3272,7.7508,6.3154,12.758,14.987,16.476,16.484,15.486,15.316,15.413,14.684,14.513,14.844,14.752,15.486,16.324,14.962,13.989,14.844,13.989,13.809,14.122,13.881,12.571,12.189,12.24,11.396,10.904,11.645,12.641,12.024,11.385,9.9103,10.995,14.069,15.985,18.043,16.739,17.389,17.041,15.891,15.053,15.283,14.06,14.828,14.479,14.513,13.872,15.502,14.556,14.895,16.619,16.255,16.484,16.255,16.783,17.821,16.301,17.708,18.527,18.091,16.953,15.185
14.396,16.5,16.53,16.522,16.462,16.371,16.249,14.678,14.116,13.289,12.477,11.608,12.061,11.16,11.831,11.26,11.403,11.16,11.522,11.905,12.071,12.397,12.235,12.88,11.683,11.215,11.081,9.5349,8.2612,7.0049,12.477,15.006,16.072,16.318,15.978,15.782,15.632,15.179,15.014,14.839,15.179,15.496,14.678,15.105,14.956,14.551,14.204,13.622,14.291,13.1,12.976,12.357,11.26,11.64,11.215,11.863,12.957,11.905,11.49,10.277,10.716,13.876,15.861,16.417,16.769,16.969,17.659,16.002,15.916,15.48,13.429,13.622,13.84,15.31,13.983,15.277,15.105,15.236,16.836,16.522,16.74,16.257,16.969,16.947,17.035,17.361,17.89,18.084,16.969,14.956
14.961,16.114,17.519,17.058,16.578,16.764,15.849,14.667,14.289,12.822,11.632,12.144,12.052,11.394,12.062,10.603,11.151,11.77,11.251,11.632,11.738,11.77,12.062,12.347,12.062,11.383,11.383,8.9905,7.596,6.5023,12.587,14.945,15.99,16.359,16.45,16.06,15.468,15.168,15.003,15.403,14.667,15.403,15.849,14.727,14.599,14.114,13.793,13.856,13.428,13.83,13.892,12.938,11.6,11.674,10.949,11.372,12.783,12.175,11.47,10.098,11.151,13.694,15.77,17.022,17.625,17.448,17.218,16.237,14.994,14.878,13.548,13.973,15.003,14.114,14.385,15.036,14.961,15.036,15.966,16.465,16.927,16.487,17.646,16.985,17.646,17.138,18.071,17.877,17.462,14.969
16.276,18.379,18.709,19.058,18.379,18.112,17.242,16.731,16.126,15.279,13.416,13.208,12.366,12.543,12.699,11.792,12.625,12.178,13.084,12.834,13.208,13.234,14.652,14.023,13.502,12.807,12.478,10.112,9.037,7.2787,14.007,16.34,17.508,17.738,17.349,17.555,17.128,16.226,16.585,17.046,16.133,17.06,17.242,15.989,15.989,15.399,15.66,14.918,15.399,15.989,14.817,13.604,12.996,12.111,13.084,12.735,14.414,13.613,12.063,11.073,11.229,14.715,16.417,18.734,18.379,19.149,18.949,17.269,17.128,16.466,15.027,15.459,16.018,16.606,14.755,18.734,16.613,16.361,16.999,18.252,18.08,18.435,18.316,18.029,18.055,18.783,19.479,20.225,18.759,15.608
15.917,18.371,18.806,17.679,18.308,18.175,17.369,17.012,15.874,14.654,13.976,12.99,12.258,12.049,12.135,11.549,12.584,12.03,12.919,12.538,12.937,13.017,13.943,13.471,13.868,12.501,12.058,10.9,8.6677,7.5103,13.976,16.375,17.737,18.124,17.04,18.003,16.794,16.669,17.161,16.411,16.579,16.821,16.725,16.607,15.303,16.354,16.011,15.028,15.393,15.028,13.608,13.877,13.123,13.393,12.324,13.393,13.359,14.075,12.62,10.847,11.738,15.505,17.848,19.02,18.806,18.751,19.051,17.951,16.828,15.572,15.393,15.895,16.662,16.354,15.52,18.067,16.119,16.669,18.105,17.607,18.905,18.175,17.415,18.947,18.371,18.143,20.455,18.892,19.039,16.446
14.672,16.77,17.468,17.453,16.733,16.158,15.585,14.467,14.181,13.057,11.376,12.23,11.774,11.02,11.387,10.101,10.941,11.043,11.603,11.994,12.321,11.646,12.719,13.009,11.9,12.056,10.986,9.4127,7.8878,6.4853,12.748,14.974,15.972,16.088,16.288,15.752,15.776,14.681,14.883,15.537,15.271,15.473,16.242,14.502,14.285,14.285,14.084,13.432,14.084,14.198,13.616,12.148,11.858,12.321,11.603,11.517,12.874,12.482,11.387,9.4916,10.524,14.731,16.364,16.583,17.425,17.652,17.027,15.917,15.303,14.294,13.432,14.807,15.008,14.294,14.11,14.502,14.999,14.883,15.473,16.242,16.969,16.613,17.987,17.064,16.583,16.733,18.316,17.524,17.027,14.974
14.999,15.854,16.47,16.969,16.881,16.455,15.846,14.544,13.17,13.095,12.056,12.341,11.774,11.485,11.858,11.211,11.043,11.387,11.858,11.485,12.138,11.9,12.472,12.719,12.066,11.646,11.689,8.9935,8.121,6.1706,12.719,14.74,15.972,15.995,16.065,15.368,15.497,14.774,15.082,14.544,14.883,15.995,15.172,14.966,15.008,14.285,14.398,14.119,13.915,13.17,13.506,12.351,11.983,12.014,11.571,12.014,12.98,12.472,11.398,10.284,11.485,14.189,16.583,15.878,17.317,16.77,17.18,17.064,14.39,13.915,14.544,13.095,14.364,14.949,15.041,14.672,15.854,15.497,16.242,15.846,16.881,17.631,17.425,17.848,16.725,16.341,18.626,16.947,17.202,14.467
14.829,16.579,16.579,17.06,15.772,16.245,15.913,15.589,14.124,13.503,12.388,11.471,11.307,10.662,11.04,10.378,11.252,11.208,11.855,11.384,12.145,11.855,12.508,12.227,11.686,12.227,10.568,8.8798,7.8858,6.7098,12.871,14.541,15.533,16.758,16.245,15.936,15.193,15.004,14.97,15.004,14.97,14.879,14.803,14.524,14.677,14.177,14.677,14.566,14.6,13.695,13.205,12.176,12.063,11.686,11.643,12.318,12.784,12.338,11.307,10.282,10.893,14.264,15.493,16.153,17.349,16.466,17.52,16.238,15.589,14.962,13.613,14.829,14.472,14.177,14.045,15.613,16.099,15.842,16.245,17.197,16.579,16.876,17.313,17.456,16.466,17.284,18.024,17.513,17.313,15.772
14.499,16.73,16.759,17.486,16.67,16.338,15.654,15.486,14.055,13.43,12.319,11.644,11.644,11.018,10.173,11.633,10.767,11.772,11.515,11.308,11.981,12.012,12.559,12.589,11.992,11.209,10.985,9.0333,7.5972,6.0679,12.716,14.947,15.268,16.46,16.467,15.17,15.365,14.602,14.88,15.534,14.813,15.494,15.582,15.17,14.678,14.387,14.046,14.125,14.465,13.759,13.007,12.074,11.74,11.824,11.515,12.054,12.339,12.389,11.153,9.6846,10.522,13.121,15.622,17.314,16.826,17.422,17.422,15.3,15.406,15.3,13.623,14.499,14.283,14.567,14.396,14.729,15.938,15.654,16.285,16.407,17.4,15.969,17.024,17.221,17.45,17.543,18.993,17.571,17.486,15.227
15.722,18.031,18.05,18.532,18.431,18.324,18.076,16.38,16.18,15.052,13.492,13.144,13.319,13.518,12.966,12.64,12.343,12.343,12.921,12.077,13.152,13.249,13.492,14.039,12.957,12.502,11.446,10.238,8.2287,6.8441,13.414,16.094,16.716,17.706,17.765,17.396,16.854,16.964,17.039,16.916,16.716,16.882,16.771,16.38,16.295,16.152,16.457,15.507,15.387,14.646,14.951,13.38,12.966,13.629,12.277,13.569,13.789,13.789,12.64,11.242,11.117,14.772,16.854,17.262,19.08,18.438,17.502,17.262,17.362,15.296,15.84,15.075,14.366,16.436,15.477,17.1,16.486,16.471,17.025,17.529,18.05,17.915,18.4,18.805,18.305,19.262,20.442,20.254,18.731,17.402
16.035,18.587,17.659,18.075,17.395,18.304,18.132,16.569,15.883,15.227,14.096,12.602,12.602,12.153,10.821,13.619,12.333,12.519,12.602,12.556,13.388,12.602,13.318,13.482,13.318,12.182,11.726,10.305,8.3123,7.2227,14.445,16.456,16.625,17.038,18.399,17.913,16.915,16.715,16.881,17.718,16.435,15.897,16.819,15.948,16.4,16.4,16.006,15.919,15.416,15.677,15.363,14.022,12.965,12.076,13.431,13.379,13.864,13.56,11.961,11.001,11.334,14.676,16.372,17.823,19.369,18.126,18.094,17.448,16.908,16.456,15.074,15.677,15.897,15.956,16.631,16.006,16.604,17.024,17.659,18.699,18.524,18.499,18.298,18.049,18.785,19.261,19.079,19.381,18.699,16.604
14.09,16.663,17.275,17.012,16.298,16.36,15.988,14.545,13.611,13.21,12.05,12.05,11.289,10.52,10.007,10.801,11.11,11.244,12.185,11.519,12.102,11.724,12.549,13.463,12.05,11.519,11.432,9.2262,7.7838,6.5047,12.668,14.86,15.902,16.136,15.823,15.664,15.052,15.127,14.588,14.877,15.086,15.543,15.052,14.877,14.223,14.328,14.099,14.126,14.441,13.519,13.019,12.429,11.777,12.092,11.188,11.893,12.102,11.893,11.893,10.315,10.602,12.757,15.957,16.633,16.633,17.253,16.633,16.39,15.414,14.407,13.219,13.657,14.614,14.09,14.046,15.011,15.511,15.316,16.019,16.565,16.565,16.775,17.217,17.627,15.957,16.542,17.513,16.99,17.57,14.725
14.789,16.251,16.894,17.116,17.057,16.057,15.428,15.066,13.951,12.768,12.04,11.254,11.562,10.529,10.141,11.018,11.12,10.624,12.113,11.42,12.318,11.904,13.146,13.222,11.616,10.984,11.254,9.2344,7.7746,6.8117,13.021,14.94,16.519,16.648,15.971,15.598,15.598,15.157,14.865,14.341,15.033,15.066,15.007,15.066,13.815,14.532,13.852,14.103,14.032,13.752,13.335,11.904,11.529,12.04,10.995,11.724,13.002,12.399,11.904,9.9155,10.529,12.837,16.127,15.908,17.035,16.151,16.946,16.166,14.627,14.103,14.558,14.532,13.623,13.605,13.002,15.256,14.797,14.419,15.908,15.549,15.908,16.405,16.534,17.557,16.678,16.405,18.367,18.057,17.385,15.264
14.458,17.361,16.478,17.01,16.683,16.652,15.65,15.236,13.756,13.367,11.95,11.565,11.123,11.066,11.434,10.791,11.089,10.532,10.987,11.876,12.199,11.652,12.373,12.044,12.127,11.123,10.081,8.9192,8.0776,6.1149,12.189,14.945,15.722,15.92,15.944,15.538,14.878,15.037,14.878,15.037,14.894,14.528,15.236,14.605,14.142,14.354,14.107,13.919,13.973,13.919,12.879,12.23,12.189,11.357,11.565,12.127,12.772,12.564,11.123,10.081,11.423,14.665,15.293,17.099,16.562,16.84,16.171,15.722,15.236,14.733,13.682,15.012,14.257,14.605,13.263,15.983,14.835,15.293,16.802,16.432,15.432,15.983,16.41,15.983,16.31,16.683,17.598,17.526,17.274,15.012
16.056,18.202,18.966,19.444,18.061,17.372,17.425,16.577,15.139,14.187,13.175,12.943,12.298,11.913,12.624,11.094,12.279,12.059,12.979,12.551,13.411,13.341,12.988,14.022,13.245,12.354,12.097,9.6952,8.4378,6.2706,14.479,16.992,18.08,18.125,17.664,16.944,17.425,16.889,16.121,16.944,16.121,16.654,17.392,16.744,15.822,15.623,15.069,15.023,15.069,15.443,14.67,13.515,12.961,12.551,12.979,13.166,14.67,13.821,12.551,10.84,11.587,14.694,17.749,19.372,18.387,18.731,17.899,17.108,16.179,15.443,15.139,16.034,15.652,15.253,14.67,17.271,16.179,16.992,17.318,18.125,18.462,17.736,18.769,18.954,17.664,18.336,20.356,18.812,18.837,16.215
14.312,16.491,17.475,16.983,16.671,16.247,15.484,14.851,14.622,13.887,12.081,11.703,11.488,11,12.517,10.297,11.225,11.169,11.499,11.661,11.788,11.757,12.194,12.163,11.693,11.499,10.04,8.7232,7.0991,6.3181,12.194,14.993,15.191,15.191,16.178,15.604,15.018,15.224,15.556,15.684,14.622,15.387,15.771,14.826,15.101,15.059,14.588,13.523,14.145,14.021,13.44,12.497,11.703,11.034,11.788,12.153,12.715,12.153,10.955,9.5427,10.537,14.407,14.562,16.604,16.634,18.092,16.085,15.167,16.085,15.644,13.878,13.715,14.588,13.633,13.851,15.492,16.753,15.874,16.331,17.446,17.252,16.791,16.604,16.536,16.536,16.746,17.482,18.044,16.331,15.556
14.36,16.223,17.349,17.42,16.223,16.154,15.493,15.144,13.722,12.716,11.514,11.208,11.855,11.395,9.5285,11.482,9.8998,10.984,11.307,11.568,12.176,11.252,12.716,12.268,11.643,11.074,10.938,8.4933,7.8066,5.5761,12.948,14.464,15.469,16.825,16.223,15.533,14.962,14.77,14.541,14.879,14.541,15.004,15.613,14.524,14.879,14.996,13.759,13.475,14.107,14.464,13.795,12.063,12.011,11.97,11.643,11.643,12.939,12.063,11.471,9.5936,11.252,13.695,15.913,17.023,18.017,17.198,16.728,15.364,15.364,14.541,14.177,15.037,15.661,14.879,15.485,15.843,15.299,15.405,16.579,16.766,16.957,16.721,17.633,16.825,17.456,17.456,19.09,18.079,17.52,15.405
14.502,15.995,16.288,16.065,16.342,15.91,15.473,14.468,13.978,13.798,12.472,11.376,10.769,11.211,9.5832,11.518,11.376,10.987,12.015,10.987,12.015,11.973,12.015,11.647,12.321,10.941,10.027,9.2797,6.6932,6.0073,12.591,14.476,15.173,16.065,15.752,15.586,15.173,14.966,15.594,15.497,14.883,14.732,15.776,14.95,14.816,14.966,14.816,14.004,14.181,14.605,13.699,12.631,11.9,10.896,12.056,11.679,12.591,12.015,11.077,9.5962,9.8395,14.673,15.263,16.41,17.318,16.991,17.461,16.94,15.917,16.242,13.699,13.617,14.883,15.041,15.473,16.119,16.25,16.523,16.829,17.454,17.546,17.716,16.94,17.028,16.94,16.733,17.631,17.716,16.763,14.545
14.486,16.347,16.922,17.032,16.171,15.955,15.893,14.271,13.602,14.034,11.814,11.981,12.053,11.846,11.199,11.473,10.781,11.559,11.473,11.559,12.002,11.971,12.002,12.217,11.666,11.473,11.143,9.6247,7.4085,6.1642,12.957,14.867,16.324,16.393,16.171,15.955,15.861,14.95,14.817,14.486,15.189,15.025,15.569,14.589,14.529,14.383,14.529,14.383,14.792,13.9,12.995,12.217,11.199,12.328,11.623,11.634,13.043,11.981,11.846,9.9295,10.078,13.711,16.347,17.162,16.513,17.442,17.527,16.752,15.838,14.349,14.271,13.711,14.069,15.609,14.486,15.861,15.577,15.648,16.715,16.656,17.299,16.324,17.184,17.864,16.951,16.922,18.058,17.556,16.863,15.352
14.086,16.586,16.122,16.245,16.291,16.253,15.943,15.233,15.044,13.407,11.986,11.776,10.585,10.678,11.573,10.274,12.14,11.378,11.476,11.312,12.068,12.068,12.151,11.257,12.354,11.378,10.286,8.9952,7.6164,6.252,12.151,14.835,15.943,15.596,15.588,15.628,15.175,14.952,15.151,15.66,15.265,15.274,14.479,15.175,14.366,14.952,14.886,14.392,14.547,13.097,12.973,12.354,12.017,12.017,11.648,11.829,12.273,12.514,11.213,10.478,10.091,13.917,15.233,15.668,16.832,16.884,17.457,16.534,16.291,15.265,14.81,15.755,14.977,15.01,14.886,16.972,16.291,15.596,16.609,17.357,16.972,16.972,15.857,17.768,17.031,16.367,17.053,17.719,16.191,14.977
14.759,16.553,16.798,16.798,15.868,15.608,15.673,14.862,14.733,13.119,12.481,12.012,11.3,11.83,10.624,11.457,10.624,11.457,11.129,11.457,12.222,12.337,12.633,12.481,11.786,11.634,10.405,9.11,8.1483,6.4714,12.511,15.202,15.69,16.452,16.367,15.86,15.828,15.143,15.025,15.6,15.344,15.369,15.501,15.369,15.194,15.008,15.16,14.311,15.168,13.94,13.139,12.511,11.634,12.233,12.139,11.797,12.295,11.754,10.932,9.9539,10.418,13.94,16.06,17.189,17.945,17.403,17.159,16.179,15.698,14.655,14.689,14.655,14.158,15.277,15.819,15.344,15.608,16.312,16.499,16.622,16.987,17.454,17.454,18.079,16.798,17.388,18.199,17.945,17.425,14.479
13.883,15.489,16.796,16.759,16.855,15.934,15.064,14.49,13.999,13.115,12.531,11.503,12.361,11.228,10.958,11.004,10.301,11.094,11.654,11.06,11.654,11.273,12.341,12.581,12.371,11.173,10.958,8.8961,7.5114,6.5147,12.491,14.567,16.313,16.313,15.879,15.689,15.196,14.695,14.704,14.317,14.856,15.425,15.221,14.567,14.856,14.026,14.412,14.308,14.998,13.276,13.191,12.075,11.877,11.919,10.599,11.792,12.972,11.877,11.094,10.055,10.505,12.895,16.183,16.907,17.602,16.996,17.402,16.113,15.521,14.627,13.892,13.5,13.892,16.113,14.695,14.695,16.268,15.997,16.609,15.903,16.496,16.609,17.516,18.022,17.054,17.68,18.16,17.876,16.907,14.998
14.059,16.354,16.686,16.596,16.596,15.984,15.549,14.827,14.513,13.809,12.148,11.698,11.58,11.655,11.407,10.95,10.961,10.579,12.065,11.687,12.521,11.867,12.482,11.783,11.494,11.494,10.72,8.5021,7.3715,6.5668,12.331,14.121,16.077,15.669,15.984,16.077,14.692,14.582,14.556,14.978,14.059,15.217,15.053,14.978,14.743,14.41,14.305,13.926,13.443,14.41,13.872,12.351,11.494,11.164,11.783,11.751,12.729,12.076,10.995,9.6939,10.591,14.375,15.485,16.536,17.179,17.98,16.377,15.867,15.669,15.38,14.556,14.41,15.38,14.2,14.279,15.16,15.38,15.764,17.179,17.82,17.588,17.041,17.179,17.503,16.946,17.538,17.467,17.645,16.506,14.961
14.652,16.309,16.176,16.886,16.673,16.496,15.291,15.564,14.37,14.047,12.136,11.455,10.658,11.354,10.848,11.631,11.521,11.127,11.455,11.218,12.231,12.293,11.924,12.671,12.168,11.297,11.354,9.7053,7.6457,6.4702,12.55,14.86,15.687,15.784,16.168,15.784,15.166,15.366,15.166,15.073,15.366,15.424,14.713,15.366,13.974,15.166,15.022,14.73,14.756,12.99,12.661,12.303,11.354,11.532,11.795,12.052,12.303,12.782,11.127,10.622,11.035,13.595,16.27,16.863,17.163,17.044,17.422,16.457,16.519,15.199,14.92,15.457,14.687,13.641,14.86,16.734,17.422,16.818,17.647,16.573,17.798,17.208,17.245,17.163,17.186,17.208,17.941,17.856,16.681,15.597
14.467,16.103,16.242,16.226,16.157,16.288,15.303,15.303,14.294,13.57,12.066,11.858,10.941,11.21,11.983,10.284,11.517,10.941,11.517,11.689,11.517,11.993,12.471,12.076,12.148,11.043,10.941,9.6861,7.7444,5.839,12.718,14.363,15.262,15.877,16.242,15.408,15.148,14.501,15.007,15.408,15.489,14.974,14.527,14.807,14.544,14.389,14.68,14.389,14.773,13.57,13.208,12.321,11.993,11.603,11.517,12.321,12.63,12.014,10.895,9.8769,10.416,13.798,16.288,16.47,17.202,17.18,16.242,16.762,16.033,14.882,14.604,15.497,14.604,15.229,13.57,16.583,16.064,16.583,17.46,16.65,17.165,16.732,16.88,16.583,16.523,17.049,18.302,17.764,17.223,15.172
14.163,16.694,16.96,16.281,15.825,15.849,15.469,14.938,14.172,13.601,12.298,11.836,10.726,11.377,12.044,11.992,11.056,11.289,10.645,11.056,12.207,12.479,12.248,12.116,12.329,10.875,10.749,9.2624,7.3521,5.5672,12.928,14.259,16.035,16.089,15.636,15.493,14.972,14.441,15.013,15.636,15.071,15.202,15.34,15.628,15.013,15.145,14.449,14.084,13.978,13.844,13.527,11.752,11.625,11.667,11.72,12.034,12.248,12.044,11.464,9.5133,10.587,14.022,15.942,18.505,16.96,17.605,16.739,15.628,15.275,15.469,14.259,13.951,14.022,16.311,15.747,14.855,16.493,15.747,17.199,17.149,17.794,17.17,17.192,17.428,16.938,16.996,17.794,18.605,17.033,16.004
14.164,16.809,16.084,16.593,16.563,15.638,15.606,14.932,14.067,13.609,12.307,11.59,10.883,10.511,9.1878,12.052,11.142,11.373,11.242,11.373,12.307,11.622,12.215,12.337,11.969,11.622,10.939,8.9828,7.7993,6.5538,12.337,14.51,15.953,15.89,16.069,15.479,15.244,14.79,15.244,14.948,15.154,14.948,14.981,14.865,14.181,14.932,14.181,14.484,13.709,14.067,14.067,12.772,11.812,10.883,12.052,11.979,12.307,12.052,11.46,9.4015,10.733,13.389,14.932,16.971,18.247,18.138,17.333,16.503,15.154,15.638,13.782,14.102,15.757,15.179,15.154,15.455,15.859,15.953,16.927,17.504,17.673,17.468,17.268,17.447,16.563,17.504,17.862,17.862,17.504,15.599
14.736,15.78,16.656,16.775,16.475,16.468,15.275,14.887,14.298,13.259,12.059,12.274,11.682,11.214,12.018,9.9804,10.944,11.024,12.018,11.024,12.183,11.997,11.83,12.505,12.565,11.777,10.714,9.4814,7.3679,6.5064,12.515,14.971,15.67,15.945,16.07,15.478,15.542,14.549,14.971,15.045,14.677,14.887,15.662,15.012,14.887,14.114,14.132,13.981,13.766,14.472,13.874,12.565,12.018,11.024,11.379,11.746,12.059,12.183,11.521,9.6892,10.99,13.63,16.293,17.236,17.494,17.77,16.108,16.124,14.979,15.152,13.865,14.837,15.502,13.703,14.29,15.922,16.588,15.851,16.108,16.316,17.185,16.73,17.033,17.323,16.369,17.473,17.992,17.636,16.974,14.812
14.552,15.972,17.647,16.532,16.166,15.886,15.481,14.509,13.56,12.784,11.524,11.695,11.99,11.316,10.752,10.588,11.083,10.775,12.083,12.073,12.083,11.748,12.328,12.627,11.685,11.382,10.588,9.378,7.4871,6.4888,12.598,15.007,16.524,16.35,15.602,15.181,15.506,14.475,14.983,14.891,15.107,15.279,14.689,14.815,14.127,15.181,14.276,14.012,14.891,13.514,13.102,11.99,12.021,12.073,11.083,11.577,12.358,12.237,11.404,9.5361,10.529,13.578,16.251,17.555,17,17.088,17.725,15.784,14.958,14.68,14.293,15.181,14.578,14.552,14.739,16.258,14.509,15.949,16.32,16.978,16.128,16.779,16.779,17.893,16.524,17.363,18.869,17.498,17.647,15.506
13.888,16.263,16.604,15.898,16.263,15.637,15.216,14.416,13.995,13.225,11.789,11.532,11.091,11.169,11.532,10.285,11.39,10.725,11.532,11.841,11.873,11.693,12.081,12.577,12.03,11.532,11.169,9.2912,7.1517,6.7015,12.735,14.902,15.992,15.541,16.263,15.637,15.027,14.851,14.968,15.493,15.192,15.796,15.677,15.167,14.699,14.691,14.207,14.408,14.416,13.634,13.743,12.517,12.245,11.65,12.009,12.337,12.517,12.03,11.499,9.5036,10.297,13.073,15.677,16.491,17.906,16.754,16.754,15.898,14.993,14.52,14.066,14.834,14.52,14.485,14.066,16.085,15.992,16.108,16.476,16.209,17.166,15.929,16.514,16.968,16.604,16.902,18.955,17.933,17.397,15.613
13.844,15.907,16.304,16.419,15.549,15.42,15.314,14.857,13.961,13.224,12.761,11.414,11.523,10.618,8.9539,11.556,10.978,11.293,11.248,11.293,11.94,11.293,11.425,11.898,11.556,11.414,10.559,8.9539,6.8081,5.707,12.742,14.933,15.541,16.342,16.025,15.637,15.589,14.933,15.549,15.223,15.016,14.882,15.589,14.228,14.593,14.933,14.342,14.823,14.024,14.095,13.844,12.553,11.685,11.023,11.414,12.055,12.393,11.685,10.782,9.6281,10.782,13.808,14.789,16.212,17.824,18.047,17.289,15.669,15.058,15.248,13.477,13.014,14.593,15.223,15.016,15.314,15.281,15.058,16.119,16.639,17.69,16.465,17.026,17.106,17.238,17.121,17.922,17.547,16.571,15.549
12.261,14.49,15.14,14.601,14.637,14.518,13.536,13.536,12.206,11.165,10.201,9.6618,9.4943,8.928,10.042,9.0323,9.7583,9.5365,10.472,10.042,10.344,10.395,10.24,10.971,10.187,9.7583,9.3667,7.405,6.6232,5.3996,11.343,12.93,13.605,14.601,14.201,14.05,13.576,12.94,13.165,13.964,13.165,13.457,13.186,12.94,13.417,13.084,12.961,12.93,12.509,13.297,11.622,11.165,10.91,9.8129,10.042,10.549,10.996,10.971,9.5084,8.928,9.3237,12.498,14.267,15.377,15.14,15.429,14.81,14.116,13.654,13.257,12.971,12.971,13.742,12.498,11.907,13.536,14.002,14.305,14.998,14.792,15.078,14.792,14.81,15.351,14.719,14.407,16.501,16.558,15.034,14.05
12.066,13.917,14.692,14.333,13.994,14.37,13.086,13.178,12.713,11.786,10.755,9.8747,9.3179,9.4319,9.5025,9.7522,9.711,9.5025,10.181,10.036,9.9287,9.8747,11.061,10.792,10.155,10.233,8.6643,7.8216,7.1805,5.709,10.655,12.671,14.06,13.646,13.597,13.567,13.478,13.763,13.917,14.108,13.439,13.567,13.178,13.792,13.086,13.478,12.587,12.491,12.713,12.1,12.055,11.049,10.036,10.389,10.337,10.337,10.755,10.866,9.834,8.6024,9.5305,12.286,13.478,14.882,16.483,15.922,15.069,14.564,14.041,13.965,12.932,12.797,13.448,14.296,13.733,14.193,14.619,13.567,13.439,14.619,15.583,15.341,14.918,14.592,15.489,15.307,15.754,15.855,15.583,13.869
12.174,14.611,14.234,14.639,14.09,14.041,13.767,12.827,12.901,11.197,10.751,10.031,9.8943,10.495,9.2259,10.43,9.2259,9.9081,9.9628,9.9081,10.751,10.546,11.281,10.963,10.39,10.351,9.2406,8.6004,5.9458,5.7363,11.001,13.162,13.777,14.118,14.499,14.041,13.326,13.192,13.528,13.688,13.528,13.688,13.767,13.192,12.953,13.047,12.559,12.559,12.559,12.515,12.537,10.963,10.7,9.9628,10.351,10.443,11.16,10.559,9.6156,8.2453,9.5873,13.598,14.243,15.557,16.065,16.174,15.653,15.204,14.423,14.118,12.559,13.047,13.688,13.807,14.186,13.777,14.186,14.489,15.051,14.694,15.688,15.015,15.408,15.505,15.204,15.443,16.225,17.082,15.186,14.041
14.632,16.027,16.961,16.651,16.803,15.844,15.674,15.179,14.019,13.273,11.616,11.649,11.066,11.616,11.066,10.915,11.282,11.112,11.616,11.779,12.12,11.822,11.616,12.614,11.383,10.869,10.915,9.5999,7.2242,6.0757,13.273,15.12,15.956,16.658,16.474,15.771,15.445,15.212,15.053,15.137,14.667,14.771,15.137,14.942,14.448,14.028,13.707,14.271,14.667,13.919,13.157,12.214,12.614,12.193,11.339,11.736,12.972,12.533,11.649,9.5201,10.644,14.271,16.435,18.993,17.42,17.832,17.624,16.772,15.795,14.528,14.693,15.145,16.154,15.053,14.693,16.497,15.956,15.478,16.924,17.551,16.961,17.259,17.917,18.607,17.398,17.746,18.75,18.525,17.724,15.836
13.828,15.828,16.032,16.142,15.526,15.526,15.648,14.738,13.621,13.268,12.071,11.868,10.422,11.414,11.028,10.729,11.414,10.729,11.89,11.028,12.105,11.174,12.015,12.283,11.981,11.695,10.473,8.8626,7.6841,5.7483,12.371,15.235,16.032,16.142,15.656,16.342,14.72,14.793,15.691,15.526,15.691,15.931,15.128,15.526,15.128,15.155,14.205,14.157,14.912,13.511,12.801,12.371,12.414,12.249,11.695,12.512,12.371,11.868,11.461,10.538,11.065,14.903,16.662,18.393,17.61,18.764,17.394,16.433,15.596,14.812,15.368,16.159,15.622,15.922,14.581,17.3,15.931,16.944,17.394,16.727,16.259,17.763,17.725,18.245,16.928,17.245,17.945,18.4,17.702,15.622
12.272,14.602,15.007,14.693,13.901,14.091,13.273,12.751,11.648,10.631,10.454,10.454,10.39,9.6447,10.024,8.3406,9.6998,9.6998,10.287,10.024,10.643,10.454,10.53,10.891,10.643,9.6447,9.1337,8.0146,6.5303,5.2649,10.854,13.512,14.044,14.693,14.382,13.853,13.233,13.63,12.948,13.551,13.03,13.581,14.044,12.948,13.393,12.699,12.572,12.751,12.561,12.184,11.975,10.976,10.854,10.325,10.53,10.891,11.463,10.593,10.143,8.4042,9.5195,12.239,13.949,16.203,15.946,16.211,15.402,14.981,14.242,13.433,13.03,12.907,13.853,13.423,12.39,14.621,13.512,13.747,15.184,14.547,15.676,14.547,15.531,15.052,15.254,15.702,16.529,16.464,15.114,12.824
14.445,16.267,16.469,16.523,16.369,16.431,14.706,14.559,13.851,12.651,11.414,11.7,10.83,10.866,10.593,10.387,10.689,11.336,11.613,11.143,11.414,11.613,12.489,12.621,12.127,11.143,10.605,9.0234,7.7162,5.9042,12.89,14.706,16.469,16.919,16.267,15.799,15.539,15.208,14.981,15.208,15.399,16.118,15.366,15.25,14.347,14.445,14.904,14.07,14.836,13.703,12.86,12.366,12.19,12.641,11.503,12.315,12.86,12.641,11.733,9.6897,11.613,14.453,16.15,18.472,17.239,17.891,17.372,16.768,16.298,15.342,14.844,15.342,15.166,15.399,15.133,16.15,16.15,16.523,16.957,16.298,17.546,17.217,18.271,18.222,17.15,17.834,19.228,18.887,17.546,15.375
13.941,16.325,16.286,16.082,15.657,15.682,16.129,14.256,14.122,13.192,12.107,12.305,10.881,10.597,11.427,10.131,11.604,10.881,11.949,11.799,11.981,11.723,11.516,12.274,12.449,11.636,10.716,8.8025,7.7102,6.3756,12.831,14.927,15.633,16.082,16.161,15.33,15.196,15.121,15.827,16.255,14.824,15.56,15.56,15.163,15.037,14.927,14.695,13.868,14.695,14.433,13.23,12.721,12.191,11.054,11.604,12.139,12.601,12.601,10.68,9.9793,10.857,14.652,15.649,17.115,18.893,18.257,17.555,17.115,16.082,16.823,16.074,14.652,15.037,15.255,15.33,16.533,16.2,16.755,17.167,18.264,17.82,17.756,17.99,16.778,17.115,18.047,18.257,18.92,17.38,15.33
14.29,15.83,16.125,15.932,15.898,15.581,15.796,14.579,13.302,12.508,11.532,12.047,11.391,11.438,11.843,11.391,10.204,11.402,11.343,11.402,12.125,12.114,12.158,11.99,12.679,11.473,10.516,9.5342,7.3449,6.3396,12.848,15.062,15.77,16.267,15.898,15.615,15.097,15.615,15.442,15.142,15.494,15.659,15.581,14.625,14.486,13.984,14.872,14.261,14.261,14.032,14.109,12.572,11.438,11.775,11.426,12.125,12.637,12.312,11.671,9.9901,11.532,14.128,16.134,17.42,19.328,18.421,17.848,17.658,16.781,15.796,15.624,15.416,15.889,15.702,15.284,15.564,16.628,16.571,17.635,17.658,18.066,17.202,18.066,18.443,17.131,18.494,18.726,19.019,18.618,16.042
14.51,16.151,17.064,16.135,16.025,16.202,15.095,14.463,13.881,12.582,11.515,10.937,11.515,11.169,11.456,9.6763,11.456,11.06,11.444,11.771,11.456,11.862,12.244,12.365,11.976,11.492,10.937,9.262,7.9576,6.6211,12.507,15.308,15.727,16.326,15.915,15.821,15.122,15.086,15.122,14.787,15.684,15.193,15.308,14.878,13.773,14.878,14.199,14.463,14.084,13.997,13.525,12.507,12.496,12.144,11.492,12.189,13.005,12.507,11.409,10.365,11.456,13.822,16.72,17.695,17.064,17.809,17.603,16.326,16.135,15.361,14.649,15.615,15.3,16.752,15.449,17.04,16.45,16.426,16.776,16.792,17.448,17.487,18.451,18.392,17.448,17.324,18.907,18.648,17.794,16.135
14.223,15.622,15.931,16.549,16.793,15.7,15.208,14.617,13.992,12.508,11.806,10.985,10.836,10.544,9.9484,11.046,10.531,10.684,11.456,11.071,12.022,11.783,12.022,12.605,12.377,11.373,10.684,8.4768,7.7411,5.8219,12.519,14.802,15.421,15.863,16.343,15.837,15.743,15.421,15.456,15.164,15.182,15.029,15.386,14.506,14.069,14.728,14.06,13.992,14.59,14.069,13.698,12.712,11.748,11.702,12.022,12.145,12.67,11.783,11.241,9.9484,10.985,13.836,16.606,16.962,18.188,18.782,18.233,16.671,15.931,15.622,15.244,15.622,16.151,15.137,15.63,15.863,16.769,15.974,17.247,16.671,18.344,16.954,17.62,17.057,17.773,17.796,19.104,17.811,18.41,15.871
13.868,16.319,16.264,16.161,16.106,15.859,15.778,15.285,14.042,12.636,12.226,11.157,10.844,10.879,10.114,11.92,11.293,11.088,11.03,10.879,11.973,11.66,11.973,12.005,12.005,10.926,10.618,8.9921,7.6926,6.1649,12.494,15.016,15.778,15.665,16.443,15.786,15.394,14.655,15.36,15.36,15.689,15.193,14.922,15.135,14.285,14.854,14.577,14.462,14.069,13.599,13.868,12.787,12.142,11.66,11.92,12.381,12.626,12.132,11.214,10.151,11.122,14.862,15.819,17.157,18.432,18.104,17.09,15.81,16.138,16.544,13.969,15.067,15.16,14.854,15.859,15.859,15.778,15.665,16.819,17.532,18.632,17.641,18.307,18.048,17.641,17.734,18.796,17.437,17.59,15.947
14.563,16.037,16.661,16.108,15.813,15.188,14.909,14.571,13.594,12.98,11.524,11.819,11.346,11.524,12.159,10.408,10.793,10.922,11.39,11.073,12.138,11.524,12.138,12.742,11.656,10.922,10.875,8.7154,7.8863,6.142,13.097,14.719,16.164,15.683,16.132,16.045,15.38,15.38,15.188,15.594,14.849,15.845,16.045,14.719,14.857,14.289,14.702,14.226,14.217,14.064,13.789,12.469,12.211,11.883,11.915,12.377,13.097,12.418,11.656,9.7113,10.614,13.78,16.164,17.85,18.098,18.357,17.85,17.151,16.156,16.561,14.217,14.849,14.571,13.863,14.745,15.683,16.783,15.18,17.136,17.195,17.584,17.678,17.907,16.691,17.151,17.699,19.085,18.85,18.619,15.487
13.58,15.419,16.006,15.241,15.858,15.676,14.893,13.479,13.808,13.066,11.782,10.531,10.949,10.484,9.6027,10.754,11.395,10.424,11.163,11.051,11.835,11.163,11.782,11.992,11.908,10.949,10.531,9.4193,7.6203,6.2552,12.51,14.818,16.045,15.858,15.628,15.763,15.093,15.183,15.596,15.051,15.216,15.484,14.893,15.508,14.208,14.75,15.208,13.907,14.512,13.907,13.442,12.52,12.52,12.157,11.406,12.002,12.6,12.023,11.406,10.496,10.034,14.067,15.548,16.595,17.437,18.007,17.587,17.308,16.115,15.183,15.314,14.96,14.408,14.555,13.708,16.625,16.006,16.299,15.983,16.625,16.974,16.959,16.482,17.076,17.236,17.65,18.532,18.713,17.587,16.474
14.76,16.785,16.553,16.086,15.868,15.389,14.409,14.208,13.889,12.647,11.916,10.91,10.956,10.053,9.5044,11.226,11.092,10.115,11.27,11.402,12.165,11.651,11.391,12.794,11.533,10.691,10.76,8.7241,7.803,6.6647,13.112,15.226,15.876,16.538,15.868,15.876,14.994,15.028,15.429,15.028,15.217,15.217,15.797,14.564,14.129,15.389,13.717,13.88,14.217,13.644,13.45,12.338,11.916,11.27,11.79,11.662,12.518,12.072,11.035,9.1839,10.041,13.188,15.193,17.376,18.053,17.718,17.484,15.93,15.558,15.542,13.497,14.487,15.686,14.409,14.287,15.614,15.291,16.016,16.264,17.014,16.97,16.992,16.635,17.598,17.718,17.491,18.884,18.327,16.962,15.797
13.809,15.765,15.598,15.953,15.788,15.38,14.487,14.479,13.019,12.729,12.076,12.003,10.984,10.244,10.72,11.22,10.293,11.052,11.164,10.95,12.331,11.396,11.751,11.698,11.483,11.164,10.961,9.0421,7.1484,6.1756,12.331,15.111,15.38,15.953,15.16,15.38,15.111,14.895,15.053,15.598,15.053,15.984,15.011,15.55,14.961,14.209,14.297,14.375,14.513,13.908,12.729,12.631,11.836,11.385,11.396,11.688,12.631,12.024,11.751,10.293,10.244,13.908,15.977,17.645,17.467,16.975,17.708,16.354,15.859,15.485,14.986,13.582,13.443,15.788,15.217,15.275,16.377,15.55,16.377,16.664,17.078,17.004,17.666,17.981,16.96,18.222,18.534,18.419,16.544,17.474
14.098,16.298,15.892,15.632,15.884,15.099,15.722,14.315,13.476,12.903,11.804,11.563,9.7745,10.185,10.64,10.421,11.053,10.64,11.772,11.563,11.772,11.563,11.772,12.231,11.912,10.76,10.173,9.3046,7.1931,6.5793,12.653,15.393,15.892,15.624,15.624,15.225,15.393,15.048,15.624,15.225,14.885,15.884,14.738,14.885,14.493,14.945,14.885,14.493,14.493,13.768,12.933,12.903,11.944,11.651,11.452,12.157,12.571,12.653,11.684,10.235,11.237,13.448,15.763,17.605,17.8,19.051,17.237,17.193,16.227,15.393,15.819,14.598,15.099,15.192,14.333,16.203,16.14,16.203,17.005,16.824,16.846,16.892,17.547,17.185,17.274,17.893,17.568,19.292,17.951,15.722
12.36,14.087,14.458,13.596,14.635,14.029,13.2,12.728,12.037,11.194,10.243,10.029,9.2386,8.9699,9.514,9.3265,9.7399,9.3265,10.243,9.571,10.388,9.8371,10.634,10.698,10.029,9.7956,8.9699,8.4068,6.2997,5.2397,11.279,13.596,13.764,14.316,14.115,13.645,13.555,13.292,13.566,13.685,13.596,13.292,13.076,13.292,12.696,13.764,13.19,12.824,12.696,12.127,11.716,11.231,10.27,9.8922,9.7956,10.961,11.387,11.084,10.123,8.8785,9.8371,12.728,14.542,15.951,15.484,15.182,16.103,14.838,15.182,14.23,13.853,14.458,13.292,14.038,13.292,15.12,15.12,14.635,15.484,15.129,15.12,15.65,15.501,16.171,15.641,15.554,16.846,16.635,15.263,14.911
13.731,15.601,16.145,15.833,15.635,15.713,14.783,13.839,13.672,12.837,11.22,10.927,10.715,10.715,10.251,11.999,10.702,10.927,10.715,10.927,11.999,11.411,11.999,12.089,11.875,11.111,10.664,8.7124,7.5675,6.5742,12.837,14.562,16.312,16.312,15.781,15.867,15.135,15.348,14.964,16.045,15.575,15.135,15.867,15.392,15.153,14.792,13.946,14.413,14.138,14.186,13.362,12.266,11.965,11.783,12.571,12.581,12.484,12.581,11.505,9.5835,10.964,15.153,16.187,18.368,18.609,18.71,17.64,16.704,15.841,15.592,14.375,15.108,16.32,16.12,15.627,15.807,17.159,16.237,17.74,18.309,18.551,18.019,17.778,18.595,17.425,18.833,20.082,18.012,17.648,16.17
14.203,15.917,15.513,15.643,15.434,15.116,15.116,14.643,13.728,12.577,11.766,10.4,10.322,10.452,9.5601,10.821,11.357,10.529,11.225,10.969,11.732,11.165,11.511,12.502,12.272,10.969,10.707,9.3745,7.8173,6.78,13.155,15.461,15.513,16.128,16.591,15.738,15.917,15.161,15.116,15.223,15.6,15.161,15.294,15.223,14.383,14.999,14.504,14.279,14.383,14.146,13.679,13,11.971,11.452,11.96,12.523,12.239,12.36,11.858,10.043,10.516,14.307,16.154,17.215,18.385,18.842,16.842,18.466,17.434,16.518,14.486,15.609,15.399,14.999,16.145,16.019,16.019,16.591,17.152,18.193,18.429,17.596,17.542,19.042,18.385,18.785,18.267,18.842,17.596,15.583
13.976,15.771,15.797,15.17,15.933,15.125,14.982,14.062,13.222,13.026,11.844,11.532,11.532,10.92,10.92,11.103,10.957,11.614,10.708,11.474,12.125,11.439,12.258,11.991,11.844,11.043,10.349,9.0709,7.7909,6.8316,12.509,14.782,16.235,15.899,16.425,15.771,15.591,15.495,15.582,15.797,15.495,15.591,15.062,15.616,15.565,15.125,14.431,14.991,14.855,13.752,13.404,13.078,12.573,12.509,12.509,11.957,13.109,12.775,11.439,10.695,11.006,14.366,15.591,17.849,19.098,18.179,17.659,17.452,16.766,15.856,15.933,14.663,14.626,15.822,15.616,16.531,17.211,16.629,17.932,17.037,18.539,17.659,17.085,17.575,17.728,18.246,19.225,18.067,18.297,16.034
14.044,15.834,16.147,16.239,16.28,15.834,14.884,14.14,13.283,13.996,11.681,11.681,11.4,11.412,12,10.291,10.512,10.816,11.026,11.681,11.623,11.541,12,12.518,11.727,11.014,10.525,8.8516,7.4422,6.3235,13.119,14.674,16.147,16.322,16.28,16.046,15.287,15.349,15.637,15.349,14.793,15.358,16.138,15.349,14.702,14.14,14.187,14.273,14.884,14.442,13.644,12.572,12.168,12.09,11.4,12.09,12.859,12.583,11.727,9.9847,9.9983,14.273,16.867,17.224,18.835,18.633,18.377,16.971,16.113,15.594,15.11,14.452,15.393,14.452,15.428,16.247,16.867,15.809,17.465,17.795,18.835,17.278,17.779,18.043,18.185,18.741,18.741,19.034,17.349,15.287
13.738,15.749,15.611,16.03,15.375,15.852,14.983,13.963,13.827,13.051,12.336,11.636,11.136,10.459,11.233,10.715,10.009,10.728,11.46,11.413,11.495,11.866,11.554,12.148,10.94,10.828,10.05,9.0878,7.3958,5.9331,12.586,15.689,15.611,16.298,16.064,16.064,15.594,15.304,15.886,14.801,15.198,15.62,15.472,15.1,15.153,14.58,14.654,14.002,14.58,14.468,13.267,12.413,11.694,11.694,11.554,12.248,12.799,12.336,11.554,10.537,9.9959,13.738,15.62,16.603,18.863,17.67,17.608,16.781,17.905,16.157,15.127,14.213,15.304,16.332,15.646,15.826,17.298,17.014,17.454,18.064,18.632,17.966,17.799,17.761,18.123,17.815,18.041,18.272,17.67,15.963
13.653,15.465,16.15,16.325,15.439,15.227,15.12,14.054,13.614,13.014,12.505,11.49,10.824,10.609,8.8578,11.549,10.519,10.673,10.936,11.034,11.975,11.034,12.527,11.975,12.364,11.36,11.034,9.084,7.5735,6.4339,12.868,14.349,16.15,15.956,15.725,15.743,15.298,14.712,14.877,15.404,15.725,15.518,15.613,15.298,15.12,14.387,14.601,14.349,14.564,13.976,13.534,12.187,12.581,12.132,11.735,12.698,13.097,12.591,11.514,10.298,11.12,14.005,16.75,17.777,18.39,17.67,18.324,16.879,16.024,15.879,15.307,14.785,15.227,16.588,16.292,15.845,16.325,17.11,17.913,16.807,17.685,17.485,18.146,17.601,17.913,17.913,18.675,18.405,18.294,16.183
13.72,15.728,16.318,15.779,16.043,15.354,14.671,14.194,13.511,13.147,11.158,11.539,11.024,10.962,11.724,10.962,10.925,10.289,11.48,10.814,11.35,12.121,11.85,12.121,11.539,11.024,10.09,9.0756,7.795,6.5733,13.28,14.588,16.735,16.276,16.043,15.451,15.106,15.133,15.425,15.151,15.451,15.079,15.59,14.698,14.881,14.772,14.56,14.373,14.117,13.729,13.32,12.558,12.121,12.232,11.397,12.483,12.687,12.232,11.194,9.996,11.121,13.72,16.637,17.737,17.949,19.284,17.737,18.039,17.023,15.779,15.106,15.805,15.805,16.433,15.633,16.31,16.735,16.927,17.737,17.737,17.699,18.196,18.039,18.218,17.699,18.773,18.373,18.373,18.151,16.143
13.611,15.645,15.739,15.851,15.304,15.61,14.644,13.954,13.729,12.361,11.512,9.7707,10.721,9.9897,10.607,10.044,10.721,11.202,11.166,11.358,11.25,11.859,12.328,11.882,12.24,12.185,10.97,8.8865,7.731,6.0869,12.589,14.681,15.679,16.197,15.91,15.61,14.892,14.718,15.401,15.295,14.709,15.514,14.598,15.444,14.487,14.973,14.892,14.147,14.449,13.876,13.421,12.653,12.185,11.961,11.767,11.972,12.918,13.001,11.512,10.097,10.362,14.459,16.519,17.681,17.75,17.962,17.597,17.481,16.649,16.445,15.144,16.747,15.816,15.953,15.188,17.75,16.584,16.931,17.597,17.955,17.597,18.052,17.894,18.467,18.467,18.562,18.786,18.98,18.261,15.514
14.004,15.083,15.955,16.652,15.818,15.681,15.297,14.507,14.206,12.569,11.688,10.935,9.7719,10.531,9.9909,10.454,10.672,10.454,11.058,11.454,12.142,11.49,11.86,11.86,11.688,11.058,10.519,8.8876,7.3921,5.815,12.242,14.711,15.647,15.912,15.818,15.681,15.516,15.306,15.724,15.306,15.297,15.516,15.002,15.146,14.46,14.711,14.784,14.129,14.053,13.096,13.321,12.008,11.86,12.064,11.548,12.493,13.321,12.504,12.142,10.531,11.033,14.282,15.724,16.065,18.211,17.037,17.775,17.108,17.037,16.022,16.022,16.933,15.002,16.022,16.157,16.749,17.289,17.037,17.79,18.032,17.661,18.144,17.289,18.586,17.934,18.469,18.76,18.673,17.545,17.108
14.117,15.283,16.05,15.804,16.167,15.15,14.771,14.117,13.836,13.67,12.176,11.963,11.023,10.509,11.619,10.962,11.023,11.781,10.912,11.023,11.432,11.781,11.952,11.444,11.724,11.193,10.09,9.3679,7.4401,6.7553,12.482,14.989,15.598,15.804,16.167,16.117,15.804,15.07,15.804,15.667,15.502,15.727,14.989,14.88,15.212,15.177,15.15,13.963,14.04,14.04,13.67,12.908,11.85,11.861,12.558,12.319,12.352,12.515,11.538,9.9277,10.036,13.521,16.267,17.156,18.195,17.736,17.918,17.429,17.759,16.05,15.632,14.269,15.667,15.589,16.276,16.79,17.274,16.117,17.203,17.918,18.453,17.774,17.297,18.779,17.918,17.918,18.915,19.17,17.858,15.71
13.651,16.256,16.33,15.843,15.911,15.082,15.091,14.783,13.259,13.126,12.241,11.251,11.032,10.401,12.007,10.257,11.02,10.709,11.02,10.934,11.512,11.251,12.141,11.791,11.547,11.406,10.822,8.9021,7.7313,6.3269,12.568,14.71,15.436,16.055,15.911,15.515,15.68,15.463,15.611,15.851,15.082,15.082,16.122,14.347,14.974,14.003,14.309,13.73,14.003,14.487,13.522,12.096,11.882,11.406,11.882,12.096,12.75,12.503,11.358,9.9359,10.721,14.003,15.611,17.004,18.621,18.232,17.311,17.288,17.004,17.107,15.585,14.974,15.817,15.463,14.347,16.772,17.319,16.65,16.916,18.21,19.123,18.202,18.053,17.872,18.321,17.789,18.751,18.931,17.955,15.817
13.768,15.815,15.951,15.79,15.721,15.678,14.726,13.61,13.258,13.042,11.858,11.732,11.416,10.72,10.969,10.67,10.606,10.969,11.225,11.165,11.511,10.932,12.005,12.404,12.061,11.452,10.72,9.2145,8.0894,5.929,12.652,15.116,15.643,15.951,16.444,15.738,15.6,15.303,15.435,15.294,15.815,15.461,15.841,14.891,15.635,14.458,14.79,14.448,14.643,14.203,14.203,12.173,12.128,12.239,12.14,12.061,13.124,11.881,11.628,10.361,10.858,13.258,16.444,16.745,18.835,18.385,18.267,17.309,16.328,16.245,15.116,14.345,15.815,15.116,15.583,16.77,16.444,16.195,17.665,17.192,18.4,17.16,17.317,17.749,18.517,18.23,18.785,18.429,17.931,16.145
13.512,16.569,18.817,16.626,17.572,15.794,15.06,13.983,15.14,13.024,10.347,10.843,11.401,10.955,9.7567,11.67,9.3618,10.029,9.5472,11.15,11.842,11.865,12.485,11.495,11.04,9.8803,10.083,9.5472,7.2702,6.3389,12.474,15.095,15.414,16.65,14.761,15.888,16.422,14.87,15.896,15.282,12.982,16.173,14.326,15.069,14.87,15.14,13.983,14.174,14.988,14.633,12.646,12.387,11.716,11.773,12.474,12.506,12.485,12.826,11.234,9.9889,9.9889,14.059,16.979,18.375,18.767,18.138,17.937,16.626,18.724,16.504,11.865,16.265,13.983,16.955,16.626,16.223,16.907,16.723,17.846,17.763,18.76,17.763,17.929,18.294,16.618,17.626,21.291,19.52,17.725,16.04
12.502,13.902,14.815,14.113,13.851,13.972,13.279,12.792,12.445,11.734,10.022,10.583,9.7651,9.2762,10.106,8.7115,9.2762,9.7506,10.258,9.2762,9.7506,10.258,10.462,10.689,10.435,9.88,9.5755,8.0903,7.2244,5.9384,11.355,13.542,13.942,13.942,15.033,14.063,14.143,14.173,14.302,14.614,14.023,14.023,13.942,13.311,13.972,12.847,13.789,12.354,12.625,12.263,12.67,11.466,10.623,10.676,10.898,11.697,12.042,11.355,10.078,9.1691,9.9227,13.021,13.279,14.995,16.678,16.526,15.97,15.44,15.549,15.44,13.851,12.445,14.063,14.585,14.023,14.91,15.098,14.872,15.042,16.543,17.104,16.154,16.5,15.73,16.058,16.678,16.939,17.129,16.67,15.023
13.631,15.423,14.952,15.282,15.423,15.282,14.88,14.661,13.983,13.27,12.123,11.401,11.004,10.693,10.655,11.716,10.083,10.592,10.083,11.21,11.401,11.004,11.842,11.842,11.955,11.612,10.955,9.4051,7.5613,6.3177,12.847,14.707,15.623,15.717,15.794,15.794,15.7,15.623,15.794,15.93,15.562,15.623,15.14,15.335,15.493,14.174,15.167,14.688,14.55,13.75,13.402,12.847,11.401,12.223,12.112,12.485,12.983,12.507,11.342,10.655,10.203,13.75,15.588,17.449,18.243,18.825,17.907,16.397,18.176,15.614,16.174,15.069,14.326,16.65,16.257,16.298,18.116,17.129,18.004,18.265,17.572,17.725,18.087,18.702,17.641,18.139,19.299,19.631,18.027,16.908
12.428,14.49,14.874,14.5,13.965,13.535,13.844,12.961,11.977,10.932,10.43,9.7457,9.6877,9.1337,7.6011,10.308,9.1645,8.8357,9.6877,9.875,10.143,10.143,11.161,10.308,10.75,9.6877,9.789,8.5767,7.4513,5.7424,11.643,13.314,15.025,14.5,14.578,14.344,14.344,13.535,13.844,14.265,13.314,13.935,14.422,13.272,12.256,13.566,13.133,12.382,12.496,12.664,12.496,11.485,10.944,10.308,10.944,11.047,11.679,11.199,10.212,8.8357,10.143,13.112,14.373,15.971,16.67,16.067,16.207,15.478,14.789,15.202,12.928,13.772,14.442,13.803,14.645,15.478,14.344,15.016,16.67,17.12,16.788,16.628,16.05,16.466,16.172,16.662,17.551,17.096,16.619,15.478
13.801,15.558,16.143,15.558,15.314,15.349,14.099,14.033,13.565,12.968,12.1,10.366,10.288,10.934,9.8342,10.934,10.823,10.785,11.189,10.673,11.694,11.831,11.842,12.32,11.819,10.482,10.209,9.2282,8.0463,6.9731,12.989,14.669,15.627,16.009,17.159,15.967,15.111,15.857,15.967,15.349,15.967,14.742,15.67,15.253,15.349,14.824,14.842,14.232,14.336,13.801,13.122,12.653,12.022,11.819,11.966,12.653,12.958,12.822,11.728,10.183,10.418,14.147,16.923,17.229,17.729,18.724,18.17,17.323,16.275,17.415,15.967,16.715,16.275,16.192,17.377,17.691,16.978,16.978,17.229,18.405,18.609,17.97,18.916,18.867,18.17,18.724,19.518,20.02,18.34,16.883
13.977,15.821,16.258,16.415,15.572,14.543,15.053,13.536,12.977,11.984,11.384,10.913,10.303,10.498,9.3578,11.036,11.097,10.701,10.433,11.384,11.939,11.036,11.984,12.555,11.49,11.711,11.036,9.1981,7.9404,6.5659,13.234,15.089,15.923,16.116,16.716,15.607,15.821,15.089,15.433,15.196,15.16,15.275,15.693,14.764,13.743,14.846,14.682,14.357,14.571,13.948,13.496,12.852,12.04,11.837,12.338,12.977,12.987,12.672,12.338,10.382,10.839,14.357,16.415,17.41,18.802,18.809,17.41,17.192,16.586,15.847,15.116,15.581,16.812,15.821,16.586,16.74,16.586,16.972,17.403,17.74,18.411,17.876,18.607,19.29,18.131,18.809,19.895,18.752,18.895,15.889
13.848,15.483,15.785,15.647,15.087,15.483,15.087,14.175,14.118,12.818,11.203,11.107,10.197,9.983,9.7923,10.393,11.107,10.496,10.8,11.605,11.835,11.203,11.382,11.846,11.982,11.107,10.699,9.3563,7.9221,6.7668,13.068,15.264,16.03,16.737,15.819,15.988,15.578,15.613,15.785,15.131,14.862,15.81,15.131,14.862,14.317,15.06,15.087,14.051,14.355,13.653,12.891,13.068,11.835,11.982,11.43,12.628,12.818,12.67,11.948,10.509,10.699,14.051,17.182,17.438,17.252,18.408,18.105,17,16.214,15.708,15.785,17.135,15.819,16.616,16.583,17.446,17.182,17.252,18.349,17.4,17.896,18.524,18.583,18.799,17.986,18.748,19.763,19.266,18.172,16.297
13.611,16.208,15.556,15.745,15.599,15.391,14.849,14.831,13.056,13.281,11.085,10.5,10.69,10.214,8.8304,11.595,10.69,11.085,10.939,10.69,11.134,11.699,11.938,12.105,11.372,10.69,10.332,9.1739,7.55,6.9762,13.005,14.667,15.556,16.398,16.398,15.83,15.745,15.312,15.745,16.233,14.93,15.118,16.008,14.758,15.145,15.18,13.807,14.342,14.408,13.962,13.914,12.139,11.653,12.094,11.699,12.542,12.807,12.828,11.733,9.8386,10.64,14.639,16.626,17.88,17.88,18.782,18.348,17.112,17.268,16.601,15.038,16.601,16.15,17.493,16.882,16.108,16.795,16.93,17.82,18.465,18.215,18.732,18.732,17.268,18.782,18.989,20.016,19.677,18.732,16.569
13.344,15.484,14.542,15.336,15.371,15.432,14.542,14.024,14.167,13.535,11.096,10.078,9.4715,10.7,10.7,10.224,11.336,10.445,10.7,11.664,11.71,11.664,11.983,11.767,11.71,11.664,10.65,8.9599,6.9248,6.5653,12.819,15.274,15.571,15.811,15.989,15.82,15.649,15.432,16.098,16.149,15.58,15.052,14.024,15.786,14.944,14.863,15.265,15.336,14.616,13.535,12.639,12.304,11.489,11.859,11.489,11.847,12.5,12.893,11.664,10.7,10.65,13.791,16.098,17.875,17.86,18.8,17.754,18.017,18.107,17.253,16.77,16.495,15.336,16.413,15.432,17.136,18.017,17.678,18.017,17.769,18.75,17.199,18.284,18.017,18.807,18.606,19.26,18.721,18.225,16.298
13.675,15.779,16.091,16.132,14.833,15.754,14.742,14.364,14.251,12.517,12.125,10.216,9.8959,9.8959,9.3379,10.816,10.89,10.678,11.372,11.182,11.812,11.582,11.64,11.466,12.312,11.501,10.411,9.5088,7.4703,6.7536,12.356,14.595,15.574,15.788,16.355,16.704,15.957,15.813,15.957,16.182,15.163,15.057,15.539,15.383,15.057,15.234,14.842,14.326,13.792,13.557,14.326,12.442,11.743,11.501,11.925,12.603,12.824,12.092,11.36,9.8959,10.475,14.09,16.256,17.125,19.277,18.092,17.218,17.156,16.461,17.242,16.223,15.999,16.461,17.038,16.68,17.218,17.527,17.981,17.958,19.003,19.228,18.855,18.769,18.018,19.228,19.221,19.994,19.193,18.996,16.091
12.747,13.497,14.588,14.665,13.917,13.826,12.944,12.48,12.102,11.071,10.199,9.9051,10.004,9.7766,9.4847,9.1528,8.8244,9.3953,9.7333,9.9051,10.295,10.199,11.272,11.147,10.736,9.9617,9.0757,8.5494,6.6435,6.1832,11.962,13.518,14.088,14.789,14.325,14.325,13.917,13.877,13.917,13.826,13.58,13.948,13.17,14.038,13.549,12.603,12.824,12.603,13.287,12.241,11.64,11.071,10.67,10.564,10.24,11.235,11.677,11.713,11.147,9.0757,9.7766,12.901,15.164,15.915,16.471,16.767,17.441,14.968,14.94,14.088,13.518,13.413,14.276,15.09,14.931,15.015,16.513,15.485,17.099,16.16,17.173,16.767,16.649,18.097,17.625,17.335,17.205,17.505,16.376,14.355
12.194,13.535,13.993,14.34,13.863,13.336,13.566,12.985,11.76,11.323,10.593,10.593,10.119,10.188,10.188,9.7233,9.5339,10.487,10.606,9.4303,10.188,10.284,10.712,11.261,10.646,10.284,9.7233,8.4911,7.2042,5.9218,11.135,13.273,14.262,14.34,14.981,14.34,14.65,13.781,14.232,13.812,13.903,14.457,13.812,13.103,13.41,12.41,13.781,13.114,12.723,12.5,12.59,11.173,10.725,10.919,10.906,11.223,11.903,11.173,10.606,9.2653,9.9514,12.723,14.573,15.89,16.982,16.454,15.934,15.872,15.934,14.99,15.074,13.812,14.84,15.056,15.25,15.578,15.442,16.749,16.36,16.317,17.187,15.685,16.317,16.632,17.056,16.957,18.241,17.293,16.419,14.457
13.555,15.58,16.13,15.752,15.294,15.52,15.232,13.79,12.989,12.644,11.499,10.777,10.563,10.423,8.8197,11.441,9.9487,10.371,11.011,11.406,12.473,11.441,12.223,12.612,12.124,11.406,10.986,8.85,8.4309,5.9051,13.204,14.912,16.484,16.774,16.678,15.988,15.887,15.055,14.584,15.52,15.232,15.752,16.063,14.831,14.667,15.055,13.935,13.984,13.935,13.993,13.935,12.441,12.135,11.957,12.135,12.43,13.265,12.451,11.685,9.8266,10.777,14.731,16.862,17.715,18.09,17.471,17.309,17.091,16.91,16.581,15.399,15.615,17.594,16.605,17.216,16.734,17.41,17.888,17.888,19.246,19.721,18.015,19.246,19.496,17.677,18.824,20.508,19.351,18.355,17.083
13.458,15.053,15.397,16.09,15.752,15.683,14.855,13.695,14.159,12.664,11.976,10.694,9.9784,10.581,9.0745,11.657,11.138,11.174,10.832,10.943,11.6,11.518,12.21,12.298,11.852,11.198,10.297,8.6959,7.0558,6.3109,12.374,15.044,15.571,15.803,16.608,15.837,15.106,14.617,15.913,16.281,15.319,15.476,15.397,15.186,14.864,15.257,14.385,14.617,14.112,13.968,13.842,12.243,11.413,11.424,12.11,12.243,12.461,12.886,10.992,10.271,10.682,14.413,15.571,17.399,17.985,18.74,17.275,17.645,16.889,17.119,15.08,15.362,15.981,16.576,17.15,16.511,17.706,18.883,18.854,18.704,18.516,18.149,18.045,18.333,18.704,18.341,19.445,19.445,18.625,16.889
12.382,13.813,14.016,14.577,14.344,13.535,13.441,12.663,12.106,11.485,10.944,10.017,9.0872,9.3922,8.2415,10.253,9.5706,9.5706,9.9743,9.5706,10.457,9.7601,10.75,11.485,10.671,9.8749,9.5706,7.9809,6.9218,5.8397,11.361,13.314,13.314,14.577,14.903,13.894,13.844,13.535,13.844,14.265,13.813,13.894,13.813,13.144,12.829,13.608,13.058,12.928,12.118,12.619,12.118,11.085,10.618,10.308,10.538,11.349,11.871,10.471,10.618,8.5602,9.2866,12.222,14.808,15.459,16.897,16.354,16.397,15.686,15.285,15.686,13.803,14.106,14.722,15.322,15.505,14.422,15.505,15.478,15.184,16.594,17.333,15.962,16.67,16.006,16.93,17.063,16.938,17.357,16.491,15.202
13.497,15.063,15.556,15.408,15.582,15.267,15.116,13.977,13.714,12.48,11.665,11.206,11.146,10.702,9.8765,11.837,10.588,11.526,11.337,11.146,11.665,11.491,12.107,12.555,11.769,11.665,10.434,9.3582,7.2116,6.9644,12.555,15.063,15.556,16.415,16.1,15.991,15.881,15.134,15.434,16.025,15.434,15.616,16.25,14.946,15.608,15.486,14.765,14.432,13.346,13.929,13.306,12.306,11.984,11.397,12.339,12.152,13.101,12.469,11.385,10.434,10.382,13.977,15.486,17.411,17.68,18.228,17.403,16.845,16.167,15.788,15.063,15.416,15.063,17.619,16.587,16.025,17.256,17.45,18.528,17.442,18.867,17.634,18.695,18.02,17.922,18.81,19.97,19.753,18.81,16.619
13.936,15.748,16.604,16.869,15.262,14.86,14.969,13.78,13.223,11.655,11.374,10.216,10.829,9.7855,9.3928,11.597,10.829,10.437,10.99,11.374,12.469,10.941,12.469,12.966,11.94,11.386,11.597,9.3497,7.9166,6.7422,13.283,15.253,15.774,16.539,16.885,15.568,16.103,15.568,15.103,15.253,14.969,15.394,16.285,15.253,14.969,15.121,13.965,14.156,13.965,14.165,13.484,12.533,11.838,12.328,11.655,12.469,13.294,12.661,11.974,9.7855,10.829,14.345,15.774,17.664,18.417,19.488,17.107,17.123,16.669,16.701,14.751,16.285,17.24,16.933,16.869,15.121,16.153,16.629,17.618,17.633,19.07,18.159,18.351,18.182,17.664,18.85,19.749,19.495,19.196,16.474
13.618,15.268,15.425,15.573,15.702,14.747,15.055,13.227,12.981,12.666,12.211,10.441,10.219,9.6923,9.5665,10.696,11.379,9.9796,11.2,11.224,11.52,11.426,12.034,11.944,12.332,11.854,10.376,8.8351,7.6602,6.7645,12.845,14.757,15.608,16.117,16.291,15.564,15.779,15.685,16.108,15.547,15.329,15.608,14.965,15.268,14.415,14.766,15.329,15.081,14.35,13.697,13.012,12.473,11.52,12.376,11.831,12.299,13.339,12.156,11.978,10.505,10.993,13.579,16.578,17.502,18.069,18.225,18.069,17.761,17.746,15.573,16.545,16.731,15.779,16.406,16.092,16.891,16.602,17.624,17.912,17.867,18.218,17.867,18.598,18.885,18.343,19.034,19.371,19.426,18.706,17.708
14.01,14.858,15.251,15.565,15.556,15.1,14.611,13.778,13.291,12.807,11.372,10.332,10.371,10.422,9.0558,10.988,10.677,10.214,10.5,11.133,11.971,10.902,11.847,12.466,12.238,10.902,10.5,8.8151,7.2595,6.0471,12.542,15.539,16.397,16.593,16.698,16.479,15.391,15.599,14.858,15.259,14.83,15.118,16.2,15.073,14.849,14.639,14.163,13.914,13.611,14.153,13.611,12.542,12.027,11.42,11.971,12.488,13.22,12.807,11.824,9.2758,11.653,14.153,16.397,18.333,18.739,19.066,17.857,16.373,16.397,15.974,15.312,15.745,17.174,16.007,17.699,16.15,16.794,18.06,17.752,18.149,19.298,18.06,18.925,18.875,19.298,19.813,19.874,19.249,19.567,16.471
13.599,15.386,14.917,15.342,15.386,15.166,14.944,13.766,14.432,13.678,12.315,11.124,10.205,10.49,11.409,10.374,11.014,10.88,11.362,10.892,11.746,12.095,11.642,11.468,11.688,10.99,10.179,9.5528,7.0466,6.2384,12.816,14.292,15.403,15.757,16.119,16.135,15.542,15.246,16.094,15.342,16.26,15.585,15.104,15.731,15.403,15.577,15.403,14.515,14.292,13.47,13.188,12.434,11.362,11.927,11.362,12.477,13.239,12.52,11.927,10.668,10.179,14.226,16.26,17.104,18.14,18.317,18.192,17.041,17.683,16.358,15.663,16.358,15.237,17.292,17.089,17.415,17.864,18.073,17.706,17.894,18.192,18.375,18.535,18.221,18.858,19.714,19.584,20.011,18.765,17.377
12.352,13.992,13.77,14.26,14.407,13.77,13.027,13.102,11.901,11.567,10.445,9.7367,9.7367,9.4739,10.711,8.6862,9.3846,10.187,10.228,9.9504,10.228,10.187,10.552,10.724,10.645,10.512,10.049,8.1014,7.1251,6.5509,11.615,13.81,13.81,14.542,15.249,14.26,14.26,14.072,14.26,13.739,13.902,13.739,14.132,13.533,14.022,12.809,13.24,13.027,12.897,12.398,12.1,11.222,10.724,10.187,10.918,10.645,11.371,11.134,10.118,9.2492,9.0033,12.555,14.25,16.107,16.831,16.168,16.452,15.746,15.359,15.468,13.861,13.565,14.542,15.276,15.054,16.426,15.8,16.418,16.856,17.022,17.226,16.947,17.243,16.98,16.889,17.477,17.795,17.316,16.63,14.465
12.094,13.894,13.742,13.609,13.894,14.331,13.233,12.726,12.312,11.216,10.182,9.0452,8.9986,8.73,8.6169,8.8732,9.4245,9.1377,9.7604,10.113,10.507,10.6,11.254,11.316,10.653,10.278,10.113,8.762,7.1214,5.5264,11.561,13.854,14.399,14.764,15.046,14.331,14.243,13.854,14.302,13.328,13.975,14.015,13.66,13.402,12.627,14.124,13.66,12.879,13.233,11.753,12.186,11.229,10.587,10.796,10.278,11.166,11.254,11.427,10.4,9.3798,9.6594,12.582,14.831,16.613,16.409,17.177,16.579,16.613,15.631,14.906,14.095,15.277,14.916,15.277,14.859,15.568,16.194,16.739,17.339,16.739,17.754,16.814,17.087,17.103,16.814,16.714,17.628,17.754,17.087,14.764
12.32,14.065,14.505,14.875,14.213,13.374,13.046,12.069,12.045,10.418,10.683,9.7401,10.161,10.147,9.5228,10.405,8.7438,9.7114,10.202,9.697,10.617,10.147,11.105,11.597,10.89,10.578,9.9666,8.3521,7.0475,6.0227,11.812,13.946,14.61,14.875,14.213,13.825,14.065,13.068,13.703,14.035,13.734,14.418,13.467,13.632,14.223,13.363,13.237,13.248,13.046,12.057,11.403,11.427,11.205,11.427,10.617,11.585,12.045,11.693,11.205,9.8682,10.05,13.54,15.108,17.247,16.903,17.496,16.092,16.161,15.015,14.79,14.941,14.828,14.272,16.587,15.679,15.643,16.912,16.384,16.812,16.452,17.327,16.545,17.271,18.191,17.303,17.591,18.153,17.271,17.559,14.61
11.889,14.372,14.087,13.967,14.007,13.098,12.708,12.807,11.746,11.445,10.176,10.272,9.5812,9.4192,10.038,8.9936,9.0402,9.9397,9.7262,9.7262,10.541,10.434,10.79,10.855,10.633,10.647,10.272,8.5304,7.3686,6.0319,11.603,13.236,14.527,14.671,15.149,14.709,14.294,14.215,13.755,13.846,13.755,13.846,14.323,13.098,13.56,12.575,13.066,12.575,13.066,13.066,12.575,11.603,11.122,10.712,11.122,11.122,11.936,11.223,10.394,8.978,9.4192,12.785,15.424,15.424,17.354,18.111,16.879,15.559,14.935,15.424,13.56,14.245,14.907,14.737,14.982,16.012,16.09,15.351,16.838,17.466,17.586,17.061,17.618,17.135,17.036,17.077,18.242,18.096,16.813,14.963
12.719,13.846,14.756,13.56,14.44,13.917,13.653,13.268,12.395,11.222,9.8405,9.3744,9.4635,9.5372,10.065,8.9934,9.7548,9.4635,10.038,9.5372,10.712,10.906,10.906,11.359,10.79,10.107,10.272,8.3646,7.1173,5.5232,11.309,13.467,14.391,14.935,14.699,14.527,14.086,13.601,13.977,13.886,14.057,14.195,13.886,13.066,12.795,13.519,13.601,13.257,13.268,12.575,11.829,11.046,11.322,11.122,10.501,11.122,11.746,11.554,10.038,9.6538,9.7548,12.969,15.038,16.603,16.185,16.476,16.408,15.378,15.378,14.632,15.351,14.294,14.527,14.907,14.632,16.612,16.124,15.88,16.476,16.929,17.681,16.536,16.937,17.657,17.353,16.962,17.956,17.45,17.402,15.269
12.092,13.852,14.532,14.676,13.922,13.472,13.242,12.4,11.834,11.013,10.18,9.4228,8.9971,9.3632,8.0611,10.042,9.0437,9.541,10.18,10.042,10.651,10.425,11.214,11.326,11.127,10.716,9.4673,8.4844,7.1005,5.8456,11.127,13.852,14.25,14.201,14.638,13.892,13.801,13.493,13.76,13.892,13.77,13.852,14.904,13.892,13.263,13.565,12.546,12.724,13.018,12.724,12.08,11.051,10.898,10.794,10.585,11.051,11.893,11.164,10.638,9.1054,9.7587,12.546,14.329,16.122,17.36,17.01,16.736,16.07,15.637,15.565,13.972,14.743,15.628,15.155,15.266,15.384,15.789,15.956,16.2,17.664,18.432,16.944,17.231,16.944,17.625,16.618,17.521,18.249,17.01,14.532
12.548,13.853,13.803,13.894,14.563,13.803,12.725,12.626,12.458,11.166,10.043,9.5422,8.9982,9.0602,8.369,9.9447,9.7311,9.259,10.043,9.9869,10.639,10.586,10.796,10.718,11.216,11.052,9.3643,8.0098,7.5785,6.4393,11.621,13.803,14.094,14.745,14.745,14.252,13.567,13.762,13.974,13.233,13.526,14.124,13.557,13.803,12.791,13.731,13.073,12.802,13.094,12.492,11.657,11.228,10.639,10.586,10.399,11.166,11.315,11.609,10.796,9.0137,10.168,13.019,15.386,15.63,17.282,17.07,16.133,16.485,15.386,14.905,14.716,14.64,14.943,14.457,15.386,15.737,15.958,16.306,17.856,16.813,17.241,17.523,16.913,17.045,17.306,17.523,17.856,17.233,17.143,14.64
11.928,14.284,13.958,14.517,13.837,13.385,13.217,13.217,12.068,11.928,10.64,10.265,9.4131,10.101,10.211,10.031,9.2332,9.7199,10.031,10.414,10.414,11.388,10.886,10.692,10.468,10.17,9.5311,8.6065,7.0536,5.9815,11.739,13.644,13.958,13.908,14.585,13.837,14.284,13.787,13.878,13.787,13.878,13.787,13.837,13.787,14.186,13.551,13.26,13.26,12.776,11.822,11.703,11.352,10.387,10.705,10.783,11.001,11.388,11.413,10.494,9.7486,10.031,13.385,14.898,15.25,16.926,17.318,16.218,16.802,16.551,14.728,14.44,14.048,14.048,15.621,14.813,15.772,16.926,16.466,16.926,17.67,17.479,16.827,17.455,17.575,17.519,17.156,17.89,18.084,16.449,15.259
12.808,13.626,14.505,13.956,14.087,13.594,13.594,13.245,11.731,11.311,10.678,10.243,10.145,9.4335,9.5384,10.018,9.1116,9.5384,10.476,10.061,10.353,10.584,10.664,11.982,10.797,10.257,10.061,8.5978,6.9523,5.7676,11.743,13.115,14.825,15.015,15.025,14.308,13.843,13.169,13.072,13.33,14.027,14.077,13.905,14.327,13.594,13.373,13.169,13.115,12.985,11.982,11.51,11.095,10.992,10.797,10.875,10.992,12.31,11.449,10.797,9.5384,10.731,13.426,15.527,17.004,16.862,16.313,17.36,16.032,15.996,14.748,14.642,15.269,14.357,16.191,15.5,14.968,16.217,17.071,17.821,17.725,16.426,17.588,17.661,18.723,17.368,17.604,19.203,17.924,17.604,15.755
12.17,14.234,13.956,13.226,14.076,13.55,13.478,13.056,11.88,11.606,10.21,9.9322,9.4565,9.8758,10.155,8.7185,10.426,9.8758,9.9743,10.386,11.35,10.386,10.704,10.586,10.493,10.533,9.8758,8.6056,7.3631,5.9808,11.152,13.478,13.956,14.283,15.248,13.876,13.509,13.724,13.966,14.106,13.785,13.478,13.785,13.311,13.342,13.724,13.785,13.216,13.248,12.709,11.821,11.387,10.533,9.7045,11.038,11.35,11.594,11.301,10.155,9.1257,9.7045,13.258,14.545,15.7,17.064,17.389,16.549,16.285,15.439,16.524,14.516,14.745,14.429,13.876,14.887,17.211,16.464,16.858,16.422,17.26,17.445,17.604,16.949,16.858,17.731,18.328,18.389,17.95,16.858,15.138
12.474,14.426,14.378,14.202,13.994,13.711,13.255,11.924,12.474,11.299,10.571,9.5721,9.4102,9.1239,8.3568,9.8313,9.8738,9.7025,10.028,10.167,10.896,10.531,9.9723,11.149,10.491,10.208,9.5721,9.0932,6.6225,6.1637,11.64,13.994,14.231,14.58,14.426,13.711,14.043,13.475,13.954,13.742,13.711,13.873,13.475,14.103,12.86,13.64,13.075,13.34,13.588,12.607,12.202,11.112,11.036,10.636,10.531,10.702,12.168,11.112,10.636,9.5721,10.167,12.729,14.921,16.419,17.593,16.546,16.17,16.075,15.337,15.327,14.837,15.364,15.865,14.58,15.9,16.135,15.768,16.419,17.208,16.282,17.641,17.569,17.45,17.256,17.118,17.505,18.686,18.04,17.505,15.364
12.565,13.785,14.076,14.234,14.234,13.216,13.785,12.731,12.158,11.594,10.099,10.493,9.6465,9.7043,10.155,9.0486,10.466,10.058,10.466,10.058,10.846,11.101,11.594,11.737,10.885,11.114,10.099,8.2574,7.5688,6.1648,12.066,13.785,14.688,14.924,14.745,13.956,13.906,14.076,13.477,13.785,13.077,13.966,14.046,13.258,13.477,12.687,13.477,12.687,12.731,12.204,12.476,11.214,11.151,10.533,10.885,11.201,12.17,11.114,10.704,9.0022,10.572,13.002,14.886,16.319,17.34,16.396,16.858,16.173,14.961,16.077,13.956,14.273,14.952,13.754,14.234,16.077,15.717,15.61,16.051,16.792,18.082,16.591,17.437,17.048,17.219,18.464,18.228,17.572,17.154,15.868
11.963,13.593,14.048,13.787,14.363,13.837,13.228,13.09,12.206,11.739,10.783,10.427,10.17,9.6478,10.17,9.3685,10.031,9.7056,10.387,10.156,10.627,11.24,11.115,11.24,10.692,10.427,9.2484,8.4756,7.191,5.911,11.643,13.217,14.382,14.382,14.841,14.226,13.787,13.644,14.107,13.716,13.746,13.878,13.51,14.107,13.787,13.552,13.552,13.249,13.079,12.733,11.643,11.24,10.265,10.887,10.414,11.388,11.881,11.437,10.587,9.9333,10.265,13.541,15.222,16.175,17.213,17.575,16.517,15.414,16.184,14.275,14.972,14.431,13.787,15.396,15.414,16.517,15.94,16.287,16.927,17.025,17.286,16.398,17.05,16.927,16.424,17.575,18.207,17.262,16.992,15.14
12.07,14.238,13.789,14.238,13.961,13.728,13.252,12.964,12.174,11.304,10.43,9.3703,9.4594,8.9896,9.533,9.2502,10.267,9.7074,10.389,10.43,10.213,10.416,11.549,11.004,11.105,10.576,10.213,8.5266,7.1924,5.9121,12.082,13.961,14.433,14.433,14.664,14.75,13.961,13.554,13.961,13.554,14.05,13.718,13.22,13.789,13.388,13.789,13.482,13.513,12.877,12.07,11.391,11.205,10.642,10.785,10.707,11.415,11.824,11.824,10.589,9.4594,10.103,13.262,15.335,15.399,16.562,16.93,16.996,15.335,15.864,15.335,14.844,14.702,14.52,14.966,14.702,16.004,16.187,16.469,16.93,16.469,17.2,16.393,16.452,16.93,17.265,17.053,18.049,19.444,17.578,15.142
12.7,13.968,14.078,14.813,13.968,13.958,13.218,12.908,11.822,10.9,10.101,9.4135,9.2336,8.9881,7.9307,10.587,9.8346,9.6481,9.9757,10.266,11.002,10.535,11.352,11.608,10.101,10.574,9.5315,9.0037,7.3451,6.3666,11.68,13.716,15.029,14.954,14.431,14.662,13.958,13.958,13.878,14.187,13.376,13.511,14.383,13.48,13.133,13.386,13.218,12.206,12.612,12.962,12.172,11.216,10.9,10.693,11.315,11.303,11.822,11.153,10.587,8.9881,10.414,13.26,14.623,15.72,17.083,16.694,17.026,16.399,14.973,15.342,13.878,13.838,15.773,14.285,16.106,15.72,15.844,16.219,16.594,16.927,17.773,17.214,17.026,16.526,17.197,17.48,18.497,18.685,17.448,14.69
14.084,15.514,16.317,16.672,15.895,15.07,14.594,14.667,12.91,12.491,11.457,10.737,10.448,10.164,8.7868,10.946,10.32,10.637,10.885,11.138,12.001,11.766,12.232,12.649,12.046,11.457,11.316,9.4722,7.8082,6.2983,13.023,14.972,16.64,16.87,16.902,15.895,15.28,15.043,15.393,15.693,15.341,14.775,15.929,15.667,14.999,15.105,14.457,13.893,14.084,14.685,13.632,12.265,12.265,11.879,12.046,12.744,14.036,12.565,12.09,10.448,12.035,14.784,16.584,18.496,19.917,19.098,18.301,16.64,16.519,17.098,15.727,16.004,16.799,17.406,18.525,16.902,17.664,18.059,18.69,19.368,18.582,18.611,19.098,19.702,19.614,19.823,20.652,19.648,19.098,16.87
12.779,13.331,14.045,13.872,14.324,14.135,12.954,12.867,12.419,11.812,10.85,9.1525,9.2906,9.0436,8.8539,9.5756,9.8092,9.6345,9.8092,10.163,10.559,10.233,11.07,11.272,11.484,10.163,9.4267,8.2585,7.157,5.9477,11.716,14.045,14.791,14.981,14.324,14.324,14.045,13.831,13.636,14.045,14.324,14.53,13.139,14.274,12.79,13.831,13.563,12.779,13.171,12.247,11.667,11.172,11.285,11.172,10.915,11.716,11.812,11.459,11.285,9.7803,10.492,12.944,15.354,16.62,16.153,16.275,16.284,15.995,15.799,14.363,14.675,15.437,14.714,14.905,14.471,16.423,16.5,16.206,16.907,16.206,17.393,16.998,17.369,17.684,17.883,17.628,18.528,18.344,17.32,15.51
12.232,14.356,14.027,14.038,13.977,14.297,13.294,13.155,12.221,11.653,9.6228,9.46,8.7629,9.2793,8.7144,9.7972,10.206,9.6958,10.025,10.587,10.941,10.587,10.22,11.359,10.954,10.151,9.9828,8.1104,6.9277,6.1963,11.701,13.906,14.027,14.763,14.502,14.297,13.452,13.712,14.068,13.578,14.454,14.257,12.84,14.619,13.609,13.977,13.283,13.66,13.315,11.761,12.139,11.881,10.439,10.627,10.745,10.954,11.47,11.445,10.317,9.7539,10.693,13.712,15.851,15.984,17.348,16.548,17.011,16.081,16.368,15.028,15.196,15.445,14.696,15.028,14.696,16.505,16.886,17.11,17.135,15.78,17.542,17.282,18.073,17.662,17.534,18.413,18.718,18.778,16.802,16.16
12.665,14.375,14.108,14.876,13.815,14.017,13.274,12.587,11.437,11.162,10.751,9.9755,9.0728,9.2877,9.5717,9.0261,10.431,10.018,10.431,10.472,10.946,10.619,11.263,10.894,10.829,10.458,9.7901,9.1655,7.2216,5.9361,11.693,14.058,14.79,15.185,14.375,14.017,13.442,13.274,13.442,14.017,13.369,14.345,13.967,13.937,12.62,13.774,13.274,13.06,13.432,12.587,12.107,11.4,11.437,10.579,10.946,11.645,11.979,11.645,10.829,9.3934,10.685,13.536,16.122,17.808,16.587,17.294,17.36,15.679,15.723,14.579,14.443,14.724,14.952,14.961,15.036,16.494,16.183,17.023,18.083,17.553,17.416,17.196,17.416,18.331,17.122,17.465,19.188,18.832,17.911,15.397
12.707,14.294,13.861,14.064,14.344,14.064,13.83,13.103,11.475,11.912,10.466,10.343,9.6037,9.8228,9.7939,8.672,9.9091,9.6479,10.574,10.668,10.93,10.668,10.93,11.768,11.085,10.787,9.952,8.2871,7.7565,6.4148,11.438,14.074,14.393,15.236,15.001,14.55,13.83,13.892,14.014,14.393,13.329,13.561,13.892,13.644,13.157,12.962,13.318,12.796,13.189,12.83,12.896,11.388,10.721,10.787,11.475,11.475,11.912,11.388,10.93,9.3035,10.668,13.35,15.559,16.651,18.12,17.393,15.668,16.263,16.298,15.731,14.344,14.657,15.264,14.344,15.668,16.026,17.18,16.341,17.213,17.393,17.708,17.45,17.572,17.45,18.089,17.908,18.607,18.607,16.955,15.513
12.385,13.885,14.533,14.287,14.533,13.936,13.354,12.889,11.822,11.519,10.338,9.4802,9.0518,9.4201,9.599,9.4352,9.5249,9.9471,10.242,10.609,10.964,10.781,10.977,11.432,11.295,10.977,9.9471,8.6678,6.8188,5.9531,11.966,14.376,14.533,14.533,14.994,14.307,14.386,13.554,14.386,13.575,13.936,13.575,13.885,14.386,13.097,13.689,13.606,13.053,13.439,12.013,11.519,11.383,11.395,11.762,11.32,11.295,12.154,11.432,11.232,9.299,10.046,13.151,16.194,16.677,16.98,17.113,16.838,16.168,15.478,15.154,15.257,16.168,14.794,15.247,14.918,17.336,16.72,17.336,17.579,17.336,17.724,17.245,17.891,18.298,17.732,18.111,18.757,17.409,17.603,15.524
12.35,13.606,14.178,14.416,13.606,13.575,13.824,13.226,11.726,12.048,9.6433,9.4202,10.173,9.8181,10.284,9.0519,9.5991,9.525,9.9472,9.7747,10.768,11.32,11.194,11.08,10.977,10.242,9.4802,8.8138,7.4735,6.071,11.194,13.813,14.485,14.465,15.524,14.766,13.977,13.606,14.208,14.178,14.007,14.057,14.465,13.554,14.287,13.648,13.648,13.097,13.47,12.879,12.656,11.966,10.977,10.782,10.86,11.726,12.293,11.432,10.649,9.0987,10.242,13.322,14.337,16.566,17.515,18.08,16.635,16.515,15.974,16.115,15.524,14.208,16.403,14.994,15.478,16.194,17.336,15.451,17.732,17.644,18.636,17.047,17.636,17.204,18.017,18.322,18.135,17.899,17.579,15.524
12.321,14.083,13.702,14.201,13.813,14.211,13.702,12.754,12.355,11.096,11.02,9.6886,9.034,8.9876,7.8459,9.9159,9.3521,10.193,9.5145,10.396,11.096,10.88,10.687,11.133,11.133,10.247,9.703,8.5915,6.7588,6.3552,11.196,14.211,14.083,14.201,14.862,14.053,13.884,13.62,13.974,14.26,13.813,13.194,13.763,13.813,13.236,13.722,13.035,13.035,12.545,12.852,12.765,11.683,10.982,10.674,11.295,11.282,11.801,11.332,10.569,8.9721,10.687,13.813,14.636,15.973,16.69,17.544,16.564,16.522,16.386,16.765,15.021,14.405,15.877,15.692,16.437,16.361,16.798,16.395,16.42,17.448,18.381,16.963,17.183,16.922,17.167,18.068,18.464,17.741,16.922,15.816
12.62,13.841,14.284,14.334,13.851,14.054,13.309,12.654,11.675,11.28,10.499,9.4332,9.3122,9.4332,9.0655,10.226,9.0655,9.9022,10.17,10.647,10.459,10.713,11.467,11.904,10.567,10.607,9.8159,9.0655,7.1421,6.0696,11.687,13.851,15.029,15.225,14.915,14.383,13.687,13.603,14.334,14.064,13.645,14.284,13.467,13.148,12.776,13.18,13.404,12.887,12.821,12.473,12.428,11.516,10.766,10.779,11.293,11.23,12.382,11.724,10.779,9.597,10.336,13.603,15.244,15.881,17.696,17.958,17.405,16.537,16.112,16.094,14.991,15.475,16.716,15.475,15.475,17.34,16.834,16.918,16.673,17.143,18.076,17.462,17.768,18.084,17.6,18.318,19.083,17.696,18.318,14.915
12.702,14.201,14.861,14.328,14.191,13.874,13.477,13.047,12.503,11.519,10.145,9.6244,9.3903,10.076,8.841,11.088,9.5081,9.682,9.8529,10.679,11.013,10.86,11.013,10.679,11.126,10.561,9.682,8.5043,7.3838,6.0134,11.615,13.934,14.201,14.805,14.191,14.396,13.611,13.874,13.508,14.328,13.446,13.723,13.804,13.723,14.014,13.924,13.343,13.026,12.93,12.581,12.414,10.975,11.126,10.822,11.088,11.188,11.71,11.793,10.402,9.682,10.145,13.723,14.626,16.561,17.532,16.29,16.553,16.179,15.805,15.512,15.103,15.103,15.377,16.101,16.426,16.247,16.561,16.984,17.792,17.115,17.171,16.678,17.276,17.115,17.009,17.963,18.527,18.647,16.828,15.574
12.616,13.968,14.843,13.816,14.378,13.877,13.968,12.525,12.378,11.276,10.482,10.482,9.2937,9.5936,9.7836,9.1091,10.222,10.167,10.536,10.656,10.536,11.226,12.251,11.463,11.488,10.919,9.8125,8.9206,7.2381,6.408,12.158,13.567,13.968,14.476,14.719,14.408,14.319,13.877,13.733,14.457,14.049,13.567,14.17,12.948,13.733,13.046,13.304,12.871,13.219,13.346,12.135,11.226,11.314,10.236,11.314,11.188,11.816,11.78,11.289,9.5936,10.643,13.165,14.91,16.659,17.037,17.268,17.037,15.723,15.469,16.009,15.515,14.986,15.974,15.145,15.579,17.375,16.803,16.531,17.69,18.093,17.841,17.137,17.195,18.187,18.164,18.164,18.83,17.69,17.849,16.009
12.557,14.454,14.638,14.473,13.843,14.375,13.397,12.557,12.945,11.813,10.234,9.8104,10.123,9.4728,7.9806,11.286,10.33,9.5915,10.22,10.123,10.534,10.165,10.968,11.374,10.707,10.955,10.123,8.7262,6.9166,6.2046,11.717,13.996,15.142,14.473,14.897,14.316,13.833,13.544,13.833,14.716,13.925,13.627,14.197,13.874,13.627,13.996,13.627,13.312,12.813,13.301,12.466,11.813,10.773,10.453,11.681,11.62,12.132,11.705,10.494,9.5915,9.7815,13.216,14.638,16.799,16.622,17.428,16.243,16.664,15.944,16.155,15.512,14.84,16.706,15.466,16.181,15.648,17.133,17.501,16.698,17.686,18.003,18.803,17.501,17.845,18.183,17.885,18.893,18.121,16.243,15.97
12.981,14.356,14.404,14.414,13.762,14.288,13.812,12.241,12.588,11.282,10.247,9.6303,9.731,9.4992,8.7356,10.192,9.2316,10.515,9.6879,10.515,10.981,11.195,11.22,11.095,11.133,10.62,10.041,8.9715,7.178,5.9003,11.801,13.933,15.01,14.899,14.786,14.288,13.852,13.204,13.434,13.721,13.812,13.721,13.812,14.249,13.721,13.527,12.981,13.351,13.455,12.851,12.309,11.019,11.095,10.88,11.331,11.526,12.365,11.718,10.88,9.5577,10.041,13.721,14.2,16.189,16.495,16.487,16.05,16.3,15.691,14.899,14.21,14.899,14.899,14.871,15.841,16.05,16.368,16.419,17.423,16.487,18.013,17.638,17.182,17.125,17.543,17.74,18.591,18.471,17.471,15.386
12.422,14.138,14.679,15.05,14.327,14.138,13.639,13.088,12.285,11.462,9.9973,10.602,9.308,10.166,9.5926,9.0926,9.2928,9.9973,10.454,10.774,10.454,11.225,10.97,11.425,11.187,10.235,10.221,8.9196,7.0991,6.0669,11.621,13.814,14.298,15.135,14.994,13.967,13.804,13.461,13.334,14.198,13.303,14.455,13.628,13.845,13.088,13.334,12.958,12.87,13.163,12.25,12.422,11.387,11.187,10.97,11.288,11.313,12.25,11.387,10.774,9.0614,9.8115,13.461,16.183,16.288,16.827,17.176,16.529,15.758,14.794,14.611,14.784,14.533,15.237,13.804,14.377,16.708,16.632,15.348,15.758,17.16,17.551,16.183,17.002,16.91,17.176,17.712,18.216,18.076,17.332,14.679
12.544,13.768,14.702,14.702,14.296,13.97,13.49,12.798,12.387,11.361,10.543,9.4655,9.7568,9.1036,8.0073,10.649,10.274,9.2561,10.274,10.274,10.908,11.25,10.636,11.653,10.908,10.543,9.728,8.7267,6.9597,6.1934,11.447,13.798,14.74,14.825,14.296,14.238,13.849,13.228,13.849,14.296,13.849,13.552,13.798,13.552,12.885,13.521,13.49,12.798,12.577,12.544,12.721,11.447,10.714,10.649,11.049,11.162,11.749,11.25,10.219,9.1036,10.714,12.918,13.49,15.409,16.841,17.453,16.093,15.856,15.562,15.625,14.901,15.161,15.235,14.673,16.093,14.854,15.454,15.49,16.615,17.064,17.357,16.615,16.733,16.3,17.276,17.3,18.269,17.589,16.733,14.635
12.946,13.834,14.047,13.834,14.474,14.474,13.333,12.957,11.897,10.969,10.331,9.2921,9.4131,9.5919,8.1041,9.8969,9.8107,9.1539,9.6361,10.165,10.641,10.534,11.173,11.312,10.969,10.48,10.331,8.5296,7.3916,5.8527,12.133,13.46,14.716,15.576,14.61,14.474,13.874,14.087,14.047,13.874,13.925,13.834,14.047,13.925,13.044,13.731,13.397,12.814,12.814,12.814,12.341,11.387,11.11,10.956,11.186,11.669,12.284,11.717,11.287,9.1539,9.4731,13.044,15.049,15.873,17.034,16.699,16.656,16.665,15.512,14.326,14.532,15.021,15.356,15.539,15.356,15.792,15.494,16.182,16.503,16.321,17.846,16.665,17.429,17.55,17.429,16.825,18.184,17.265,17.59,14.907
12.78,14.215,14.293,14.057,14.525,13.858,13.948,12.325,11.627,11.137,10.479,10.251,10.559,9.3551,10.572,9.083,9.5175,9.7347,10.572,10.479,11.137,10.884,11.286,11.579,11.099,10.611,9.8202,8.2635,7.9366,5.9025,12.154,13.696,14.782,15.228,15.201,14.028,14.166,13.532,13.948,14.028,13.696,14.361,13.938,13.356,13.737,12.714,13.209,13.071,13.209,11.946,12.681,11.199,11.137,11.224,11.199,11.579,12.188,11.805,10.69,9.444,10.155,12.593,15.419,16.152,17.366,17.001,16.443,16.426,15.917,14.932,14.792,13.46,15.917,14.951,14.707,15.697,16.569,15.392,15.882,16.869,17.708,16.083,17.478,17.958,17.549,17.864,18.485,17.573,17.708,14.669
12.193,14.502,14.646,15.124,14.27,14.26,13.465,12.193,11.974,11.619,10.483,9.7384,9.6954,9.0249,8.5975,9.7384,9.6377,9.9649,10.021,9.9229,10.888,10.888,11.868,11.141,10.681,10.483,9.6377,8.5324,6.7635,5.4375,12.147,14.221,14.882,14.415,14.211,14.26,13.823,13.823,14.27,13.465,13.953,14.221,13.246,13.943,13.246,13.204,12.948,13.235,13.044,12.554,11.81,11.535,10.99,11.091,11.204,11.619,12.375,12.043,10.888,9.6377,10.159,13.214,16.304,16.406,16.909,16.584,16.158,15.853,15.64,14.502,14.27,14.569,14.873,15.844,15.853,15.64,16.5,16.449,16.809,17.437,16.5,16.933,17.007,18.234,17.007,17.628,17.926,17.714,17.373,14.938
12.841,14.023,14.559,13.974,14.415,14.211,13.702,13.62,12.185,11.221,10.608,10.247,9.6309,9.4411,9.8171,8.4608,10.083,10.042,10.083,10.042,10.829,10.555,10.88,11.282,11.575,10.687,10.083,8.2609,7.1785,5.6843,11.907,13.853,14.928,15.011,15.387,14.162,14.023,14.162,13.352,14.415,13.528,13.934,14.211,13.236,13.813,12.678,13.435,12.678,12.71,12.15,12.71,11.133,11.417,10.764,11.417,11.801,11.965,11.196,10.88,9.5584,10.555,12.545,14.862,15.956,17.02,17.183,15.342,15.842,15.692,15.842,14.928,14.26,16.086,15.387,14.521,15.585,15.522,16.301,17.191,16.765,17.859,16.293,17.859,18.176,17.741,18.053,19.535,17.448,16.773,15.387
12.626,15.018,14.903,14.865,14.602,14.758,13.951,12.884,12.851,11.782,10.388,9.2043,9.1418,8.4589,7.9531,10.151,9.821,9.1418,10.332,10.538,10.66,10.552,10.66,10.766,10.538,10.291,9.8356,9.2353,7.2766,5.9091,12.129,14.165,14.903,14.989,14.534,14.002,14.69,13.951,14.275,13.879,14.215,13.713,14.134,14.165,12.94,13.889,13.64,13.417,13.713,12.761,12.351,12.129,10.713,11.782,10.912,11.449,12.409,12.105,11.029,9.4649,10.332,12.951,15.579,16.481,17.061,17.687,16.714,15.597,16.376,14.989,14.758,16.059,15.879,15.32,16.13,16.662,16.059,17.027,17.153,17.663,18.447,18.447,18.103,18.19,17.426,17.719,18.047,18.221,17.418,14.874
12.925,14.819,15.19,15.001,14.586,14.389,13.894,13.144,12.702,12.198,11.017,10.279,9.6337,10.139,10.607,9.2249,10.083,9.7516,10.265,10.899,10.82,11.536,11.436,11.235,11.017,10.648,9.8535,8.6991,7.6512,5.6806,11.949,14.389,14.78,15.048,15.058,14.389,14.339,14.199,14.339,14.027,14.118,13.873,14.118,13.624,13.791,13.36,13.487,12.702,13.198,12.702,12.198,11.829,11.511,11.004,11.829,12.209,12.198,11.865,11.017,9.2249,10.688,13.53,15.825,17.042,17.764,17.764,16.771,16.111,15.942,16.173,14.537,14.586,16.156,16.076,15.199,16.78,16.173,17.042,17.764,18.279,17.707,17.447,18.2,17.109,17.505,17.447,18.177,18.55,17.447,14.674
12.835,14.473,13.915,14.396,14.473,13.795,13.271,13.018,12.168,11.786,10.672,10.607,10.179,10.138,10.555,8.9447,9.5457,9.6901,10.014,10.07,10.555,10.541,11.378,11.56,10.968,10.594,9.9028,8.6446,7.032,5.6029,11.844,13.795,14.917,14.616,14.991,14.182,14.241,14.182,14.319,13.835,13.955,14.338,14.473,13.208,13.271,13.177,13.271,13.092,13.219,12.759,12.661,11.181,11.081,11.181,11.608,11.608,12.528,11.511,11.181,9.3398,10.462,12.737,14.908,15.856,17.71,16.998,17.209,16.542,16.004,15.573,14.701,15.102,15.502,15.203,15.203,16.55,16.542,16.668,16.5,16.668,18.205,16.742,17.521,17.544,17.592,17.889,18.813,17.03,17.521,15.349
12.266,14.248,14.48,14.403,14.394,14.394,13.099,12.7,12.7,11.613,10.441,10.075,9.0727,9.7237,10.144,8.9493,10.033,10.075,10.56,9.7237,11.124,10.82,10.547,11.286,11.517,11.011,9.7237,8.5031,7.1726,5.5056,11.673,13.842,14.586,14.887,15.11,14.48,13.751,14.071,13.751,14.199,14.15,14.345,14.15,13.711,12.667,13.802,13.721,13.099,13.278,12.766,12.311,11.408,11.011,11.087,11.174,11.322,11.897,12.311,10.756,9.389,10.144,13.184,14.547,16.356,16.651,16.784,16.883,15.402,15.899,15.82,15.302,15.293,15.293,16.073,15.11,16.177,16.279,17.394,16.288,17.023,17.112,17.169,17.999,17.906,17.466,17.727,18.038,17.961,17.08,14.99
13.553,13.797,15.369,15.432,14.91,14.475,13.44,12.497,11.513,11.12,10.503,10.14,9.5032,9.6914,8.2004,10.016,9.3855,9.547,9.7201,10.071,10.543,11.007,10.855,11.318,10.235,10.126,9.6914,8.4508,7.0724,5.7986,12.306,13.837,15.095,15.432,14.929,14.475,14.036,13.685,13.21,13.685,13.44,13.837,14.618,13.512,13.094,13.189,12.306,12.651,13.051,12.651,12.695,11.704,11.561,11.07,10.816,11.704,12.497,11.787,11.083,8.9614,10.357,12.75,15.104,16.819,16.477,17,16.502,16.753,14.656,16.127,13.917,14.388,16.811,14.475,15.858,15.797,16.171,17.235,16.753,17.523,18.154,17.523,17.923,17.783,18.359,17.404,19.006,18.896,17.467,14.854
12.676,13.69,14.49,14.248,14.671,14.209,13.69,12.85,12.543,11.858,10.408,10.246,9.3953,9.4985,9.3508,10.394,9.7015,9.6872,9.7302,10.408,10.879,10.866,10.685,10.879,10.866,10.04,9.8157,8.0376,6.3543,5.4329,11.8,13.932,14.355,14.775,14.785,14.209,14.051,13.454,14.051,13.811,13.811,13.73,14.557,13.73,14.021,13.69,13.192,13.318,12.937,12.454,11.8,11.621,11.094,10.554,11.132,11.621,11.621,11.858,10.394,9.3953,9.9565,13.881,14.86,15.689,16.144,16.993,16.77,15.367,15.583,15.52,14.16,14.897,15.385,15.385,15.91,16.153,16.662,17.124,17.406,17.018,18.318,17.478,17.692,16.762,17.406,18.295,17.973,17.731,17.253,15.831
12.797,14.722,15.139,14.528,14.827,13.643,14.052,13.146,12.38,11.686,10.335,9.9009,9.0643,9.4169,9.7712,9.0487,9.7857,9.7131,10.778,9.9437,10.712,10.973,10.973,10.973,10.498,10.169,10.565,8.6648,7.4137,5.8792,11.902,13.931,15.242,15.473,14.538,14.332,14.143,13.602,13.57,13.57,13.839,14.322,14.093,13.602,12.472,13.317,12.819,13.049,13.339,11.466,12.138,11.515,11.228,11.316,10.699,11.391,11.758,11.674,10.856,9.4769,10.973,13.819,15.436,16.832,16.509,17.436,17.041,15.977,16.397,15.027,15.027,16.162,15.968,16.535,15.149,16.916,16.916,16.832,17.107,16.56,17.694,17.041,18.074,18.168,17.557,18.901,18.901,18.082,17.239,15.13
13.178,14.479,15.054,14.683,14.615,13.601,13.306,13.338,12.961,12.149,10.973,10.238,9.6395,9.8142,8.9221,9.8142,10.498,10.334,10.042,10.334,11.391,10.238,10.645,11.114,10.973,10.777,9.5953,8.4156,7.1409,6.207,11.818,14.331,14.528,15.073,14.615,14.331,13.57,13.306,14.001,13.971,13.849,13.93,12.818,13.57,12.618,13.684,13.601,13.57,13.306,12.253,12.043,11.722,10.973,11.49,11.228,11.49,12.137,11.722,11.228,9.5805,9.9432,13.306,16.44,16.5,17.572,17.892,17.402,16.431,15.654,15.026,15.726,16.161,14.789,15.762,15.798,16.525,16.44,17.508,17.629,17.007,17.892,17.198,17.198,18.104,17.402,17.337,18.01,17.596,16.982,15.472
12.881,14.858,14.401,14.411,14.516,14.401,13.698,13.222,12.685,11.571,10.618,10.244,9.7286,9.5116,10.513,8.9538,10.038,9.7286,10.761,10.149,10.683,10.618,10.618,11.365,10.513,10.244,9.5116,8.6534,6.8589,5.707,11.962,13.969,14.631,15.108,14.716,14.401,14.019,13.718,13.687,14.488,13.849,14.255,13.513,13.565,13.358,13.431,13.232,12.881,13.19,12.541,12.272,11.39,10.877,11.13,11.291,11.279,12.031,11.607,10.552,9.1079,10.393,13.513,15.108,16.073,16.39,17.015,16.15,15.968,15.517,15.108,15.382,15.118,15.108,15.409,14.697,16.364,16.296,16.567,17.178,17.419,17.539,17.015,17.853,17.186,17.226,17.355,18.736,17.97,16.826,15.228
13.18,14.93,15.216,14.505,14.648,14.39,13.838,12.751,12.353,12.228,10.544,10.236,9.9051,9.9051,11.121,9.721,9.721,10.141,9.5042,10.385,11.171,11.356,11.562,12.033,11.121,10.072,10.358,8.5171,7.0927,5.5041,11.894,13.798,14.846,14.505,14.921,14.476,13.748,13.554,13.928,13.707,13.222,13.707,14.195,13.472,13.348,13.021,12.675,12.262,13.021,12.838,12.751,11.894,11.282,11.121,11.184,11.61,12.022,11.514,11.171,9.2071,9.8488,12.924,15.505,16.546,16.646,17.164,17.397,16.069,15.851,14.93,14.799,14.986,15.097,14.921,14.658,16.377,16.419,15.816,16.779,17.469,18.14,16.646,17.107,16.646,17.839,17.994,19.016,18.117,17.237,14.995
12.573,14.796,15.322,14.768,14.796,14.655,13.956,13.209,12.02,11.56,10.673,10.139,10.502,9.6761,10.751,9.5023,8.8357,10.234,10.502,10.608,10.751,10.968,11.119,11.181,10.751,10.608,9.5023,8.4991,7.8358,5.8219,12.02,13.866,14.683,15.075,14.241,14.183,13.795,13.916,13.795,13.836,13.345,13.836,14.271,13.177,13.684,12.965,13.335,12.738,12.339,13.018,13.018,11.56,11.786,10.673,11.572,11.354,11.892,11.56,10.866,8.9451,9.9032,13.603,14.192,16.551,17.145,17.679,17.209,16.543,15.001,16.272,14.683,14.396,16.057,14.88,15.322,15.848,16.416,16.348,16.776,17.426,17.521,16.9,17.145,17.466,18.029,17.161,18.695,18.137,17.991,14.655
12.925,14.757,15.097,15.429,14.956,14.163,13.841,13.012,12.527,11.592,10.21,10.747,10.071,9.5687,10.942,9.2848,9.7582,10.071,10.682,10.576,10.747,10.826,10.747,11.247,10.747,10.306,9.5539,8.3923,6.6506,5.7412,12.104,13.892,14.805,14.984,15.208,14.292,14.242,14.292,14.013,13.769,13.78,14.133,14.487,13.594,13.932,13.312,14.013,12.761,13.301,12.914,12.783,11.689,11.689,11.259,11.482,10.826,11.689,11.677,10.929,9.0388,10.306,13.269,14.681,16.117,17.508,17.411,16.531,16.582,15.429,15.087,14.487,14.292,15.611,14.719,15.013,15.959,15.502,15.62,16.935,18.023,17.803,17.15,16.868,17.354,17.842,17.644,18.302,18.116,17.092,15.013
12.829,14.343,14.294,14.49,15.015,14.264,13.314,13.186,12.916,12.105,10.736,9.8746,9.6143,9.3919,10.072,9.4069,10.457,9.5702,9.7453,10.577,10.931,11.249,10.944,11.398,11.261,10.197,10.072,8.6418,7.2205,5.8635,12.221,13.813,14.959,14.75,14.421,14.644,13.813,13.894,14.333,13.894,14.343,14.284,13.282,13.934,13.057,13.782,13.772,13.133,12.84,12.618,11.93,11.261,11.361,11.691,10.944,11.261,12.117,11.87,10.736,9.5702,9.5702,13.398,14.807,16.627,16.585,17.12,16.354,16.119,16.145,14.441,15.676,15.459,15.312,16.241,14.577,16.241,17.095,16.145,17.095,16.762,16.938,16.871,17.226,17.284,17.837,17.551,18.489,17.963,17.284,15.784
13.312,14.681,15.457,14.947,14.642,15.013,13.841,13.312,12.254,11.159,10.576,10.469,9.9158,9.4949,8.291,10.099,9.5687,9.1627,9.8731,10.306,10.682,10.455,11.083,11.359,10.629,9.4949,9.8731,8.5586,6.7139,6.5654,12.254,14.262,14.604,15.199,15.013,14.487,14.439,13.78,13.77,13.78,13.532,14.292,14.497,13.8,13.511,13.312,13.184,13.365,13.269,12.838,12.219,11.083,11.482,10.942,11.653,11.433,12.104,11.641,10.428,9.7582,10.306,13.646,15.181,16.394,18.078,16.935,17.644,16.48,14.871,16.064,13.932,14.9,16.143,15.475,16.282,15.475,15.683,16.785,16.394,17.134,17.96,16.143,17.092,17.059,18.031,17.508,18.539,17.834,16.76,14.681
14.659,16.689,16.568,16.778,16.502,16.222,15.612,14.362,13.541,13.63,11.943,10.705,10.954,10.385,9.5324,11.015,10.805,10.917,11.436,10.954,12.167,12.044,12.255,12.156,11.669,11.113,10.501,9.0685,7.7194,6.5682,13.269,16.097,16.494,16.954,16.906,16.222,16.231,15.491,15.656,15.996,15.281,15.413,16.122,15.139,14.76,15.201,14.76,14.623,14.324,14.549,14.324,12.982,12.505,12.044,12.982,13.023,13.59,12.73,12.156,9.9882,11.233,14.632,16.172,18.137,18.49,19.276,17.761,17.928,16.85,17.928,15.413,15.793,16.954,17.144,18.351,16.264,17.663,17.935,18.614,19.512,19.773,19.093,18.901,19.574,19.044,19.401,21.188,20.311,19.983,17.261
13.063,14.349,14.956,14.956,14.651,13.971,13.849,12.768,12.432,11.876,10.582,10.475,9.5744,9.5004,10.202,9.0441,10.146,10.105,9.8788,10.216,10.312,10.582,10.949,11.66,10.675,10.021,9.2751,8.514,7.1253,5.3374,12.261,13.9,14.612,14.689,15.402,14.428,14.021,13.971,13.404,14.061,14.3,13.788,14.251,13.436,13.9,12.79,13.519,13.277,12.79,12.79,12.79,11.732,11.291,11.203,11.696,11.876,12.353,11.935,10.635,9.1372,9.6184,12.768,15.319,16.152,17.003,16.945,16.292,16.292,15.764,15.208,14.3,14.171,15.764,15.106,15.466,16.056,16.292,16.152,16.472,17.47,17.34,15.977,18.057,16.878,17.686,18.596,18.127,18.527,17.534,15.031
13.259,14.734,15.678,14.773,14.705,14.138,13.727,13.227,12.696,11.855,10.549,10.062,9.3527,9.1198,7.1449,10.062,9.4897,9.3527,9.8457,9.8457,10.343,10.777,11.04,11.297,10.83,10.287,9.3527,8.1921,7.2049,4.9374,12.329,13.924,15.613,15.223,14.812,14.149,14.42,13.685,13.769,13.821,13.653,13.821,14.499,13.302,13.041,13.653,13.227,13.041,13.893,12.729,12.491,12.082,11.144,10.83,11.386,11.36,12.035,12.236,10.83,9.6545,10.301,12.964,15.09,15.567,17.27,17.246,17.145,15.896,15.147,16.075,14.179,15.345,15.923,14.734,15.905,15.53,15.567,16.636,17.436,17.874,18.744,18.404,17.681,17.802,16.816,18.208,18.318,18.466,17.145,14.734
12.982,14.338,15.415,15.233,14.901,14.416,13.723,12.546,12.356,11.683,11.134,10.153,9.3378,9.6315,9.0346,9.8177,9.0346,10.084,9.5589,9.8177,10.881,10.153,11.021,11.134,10.609,10.45,9.6315,8.5269,7.1789,5.1983,11.861,13.733,14.788,15.022,14.901,13.934,14.162,13.57,14.054,13.884,13.814,13.763,14.358,14.212,13.29,13.456,12.678,13.518,13.456,12.766,12.356,11.184,11.861,10.609,11.196,11.096,12.367,11.196,10.397,8.9882,10.687,12.982,14.779,16.565,16.774,16.387,16.113,15.631,15.388,15.022,15.197,14.636,14.863,16.087,15.523,14.901,17.233,16.666,16.997,17.489,17.914,16.37,17.233,17.616,17.64,18.069,17.976,17.45,16.766,14.788
12.844,14.25,14.588,14.89,14.862,14.328,14.25,12.702,12.313,12.177,11.213,10.076,9.8107,9.8532,10.035,8.9818,9.5521,10.469,11.188,10.549,11.126,10.549,11.126,10.822,10.667,10.145,9.5083,8.4388,7.3273,6.3511,11.899,13.804,14.201,14.692,14.655,14.396,13.611,13.964,13.754,13.844,13.934,14.014,14.406,13.228,13.723,13.101,12.757,12.581,12.414,12.757,12.68,11.324,11.567,10.873,11.579,11.519,11.852,11.711,11.089,9.2262,9.7253,13.048,15.085,16.359,17.172,17.917,16.359,15.404,15.521,15.295,14.241,14.55,16.427,15.735,15.332,16.654,16.291,16.041,16.145,16.952,18.369,17.009,17.627,17.532,17.964,17.69,18.64,17.469,16.886,14.396
13.378,14.594,16.041,15.123,15.066,15.066,14.397,13.495,11.812,11.023,10.173,10.586,10.173,9.1054,9.1367,8.6216,10.088,9.4747,10.285,10.654,11.023,10.327,11.33,11.126,10.707,9.8156,9.8156,8.5717,7.4473,5.3735,12.402,13.705,15.543,15.208,14.827,14.116,13.705,13.399,13.881,13.399,13.367,14.682,13.881,14.126,12.619,13.537,13.367,12.932,14.237,12.482,12.619,11.43,11.567,11.872,11.567,11.678,12.517,11.567,11.241,9.6392,10.382,12.932,15.432,16.79,17.085,17.118,17.539,16.05,15.543,14.981,15.616,15.589,15.897,16.076,15.311,16.601,15.789,16.747,17.798,16.993,17.798,17.318,18.289,18.783,17.018,17.846,18.653,18.437,18.187,15.87
12.437,14.735,14.84,14.859,14.735,14.394,13.19,13.361,12.482,12.299,10.931,10.178,9.4851,9.3038,7.6276,10.178,9.6482,9.7942,10.136,10.574,10.708,10.234,10.708,10.931,10.774,10.721,9.604,8.5238,6.6752,5.3274,11.732,14.185,14.295,14.628,14.394,14.394,13.582,13.892,14.394,14.105,13.892,13.831,14.065,13.655,12.797,14.315,12.797,12.896,12.962,12.708,13.318,12.16,11.475,11.288,11.696,11.635,11.972,11.829,10.655,9.604,9.3038,12.299,15.265,15.265,17.653,17.394,16.728,16.549,16.026,15.982,14.014,14.394,15.982,15.839,16.677,16.847,16.922,16.541,16.998,17.709,18.222,17.345,17.056,16.652,17.805,17.868,17.868,17.645,17.056,15.265
12.754,14.596,15.53,15.079,14.939,14.778,14.015,13.525,12.52,11.253,10.61,10.663,9.5636,9.7818,9.4003,9.0339,9.6805,9.4451,10.204,10.61,10.82,10.204,10.422,11.241,10.61,10.093,9.7385,8.3878,6.9775,5.6392,12.097,14.284,14.892,15.172,15.098,14.284,14.005,13.598,13.525,13.925,13.525,14.095,14.235,14.284,13.305,13.504,13.273,12.754,12.743,13.177,12.247,11.635,11.683,11.635,11.14,11.278,11.862,11.427,10.61,9.4897,10.204,14.005,14.74,16.479,16.607,17.108,16.23,15.826,15.384,15.023,15.393,15.826,15.466,15.773,14.711,16.776,17.141,16.649,17.345,17.562,17.634,17.562,17.634,17.833,17.272,16.918,18.597,18.506,17.514,15.421
12.762,14.246,15.383,14.632,15.109,13.93,13.285,12.707,12.147,11.62,10.762,9.5119,9.5119,9.2146,8.5891,9.8569,9.5119,9.3496,10.618,10.684,10.393,10.684,11.093,12.032,11.292,10.553,10.149,8.7338,6.3535,5.899,12.147,13.728,14.867,15.118,14.488,14.049,13.97,13.031,13.191,13.233,13.524,14.019,13.94,13.698,12.586,13.565,12.762,12.849,13.233,12.043,12.542,11.414,11.193,11.217,10.566,11.572,11.715,10.864,11.093,9.0776,9.6859,12.881,15.625,16.185,16.559,16.958,16.433,15.838,15.687,15.31,14.555,16.365,15.951,15.228,15.446,16.892,15.864,17.162,17.412,17.729,17.483,17.634,17.697,17.854,17.283,17.42,18.474,17.42,17.048,15.41
12.516,15.115,14.746,14.601,15.059,14.601,13.866,13.452,12.606,12.149,10.962,10.089,10.228,10.325,10.949,9.7034,10.033,10.325,10.488,9.8048,10.767,10.688,11.305,11.179,10.949,10.474,10.159,8.1167,7.1341,5.4746,12.276,13.723,14.983,14.974,14.707,14.514,14.038,13.988,14.038,14.079,13.723,13.988,13.619,14.079,14.048,13.155,13.325,13.294,13.325,12.448,12.368,11.454,11.662,11.454,10.962,11.454,11.674,11.71,11.217,9.5861,10.089,13.463,15.934,16.381,17.58,17.875,16.815,16.899,16.172,15.639,14.983,15.485,15.012,15.996,14.927,15.792,17.09,16.924,16.561,17.361,17.58,18.52,17.148,18.297,17.418,18.079,18.312,17.62,17.255,15.43
12.614,14.47,14.821,15.314,14.676,14.381,14.47,13.233,13.362,11.77,10.743,10.084,9.6353,9.4708,9.1953,10.377,9.3494,9.6353,10.042,10.322,10.822,11.018,10.822,10.822,10.822,10.169,9.5159,8.1408,7.0298,5.7564,12.117,14.06,14.889,14.85,15.051,14.441,14.06,13.793,14.261,14.341,13.896,13.2,13.865,14.261,13.937,14.261,13.146,13.404,12.339,12.67,12.849,11.562,11.275,10.609,11.275,11.722,11.77,11.867,10.822,9.4557,10.042,12.938,14.908,16.577,17.45,17.67,16.646,16.114,16.29,16.114,14.744,15.003,16.465,16.229,17.178,16.29,17.111,17.011,18.243,18.615,18.367,17.343,17.507,17.507,18.03,18.243,18.828,18.156,17.767,15.117
12.7,14.375,14.764,15.068,14.917,14.385,13.883,13.74,13.171,12.418,10.608,10.501,10.337,10.227,10.78,9.7736,9.7881,10.003,10.282,10.282,10.976,10.714,11.117,10.78,11.18,9.598,9.5239,8.5184,6.9416,5.8805,11.394,13.934,14.335,14.483,14.375,14.725,13.883,13.975,13.883,14.306,13.853,14.325,13.842,13.553,13.842,12.965,14.286,12.965,12.866,13.31,12.877,11.493,11.079,10.767,11.394,10.859,11.193,11.689,10.648,9.0508,9.7736,13.74,13.822,15.658,17.334,16.92,16.709,15.829,16.219,15.829,15.03,14.648,15.068,15.366,15.077,16.92,17.794,17.169,17.383,17.642,17.889,17.698,16.836,17.112,16.978,17.642,18.458,19.085,17.169,15.246
13.293,13.711,15.697,14.501,14.295,14.354,13.905,12.762,12.045,11.7,10.901,10.316,9.753,9.7674,9.1713,10.15,9.2784,10.219,10.261,10.261,10.953,10.953,10.953,10.953,10.953,9.7963,9.6219,8.3158,6.1957,5.7467,12.266,14.036,14.762,15.553,14.656,14.354,14.295,13.324,14.026,13.545,13.783,14.116,13.813,14.305,13.976,13.711,13.282,13.324,13.324,12.437,12.595,11.357,11.295,11.169,11.295,11.207,12.021,11.736,10.94,9.5778,10.219,12.795,14.733,16.366,16.47,16.682,16.158,15.769,15.334,14.771,14.885,13.905,14.384,16.062,15.324,16.018,15.796,17.001,17.661,16.547,17.54,17.297,16.951,17.476,17.346,17.524,18.281,18.602,17.859,14.914
13.07,14.916,15.327,15.216,15.216,13.948,13.815,13.199,12.267,11.702,10.641,10.52,10.11,10.152,10.693,8.9073,10.317,9.7978,10.627,10.11,10.759,10.44,11.209,11.762,10.082,10.903,10.221,7.401,7.5521,5.723,12.233,13.856,15.446,15.225,15.114,14.697,13.826,13.526,13.327,13.61,12.929,13.713,14.503,12.972,13.316,12.852,12.863,12.852,12.797,13.295,12.797,11.702,11.702,11.209,11.057,11.209,12.047,11.988,10.759,9.2799,10.026,12.129,15.114,15.985,17.349,16.472,16.369,15.852,14.503,15.736,14.455,13.907,15.104,14.916,14.973,15.985,15.923,17.169,16.677,16.887,18.074,17.308,17.862,17.663,16.887,17.663,18.175,17.21,16.879,14.963
13.011,14.292,14.933,15.128,14.848,14.525,14.389,12.783,12.794,11.553,10.71,9.8817,9.4622,9.2378,8.0914,10.106,10.27,9.5358,9.7534,10.433,10.392,10.645,11.121,11.828,10.473,9.8817,9.8817,8.2286,6.8764,6.031,12.062,13.844,14.389,15.036,14.895,14.525,13.599,13.722,13.558,13.722,13.753,13.753,13.884,13.558,12.706,14.233,12.794,13.139,13.266,12.805,12.739,11.007,11.308,11.443,10.789,11.357,11.601,11.221,10.27,9.0542,9.2529,12.484,15.054,14.63,17.27,16.226,15.913,15.7,14.961,15.128,14.895,14.213,14.895,15.449,14.697,15.421,15.913,16.329,16.423,16.802,17.23,17.327,16.702,16.191,16.935,17.678,17.961,17.075,17.221,15.147
14.366,16.225,16.831,17.361,16.543,15.501,15.302,14.357,13.244,13.204,11.657,10.9,10.863,10.985,9.156,11.611,10.863,10.652,11.344,11.154,12.051,11.783,12.709,12.959,12.162,10.961,10.652,8.8294,7.6813,5.8913,13.523,15.544,17.043,17.176,16.607,15.621,15.126,15.501,14.615,15.02,14.505,15.363,16.026,15.363,14.56,14.706,14.188,13.787,14.624,14.615,13.961,13.01,12.444,11.884,12.835,12.918,12.835,11.783,12.422,10.033,10.949,14.615,16.421,17.246,18.399,17.974,18.486,17.369,16.996,16.894,14.394,16.217,16.87,15.715,17.636,17.331,17.484,16.925,18.787,18.673,19.938,18.312,18.486,19.118,18.971,19.055,20.855,19.292,18.73,16.607
13.14,14.669,14.292,14.243,14.669,14.005,13.548,12.706,12.394,11.686,10.905,10.175,9.0082,9.5802,10.433,8.5459,10.175,10.037,10.175,10.037,10.892,10.632,10.854,10.106,10.433,9.9807,9.0082,8.0745,6.457,5.6973,11.613,14.243,14.322,14.438,14.438,14.005,13.651,13.319,14.292,14.37,13.548,13.845,13.845,13.267,13.965,13.723,13.753,13.267,12.783,12.881,11.828,11.209,11.121,10.42,11.601,11.553,11.65,11.686,10.42,9.5802,9.5802,13.256,14.292,15.781,16.568,16.836,15.377,15.992,15.913,15.377,14.243,15.129,14.755,14.971,14.962,16.61,16.432,16.869,15.905,16.836,16.936,16.869,16.432,16.526,16.811,18.217,17.52,17.488,16.602,15.349
14.532,16.619,17.093,16.643,16.073,16.205,15.072,14.778,13.634,12.767,11.881,11.14,9.9132,10.334,11.08,10.178,11.032,10.739,11.458,11.365,12.048,11.768,11.54,12.31,12.003,11.032,10.244,8.4009,7.514,5.884,13.943,15.94,16.196,16.586,16.122,16.205,15.344,14.487,16.122,15.49,14.615,14.975,15.729,14.778,14.894,14.76,15.108,14.274,14.532,14.274,13.428,13.157,13.066,11.597,12.556,12.902,13.972,13.218,11.914,10.218,11.318,14.45,17.085,18.478,18.326,18.246,17.795,17.309,17.554,16.873,16.164,16.643,16.905,16.928,17.523,18.003,17.951,18.238,17.951,18.926,19.178,18.785,19.178,18.442,18.975,19.178,19.15,19.344,19.433,16.457
13.443,14.99,15.398,15.205,14.791,14.58,13.443,13.189,11.693,11.693,10.672,10.54,10.102,9.3939,9.9761,8.5781,9.2882,9.5722,9.9761,10.751,10.255,10.213,10.946,11.289,10.633,10.213,9.2882,8.5121,6.6531,5.4149,12.108,13.785,15.398,15.325,14.791,14.753,13.785,13.846,12.919,13.568,12.919,14.444,14.58,13.401,13.568,13.136,13.114,12.498,13.568,13.136,12.588,11.597,11.487,11.462,11.201,11.251,12.43,11.363,11.264,8.7086,10.2,11.979,15.018,16.357,17.336,17.066,16.9,15.965,14.877,16.07,13.703,13.897,15.929,15.018,14.297,16.123,16.791,16.875,17.099,16.875,17.746,17.024,18.584,18.061,17.287,17.65,18.997,18.309,17.024,15.316
12.874,14.277,15.1,15.374,14.325,14.547,13.71,13.056,12.231,11.565,10.019,10.467,10.599,9.6804,9.3294,9.6228,9.3294,10.033,9.7234,10.599,10.13,11.124,11.211,11.086,10.973,10.005,9.3443,8.2033,6.5227,5.6056,11.955,13.962,15.183,15.21,14.277,13.801,14.277,13.842,13.801,12.874,13.558,13.932,14.345,14.623,14.169,13.183,13.444,12.83,13.922,12.412,12.036,12.174,11.565,11.791,11.011,11.322,12.534,11.383,10.82,9.5065,10.678,12.7,15.22,15.732,16.817,17.006,16.245,16.651,16.099,14.071,14.345,13.801,14.934,15.829,15.679,15.652,16.883,16.245,17.906,17.298,17.529,17.96,16.907,17.96,17.474,16.981,18.689,17.529,17.561,15.1
13.16,15.005,15.45,15.632,14.806,14.459,13.86,12.932,12.408,11.741,11.657,10.643,10.32,10.224,9.626,10.762,9.2824,9.8866,9.8005,10.32,10.442,10.224,10.957,10.957,10.957,10.749,9.7716,8.7174,6.5744,5.65,11.944,14.262,14.361,15.331,15.005,14.459,13.788,13.799,14.042,14.311,14.042,13.951,14.311,13.951,13.911,13.288,13.33,13.202,12.855,13.288,12.855,11.705,11.705,11.275,11.174,11.375,12.12,11.262,10.55,9.5819,9.6991,13.582,16.069,16.69,17.174,17.247,16.613,16.165,16.511,15.108,14.882,14.701,14.92,16.554,16.485,16.408,16.647,17.116,17.819,17.604,17.668,17.41,17.41,17.985,17.668,17.668,19.318,18.304,17.435,15.22
13.837,14.747,15.06,14.08,14.632,14.368,13.867,12.807,13.037,12.138,11.268,9.9915,10.09,9.513,9.1028,10.529,9.6312,9.7769,10.229,10.636,11.268,10.768,10.95,11.281,10.556,10.768,9.6312,8.1174,6.4913,5.7276,11.808,14.319,15.041,15.348,14.466,14.785,13.989,13.558,13.837,13.959,13.867,13.724,14.08,14.16,13.989,13.959,13.337,13.167,13.837,12.873,12.335,11.381,11.998,11.504,11.268,10.963,11.951,11.711,10.95,9.587,10.489,13.464,16.174,16.52,16.892,17.051,17.026,16.27,15.936,15.713,15.013,14.985,14.833,16.892,16.817,15.749,17.15,16.992,17.387,17.125,18.19,17.702,17.15,17.314,17.15,17.257,18.575,17.678,17.702,15.431
12.778,15.255,14.483,14.415,15.068,14.336,13.647,13.574,13.171,12.7,10.767,11.079,9.7157,10.241,10.568,9.1135,10.172,10.13,10.541,10.662,10.541,10.662,10.568,10.46,10.608,10.568,8.5849,8.3336,6.4111,5.5586,11.761,14.056,14.385,14.415,15.002,14.336,14.056,14.336,14.336,15.031,14.056,13.647,13.843,13.469,13.935,13.406,13.975,13.406,12.822,13.353,12.888,11.294,11.079,10.241,11.518,11.294,11.677,11.905,10.283,9.1135,10.501,13.935,14.336,15.83,16.332,17.186,16.987,14.993,15.883,16.052,14.726,15.143,16.096,14.62,15.504,17.722,17.698,17.277,16.676,17.634,18.211,17.383,16.332,15.955,17.858,17.698,18.211,18.11,16.436,16.052
12.708,14.594,15.017,14.784,14.286,14.198,13.76,13.85,12.762,11.963,11.081,10.081,9.6289,9.439,9.0782,8.5082,9.7295,9.1088,9.815,10.245,10.619,11.181,10.619,10.671,10.136,10.039,9.6865,8.2592,6.3539,5.1968,11.963,14.208,14.718,14.999,14.784,14.198,14.257,13.453,13.81,13.318,13.699,13.941,13.719,13.525,12.708,13.453,13.617,13.191,13.223,12.542,11.68,11.584,11.28,11.62,10.566,11.193,11.716,11.584,10.619,9.815,10.367,13.453,15.017,15.528,16.434,16.493,16.992,16.048,15.662,14.924,14.999,15.83,14.999,14.924,15.11,17.123,16.493,17.635,18.01,17.925,17.54,17.308,16.569,18.468,17.016,17.308,18.498,17.308,17.049,14.999
12.663,14.335,15.339,15.256,15.087,14.424,14.492,12.663,12.886,11.5,11.238,9.9526,9.4853,9.1192,8.4235,10.248,10.009,9.7945,10.289,10.494,10.494,10.787,11.439,10.774,10.178,9.8234,8.9305,8.2876,6.7388,5.6632,12.357,13.319,15.04,15.153,15.087,14.394,13.984,13.361,13.984,13.319,13.943,13.862,13.583,13.862,12.973,13.583,13.158,13.104,13.18,12.886,12.019,12.16,11.389,11.401,11.301,11.086,11.793,11.635,10.931,9.4404,9.6043,12.83,15.813,15.367,17.081,16.847,17.197,16.72,15.04,15.486,15.04,15.741,15.893,15.991,16.203,15.982,16.592,17.156,17.181,16.847,17.781,17.056,17.255,17.741,17.589,17.345,17.972,17.909,17.475,14.841
13.644,14.734,15.254,15.086,14.734,14.154,13.349,13.487,12.436,11.732,10.177,10.707,10.574,9.6477,10.288,10.466,9.3033,10.107,10.72,10.614,10.343,10.667,10.93,10.982,10.493,9.9088,9.8226,8.2698,6.7802,5.4325,12.436,14.491,15.067,15.142,15.375,14.343,13.82,13.83,13.891,13.178,13.318,14.013,13.747,13.861,13.476,14.064,13.654,12.873,13.581,12.662,12.629,11.634,10.969,11.634,10.507,11.3,11.683,10.982,10.982,9.7936,10.288,12.895,15.485,15.99,16.454,17.179,16.123,16.202,15.595,15.485,14.104,14.811,15.001,16.454,15.067,16.105,17.08,16.202,16.514,17.327,17.179,17.154,17.344,17.867,16.846,17.352,18.645,18.834,17.352,15.375
12.597,14.824,14.645,14.673,14.298,14.19,13.822,13.629,12.43,12.043,11.289,10.562,9.5205,8.9622,9.7377,9.2229,9.6946,8.8526,9.9642,10.254,10.693,10.376,10.874,11.103,10.887,9.709,9.7377,8.8526,6.3592,5.5135,11.973,13.297,14.711,15.675,14.298,14.568,13.731,13.075,13.213,13.464,13.245,13.942,13.297,13.942,12.773,13.464,12.893,13.297,13.203,12.773,12.043,11.666,11.95,11.103,11.228,11.09,11.63,11.69,11.027,9.2229,9.9221,13.629,15.379,15.887,16.448,16.583,16.7,15.887,16.062,13.71,14.946,16.157,14.796,16.062,15.595,15.887,16.85,16.907,17.299,17.202,17.242,16.397,17.031,18.716,16.122,16.583,18.332,17.626,17.063,15.122
13.207,15.125,15.219,15.434,14.369,14.684,13.945,13.904,12.711,11.281,11.544,10.547,10.146,9.8168,8.3531,10.748,10.272,9.6848,9.947,9.8604,10.547,10.828,11.519,11.128,10.695,10.09,10.09,8.0213,7.1745,5.583,12.194,13.634,14.897,15.21,15.508,14.684,13.945,13.883,13.665,13.749,13.401,13.528,15.068,14.037,13.283,13.904,12.856,13.38,12.879,13.412,13.696,11.344,11.777,11.344,11.128,11.544,12.017,11.873,10.815,9.2003,9.8604,13.634,14.858,16.325,16.612,17.712,16.087,15.728,15.425,16.715,15.294,15.059,15.618,16.36,16.603,16.986,16.404,16.29,17.22,18.439,17.976,17.121,17.8,17.776,17.776,17.146,18.989,17.46,17.112,14.983
13.178,14.597,14.94,15.081,15.312,14.49,14.49,13.422,12.577,11.744,10.924,10.45,10.246,9.7393,9.9112,10.191,9.2654,10.205,10.066,10.205,11.078,10.205,10.937,11.354,10.08,10.301,9.2805,7.9757,6.476,5.4104,12.11,13.763,14.893,15.174,14.432,14.236,14.097,13.526,13.599,14.017,13.64,14.127,13.956,14.432,13.773,13.295,13.599,13.306,13.794,12.419,12.34,11.744,11.922,11.863,11.04,10.937,12.11,11.391,10.664,9.2654,10.094,12.214,14.864,15.995,16.651,16.608,16.472,15.603,16.136,14.864,15.192,15.303,15.099,16.378,15.774,16.455,16.886,16.985,18.023,17.54,17.668,16.455,16.659,18.163,17.273,17.508,19.428,17.952,16.861,15.099
13.212,15.205,15.742,16.056,15.101,14.901,14.122,13.711,12.442,11.246,11.335,10.831,10.22,9.8634,10.765,8.8221,9.4637,10.163,9.8634,10.818,11.572,10.91,11.015,10.91,10.698,10.178,9.6434,8.6253,6.5076,5.7612,12.59,14.373,14.688,15.073,15.101,14.901,14.213,14.353,13.753,14.453,13.416,14,14,13.373,13.501,13.384,13.617,12.938,12.949,13.887,12.927,12.221,12.198,11.448,11.817,11.373,11.78,11.572,11.246,9.1093,9.8634,13.233,15.149,15.958,16.591,16.788,16.365,15.877,15.841,15.595,13.908,14.403,16.048,15.595,15.073,16.269,16.092,16.788,16.89,17.465,17.66,17.782,17.192,17.547,17.854,17.226,18.791,18.927,17.267,14.756
12.624,15.022,15.62,15.62,14.766,14.34,14.291,13.288,13.192,12.227,10.542,10.635,10.949,9.7931,10.675,9.5746,9.5599,10.147,10.622,10.147,10.635,10.515,11.204,10.949,9.7931,10.462,9.1375,7.9842,6.6547,5.3375,12.319,13.603,15.208,15.208,15.097,14.35,14.35,13.9,14.022,13.541,13.117,14.3,14.251,14.112,13.849,13.15,13.819,12.791,13.373,12.966,13.139,11.935,11.599,11.876,11.44,11.403,12.111,11.366,11.204,9.456,10.462,12.501,14.032,15.683,16.541,17.75,16.153,16.361,15.208,14.88,15.022,14.69,15.439,14.651,14.994,15.977,16.396,15.466,17.128,17.291,17.534,17.202,16.677,17.291,16.361,16.249,18.77,17.591,16.995,14.757
12.687,14.945,15.592,15.53,14.945,14.596,13.942,13.034,12.353,11.8,10.515,9.9149,10.192,9.7019,8.2432,10.04,9.7019,9.5573,9.7019,9.4989,10.828,11.132,11.416,10.685,10.515,10.828,9.1098,7.6836,7.845,5.3817,12.24,13.932,14.16,14.926,15,14.596,13.619,13.454,13.034,14.081,13.485,13.568,14.491,14.081,13.761,13.812,12.775,12.764,13.193,13.288,13.108,11.132,11.622,11.132,11.219,11.132,11.622,11.019,10.879,9.3511,10.013,12.764,15.385,15.954,16.961,17.018,17.051,15.367,15.222,15.743,14.785,15.01,16.393,16.385,16.05,15.954,16.145,16.11,16.385,17.23,17.189,15.583,17.189,16.771,16.771,17.035,18.379,17.613,17.739,15.01
13.333,14.914,15.401,15.429,14.735,13.947,13.541,13.047,13.249,11.586,10.89,10.161,9.2258,9.0886,8.7124,8.8554,9.9252,8.8554,10.419,10.775,10.993,10.775,11.428,11.194,10.203,9.8263,9.5235,8.2687,6.1606,5.7141,12.523,13.957,14.791,15.429,14.735,14.175,14.224,13.704,13.069,13.633,13.301,14.214,14.263,13.468,12.557,13.715,13.238,13.468,13.633,12.722,12.378,11.634,11.586,11.729,10.993,11.206,11.977,11.144,10.878,9.5088,10.565,12.287,15.109,16.512,16.78,17.011,16.402,15.68,14.735,14.678,15.537,15.401,15.401,15.383,14.611,15.988,16.274,16.68,17.036,16.041,16.789,16.385,16.88,17.069,16.093,16.88,18.031,18.031,16.705,14.876
13.535,15.478,15.432,15.614,14.789,13.935,14.295,12.841,12.036,11.161,10.538,9.5708,10.198,9.7891,8.5603,10.471,9.1646,9.8751,10.212,9.8751,10.308,10.212,10.75,11.085,10.618,10.143,9.2716,7.8922,6.4586,5.3089,12.664,14.49,15.405,15.313,15.286,14.442,14.026,13.272,13.304,13.783,13.304,13.935,14.49,13.935,14.373,13.597,13.367,13.535,12.786,13.935,12.394,12.106,11.728,11.287,11.199,11.362,11.977,11.752,10.945,9.5708,10.212,12.841,14.874,16.594,17.463,16.788,16.006,16.146,15.432,15.091,13.844,15.091,15.936,15.767,16.12,15.971,15.286,15.909,17.154,17.096,16.997,16.939,17.39,18.12,17.285,16.997,18.649,17.807,17.527,14.722
13.018,14.786,15.429,15.215,15.42,14.474,14.385,13.376,12.875,11.761,10.584,10.171,9.5182,9.3363,8.9615,9.0724,9.682,9.1039,10.157,10.584,10.692,10.584,11.227,11.441,10.652,10.143,9.458,8.1778,6.7622,5.4518,12.061,13.992,15.054,15.895,15.723,14.474,13.796,13.535,13.493,14.265,14.124,14.033,15.064,13.9,13.408,13.992,13.408,12.941,13.461,13.365,13.007,11.565,11.676,11.725,10.825,11.478,12.061,12.12,10.812,9.1976,10.503,13.225,14.863,17.215,17.24,17.405,16.581,16.364,15.732,15.723,15.586,15.895,15.54,15.895,15.392,16.744,17.454,17.413,17.24,17.115,17.795,17.405,17.348,17.931,16.981,17.413,18.596,17.795,17.714,15.42
12.733,13.716,15.549,16.926,16.184,16.593,13.958,14.728,12.567,10.899,11.595,10.387,7.9304,9.6478,9.5312,10.534,9.8343,11.607,8.6065,10.64,10.627,8.7992,12.376,10.705,12.567,10.783,10.156,7.8061,6.9539,5.6942,12.342,13.878,14.226,14.314,14.963,14.236,14.236,13.998,14.382,12.787,14.285,14.813,13.837,13.228,12.567,14.517,13.726,13.344,13.837,11.986,12.733,13.837,10.101,11.215,10.783,11.001,11.679,11.643,11.203,9.7486,9.3536,12.342,16.287,16.926,17.05,18.069,17.575,17.575,15.414,14.728,14.963,16.551,17.575,15.87,15.657,16.287,16.466,17.342,17.725,16.551,20.236,17.772,17.725,18.069,19.062,19.223,18.572,16.08,16.287,14.972
12.758,13.724,17.027,15.683,14.203,15.215,13.479,13.281,12.143,11.604,10.976,9.5091,8.5866,8.456,7.8414,4.9762,11.52,8.0515,8.7789,8.5052,9.5091,9.3468,10.077,10.563,11.325,11.411,9.5091,8.0342,6.7136,5.004,12.028,13.876,13.845,14.551,13.805,14.627,13.694,12.747,13.448,14.854,13.714,14.015,13.684,13.694,13.561,12.877,14.203,13.218,13.187,13.479,12.348,12.681,11.853,11.177,10.861,11.387,12.359,11.712,10.68,9.1056,8.7312,12.769,15.868,17.084,17.278,16.36,16.763,16.146,15.333,15.405,15.824,16.411,14.807,14.994,15.224,17.47,17.692,18.004,16.487,16.479,16.879,16.788,17.534,17.629,17.684,19.352,19.113,16.887,16.763,15.378
13.235,15.84,14.87,13.568,16.154,14.72,13.034,15.019,13.055,11.182,11.182,10.62,9.5136,11.195,6.7581,10.672,6.1768,7.9334,11.367,10.246,9.2313,9.7307,8.9712,10.027,11.195,10.192,9.0331,6.3546,6.0169,5.6097,12.138,13.761,14.936,15.84,14.596,14.404,13.932,13.882,14.052,13.288,13.932,14.336,15.304,13.721,13.454,13.721,13.721,12.274,13.69,12.045,12.937,12.588,12.851,12.588,10.368,11.132,12.354,12.034,11.195,9.2162,9.6877,13.288,14.414,15.093,17.542,17.471,16.862,16.529,15.954,13.527,14.209,15.019,17.857,15.112,17.018,16.796,16.436,14.945,18.5,16.796,16.92,16.829,16.436,15.69,17.95,16.688,15.367,16.763,16.895,15.521
13.14,14.669,12.298,15.306,15.82,13.734,11.765,13.981,9.4509,12.391,11.116,10.896,7.7043,9.8211,10.684,9.0971,10.164,10.684,11.332,10.276,10.372,10.817,10.737,10.961,10.164,10.276,9.3447,8.0308,6.9651,5.342,11.507,13.682,15.82,14.334,16.247,14.532,14.103,14.022,13.858,14.591,15.883,14.334,14.881,14.581,14.581,13.355,14.144,13.483,13.355,13.398,13.619,12.205,11.47,11.154,11.728,12.182,11.945,11.728,10.684,9.8066,10.276,12.698,13.619,16.07,17.26,17.523,16.035,17.002,14.958,16.638,19.231,15.278,18.887,15.409,15.856,16.062,17.949,16.774,17.949,17.169,17.758,18.194,17.002,16.638,17.376,17.918,18.163,17.4,17.227,15.784
13.621,15.64,15.557,14.854,14.959,14.104,14.513,13.356,12.999,11.433,11.27,9.822,10.165,9.512,7.9421,9.6313,9.0979,9.6313,9.822,9.6313,10.685,10.207,10.962,10.685,10.373,10.137,9.4669,7.5931,6.6083,6.0913,12.112,14.777,15.298,14.533,14.959,14.777,14.435,13.983,13.901,14.533,13.621,14.67,15.045,14.104,14.355,14.435,13.227,13.452,14.104,13.621,13.195,12.183,11.717,11.014,11.32,11.232,11.717,11.014,10.604,9.1292,11.668,14.023,16.072,16.107,17.037,17.622,17.046,16.072,15.308,16.072,14.533,14.777,17.037,16.596,16.072,16.275,16.894,17.5,17.759,18.522,17.394,17.951,17.759,17.104,17.759,17.336,18.79,17.759,17.204,14.815
12.919,14.667,15.854,15.527,15.573,14.333,13.867,13.785,12.864,11.715,10.683,10.603,10.163,10.205,10.749,8.8417,9.5551,9.8202,10.316,9.8202,10.643,10.535,10.802,10.576,10.894,9.9787,9.45,7.6478,6.4982,5.2607,11.763,13.65,14.966,14.966,15.573,14.382,14.589,14.102,14.021,14.333,13.513,14.223,15.042,13.481,13.481,13.095,14.112,13.354,13.386,13.513,13.386,12.003,11.469,11.318,11.715,11.469,11.944,11.715,10.816,9.45,9.8056,13.449,15.202,16.619,17.242,17.756,17.635,16.06,15.49,16.033,14.774,15.042,16.687,15.499,16.033,16.891,17.333,17.497,17.852,17.7,19.698,17.101,18.145,17.828,17.333,17.399,18.418,17.852,16.975,15.49
13.126,15.485,15.291,15.992,15.622,14.721,13.875,13.605,12.458,11.752,10.153,10.251,10.153,9.0877,8.8334,9.2122,9.1812,9.6648,9.84,9.6205,10.195,10.726,11.421,11.001,11.219,9.5013,9.6205,7.8792,6.9579,5.2558,11.992,13.875,15.037,14.799,14.566,14.76,14.497,13.668,13.437,14.209,13.511,13.916,14.885,13.844,13.668,13.384,13.605,13.352,13.213,13.352,12.852,12.32,11.421,10.884,11.992,11.32,12.099,11.789,10.739,9.0877,10.525,13.18,15.622,16.96,17.931,18.152,17.018,16.757,17.027,16.757,15.558,15.028,17.739,16.009,17.448,16.96,17.739,17.667,18.238,18.64,18.238,17.667,17.226,17.675,17.243,18.058,18.67,17.643,17.618,15.476
13.196,14.459,14.977,14.866,14.021,14.217,13.425,13.332,13.005,12.008,10.843,9.8371,8.9517,8.5719,8.2253,9.8371,9.7947,9.7094,9.7947,9.5366,10.452,10.531,10.452,11.367,10.855,10.115,9.5366,7.828,5.9574,5.37,12.031,13.902,15.079,14.668,14.903,14.828,14.169,13.701,14.149,13.701,14.149,14.227,13.782,14.256,13.425,13.991,13.66,13.164,13.456,12.66,12.282,12.516,11.391,11.367,10.662,11.17,11.549,11.367,10.995,9.7094,10.019,12.823,15.307,15.558,17.662,17.536,17.144,16.801,15.656,16.015,14.866,15.558,15.656,15.841,15.832,17.504,17.504,17.536,17.504,18.011,17.504,17.973,18.157,17.192,16.332,17.654,17.693,17.973,16.825,15.496
12.928,14.577,15.376,15.274,14.963,14.848,14.048,13.647,12.694,12.001,11.266,9.9338,9.7454,9.0944,9.1257,9.219,9.9338,10.203,10.259,10.694,10.6,11.329,11.01,10.892,10.747,10.076,9.0944,8.1518,6.228,5.7766,12.467,14.25,15.039,15.274,14.419,14.732,14.429,13.595,13.895,14.018,13.977,14.099,13.615,14.38,13.351,13.926,14.018,13.895,13.595,12.828,12.928,11.858,11.429,12.049,10.533,11.01,11.858,11.228,11.266,9.6276,10.133,12.861,15.57,16.163,16.997,17.493,17.688,16.581,16.972,16.216,15.302,16.452,16.277,16.101,16.003,17.904,16.972,17.461,18.446,17.912,18.071,18.157,17.395,17.68,16.888,17.68,17.952,17.825,17.198,15.716
13.587,15.191,15.182,15.479,15.405,15.069,14.102,13.085,12.921,12.323,11.323,10.728,10.595,9.6667,10.364,9.3369,9.214,9.9284,10.364,10.071,11.145,10.028,11.222,11.004,10.595,10.197,9.6224,7.9348,6.6022,5.2839,11.755,14.182,15.097,15.172,15.405,14.801,14.092,13.681,14.322,13.878,14.092,14.686,14.578,13.857,13.97,13.608,13.919,13.258,13.44,13.258,12.91,11.851,11.791,11.755,11.222,11.547,12.323,11.657,10.952,9.4582,10.364,13.344,15.561,16.048,17.484,16.955,17.287,16.675,16.546,15.479,15.488,14.724,16.048,16.269,15.87,16.057,17.246,17.67,17.557,18.155,18.916,18.061,18.124,18.257,17.155,16.988,19.4,17.451,17.508,15.368
13.263,14.965,15.743,15.087,14.786,14.624,13.793,12.942,11.734,11.913,10.668,10.058,9.9598,9.5566,9.0118,9.8605,9.151,9.8605,9.5566,10.197,10.928,10.415,11.345,10.615,10.668,10.183,9.6006,7.8806,5.9974,4.8873,12.296,14.085,15.012,15.087,14.274,14.662,13.874,13.494,13.295,13.995,13.945,14.274,14.274,14.469,14.881,13.874,13.823,13.915,14.556,12.822,12.745,11.853,11.913,11.626,11.382,11.332,11.626,11.443,10.928,9.9032,10.293,14.145,14.469,17.308,16.467,16.467,17.071,16.603,15.947,15.189,14.928,14.852,14.556,16.33,16.123,16.261,15.947,16.595,18.402,17.071,17.621,16.872,16.996,17.717,17.621,17.82,18.379,17.501,17.82,15.699
13.278,14.982,15.778,14.572,14.982,14.02,14.16,12.846,12.78,11.282,10.627,10.194,10.208,9.1302,8.2895,10.139,9.1302,9.0838,9.8712,9.684,10.614,10.824,11.157,11.157,10.824,10.139,9.0683,7.5982,6.9192,5.4119,11.973,14.101,15.01,15.094,14.716,14.716,13.602,13.767,13.267,13.767,13.425,13.53,14.783,14.24,14.259,14.368,12.78,13.278,13.53,13.278,13.182,11.723,11.639,11.157,11.257,11.195,11.926,11.431,10.732,9.0683,10.194,13.128,15.094,16.782,17.569,16.664,16.99,15.929,15.39,15.426,13.889,13.838,15.76,15.426,15.778,15.472,16.166,16.655,17.839,17.957,17.8,17.456,18.276,17.13,17.383,17.188,18.391,17.902,17.792,15.454
15.114,16.114,16.882,16.81,16.494,16.713,15.431,15.087,13.975,13.017,12.072,10.998,11.107,11.01,9.3566,11.383,10.509,10.949,11.709,10.8,11.524,11.835,12.116,11.663,11.663,10.837,9.9157,8.884,6.7471,5.2929,12.819,15.879,16.165,16.388,16.248,15.614,15.553,15.265,15.579,15.785,15.484,15.605,16.519,15.605,15.759,16.289,15.484,15.57,14.569,14.753,14.569,13.212,13.14,12.38,12.84,13.534,13.653,12.478,12.116,10.38,11.01,14.458,16.681,17.439,19.763,19.203,18.43,17.623,17.859,17.919,16.031,16.413,15.811,17.994,17.768,17.562,18.254,19.315,19.041,19.729,19.695,18.605,18.807,19.537,18.342,19.865,19.695,19.147,18.195,17.276
13.282,15.214,15.195,15.489,14.695,14.695,13.854,12.773,12.85,12.115,10.219,9.7963,9.6219,9.0474,8.9059,8.7621,9.753,9.4143,10.219,9.9252,10.94,10.438,10.953,11.207,10.679,9.8824,9.2784,8.127,6.0575,5.3393,12.138,13.905,15.325,14.999,14.176,14.354,14.066,13.711,13.905,13.711,13.659,14.146,13.545,14.588,13.409,14.588,13.711,13.976,14.146,13.545,12.861,11.796,11.37,11.736,10.626,11.358,11.88,11.88,10.679,9.7675,10.546,13.068,14.914,16.401,16.367,17.034,16.547,16.158,15.769,14.695,15.036,15.214,14.695,14.588,15.689,16.884,15.947,16.495,17.859,17.009,16.876,16.367,16.951,17.297,16.367,17.034,18.095,17.403,16.367,14.961
12.843,15.029,14.953,15.029,15.289,14.61,13.538,13.434,12.588,12.431,10.46,9.9767,9.2737,9.0427,8.7576,8.9013,10.019,9.7913,9.1358,10.145,9.7913,10.103,11.289,10.673,10.473,9.9767,9.7913,7.894,6.2153,5.2567,11.933,14.019,14.953,15.029,14.792,14.991,13.938,13.776,14.169,13.704,14.376,14.288,13.816,14.687,13.307,14.687,14.139,13.847,13.538,12.755,12.039,11.79,10.752,11.754,10.947,11.438,11.658,11.264,10.895,9.92,9.69,13.115,15.788,16.876,15.974,16.942,16.246,16.054,16.15,15.481,15.463,15.436,14.963,15.326,14.878,16.876,16.401,17.803,17.362,16.666,17.297,17.124,16.876,16.942,16.876,16.942,17.141,17.467,17.288,15.481
13.707,15.109,15.023,15.437,15.585,14.908,13.676,13.24,12.766,11.967,9.955,10.294,9.3619,9.1452,9.1609,8.7777,9.6482,9.5287,10.225,9.955,10.294,10.623,10.717,10.281,10.515,9.6482,9.8683,8.1867,6.6199,5.4578,12.027,14.36,15.53,15.74,14.725,14.41,14.22,13.422,13.218,14.129,14.048,14.608,13.894,14.41,13.476,13.811,14.17,13.507,13.645,13.218,12.597,11.75,11.847,11.737,10.837,11.29,12.494,11.737,10.916,9.8683,9.6926,13.676,15.631,17.863,16.521,17.076,16.805,16.382,15.53,15.52,14.46,15.74,14.608,15.603,14.559,16.805,16.18,16.899,17.367,17.424,17.234,17.424,18.109,17.951,16.338,16.924,18.109,18.415,17.201,14.995
13.533,15.417,15.417,15.537,15.128,15.061,13.877,13.363,12.305,11.723,10.212,9.8558,10.17,9.0708,10.323,8.3663,9.3347,9.3347,10.323,10.281,10.501,10.69,10.703,10.61,10.142,9.7538,9.1023,7.4448,6.4141,5.0425,11.808,14.121,14.677,14.976,15.128,15.09,13.897,13.866,14.03,14.342,13.877,13.938,14.784,13.49,14.121,13.877,14.342,13.016,13.897,13.897,13.405,11.952,11.514,11.237,11.674,11.563,11.771,11.868,10.757,9.196,10.529,13.373,15.72,17.012,17.582,17.254,17.212,17.113,15.946,16.115,14.861,14.589,15.611,15.052,15.128,16.466,17.451,16.707,17.402,18.708,18.142,18.244,17.864,17.509,17.212,17.476,18.031,18.142,17.079,15.193
13.273,14.977,15.173,14.939,15.014,14.489,14.096,13.525,12.097,11.647,10.065,10.204,9.753,8.7813,9.753,8.2355,9.5636,9.4004,10.463,9.9105,10.463,10.423,10.742,11.191,10.19,9.4004,8.8927,7.5398,6.7103,5.305,11.862,13.793,14.749,14.892,14.567,14.431,14.016,13.639,13.294,13.639,13.69,13.955,14.749,13.884,13.834,14.096,13.762,13.598,13.305,13.598,12.82,12.12,11.743,11.191,11.452,11.647,12.12,11.969,10.885,9.9105,10.3,13.955,14.673,17.272,16.776,17.124,17.108,15.611,16.239,15.611,14.863,14.939,14.948,15.274,14.892,16.884,16.984,16.134,17.514,18.771,18.575,16.884,18.045,17.255,16.984,17.32,18.013,17.45,17.32,15.274
12.732,15.096,15.03,15.478,15.181,14.578,14.091,13.343,12.92,11.851,10.951,10.155,10.197,9.1361,9.4578,8.6062,9.622,9.7981,9.622,10.028,10.635,10.635,10.363,10.675,11.106,9.5477,9.0735,7.6976,6.5151,5.2567,11.851,14.04,14.519,14.361,14.656,14.568,13.857,14.322,14.371,14.091,14.578,14.182,14.322,13.503,13.969,14.091,14.131,13.471,13.857,13.639,13.204,12.183,11.31,11.46,11.31,10.807,11.106,11.754,10.267,9.6663,11.003,13.608,15.77,16.048,18.365,17.451,17.894,17.088,16.58,15.869,15.487,15.115,16.58,16.623,16.709,16.709,18.06,17.942,17.814,17.934,18.272,18.178,16.554,18.131,17.814,17.942,18.643,18.87,17.621,15.561
13.775,14.5,16.057,15.266,15.488,14.421,14.569,13.471,12.563,11.995,11.323,10.675,9.1364,9.5032,7.8807,9.8419,9.3368,9.6666,9.5032,10.267,10.675,10.267,10.364,11.31,10.808,10.253,9.0895,7.6422,6.5153,5.0636,12.101,13.514,14.869,14.955,14.955,13.97,13.888,13.97,13.878,14.421,13.97,14.01,14.763,14.212,14.091,14.569,13.671,13.919,13.608,13.344,13.215,12.276,11.851,10.794,11.547,11.935,12.101,11.791,11.221,9.6223,10.308,13.97,15.543,16.853,17.378,17.287,17.03,16.879,15.516,17.088,14.83,15.405,16.581,15.516,16.709,16.718,16.954,17.557,17.903,19.133,19.133,17.557,17.743,17.67,17.67,17.557,18.505,17.614,17.03,16.021
12.809,14.862,15.376,15.276,14.637,14.456,14.018,12.809,12.744,11.63,11.168,10.058,9.2091,9.194,7.9143,9.4907,9.194,9.6786,9.8911,9.8349,10.66,10.222,10.955,11.254,10.84,9.194,9.5344,7.8262,6.6591,5.2116,12.005,13.494,14.637,14.75,14.561,14.302,13.778,13.728,13.484,13.819,14.126,14.175,14.175,14.018,14.175,13.909,13.203,13.318,13.453,13.778,13.034,12.108,11.689,11.254,10.595,11.653,11.558,11.254,10.802,9.4907,10.45,13.422,15.705,15.652,17.571,17.245,16.218,16.26,16.218,16.115,15.303,15.652,16.455,16.26,16.756,16.396,17.14,16.977,17.269,17.876,18.365,17.992,17.992,17.188,17.5,16.48,17.992,17.814,16.855,14.862
12.731,14.312,15.196,15.359,14.571,14.234,13.213,13.044,12.117,11.2,10.55,9.7995,9.8419,9.2157,8.1955,10.01,8.9405,9.0944,9.3798,9.7142,10.667,10.654,11.275,10.55,10.12,9.9958,9.3353,7.4504,6.5165,4.8571,12.025,13.708,14.466,14.873,14.695,14.028,14.057,13.919,13.677,14.389,13.697,14.185,14.845,13.677,13.909,13.859,13.596,13.545,13.462,13.171,12.958,11.839,11.839,11.311,10.861,11.78,11.839,11.506,10.81,9.0024,9.6712,12.489,14.263,15.566,17.827,17.417,16.768,15.84,15.717,15.84,14.533,14.312,16.126,17.377,16.635,16.229,16.635,16.965,18.559,18.348,18.506,17.607,17.393,17.943,17.457,17.281,17.889,17.709,16.965,15.566
13.532,15.129,15.732,15.317,14.756,14.6,13.948,12.714,12.221,11.334,10.33,10.05,9.1402,9.1402,9.4632,8.7074,9.2026,9.2337,9.9496,9.7609,10.219,10.711,10.975,10.91,10.536,9.6429,9.1559,8.1472,6.0987,5.0744,12.068,13.999,14.717,14.92,14.794,14.452,14.04,13.468,13.286,13.948,13.286,13.999,14.452,13.999,13.5,14.04,13.948,13.233,13.5,13.637,13.058,11.347,11.485,11.547,11.284,11.435,11.731,11.435,10.33,9.2337,10.386,13.637,15.298,16.787,17.66,17.66,17.091,15.903,16.029,15.732,15.072,15.401,17.225,16.091,15.659,17.024,17.724,17.125,17.324,18.843,18.296,17.521,17.643,17.464,17.091,17.266,18.843,17.66,17.464,14.531
13.618,14.796,15.578,15.15,14.601,14.244,13.639,12.761,12.199,11.285,11.348,9.864,9.6291,8.7738,7.8984,9.7619,8.4583,9.0941,9.4642,10.178,10.276,10.178,10.976,10.752,10.832,10.051,9.2346,7.603,6.0994,5.3495,11.732,13.888,14.164,14.454,15.017,14.042,13.374,13.618,13.909,14.454,14.001,13.805,14.921,13.878,14.001,14.483,14.001,13.384,13.639,12.939,13.06,11.548,11.486,10.537,11.523,11.523,11.962,11.548,10.22,9.4793,10.659,12.861,14.902,16.19,17.975,17.425,17.983,16.917,17.001,17.093,14.863,15.44,15.624,16.592,17.285,16.789,17.285,17.227,18.102,17.718,18.685,17.523,17.417,16.618,17.417,16.789,18.446,17.425,16.305,15.402
13.386,14.836,14.798,15.066,14.613,14.135,13.375,13.503,12.41,12.13,11.248,9.4654,9.3437,9.359,8.3229,10.221,9.2048,9.6896,9.5257,9.6896,10.277,9.8652,11.017,10.539,10.388,10.221,8.8237,7.79,6.1001,5.3768,11.286,13.418,14.396,14.003,14.836,13.91,14.356,13.91,13.91,14.406,13.64,13.91,14.613,14.216,14.396,14.455,14.003,13.375,13.246,13.386,12.863,11.783,11.349,10.714,11.375,11.77,11.45,11.171,10.388,9.4805,10.833,13.546,14.276,15.552,18.479,17.525,17.229,16.131,16.272,16.586,15.889,16.05,15.907,15.844,16.412,17.468,18.479,17.712,17.985,17.599,18.425,18.448,16.995,16.095,17.664,17.328,17.402,17.525,16.245,15.442
13.009,14.71,15.897,15.588,15.132,14.206,14.115,13.205,12.516,12.015,10.76,10.504,10.088,9.105,10.144,8.6377,8.6212,9.9453,9.6387,9.8296,10.707,10.586,11.241,11.442,9.9883,9.1363,9.1987,6.9711,6.6993,5.3466,11.542,14.034,14.386,15.542,14.544,13.746,13.798,14.156,13.367,13.377,13.993,13.911,14.115,14.593,14.267,13.053,13.942,13.281,13.901,13.281,13.009,12.309,11.164,11.48,11.022,11.726,12.344,11.566,11.279,9.6387,10.215,13.367,15.734,17.051,17.636,17.481,17.217,16.907,16.514,15.31,15.31,14.827,16.261,15.87,16.084,16.738,17.259,17.7,18.467,17.587,18.436,17.587,17.514,17.636,17.059,17.773,17.933,17.242,17.184,14.593
13.525,15.055,15.421,15.093,15.206,15.14,14.445,12.942,13.008,12.191,10.904,9.9446,9.1043,9.4585,9.4736,8.9619,9.0886,9.6381,9.8144,10.144,10.759,9.6381,10.825,10.825,10.172,9.6381,9.1357,7.5038,6.5259,4.8412,11.955,13.941,14.68,15.093,14.266,14.445,14.064,13.28,13.462,13.366,14.155,14.543,13.536,14.543,13.662,14.155,14.395,13.63,13.941,13.106,12.308,12.481,11.125,11.81,10.692,11.341,11.737,12.203,10.706,10.045,10.27,13.398,15.008,16.582,17.216,17.108,17.049,16.26,16.779,15.43,15.131,15.949,14.979,16.119,15.587,17.635,17.651,18.154,18.396,18.035,17.513,17.316,18.091,17.844,17.537,17.643,17.868,18.271,16.881,14.893
13.537,15.22,15.883,15.555,15.069,14.458,14.278,13.162,12.686,11.173,10.293,9.8669,9.3606,8.8252,9.3453,8.3587,9.1596,8.7764,9.7648,10.096,10.662,10.835,10.554,11.288,10.279,9.8379,9.7648,7.7174,6.2404,4.7862,12.226,13.954,14.993,14.839,15.069,14.005,13.954,13.81,13.118,13.506,13.548,14.694,15.583,14.137,13.923,14.005,13.388,13.643,14.005,12.954,12.595,11.748,11.965,11.881,11.173,11.032,12.481,11.25,10.554,9.6468,10.622,12.446,16.133,17.29,17.065,17.331,16.528,16.275,15.583,15.435,14.8,15.883,15.601,15.304,14.606,17.43,16.301,17.232,17.94,17.723,17.528,16.484,18.264,18.178,16.623,17.667,18.288,17.948,17.232,15.021
13.637,15.52,16.267,15.794,15.014,14.392,13.382,12.948,11.546,11.447,10.509,9.9491,10.177,8.707,9.2022,9.8334,8.8537,9.3411,10.092,9.4779,11.283,10.657,11.027,10.764,10.909,10.617,9.4779,8.1819,6.0514,5.4546,12.02,13.917,15.072,15.326,15.128,13.999,13.999,13.286,13.414,13.372,13.468,14.871,15.128,14.986,14.242,13.886,13.499,13.637,13.948,12.487,12.197,12.406,11.731,12.314,11.027,11.283,12.02,12.02,11.434,9.6425,10.549,13.21,15.74,17.422,16.658,17.249,17.356,16.091,15.794,14.919,14.861,14.919,15.298,16.364,15.428,15.957,17.249,16.998,17.804,17.521,17.715,16.477,17.98,18.043,16.615,16.718,18.17,17.94,17.932,15.316
13.54,14.765,15.217,15.401,14.583,14.505,13.277,12.668,11.792,10.897,10.09,9.7924,9.6181,9.0438,7.8411,9.4106,9.2747,9.0749,9.5001,9.7636,10.753,10.474,10.146,10.541,10.312,9.4106,9.0438,7.7325,5.9375,5.2304,12.261,13.404,14.299,14.349,14.447,13.94,13.777,13.612,13.319,14.111,13.612,13.777,14.955,14.031,14.349,14.061,13.571,13.787,13.309,13.435,12.834,12.134,11.165,10.948,10.948,11.203,11.732,11.291,10.948,9.0438,9.574,13.287,15.483,16.54,17.517,17.299,17.678,16.54,15.79,16.472,15.04,14.955,15.79,15.941,15.914,17.396,17.233,17.29,17.339,17.598,17.29,16.463,16.936,17.126,16.794,16.969,17.469,18.088,17.003,15.772
13.54,15.127,15.108,14.913,15.127,14.273,13.775,13.447,12.15,11.231,10.051,9.7118,9.5232,8.7918,9.826,8.0807,8.9958,8.9958,9.7118,10.037,9.7404,10.565,10.147,10.774,9.9249,9.967,8.452,7.9237,6.4481,5.4387,11.812,13.301,14.066,15.034,14.224,14.505,13.581,13.775,13.581,13.704,14.036,13.946,14.715,13.734,13.468,13.745,13.826,13.248,13.079,13.248,12.788,11.729,11.143,10.89,11.342,10.89,12.046,11.106,10.419,8.9802,10.147,12.556,14.829,15.83,17.304,16.384,16.813,16.452,15.847,15.988,14.96,14.273,16.452,14.8,14.534,17.036,17.207,17.036,17.376,18.215,17.207,16.78,17.207,16.316,16.705,16.307,17.718,17.631,17.328,14.941
13.942,15.098,15.21,14.967,14.729,14.449,14.301,13.14,12.124,10.755,10.462,9.5014,9.1689,8.6464,8.5809,8.0376,9.1381,8.5149,9.7938,10.217,10.313,10.217,10.755,11.355,10.516,9.7938,9.276,7.6602,6.3958,5.2311,11.983,13.901,14.585,14.967,14.113,14.301,13.614,13.31,13.656,13.279,13.82,14.292,14.429,13.707,12.67,13.85,13.15,13.289,13.942,12.502,12.847,11.441,11.091,11.936,10.742,11.367,12.502,11.661,11.404,9.8798,9.7938,13.14,16.189,16.972,17.301,16.5,17.293,16.362,15.023,14.758,15.117,15.485,16.058,15.485,13.779,17.145,16.18,17.342,17.656,17.104,18.183,17.342,16.997,17.293,17.071,18.043,18.62,18.168,16.796,14.691
13.589,14.742,15.539,15.263,15.094,15.009,13.99,13.494,11.978,11.506,10.349,9.828,9.0766,8.5279,9.6087,7.687,9.7263,9.0766,10.183,9.4897,10.183,9.828,10.252,10.792,10.792,9.3084,9.0766,7.6313,6.0771,4.3952,11.774,13.651,14.351,14.742,14.341,13.858,13.99,13.336,13.589,13.95,13.899,14.021,13.899,13.837,14.021,13.95,13.42,13.196,13.336,12.814,12.27,12.084,11.307,11.244,10.988,10.792,11.774,11.738,10.472,9.799,10.113,12.836,14.809,16.728,17.064,17.164,16.829,15.999,15.847,15.539,15.383,15.99,15.16,15.847,15.263,17.645,16.531,17.031,18.13,17.917,17.427,16.728,17.877,16.549,16.685,17.427,18.746,17.814,17.263,15.494
13.284,14.897,14.887,14.859,14.453,14.299,13.776,13.201,12.276,11.362,10.124,9.7053,9.6624,9.1922,9.6624,8.5683,8.487,9.1922,8.9478,9.7053,9.931,10.056,10.056,10.124,9.6624,9.2073,8.4379,7.7714,6.0012,4.7078,11.301,13.583,13.846,13.896,14.123,13.846,13.896,13.253,13.074,13.725,13.419,14.25,13.419,14.211,14.172,13.685,13.419,13.816,13.419,12.817,12.72,11.651,11.066,11.153,11.066,10.851,11.592,11.687,10.851,9.0861,9.4888,12.511,14.52,15.345,16.727,17.12,16.452,15.345,16.486,15.081,14.98,14.596,15.587,16.249,15.825,16.851,17.377,17.496,17.441,17.137,17.965,17.265,16.619,17.241,16.486,16.519,17.52,17.369,16.974,14.822
13.426,14.999,14.612,14.543,15.161,14.011,13.815,13.244,12.486,12.078,11.14,10.394,9.1165,8.5654,9.5764,8.0301,9.2414,9.1165,9.1165,9.4711,10.171,9.8421,10.228,10.394,11.178,10.001,8.7147,8.1012,5.9853,4.9356,11.777,13.511,13.888,14.174,14.011,14.464,13.628,13.394,14.405,14.011,14.255,14.285,14.255,13.898,14.083,14.405,14.494,14.011,13.426,13.254,12.948,11.457,11.036,11.255,11.344,11.494,11.556,11.741,10.827,9.5315,9.5764,13.394,15.33,17.239,17.164,17.82,16.492,17.005,16.422,15.562,15.589,15.635,14.612,15.971,15.414,17.503,17.297,17.723,17.996,17.609,17.956,16.929,18.202,16.621,17.005,17.106,18.115,17.372,17.796,15.89
13.355,14.919,15.359,14.91,14.621,14.338,13.471,12.879,11.907,11.519,10.243,9.5995,9.4356,9.0522,7.5304,9.6437,9.0679,8.5363,9.4206,9.5995,10.229,10.339,10.964,10.977,10.61,10.173,9.2994,7.5304,6.0712,4.7923,11.715,12.879,14.338,14.377,14.919,14.338,13.607,13.649,13.576,14.338,13.814,13.977,15.257,14.485,14.805,14.416,13.576,13.355,13.184,13.855,12.802,11.727,11.678,11.233,11.296,11.715,12.142,11.283,10.861,9.0991,10.004,12.293,15.033,16.584,17.564,17.515,16.712,16.584,16.195,16.054,15.08,14.948,15.479,16.72,16.334,16.447,17.189,16.923,17.205,17.701,18.599,17.345,18.599,17.345,16.256,17.246,18.453,17.564,17.189,14.995
13.709,14.349,14.729,15.254,14.301,14.155,13.434,12.984,11.755,11.637,10.207,9.6935,9.665,8.937,8.0417,9.6506,8.6701,9.0446,9.5209,9.3007,10.002,10.044,10.567,10.645,9.9745,9.4773,8.9524,7.3786,6.1532,4.8468,11.673,13.403,13.998,14.729,14.204,13.829,13.465,13.185,13.403,13.153,13.465,13.829,14.301,13.516,14.349,13.879,13.759,13.759,13.678,13.016,12.661,11.251,11.348,11.287,11.139,11.287,11.348,11.577,11.09,9.4773,10.207,12.194,15.309,17.116,16.707,17.164,16.499,16.986,15.282,15.63,14.841,15.524,15.054,16.373,15.815,16.237,16.798,17.188,18.158,17.882,18.579,17.292,17.412,17.34,16.699,16.126,16.986,17.356,16.831,14.155
12.956,14.805,15.257,15.451,14.485,14.148,14.288,13.355,12.293,11.69,10.61,10.047,9.5995,9.0991,7.916,9.1921,9.0366,8.005,9.0366,9.0679,9.8185,10.131,10.57,10.861,9.7896,9.5995,8.5861,7.624,6.412,5.2444,11.233,13.742,14.338,14.416,14.728,14.208,13.742,14.098,14.179,13.481,14.058,14.208,14.058,14.007,13.151,14.728,13.742,13.576,13.638,12.533,12.42,12.143,11.966,11.119,11.233,11.383,11.678,11.296,10.489,9.6437,9.2994,12.791,15.524,16.635,17.246,17.41,17.41,16.678,16.098,15.368,15.359,16.195,15.257,15.506,16.01,17.279,17.86,18.322,18.728,17.9,18.384,17.172,17.852,17.147,17.015,17.015,17.58,17.58,17.172,15.442
12.974,14.858,15.45,14.95,14.29,14.424,13.505,13.258,12.705,11.242,10.321,9.189,9.47,8.3057,8.2055,8.9763,8.6953,8.6953,9.47,9.6432,10.199,9.9113,10.969,10.829,9.6432,9.5136,9.2935,7.6485,6.4976,4.843,11.746,13.748,14.29,14.29,14.348,14.095,13.868,13.465,13.393,13.393,13.556,14.017,13.789,14.193,12.694,13.868,13.465,13.423,13.133,12.824,12.651,11.909,11.044,11.569,10.714,10.931,11.604,11.521,10.829,10.036,10.199,13.393,15.243,16.225,17.151,17.533,16.495,15.898,16.08,15.458,15.759,15.458,16.486,16.216,15.315,17.103,16.883,16.916,17.533,17.485,17.968,18.572,17.279,17.619,16.785,16.486,16.957,17.493,17.014,14.605
13.32,14.792,14.483,14.917,14.792,14.831,13.842,12.866,12.14,12.257,10.46,9.9031,8.4179,8.6011,8.7319,8.6667,9.0663,9.1905,9.8168,9.6421,9.9031,10.241,10.541,10.241,9.7734,9.7734,9.0663,7.2413,5.7587,5.0226,11.761,13.342,13.739,14.384,14.176,14.335,13.605,13.573,13.883,13.688,14.176,13.573,13.437,14.725,13.149,14.85,14.483,13.052,13.739,13.052,12.621,11.628,10.963,11.281,10.976,11.117,11.078,11.18,10.5,10.129,9.5237,12.822,14.992,16.564,17.857,17.512,17.144,17.045,17.889,16.288,15.658,16.288,16.444,16.016,16.539,17.577,17.857,17.464,18.481,17.577,18.296,18.015,16.92,17.439,17.186,17.382,17.857,17.169,16.539,14.945
13.13,14.938,16.179,15.231,14.79,13.786,14.141,12.648,11.519,11.079,10.827,9.584,8.6139,8.4686,8.6139,7.3152,8.6936,9.3066,9.1873,9.1722,9.7693,9.9926,10.425,10.319,9.965,9.2917,9.1722,7.5197,5.9882,4.8421,11.907,13.503,15.039,14.855,14.649,13.866,13.172,13.287,12.451,13.635,12.703,13.905,14.602,14.422,13.287,13.625,13.462,12.692,13.39,12.627,12.25,11.338,11.531,11.849,11.24,11.042,12.306,11.626,10.712,9.6557,10.345,13.003,15.312,16.839,16.937,17.655,16.583,16.34,15.895,15.339,14.855,15.756,16.691,15.149,15.835,16.815,16.839,16.716,17.926,17.647,17.834,16.937,17.965,17.655,16.441,17.204,18.583,18.231,17.324,14.947
12.621,15.306,14.783,15.333,14.783,13.949,13.86,12.87,12.086,11.223,10.193,9.6801,9.6373,9.1683,9.9884,8.546,8.9862,9.032,9.6801,10.193,10.193,10.5,9.9884,10.42,9.8074,9.4642,8.2004,7.4243,5.9857,4.9804,11.235,13.166,13.74,14.184,14.783,14.087,13.78,13.156,13.78,13.415,13.124,14.135,13.899,13.69,13.899,13.25,13.384,13.25,13.384,13.156,12.784,11.739,11.308,11.037,11.037,11.514,11.971,11.902,11.223,9.2878,9.0625,13.124,14.415,15.758,17.849,18.314,16.3,17.035,16.35,16.07,15.368,15.015,16.3,15.306,15.749,16.873,17.64,17.003,17.475,18.561,18.694,17.522,17.035,17.092,17.919,17.1,17.764,17.035,17.003,14.596
13.949,15.797,15.3,15.13,15.073,14.404,14.072,12.883,12.315,11.373,10.818,10.276,10.387,9.2034,10.51,8.6256,9.3423,9.5693,9.9935,9.8202,9.8638,10.22,10.712,10.387,10.15,9.7617,9.1097,6.9542,6.4193,5.7862,11.781,13.638,14.123,14.532,14.601,13.416,13.533,13.406,13.234,13.67,13.638,13.805,14.601,13.701,14.123,13.373,13.416,12.927,13.212,13.416,13.533,11.744,11.683,11.486,11.548,11.131,12.304,11.744,10.832,9.094,10.051,13.384,14.796,16.305,17.782,17.645,17.878,16.618,16.375,15.742,14.988,15.215,16.797,15.439,16.618,16.891,17.059,16.592,18.156,18.753,19.472,17.523,17.068,17.425,17.49,17.001,17.942,17.974,17.49,15.3
13.357,15.537,15.42,15.026,14.527,14.363,13.768,13.072,12.682,11.579,10.045,9.7354,9.3558,9.2358,7.504,8.9756,8.5948,8.9911,8.9911,9.0375,10.087,10.045,10.453,10.678,10.413,9.2207,8.9911,7.6146,6.1572,4.9809,11.373,13.367,13.939,14.868,14.029,13.231,13.199,12.77,12.857,13.727,13.727,13.357,14.877,13.707,13.625,13.818,12.781,12.944,13.326,12.846,12.89,11.397,11.336,10.885,10.885,11.687,11.865,11.1,10.691,9.0375,9.7354,13.533,14.793,16.308,17.027,17.027,17.238,16.376,15.698,15.848,14.952,15.848,15.698,16.058,16.904,16.308,16.904,17.295,17.295,17.866,18.956,16.57,17.19,17.74,17.19,17.027,17.959,17.709,17.583,14.603
13.414,15.337,14.997,14.997,15.234,14.62,14.05,13.647,13.541,11.751,11.443,9.8697,8.5809,9.209,7.9572,9.6496,9.0837,9.3479,9.8261,9.9995,10.543,10.838,10.057,9.9995,10.099,9.6496,8.7789,7.4553,5.9844,4.9349,11.739,13.958,13.917,14.131,14.283,14.141,13.023,13.709,13.917,14.402,14.172,13.958,14.05,14.412,14.402,14.541,13.813,13.382,13.414,13.72,12.869,11.579,11.291,10.598,11.788,11.739,11.824,11.38,10.516,9.1152,10.184,12.946,14.462,16.628,17.237,17.72,16.799,16.799,16.602,15.914,15.149,14.698,15.559,16.279,16.102,17.078,16.901,16.722,16.671,18.55,18.27,17.985,17.336,16.628,17.533,17.993,17.656,18.23,17.262,15.309
13.744,14.505,15.856,15.355,14.272,14.61,13.774,13.206,12.069,11.03,10.418,9.74,9.74,9.5081,7.1846,9.7113,8.352,8.7914,8.7117,9.8256,10.161,9.9665,10.89,10.63,10.63,9.0418,7.9234,7.8526,6.3607,5.0112,11.621,13.498,14.677,14.35,14.193,13.825,13.467,13.216,13.078,13.744,13.865,13.825,14.272,14.505,13.986,13.498,13.467,13.206,13.248,12.787,12.195,11.585,11.633,11.305,11.205,11.633,12.161,12.045,10.89,9.4048,9.9245,12.161,15.126,16.587,17.035,16.854,16.401,16.307,15.607,15.4,14.533,14.884,15.382,15.847,16.065,16.578,15.758,16.578,18.214,16.779,17.874,17.01,17.067,17.271,15.705,17.495,18.676,17.929,17.936,14.572
12.684,14.774,15.502,15.226,14.601,14.396,13.917,12.276,12.241,11.996,10.487,10.089,9.3014,9.2862,9.8046,7.7421,9.0394,8.9134,9.7612,9.4222,10.033,10.159,10.528,10.159,10.228,9.7612,9.055,7.1339,6.0626,5.0444,11.89,13.722,13.917,14.983,14.774,13.988,13.722,13.462,13.619,13.917,13.957,14.396,14.307,13.866,13.825,13.556,13.336,13.133,12.85,12.948,13.079,11.77,11.662,10.962,11.179,11.613,12.125,11.28,10.701,9.1017,9.5711,12.85,14.668,16.146,17.312,17.295,16.62,16.233,15.639,15.236,14.465,15.702,15.809,15.961,15.502,16.561,16.484,16.172,15.961,16.957,17.675,17.024,17.835,16.815,17.024,17.603,18.079,17.579,17.418,15.952
13.589,15.431,16.173,16.173,14.928,14.289,13.826,13.209,11.281,10.911,10.118,9.7767,9.18,9.3024,7.1544,9.0403,8.6568,8.5085,9.8056,9.631,9.8917,10.229,10.215,10.649,10.215,9.4232,8.7704,7.1544,6.0632,4.5746,11.807,13.337,14.515,14.515,14.515,13.62,13.989,12.982,13.037,13.796,12.95,14.039,14.814,13.959,13.62,14.397,13.295,13.037,13.134,13.156,12.862,11.771,12.15,11.418,11.104,11.418,11.95,11.48,10.911,9.4232,9.5128,12.982,15.125,15.998,17.025,17.581,16.613,16.622,14.899,15.568,13.62,15.458,16.173,15.568,15.998,15.504,15.865,17.125,17.314,17.025,18.275,16.613,18.151,16.562,16.519,17.025,18.36,17.387,17.868,15.228
13.345,14.889,15.721,15.442,14.889,13.969,14.049,12.377,11.823,10.9,9.9762,9.8776,9.7063,8.542,9.5173,8.2592,8.4598,8.6072,9.0505,8.973,9.5173,10.102,10.628,10.887,9.4584,9.5759,9.0968,6.8939,6.3669,5.4437,12.057,13.387,14.383,14.7,14.286,13.959,13.387,12.908,13.48,13.218,13.48,14.237,15.039,14.079,13.909,13.218,13.387,12.479,12.734,12.612,12.344,11.74,11.303,11.438,11.414,11.644,12.734,11.438,11.352,8.9886,9.4584,11.987,14.441,15.479,17.344,17.727,16.107,17.051,15.039,15.415,15.039,13.959,15.906,15.551,15.251,15.479,16.425,16.928,16.142,17.837,18.498,16.055,16.795,17.084,17.287,17.263,18.694,17.608,17.774,15.03
12.807,15.024,14.504,14.939,15.249,14.504,13.361,12.984,12.401,11.645,10.256,10.352,9.1732,9.0641,10.116,8.1212,8.6796,9.1732,9.6121,9.0797,10.13,9.8024,10.144,9.9177,9.9606,8.9377,8.7448,6.9518,5.9611,5.3584,11.839,14.076,14.504,13.863,14.346,14.026,13.244,13.372,13.955,13.904,13.593,13.955,14.197,14.117,14.117,12.907,13.904,13.201,13.34,12.907,12.447,11.839,11.133,11.448,11.209,10.992,12.158,11.839,11.247,9.6121,8.7448,11.839,14.356,16.97,17.269,18.128,16.537,16.242,16.945,15.978,15.681,14.086,16.137,16.321,16.04,16.945,17.228,16.242,17.433,17.538,17.923,17.211,17.748,18.238,16.861,17.875,17.883,17.659,17.07,15.277
13.112,15.203,15.1,15.658,15.511,14.919,13.403,13.21,12.521,11.73,10.535,10.288,9.0926,8.8535,7.9512,8.8211,9.5229,8.7068,8.9018,9.7602,9.9489,9.6867,10.974,10.218,9.5678,9.8187,8.5744,7.1759,5.7854,4.3122,11.346,12.948,14.121,14.599,14.392,13.917,13.636,13.414,13.371,13.382,14.039,14.481,13.999,13.999,13.156,14.716,13.403,13.531,13.668,12.521,12.925,11.84,11.245,11.84,11.521,11.168,12.197,12.302,11.245,10.176,10.148,12.936,14.599,16.615,17.115,17.804,16.914,17.282,16.52,16.09,15.325,15.902,16.09,16.786,16.581,17.463,17.149,16.709,17.779,17.812,18.217,17.972,18.311,18.256,16.998,17.94,18.91,18.842,17.658,15.52
13.295,14.431,14.939,14.659,15.132,14.151,13.139,13.17,12.37,11.538,9.9716,9.8742,9.1934,8.0394,7.8833,8.9344,8.6994,8.4742,9.1783,9.1934,9.5181,8.9498,10.109,10.365,9.1783,9.1783,8.5553,7.4324,5.6604,4.8453,11.049,13.306,13.875,13.644,14.102,13.664,13.634,13.139,13.885,13.306,13.795,14.229,13.755,13.674,13.139,13.885,13.512,13.139,12.711,13.012,12.657,11.915,11.149,11.369,10.974,11.538,11.857,10.783,10.719,9.6907,9.3572,12.492,14.2,15.889,17.47,17.977,16.326,17.111,16.924,15.958,15.775,16.301,16.122,16.452,16.427,16.19,17.541,16.768,17.47,17.399,18.152,17.667,17.667,17.287,17.869,17.47,18.454,17.494,16.891,14.725
13.403,14.849,15.581,14.439,15.718,14.704,13.895,13.393,12.187,11.733,10.377,10.041,9.6344,9.0852,8.6997,8.5674,9.1009,8.6173,9.1945,9.2255,10.266,9.6344,10.21,10.377,9.1945,9.8107,8.5507,7.4244,6.2324,5.2634,11.769,13.393,13.936,14.439,14.028,13.53,13.488,13.625,13.488,13.53,14.23,14.15,13.361,14.15,13.792,14.26,13.657,13.74,13.488,12.338,12.669,11.537,11.236,11.324,11.017,11.159,12.613,11.236,11.004,9.6344,9.8107,13.403,15.889,16.254,17.668,17.925,17.21,17.628,16.9,15.943,17.051,15.424,15.303,17.628,16.704,17.53,17.837,18.084,17.837,18.202,18.296,18.528,18.028,18.978,16.593,17.449,18.17,18.773,18.705,16.068
13.288,14.857,15.314,14.866,14.192,14.289,13.505,12.694,12.452,11.627,10.636,9.1734,9.1884,9.1734,7.8965,9.7706,8.5508,9.3521,9.1734,9.1884,9.8128,10.145,10.36,10.558,10.426,9.8689,7.9488,6.8487,5.6816,4.6981,11.52,13.174,14.143,13.877,14.221,13.005,13.667,13.453,13.299,13.556,13.818,14.143,13.788,14.337,14.221,14.114,13.657,13.748,13.174,12.823,11.851,11.363,11.745,10.93,10.968,11.52,11.989,11.604,10.636,9.4694,9.6855,13.392,15.269,16.292,16.718,17.102,15.975,16.215,16.181,15.88,15.041,15.67,15.269,16.915,16.444,17.11,16.693,17.174,18.112,17.484,18.051,17.23,16.882,17.102,16.841,18.504,17.461,18.051,17.23,15.314
13.31,15.366,15.884,15.153,15.504,14.726,13.935,12.475,12.257,11.294,10.662,9.7884,9.5835,9.0667,9.7739,8.6671,9.16,8.585,9.0667,9.5983,10.172,10.241,9.9035,10.608,9.7884,9.16,9.1135,7.4157,6.0705,4.549,11.282,14.096,14.385,14.336,14.649,13.605,13.975,13.574,13.31,13.812,13.647,14.056,14.542,13.353,13.935,13.321,13.553,13.353,13.225,13.853,13.225,11.822,11.822,11.382,11.394,11.382,11.725,11.905,10.487,9.0667,9.7884,12.965,14.415,16.402,16.912,17.77,17.334,16.539,16.228,16.052,14.687,15.981,16.946,15.449,15.83,17.17,17.698,17.145,17.698,18.11,18.016,18.336,18.196,17.408,16.667,16.836,18.756,18.11,16.912,14.917
13.935,14.483,15.586,15.228,15.246,14.726,14.056,12.789,12.43,11.762,10.976,9.191,8.7324,8.585,7.9863,8.8131,8.1271,8.4183,9.3136,9.8174,10.338,9.6426,10.541,10.338,9.098,9.4795,8.585,7.4158,6.0237,4.9087,11.677,13.469,14.464,14.056,14.336,13.647,13.574,13.469,13.605,13.311,14.177,14.097,14.62,13.935,12.656,13.812,13.647,13.15,13.843,12.656,12.164,11.786,11.194,11.628,10.715,11.382,12.047,12.012,11.117,9.4345,9.5984,12.475,14.793,16.052,17.383,17.44,17.699,16.582,16.582,16.228,15.767,16.254,16.289,16.837,16.289,17.383,17.602,17.334,18.11,17.318,17.602,17.578,17.858,17.898,17.699,17.513,18.32,18.173,17.408,15.767
13.254,14.882,15.408,14.181,14.425,13.832,13.751,12.727,12.258,11.31,10.055,8.9686,8.9841,8.6677,9.9713,8.0842,8.9997,8.5215,9.3497,9.5273,10.463,10.055,9.8303,10.383,9.716,9.5273,8.4722,7.0903,6.1631,4.7269,11.347,13.223,13.505,13.74,13.587,13.638,13.474,12.902,13.474,13.962,13.872,13.962,13.37,13.254,14.22,13.223,13.453,13.223,13.085,13.254,12.727,12.201,11.148,10.53,11.148,11.542,12.051,11.148,10.165,8.9841,9.0923,12.528,14.357,16.073,17.335,17.448,16.82,15.995,16.712,16.595,15.362,14.835,16.073,15.863,15.615,17.255,17.279,17.018,17.384,18.2,17.718,17.255,17.214,16.787,17.718,17.765,18.223,18.038,16.712,14.807
12.724,15.159,15.412,14.699,14.383,14.806,14.142,12.936,12.029,11.752,10,10.394,9.3486,8.8607,9.1158,9.2407,8.714,9.1158,9.1158,9.6946,10.283,9.8704,10.057,10.558,9.6946,9.2096,8.8607,6.9589,6.2426,4.8473,11.691,14.01,14.728,14.806,14.01,13.425,13.253,12.947,13.382,13.553,13.51,14.283,13.959,14.562,14.132,13.959,13.296,13.425,13.253,12.847,12.497,11.777,11.355,11.241,10.598,11.825,12.485,11.97,11.241,9.8267,9.7682,13.123,15.44,16.342,16.603,17.37,16.928,17.012,16.342,15.45,14.699,15.852,15.31,17.263,16.62,17.079,17.436,17.73,18.697,17.794,17.502,17.436,17.73,18.827,17.238,18.232,18.31,18.294,17.263,15.56
13.244,14.641,15.526,15.499,14.967,14.641,13.19,12.718,12.309,10.979,9.9606,9.3268,8.6795,9.0797,8.6795,8.6795,9.3268,8.6795,10.06,9.3115,9.4929,9.2041,10.352,10.796,10.116,9.4929,8.5972,6.9313,6.0792,4.5555,11.693,13.19,13.842,14.504,13.873,13.593,12.796,13.201,13.34,13.201,13.955,14.076,13.499,14.197,12.718,14.026,13.76,12.896,13.244,12.275,12.064,11.778,11.335,11.838,11.095,11.398,12.447,11.398,11.209,10.186,9.612,12.818,15.351,16.312,15.835,16.945,17.465,15.852,15.978,15.014,15.745,16.554,15.826,16.137,16.468,16.554,17.659,16.861,17.883,17.875,18.136,18.042,17.17,17.923,16.945,18.547,18.783,18.136,17.659,15.471
12.667,14.162,14.764,14.736,14.651,14.307,13.886,13.159,12.279,11.583,10.519,8.9412,9.3051,8.9412,8.165,9.4085,8.8166,8.4807,9.3199,8.9412,10.158,9.9793,9.9237,10.048,10.048,9.4818,8.5619,6.7355,5.6647,4.5244,11.583,13.191,13.766,13.886,13.655,13.675,12.937,12.645,12.937,13.481,13.644,13.975,14.356,14.307,13.836,13.573,12.797,13.573,13.409,12.546,12.645,11.547,11.761,11.678,10.843,12.005,12.233,11.619,10.843,9.5254,10.117,13.274,15.171,16.961,16.237,16.507,16.961,15.996,15.814,15.289,15.289,14.95,15.918,16.773,16.473,15.787,16.473,16.507,18.371,17.507,17.484,17.172,17.428,18.257,16.839,17.578,18.64,16.715,17.108,15.061
14.002,15.223,15.518,15.055,15.825,14.411,13.736,13.049,11.515,11.379,10.645,9.0641,9.4167,9.5955,8.9224,8.4159,9.1109,8.7298,9.0485,9.0641,9.5955,10.224,9.6397,10.043,9.9435,8.9224,8.3142,7.6209,5.7327,4.9072,11.758,13.307,14.052,14.203,13.971,13.88,13.57,12.819,13.307,13.476,13.146,14.203,14.062,14.332,13.88,14.302,13.317,13.221,12.819,12.138,12.819,11.076,11.114,11.673,11.278,10.973,12.008,10.921,11.291,9.4767,10.099,12.874,14.616,17.165,17.107,17.725,17.329,16.705,15.5,16.092,15.242,15.968,15.518,16.941,15.95,17.198,17.378,18.515,17.892,18.074,17.629,17.435,18.454,18.377,17.717,18.206,18.591,18.901,18.629,15.977
13.478,15.088,15.533,15.069,15.487,14.216,14.076,13.159,11.973,11.201,10.29,9.5306,8.6072,8.6072,8.3222,9.1971,8.6729,8.5907,9.0415,9.6047,10.179,9.5899,10.234,10.467,9.5306,9.4858,8.5907,7.4207,6.0746,4.7653,11.913,13.646,14.345,14.629,13.944,13.893,13.583,13.362,13.646,13.362,13.985,14.015,13.583,14.015,12.886,13.698,13.893,13.18,13.749,12.809,12.886,12.02,10.971,11.501,11.439,11.389,12.079,11.83,11.289,9.7222,9.8239,12.54,14.345,16.107,17.057,17.289,16.848,16.721,16.923,15.841,14.803,15.515,15.965,16.343,16.525,17.057,17.181,17.057,17.87,17.806,17.71,17.289,18.091,18.371,16.848,18.208,18.919,18.114,17.181,14.956
13.414,15.04,15.559,15.002,15.077,14.657,13.582,12.663,11.972,11.684,10.721,9.4401,9.0722,9.6482,8.1319,9.3191,9.4401,8.8665,9.7215,9.4851,9.6482,9.9095,10.866,10.787,9.604,9.9523,8.6723,7.1076,6.2355,4.9116,11.389,13.655,13.984,13.892,14.065,14.014,13.748,13.414,13.582,13.329,13.943,13.861,14.185,13.943,13.488,14.185,13.582,13.233,12.83,12.83,12.83,11.401,11.389,11.696,11.793,11.696,12.019,11.684,10.774,9.8232,9.604,12.962,14.628,16.203,17.254,17.155,16.026,17.023,16.922,16.203,14.551,16.203,15.893,15.982,16.847,16.72,16.176,17.637,16.72,18.027,17.394,18.027,17.451,17.197,17.18,17.861,19.097,17.733,18.121,15.812
13.598,15.323,15.203,14.685,14.685,14.79,13.316,12.929,12.223,11.35,10.018,9.7898,9.0258,8.5774,7.4519,9.4529,9.0414,8.7078,9.0414,9.761,10.143,9.761,9.6155,10.018,9.761,9.1652,8.7078,6.2143,5.8643,4.7488,11.263,13.273,13.967,13.896,14.579,13.567,13.536,13.4,13.784,14.137,14.167,13.845,14.057,14.137,13.134,13.702,13.368,13.273,12.786,12.962,12.62,11.931,11.461,10.472,11.596,11.486,11.729,11.692,10.945,9.8758,9.2722,13.145,14.723,15.937,17.229,17.359,16.789,16.663,16.764,17.229,15.543,15.092,16.484,16.399,15.506,17.286,17.229,16.671,17.391,18.43,18.269,17.391,17.391,17.138,17.097,18.284,18.544,17.649,17.649,16.148
13.429,14.607,15.275,15.554,14.907,13.695,14.173,13.429,11.778,11.161,10.173,9.8963,8.5095,8.2446,9.7123,7.9184,8.9388,7.9184,8.9698,8.5745,9.2139,9.4957,10.173,9.7977,9.4957,9.2139,8.3283,6.4079,5.4992,4.3435,10.96,13.429,13.705,14.183,13.664,13.429,13.084,13.21,13.041,13.705,13.408,13.786,13.593,14.377,13.593,12.913,13.826,12.685,13.041,12.685,12.342,11.174,11.272,10.587,10.96,11.66,11.66,11.198,10.743,9.3187,10.227,13.009,14.328,16.115,16.74,17.133,16.929,15.634,15.846,15.846,15.563,15.357,15.554,14.833,14.898,16.863,17.509,17.446,17.019,17.326,18.623,16.226,16.806,17.58,17.149,16.986,18.162,17.533,17.509,15.384
12.788,14.813,14.889,15.369,14.69,14.363,13.09,13.228,11.987,11.216,10.101,9.5753,8.2247,8.0008,7.1912,9.0035,8.7196,8.2587,9.1269,9.0962,9.7489,9.2486,9.7489,9.7201,9.2486,9.0035,8.2756,6.8935,5.3134,4.7289,11.352,13.644,13.312,13.968,14.441,13.726,13.968,13.079,13.51,14.048,13.716,13.726,13.958,13.878,13.228,14.226,13.26,13.09,13.228,11.963,12.7,11.216,11.153,11.24,11.216,11.24,11.644,11.352,11.153,9.7058,9.0035,12.777,14.954,15.259,17.067,17.343,16.919,16.115,16.002,16.115,14.431,15.773,15.896,15.702,15.905,16.593,17.083,16.803,17.575,17.773,17.984,17.503,16.218,17.262,17.725,18.046,19.041,18.192,17.286,15.55
12.889,14.555,14.816,14.959,14.931,14.496,13.618,13.322,12.395,12.152,10.347,9.1217,9.0749,8.5264,9.6069,7.9935,9.6069,8.6749,9.1217,9.9125,9.7245,9.1683,10.25,9.488,9.5922,8.7402,7.9221,7.1097,4.9131,4.5531,11.392,13.162,14.069,13.855,14.398,13.947,13.586,12.801,13.586,13.947,14.633,14.349,13.825,13.855,13.365,13.649,13.896,13.45,13.183,12.429,12.475,11.292,11.241,11.241,11.33,11.772,11.832,11.796,11.639,9.8261,9.488,12.966,15.167,16.242,16.733,17.185,15.673,16.207,16.181,16.207,15.26,15.564,15.996,16.994,15.736,17.714,17.914,17.35,17.48,17.086,18.468,17.594,17.35,17.658,18.856,18.126,18.856,18.499,17.529,15.6
12.991,14.896,15.063,15.47,15.044,14.202,13.767,12.722,12.11,11.245,10.52,10.049,8.9267,8.4326,8.0119,9.4828,8.1658,9.0498,8.6752,9.4828,10.118,9.2014,10.334,10.159,9.4828,8.9421,8.3169,7.0571,5.2863,4.9624,10.983,13.411,13.524,13.676,14.163,13.411,13.276,12.895,13.575,13.15,14.163,13.411,13.897,13.656,13.192,13.472,12.668,13.411,13.192,11.902,12.635,11.536,10.573,11.257,11.158,11.584,12.11,11.379,11.294,9.4828,9.5988,12.646,14.952,16.024,17.23,16.366,16.84,16.634,15.824,15.692,15.577,15.044,15.815,15.639,16.024,16.996,16.717,17.485,17.485,16.808,17.682,16.996,17.414,17.414,17.977,18.237,18.478,17.869,17.485,15.639
13.875,15.467,14.936,15.124,14.983,14.755,13.638,12.858,12.455,11.424,9.9399,8.7266,9.0608,9.0608,9.3074,8.6614,9.4132,9.0608,9.0608,9.1849,9.592,9.2922,9.897,9.7093,9.4132,9.1075,8.3282,6.9373,5.3472,5.2403,11.681,13.803,13.875,13.966,13.471,13.731,13.344,13.173,13.844,13.628,13.471,13.875,14.326,14.277,13.565,13.844,13.628,13.565,13.429,12.284,12.647,11.897,11.374,11.718,11.186,12.063,12.341,11.681,10.969,9.897,10.123,13.141,14.61,16.503,17.266,17.331,17.615,16.699,15.721,16.006,16.528,16.391,15.068,17.034,16.665,17.159,17.429,17.566,18.37,17.323,17.558,17.687,18.215,18.946,17.687,18.075,19.694,19.368,18.004,15.068
13.338,14.912,15.717,14.788,14.459,14.301,13.879,12.884,12.425,11.39,10.698,9.8139,10.126,9.4162,8.8582,9.595,8.4154,9.1104,9.0637,9.595,9.9002,9.7124,10.334,9.943,9.785,9.1569,8.0542,6.9191,5.757,4.7605,11.228,13.317,14.062,13.569,14.331,13.735,13.569,13.735,13.684,13.601,13.818,14.331,13.818,14.527,14.321,13.848,13.549,13.306,13.178,12.818,11.721,11.757,11.514,11.489,10.959,12.008,11.721,11.228,11.19,10.126,10.042,12.696,15.054,16.508,16.831,17.564,16.628,16.713,17.572,16.187,15.222,15.054,15.825,17.065,17.377,17.139,17.891,17.62,17.891,17.62,18.19,17.891,17.844,17.852,18.01,17.337,18.75,18.636,17.434,15.435
12.835,14.35,14.805,14.842,15.463,14.234,13.76,12.792,12.262,11.638,10.113,8.813,9.1967,8.6707,7.4722,8.813,8.6228,8.9992,9.3606,8.9992,10.099,8.4119,10.099,9.8217,9.3162,8.953,7.9559,7.1509,5.2574,4.8471,11.091,13.435,14.234,13.404,13.89,13.83,13.269,12.716,13.466,13.311,14.146,13.669,14.146,13.679,12.497,13.476,13.639,13.144,12.716,12.138,12.463,11.638,11.091,11.349,11.091,11.673,11.919,11.756,10.978,9.8217,10.003,12.228,14.503,15.964,17.125,17.476,17.883,16.832,16.467,16.05,15.631,15.755,16.196,16.05,15.851,16.733,17.381,17.86,16.955,17.246,17.945,17.945,17.476,17.634,18.159,17.476,17.906,17.421,17.294,15.055
13.406,14.892,15.331,14.956,14.873,14.237,13.468,12.794,11.817,11.758,10.101,9.696,8.9547,8.9547,9.4065,8.0266,9.0774,8.6244,9.5233,9.696,9.4797,9.696,10.046,9.9215,9.6674,8.8146,8.1801,6.5042,5.3625,4.7617,11.155,13.062,13.972,14.304,13.883,13.682,13.146,13.24,13.146,12.794,13.437,14.159,13.892,13.972,13.24,14.129,13.156,13.062,13.156,12.664,11.675,11.253,11.484,11.29,10.647,11.544,11.991,11.533,10.725,9.3623,10.477,13.313,14.439,15.993,16.377,16.769,16.901,16.335,16.088,15.465,15.394,16.428,16.335,15.993,15.537,17.48,16.233,17.128,18.344,17.629,17.948,17.345,17.503,17.12,16.777,17.48,18.636,17.986,17.424,15.167
13.661,15.246,15.273,15.055,14.721,13.872,13.396,12.221,11.523,11.631,10.107,10.148,9.399,9.6598,9.983,7.811,8.5533,9.0397,8.9476,9.2957,9.4722,9.6883,9.5881,10.107,10.107,8.4232,8.3077,6.3487,5.2804,4.6995,11.281,12.621,14.099,14.341,14.341,13.375,13.146,13.009,13.146,13.752,12.654,13.792,14.225,13.136,13.641,13.167,13.509,12.977,12.367,12.708,12.881,11.666,11.342,10.639,11.342,11.245,12.096,11.084,11.084,9.6455,9.3549,13.167,15.382,15.622,17.497,16.887,16.322,16.49,16.297,16.49,15.622,14.351,16.49,15.046,16.015,17.371,16.415,16.499,18.813,18.658,18.658,17.841,18.118,17.283,17.872,18.118,18.576,17.972,17.395,15.027
13.139,14.536,15.277,15.168,14.837,13.885,14.151,12.83,11.752,11.369,10.835,10.109,8.4906,9.1784,8.9498,7.5248,9.1934,8.3097,9.1784,9.6622,9.6622,9.6622,9.6622,9.9717,10.204,8.996,8.0222,6.8524,5.2555,4.2371,11.136,12.884,13.399,13.825,14.102,13.471,13.399,12.635,12.711,14.023,13.563,13.755,13.875,13.149,13.885,13.181,13.471,12.459,13.139,12.711,12.37,11.247,10.524,10.783,11.049,11.149,11.669,11.538,10.577,9.042,10.041,13.296,14.431,16.419,16.301,17.62,16.768,17.111,16.087,16.594,15.519,15.626,15.984,16.224,15.241,17.502,17.47,18.394,17.541,17.659,18.244,17.784,17.977,17.667,17.729,17.977,17.877,18.394,17.183,15.031
12.646,15.309,15.788,15.018,14.342,14.646,13.693,12.123,12.258,11.027,10.423,8.9419,8.5478,8.9881,7.806,9.034,8.8021,8.6121,9.1703,9.6394,9.1703,9.8655,10.343,9.6822,8.9419,9.0644,8.9727,7.0644,5.4821,4.8411,11.237,12.689,13.221,13.863,14.138,13.169,12.969,13.169,13.387,13.169,13.169,13.459,13.652,13.284,13.138,13.743,13.169,13.043,13.169,12.258,12.613,11.516,11.039,11.516,11.027,11.564,11.623,11.468,11.164,9.3046,9.6822,12.711,15.506,16.312,17.853,17.612,17.2,17.144,16.286,16.354,15.761,15.228,16.286,16.004,16.21,16.966,17.945,17.384,17.768,18.083,19.264,18.106,17.83,17.643,17.922,18.227,18.565,17.651,16.909,15.309
13.388,14.713,15.587,15.037,15.156,14.6,13.744,13.044,12.089,11.565,10.196,9.4669,8.8027,8.4837,7.8066,8.6606,8.303,8.8027,9.186,8.9734,9.171,9.4669,9.3938,9.8102,9.4669,8.9426,8.4674,6.5798,5.2775,4.6969,11.078,13.139,13.694,13.953,13.953,13.874,12.788,12.97,13.388,13.128,14.139,13.501,13.128,13.295,12.701,13.46,12.97,12.69,13.285,12.526,12.259,11.565,11.565,11.882,11.04,11.517,12.124,11.801,10.826,9.3496,9.7679,13.16,15.238,15.971,16.211,17.008,17.551,16.837,16.355,15.453,14.927,16.066,15.971,16.109,15.754,16.714,17.862,17.962,19.493,17.645,18.13,18.499,18.13,18.499,17.321,17.769,18.97,18.289,17.273,15.265
13.406,14.845,15.286,15.039,14.966,14.468,13.712,12.794,12.321,12.106,10.789,9.4797,8.6244,8.5601,7.5289,8.9547,8.5601,8.2139,8.4134,9.3031,9.5234,9.1984,9.8235,10.358,9.4797,8.4134,8.4789,6.5888,5.8081,4.2395,10.942,12.707,13.188,13.468,14.031,14.11,13.478,13.188,13.478,13.641,12.987,13.883,13.803,13.188,13.188,13.062,13.157,13.019,13.157,12.41,12.14,11.18,11.155,10.84,10.725,11.533,11.58,11.29,10.647,8.9393,9.8235,13.146,15.331,14.724,16.778,16.933,16.604,16.027,15.81,16.512,15.286,15.687,15.915,15.897,16.053,17.48,17.676,17.297,17.637,18.132,18.584,18.162,17.886,18.367,17.971,17.063,18.472,17.669,17.886,15.168
13.201,14.597,15.481,14.748,14.748,14.482,14.367,13.159,11.77,10.991,10.658,9.5329,9.6772,8.4383,8.5686,9.2077,8.4874,8.9328,9.4746,9.3124,10.056,9.3717,10.056,9.6772,9.5329,8.9483,8.0347,6.3383,5.2637,4.2437,11.252,13.201,13.584,13.686,13.482,13.254,12.742,13.201,13.032,13.726,13.584,13.936,13.726,13.986,13.726,13.776,13.201,13.075,12.731,13,12.003,11.066,11.066,11.363,11.556,11.496,12.015,11.77,10.645,9.4892,9.056,12.288,13.492,16.043,16.528,17.242,16.215,15.8,15.835,15.301,15.073,14.454,14.888,17.121,16.035,17.145,16.975,17.497,17.378,17.655,17.592,17.402,17.137,17.897,17.186,17.966,18.847,18.31,17.362,14.682
13.598,15.019,15.104,15.019,15.356,14.645,14.03,13.248,12.278,11.697,10.148,10.19,9.0825,8.4329,10.063,7.7656,9.176,9.6593,9.4959,9.0825,10.245,9.7326,9.615,9.8054,10.119,9.0511,8.6822,6.7463,5.2798,4.3981,11.137,13.334,13.598,13.598,14.361,13.598,13.173,13.598,13.493,14.081,13.173,13.598,13.867,13.376,14.351,12.811,13.205,13.344,12.497,12.9,12.845,11.251,11.098,10.786,11.842,11.314,12.068,11.402,11.137,9.7326,9.9208,13.194,14.03,15.254,16.739,16.84,16.43,16.009,16.611,16.534,15.839,15.476,16.256,14.943,15.55,16.739,17.373,16.942,17.373,17.438,18.391,17.657,18.047,17.657,17.657,18.243,18.667,18.735,16.95,16.08
13.213,15.365,15.485,14.828,14.32,14.497,13.967,12.378,11.993,11.002,10.525,9.4565,9.0722,7.9334,7.1797,8.9458,8.6873,8.605,9.5015,10.154,9.4414,9.1348,9.9266,10.512,9.8402,9.0879,8.4379,7.0192,5.4944,4.8029,11.753,12.896,13.885,14.21,14.18,13.341,13.916,13.083,12.919,12.984,14.008,13.885,13.967,13.875,12.896,14.008,12.907,12.685,12.73,12.04,12.73,11.849,10.673,11.789,10.593,11.22,12.447,11.495,11.22,10.265,9.8402,12.099,15.84,16.681,16.552,17.505,17.643,16.672,15.921,15.695,14.866,15.513,15.54,15.768,15.485,16.266,16.578,17.836,17.899,16.757,17.481,17.667,17.554,18.739,17.899,18.34,18.129,17.74,17.899,15.768
13.013,14.381,14.912,15.087,14.467,13.79,13.172,13.433,12.221,11.603,10.135,9.3213,8.4464,9.3213,10.135,7.6714,9.0647,9.0952,9.0647,9.5421,9.8004,9.6145,9.941,9.9967,9.8428,8.9723,7.973,6.6645,5.9609,4.5016,11.077,12.743,13.298,13.505,13.678,13.298,13.034,13.298,13.546,13.92,13.172,12.959,13.83,13.433,13.495,13.182,13.087,12.645,12.667,12.118,12.345,11.639,11.603,10.746,11.398,11.698,11.922,11.698,10.668,9.0952,9.715,12.255,13.699,15.361,17.259,17.419,16.769,16.367,16.128,15.946,15.316,14.235,14.902,15.288,15.17,16.494,17.024,16.265,17.024,17.672,18.828,16.494,17.162,16.744,18.006,17.664,18.865,18.448,17.451,15.815
13.346,15.349,15.349,14.985,14.995,13.567,14.199,12.469,12.251,11.671,10.167,10.167,9.5786,8.3124,8.8567,8.5806,8.1054,9.2935,8.5971,9.5193,9.4297,9.8985,9.6376,10.222,9.4297,9.2935,8.2783,6.9179,5.348,4.0527,11.188,13.336,14.169,14.378,13.431,13.462,13.089,12.649,12.959,13.089,13.462,14.279,13.815,14.169,13.877,13.046,13.598,12.794,12.871,11.622,11.899,11.78,11.426,11.276,10.97,11.226,12.343,11.719,10.775,9.8985,9.7834,12.251,15.023,15.822,16.393,15.822,16.246,16,16.185,14.91,15.432,14.91,14.319,15.136,15.515,16.522,17.713,17.849,17.785,17.689,17.721,17.569,18.077,18.163,17.713,17.841,18.716,18.472,17.178,15.875
13.609,15.173,15.285,15.182,14.763,14.132,13.671,13.723,12.45,11.145,10.267,9.8423,8.8837,9.1367,9.3372,8.1302,8.9476,8.6068,8.9476,9.7987,8.8032,9.3372,9.4584,9.1211,9.1833,8.5403,8.4397,6.6881,5.3643,4.0651,10.795,13.671,13.682,13.723,13.588,13.888,13.259,12.822,13.588,13.97,13.344,13.514,14.092,13.609,13.086,13.775,13.514,13.259,13.387,12.921,12.288,11.707,11.791,11.107,11.26,11.004,11.755,11.995,10.742,9.5035,9.4584,12.987,14.372,15.762,16.013,17.321,16.33,15.843,15.699,15.516,15.924,15.107,15.182,15.173,15.191,17.903,16.718,17.189,17.895,18.621,17.743,18.436,17.743,18.156,18.258,18.219,17.815,18.59,17.558,15.516
13.156,14.555,15.188,15.297,14.678,13.983,13.652,12.804,11.931,11.625,10.798,9.4869,8.9616,8.4854,8.5666,9.4137,8.9924,8.7584,9.1904,9.4137,9.4869,9.4869,9.6605,9.5306,9.7034,8.3206,8.0499,6.7392,4.7068,4.2427,11.188,13.417,13.662,13.773,13.843,13.652,13.156,12.24,13.489,13.198,13.489,13.198,13.198,13.983,13.692,13.417,12.674,13.072,13.25,12.42,12.386,11.684,11.25,10.849,11.163,11.826,12.023,12.206,10.95,10.054,8.9461,12.652,13.983,15.866,16.641,16.946,15.979,16.211,15.822,15.297,14.819,15.261,15.261,16.39,17.206,16.815,17.206,17.69,17.31,18.146,17.651,17.807,17.564,17.923,17.9,18,18.508,17.493,16.782,15.584
13.306,14.96,15.043,15.469,14.308,14.005,13.926,13.065,11.583,11.583,9.9934,9.4821,9.1857,8.9415,8.9569,8.9569,8.3163,8.5622,8.7539,9.3202,9.4821,9.0797,9.7836,10.007,8.6266,8.6745,7.6582,6.6945,5.8805,4.463,11.33,12.797,13.471,13.655,13.41,12.937,13.482,12.502,13.191,13.306,12.937,13.655,13.716,13.806,14.005,13.012,13.181,13.149,12.937,12.017,11.643,11.293,10.983,11.095,11.158,11.378,11.82,11.994,11.182,9.9796,9.6984,12.313,15.814,15.171,17.681,16.716,16.938,16.864,15.997,15.335,15.691,15.398,15.612,16.331,15.478,16.381,16.339,17.868,18.439,17.868,18.409,17.852,17.389,17.852,18.416,17.914,18.371,18.655,16.938,15.823
12.79,14.961,15.281,15.461,14.803,14.615,13.152,12.272,11.672,10.939,10.207,9.0441,9.5927,8.2113,7.654,9.6644,8.8119,8.4925,8.3117,9.4036,9.315,9.6501,10.112,10.043,9.0746,8.7015,8.2113,6.5022,5.9936,4.3348,11.348,12.638,13.758,14.027,14.154,13.433,13.142,13.433,12.373,13.433,12.887,13.566,13.918,13.267,13.267,13.142,12.714,12.495,12.261,12.136,12.462,10.976,11.541,10.976,11.541,12.01,11.987,11.529,10.837,8.921,9.3594,12.373,14.952,16.507,16.706,17.026,17.115,16.895,16.194,16.431,15.163,15.682,17.243,15.849,16.236,16.321,16.772,17.115,18.308,17.996,19.048,17.881,18.218,18.466,18.399,16.969,18.844,18.399,17.474,14.943
13.4,14.958,15.242,15.467,14.575,14.103,13.296,12.46,11.858,10.822,9.4751,9.4019,8.491,8.5558,7.4699,8.491,8.2267,8.6999,8.9811,9.4019,9.3133,10.11,9.9722,10.151,9.6484,8.9503,8.4747,7.3016,4.7302,4.7009,11.346,13.296,14.142,13.756,13.995,13.14,13.431,13.4,12.537,12.712,13.055,13.705,13.756,13.665,12.636,13.171,12.493,12.712,12.885,12.315,12.134,11.893,11.05,11.575,11.087,11.575,12.1,11.37,11.527,9.7764,10.096,12.885,15.05,15.985,17.73,17.184,17.629,16.827,16.045,15.458,15.278,15.627,17.288,15.985,15.907,17.24,16.595,17.055,18.358,17.87,18.485,17.408,18.123,18.123,16.966,17.939,18.95,18.245,17.288,15.627
12.809,14.877,15.144,14.548,14.896,14.357,13.275,12.143,12.502,11.33,10.158,9.1859,8.2329,8.8171,8.5624,8.8171,8.6267,8.5624,8.2161,9.5983,9.4823,9.0034,9.6701,10.049,8.9417,8.9417,8.4321,6.3555,5.6894,4.7045,10.983,13.023,13.806,13.655,13.886,13.15,13.389,13.16,13.41,13.15,13.023,13.716,13.023,13.192,13.192,13.482,13.41,13.306,12.711,12.502,12.017,11.33,11.33,11.33,10.843,11.33,11.679,11.572,11.058,9.4823,9.5259,13.012,14.624,15.29,16.962,16.516,17.125,17.173,16.807,15.762,15.762,15.823,15.335,15.997,15.814,16.741,17.365,17.109,18.477,17.868,17.891,18.409,18.007,18.529,17.991,18.114,18.137,17.914,17.508,15.253
13.627,14.941,15.747,15.501,14.643,14.079,13.875,12.843,11.744,10.942,10.146,10.244,9.8329,9.5393,9.8329,7.4847,7.9989,8.6809,9.5393,9.1124,9.5393,9.6135,10.019,9.7311,9.0811,9.128,8.5986,6.5093,5.8659,4.7696,11.536,13.332,13.906,13.865,13.997,13.627,12.82,13.364,13.171,13.669,13.117,13.71,14.359,13.501,12.72,12.986,13.117,12.184,12.82,12.898,12.311,11.536,11.249,11.312,11.744,12.066,12.311,11.536,10.732,9.1746,9.9192,12.438,14.398,16.471,17.468,16.139,17.411,14.941,15.083,15.474,15.575,15.391,16.28,15.684,15.501,16.972,17.073,17.411,18.201,18.162,18.786,17.492,19.034,18.786,18.326,18.573,18.672,18.349,18.225,15.501
13.443,15.337,15.861,15.292,14.824,14.768,13.412,12.626,12.669,11.06,9.7003,9.5276,8.5638,8.9587,8.9432,7.7673,9.1874,8.7556,9.0814,9.2025,9.322,9.6717,9.884,9.8278,8.9587,9.5999,8.0129,6.6958,5.4923,4.8501,11.295,12.993,13.718,14.165,13.889,13.152,12.993,12.505,12.724,13.658,13.183,13.658,13.718,13.309,12.8,13.067,12.724,12.669,13.194,12.326,12.145,11.586,11.574,10.794,11.06,11.184,11.869,11.822,10.947,9.1874,10.639,13.183,14.445,16.443,16.138,17.368,16.908,15.641,15.265,15.292,15.292,15.641,15.292,16,15.147,17.416,16.998,17.416,17.136,17.424,18.644,18.405,17.352,17.956,17.558,18.322,18.532,18.821,17.071,15.535
13.151,14.673,15.48,14.626,13.977,14.037,13.473,12.625,11.258,11.246,9.9254,9.8273,9.4102,8.6757,9.3067,7.9605,8.7551,8.4822,9.3659,9.0044,9.3659,9.0809,9.9254,9.8835,9.0809,8.9582,8.7076,7.3834,5.1809,4.2411,11.184,12.504,13.412,13.412,13.525,12.992,13.183,12.504,12.992,13.412,13.277,13.838,13.024,12.636,13.193,13.193,12.939,12.647,12.269,12.896,11.996,11.68,11.258,11.159,10.794,11.585,11.821,11.295,10.521,9.4834,9.187,12.669,14.654,16.316,16.71,17.423,17.487,16.384,15.999,15.904,15.578,15.904,16.205,15.073,15.816,17.175,17.391,17.518,18.009,18.967,18.643,17.893,18.857,18.472,18.101,17.916,18.732,17.978,16.866,15.073
12.798,14.624,15.062,15.336,14.549,13.524,13.441,12.711,12.018,10.844,10.361,9.6705,8.7069,8.5627,7.0767,8.9884,8.7545,8.3169,8.9421,9.8266,10.118,9.699,9.2013,10.049,8.9575,8.8174,8.0463,6.4207,5.4917,4.5249,11.096,12.733,13.192,13.927,13.411,13.192,12.668,12.668,12.668,12.624,13.023,13.686,13.023,13.676,12.503,13.411,12.991,12.47,12.313,12.268,12.503,11.548,11.245,11.379,11.158,11.548,11.82,11.867,11.158,9.1863,9.4827,12.201,14.887,16.247,16.906,17.674,16.84,17.414,15.639,15.763,15.145,15.542,16.475,14.822,15.92,17.254,17.954,17.174,18.478,18.41,18.679,18.259,17.915,18.229,17.892,17.992,18.138,19.147,17.517,15.692
13.412,14.654,15.364,15.292,14.616,13.657,13.183,12.81,12.019,11.356,9.9256,9.0047,9.3069,9.5997,7.9607,8.628,7.9084,8.5636,9.5997,9.0506,10.214,9.4836,9.5997,9.7852,9.5273,9.3662,8.3177,7.1552,5.5921,4.338,11.356,12.993,13.888,13.677,13.808,13.319,13.067,12.636,12.281,12.724,13.277,13.014,13.647,13.484,13.162,13.025,12.281,12.993,13.525,12.019,12.504,11.645,11.38,11.621,11.184,11.621,12.415,11.489,11.147,9.5997,10.105,12.281,14.654,16.435,17.038,16.248,16.981,16.468,15.826,15.337,15.064,15.472,15.817,16.519,16.248,15.826,16.635,17.558,17.519,17.917,17.87,17.894,18.658,19.578,16.776,17.368,19.357,18.162,17.487,15.4
13.476,14.167,15.295,15.049,14.817,13.98,13.186,12.899,11.683,10.732,10.949,9.7019,9.4122,8.7095,9.0064,9.6733,8.9602,8.2189,9.6015,8.757,10.121,9.368,10.011,9.7019,9.189,8.5004,8.2189,6.9205,5.1821,4.242,11.383,12.507,13.248,13.811,13.528,12.942,13.154,12.995,12.65,12.995,13.414,13.579,13.931,13.579,14.04,13.28,12.65,12.942,12.317,12.715,12.021,11.334,11.062,11.491,11.297,11.824,12.147,11.26,10.641,10.216,9.6015,12.113,14.591,16.319,15.617,16.722,16.812,15.794,16.003,14.742,15.322,15.177,14.676,16.471,16.387,16.345,17.131,17.395,18.265,17.395,18.234,17.959,18.265,18.483,17.804,17.997,19.771,17.959,17.371,16.063
13.171,15.074,15.266,14.56,14.664,13.898,13.202,12.656,12.153,11.388,10.342,9.6637,9.1934,8.2228,8.4882,8.0181,8.8243,8.949,8.5694,9.0568,10.126,9.7066,10.016,9.4901,9.678,8.4882,8.3233,6.8434,5.8144,4.5284,11.105,13.202,13.818,13.328,13.898,13.192,13.001,12.732,13.16,13.286,13.421,13.585,12.732,13.898,13.421,13.317,12.948,13.001,13.202,11.771,11.83,11.771,11.154,11.303,10.852,11.266,12.108,12.278,11.105,9.6637,9.678,12.678,14.824,15.704,15.482,16.622,16.952,15.801,16.045,15.411,16.217,16.105,15.056,15.704,15.625,16.454,17.187,17.443,17.883,17.404,17.499,16.919,16.952,18.387,17.898,17.898,19.133,18.334,17.906,16.353
13.93,15.366,15.066,15.483,14.514,13.93,13.89,12.283,11.551,10.986,9.927,9.6009,9.3082,8.9596,7.6605,9.885,8.3188,8.6291,8.5647,9.0518,9.6009,9.4849,10.337,9.6727,9.6584,8.5647,8.2184,6.8397,5.8113,4.2418,11.161,13.153,13.195,14.039,13.026,13.164,13.069,12.671,12.671,13.248,13.153,13.32,14.009,13.016,13.32,13.279,12.725,12.671,13.153,12.671,12.112,10.846,11.099,11.099,11.247,11.682,12.638,11.26,10.846,9.7013,9.7013,13.016,15.176,16.242,16.318,16.844,16.91,16.062,15.066,15.793,14.039,15.906,16.002,16.745,16.139,16.027,16.638,16.512,18.475,17.647,17.686,17.981,18.377,18.661,17.306,17.426,18.683,18.616,18.504,16.036
13.596,15.055,15.475,14.359,14.566,13.596,13.659,13.343,12.09,11.313,10.244,9.1284,9.0816,9.1284,9.8044,8.9395,9.0659,8.6155,9.7899,9.614,10.062,9.7316,10.188,10.146,9.9197,9.0659,9.0816,7.1548,5.7684,5.2523,11.413,12.887,13.876,13.763,13.998,13.669,13.117,13.193,13.628,13.193,13.46,13.596,13.763,13.428,13.845,12.899,12.821,12.642,12.312,12.642,11.805,11.696,11.3,11.212,11.135,11.984,12.161,11.781,11.212,9.6582,9.4499,12.161,14.359,15.548,16.94,16.737,16.669,16.973,16.14,15.909,15.084,15.575,15.502,16.281,15.793,17.015,17.727,16.746,18.257,17.919,18.163,18.1,18.132,18.573,17.799,18.132,18.847,18.734,17.663,15.999
13.335,14.909,15.714,15.247,14.524,13.927,13.314,12.793,11.225,10.918,9.6373,9.812,9.6373,8.7276,9.8982,7.9997,8.278,8.5307,9.4143,9.6373,9.812,9.6373,9.812,9.5931,9.1551,9.2932,8.2609,6.8146,6.0672,4.906,11.225,13.303,13.598,14.279,14.199,13.43,13.472,12.991,12.649,13.089,12.285,13.805,14.328,12.958,12.793,12.87,12.881,12.005,12.559,12.649,12.411,11.276,11.462,11.187,11.276,11.187,12.377,11.815,10.918,9.2932,9.8982,12.615,14.909,16.436,16.978,17.036,15.803,15.468,15.541,15.441,15.051,14.909,15.875,15.578,14.842,16.827,16.911,16.393,17.689,18.202,18.217,17.374,18.655,17.785,18.372,18.449,19.016,19.23,18.077,15.65
13.337,14.708,15.06,14.602,14.747,14.318,13.826,12.277,12.607,11.104,10.215,8.5746,8.3066,8.2553,7.5204,9.0558,8.5746,8.1172,9.087,8.8024,9.3022,9.4231,9.9911,10.09,9.087,8.5746,8.525,6.9335,5.7274,4.5122,11.18,13.037,13.166,13.989,13.723,13.558,13.294,13.305,13.558,13.463,13.421,13.806,13.826,13.795,12.414,13.421,12.516,12.851,12.607,12.414,12.46,11.711,10.963,10.846,11.418,11.771,12.403,11.807,11.306,9.8054,9.7765,11.997,13.989,14.67,17.419,17.362,16.656,15.997,16.147,15.784,15.125,15.458,16.562,15.339,15.953,16.622,16.562,17.025,17.709,17.939,18.337,18.498,18.088,18.088,18.673,18.367,19.762,19.218,18.429,15.485
13.849,15.933,15.439,15.548,15.041,14.428,13.849,12.769,11.66,10.832,9.5746,9.1683,8.6457,8.5638,8.2449,8.3975,8.037,8.7107,8.4976,9.7931,9.6187,9.7931,10.622,9.7931,8.7592,8.9029,8.2961,6.9247,5.9379,4.2488,11.696,13.404,14.728,14.062,13.603,13.288,13.149,12.261,13.278,12.501,13.117,13.02,13.778,13.278,12.791,12.399,12.791,12.444,12.319,12.227,12.111,12.123,10.949,11.44,10.936,11.44,12.261,11.792,11.732,9.8791,9.5746,12.399,15.031,15.683,17.655,16.937,17.202,16.498,15.844,15.097,14.584,15.844,15.402,14.651,15.439,16.127,16.87,17.518,18.581,17.655,18.589,18.86,19.245,18.86,18.275,19.068,20.923,19.311,18.589,15.764
13.156,14.45,14.819,14.517,14.45,13.652,13.682,12.652,12.274,11.36,10.218,9.7033,9.2054,8.8213,9.9985,8.6309,8.4362,8.5665,8.9615,9.3101,9.4869,9.7033,10.122,9.4136,9.4136,9.0077,8.3205,6.3585,5.8125,4.9645,11.188,12.901,13.156,13.071,13.682,13.478,12.804,13.282,12.901,13.581,13.416,14.012,13.416,13.187,13.323,12.847,12.728,12.42,12.285,12.553,12.386,10.95,10.988,10.836,11.36,11.262,11.577,11.384,10.836,9.929,9.2054,12,13.529,14.555,17.133,17.493,16.245,16.716,16.211,15.796,15.188,14.894,15.477,16.065,16.108,16.347,17.374,17.752,17.807,18.084,17.962,18,17.962,18.974,18.381,18.146,19.206,17.682,17.69,16.848
12.499,14.761,14.817,15.039,14.236,14.158,13.478,12.805,11.817,11.155,10.101,9.4795,8.9545,8.4297,8.704,7.5836,9.3177,8.704,8.704,9.4795,9.9213,9.5232,9.6672,10.115,9.8794,9.0467,8.4787,6.8358,5.2054,4.7616,11.327,13.188,13.892,13.437,13.188,13.468,13.24,13.271,13.519,13.641,12.805,13.882,13.406,12.987,12.718,13.146,13.008,12.105,12.499,12.466,12.309,11.532,10.84,10.582,11.29,11.758,12.276,11.863,10.84,9.3177,9.6672,12.014,14.207,16.309,16.027,16.603,15.992,15.057,16.199,15.897,15.914,15.285,15.854,16.736,16.309,17.637,17.479,17.793,18.07,17.909,18.412,18.606,18.471,18.827,17.986,18.291,19.14,18.001,17.629,15.687
12.973,14.907,15.423,16.282,13.11,14.916,14.11,12.107,12.377,12.343,9.4539,8.7907,8.6805,10.33,10.449,8.601,6.8173,8.2083,9.0223,9.5696,11.549,9.95,9.7546,10.303,10.798,8.9611,8.7907,7.7959,4.8348,4.0958,11.124,13.37,13.442,12.952,14.071,13.885,13.37,12.952,13.442,13.855,12.856,14.58,13.725,13.725,13.845,12.952,12.952,12.242,13.431,11.585,11.124,10.95,10.343,11.025,10.128,11.112,11.513,11.726,11.124,9.7968,8.6488,12.343,15.244,17.25,15.271,16.887,15.811,15.984,16.392,16.052,15.135,15.244,15.975,15.776,15.984,17.298,17.178,17.938,18.762,16.944,19.282,16.912,18.083,18.347,19.089,20.174,21.558,20.099,18.204,15.592
13.649,13.859,13.859,15.287,16.069,13.899,14.52,11.037,11.561,10.552,10.084,9.0622,8.6896,9.807,7.6435,9.168,6.3431,7.3494,9.6797,8.5457,9.0317,11.136,8.6099,11.222,8.2169,10.314,9.6797,5.9854,5.3535,4.5159,11.561,12.965,14.82,14.415,13.124,14.329,13.689,11.971,12.21,12.478,12.255,14.595,14.329,13.739,11.797,12.478,12.522,12.643,13.739,11.597,11.971,10.029,12.445,11.797,11.971,10.565,12.289,12.12,11.235,9.8631,9.8631,11.074,14.28,15.792,17.316,16.069,17.332,16.708,15.749,13.859,14.941,17.608,17.608,15.792,16.35,17.002,17.14,19.109,19.109,16.675,17.6,17.379,18.737,18.796,17.091,20.581,21.446,17.608,19.109,15.731
12.29,14.463,16.176,12.761,14.996,12.595,14.139,11.621,13.509,11.34,9.7704,10.179,9.2538,9.8562,9.3744,9.0545,9.9976,9.5524,9.5524,8.544,9.7416,12.083,9.0545,10.451,8.7389,9.7704,7.3803,7.7151,5.6326,4.7982,11.178,13.373,12.359,14.346,13.989,14.656,13.087,13.108,12.816,14.139,14.109,12.404,13.279,12.595,13.119,13.289,13.509,12.199,11.621,13.787,13.119,9.5964,12.083,10.807,12.013,11.14,12.415,11.228,10.716,9.2538,9.5524,12.233,15.403,14.732,17.162,16.831,16.63,15.94,17.494,17.357,17.93,14.029,15.476,15.808,17.104,16.756,19.946,19.2,17.765,19.918,20.78,17.765,17.812,17.478,19.72,19.105,17.985,20.177,18.124,16.089
13.221,14.519,15.429,15.287,14.405,13.667,13.055,11.908,11.465,10.651,9.8528,9.5292,9.2975,8.8927,9.3414,7.5312,8.5008,8.6911,8.9386,8.8927,9.4574,9.2975,10.045,10.299,9.6005,9.1198,8.862,7.1027,5.954,4.3062,11.5,13.055,14.263,13.934,13.313,13.587,12.576,13.065,12.235,12.576,12.748,13.313,13.905,13.055,12.191,12.576,12.022,11.816,12.544,11.839,11.595,10.866,11.405,11.212,10.765,11.735,12.191,11.453,10.765,9.6289,9.7555,12.191,14.631,16.816,16.784,16.653,16.913,15.787,15.072,15.358,15.287,16.314,16.197,16.247,15.709,17.554,17.288,17.177,17.762,18.521,17.755,18.006,18.683,19.816,18.929,18.455,19.378,18.521,18.748,15.882
13.679,14.432,13.435,14.92,16.27,13.679,15.954,11.504,11.456,10.814,10.608,9.0248,10.185,8.294,8.4093,7.7981,10.452,8.6829,9.0552,9.176,9.6723,10.491,11.028,10.412,9.6723,9.6723,7.7981,7.1347,6.3165,4.6918,10.608,12.28,14.471,13.888,12.676,13.608,12.977,12.956,13.374,13.239,14.318,13.967,12.246,13.435,12.435,13.769,13.156,11.788,11.985,11.612,11.115,11.028,10.333,11.299,10.621,11.263,12.633,12.076,11.028,9.4566,9.6296,12.763,13.769,15.954,17.586,16.794,17.943,16.295,14.911,14.772,16.662,16.337,14.269,16.671,16.737,18.027,17.866,18.479,18.92,17.866,19.829,17.958,18.913,19.238,18.913,19.493,17.302,18.561,17.927,16.471
13,14.629,15.092,15.092,14.743,13.787,13.582,12.738,11.999,11.186,10.606,9.261,9.0149,9.0615,9.6039,9.3817,8.1118,9.0149,9.3967,9.486,10.242,9.7492,9.7492,9.486,9.778,8.9992,8.1118,7.1145,5.3029,4.743,11.336,13.129,13.767,14.09,13.551,13.52,13.289,13.415,13.299,13.097,13.767,13.551,13.767,14.425,13.634,13.551,13.592,13.097,13.043,12.092,11.349,11.186,11.274,11.186,11.274,11.186,12.38,11.858,11.237,10.131,9.261,12.092,14.667,15.596,16.977,17.314,16.516,16.163,16.473,15.074,15.605,14.857,14.933,17.786,17.249,16.977,17.998,17.572,19.215,18.831,18.385,19.039,18.385,19.164,19.12,18.831,19.905,19.156,17.314,15.988
13.097,13.798,14.705,13.685,13.798,14.425,13.257,13.757,12.913,11.63,10.737,9.7347,8.567,8.8891,9.261,9.261,6.4074,8.0944,8.1118,9.7779,10.2,10.296,10.816,8.6973,9.7779,8.2322,9.0304,7.721,6.5592,4.889,10.932,13.352,14.561,14.09,13.634,13.257,12.826,12.771,12.738,13.919,14.327,15.017,14.857,14.628,13.299,12.815,13.043,12.815,12.116,10.932,10.737,10.672,10.737,12.334,11.423,11.857,12.38,12.022,10.737,10.131,10.131,12.815,14.357,15.953,16.769,17.507,16.232,15.605,16.379,16.769,17.101,16.977,16.769,17.37,16.516,17.043,18.56,18.061,16.878,16.439,19.156,19.208,19.728,19.12,18.987,17.443,17.889,18.377,18.793,16.516
13.501,14.871,15.613,15.156,14.524,13.653,13.388,12.701,12.304,11.04,10.423,9.4668,9.6828,8.9887,8.8027,7.0648,8.4674,8.9117,9.4668,9.2904,9.4522,9.2904,9.9912,9.6828,10.196,8.3029,8.9425,6.8468,5.8711,4.7261,11.226,13.388,13.784,14.285,13.864,13.222,13.128,12.701,12.82,13.501,13.419,13.784,14.333,13.46,12.089,13.001,12.647,12.393,12.777,11.66,12.36,11.275,11.801,11.127,11.312,11.517,12.625,11.975,11.078,9.7679,9.6828,12.874,14.871,16.287,16.581,16.713,16.287,15.337,14.266,14.524,15.762,15.595,15.762,16.074,15.507,17.456,17.48,17.715,18.647,18.13,18.499,18.046,19.115,19.086,18.499,18.107,19.795,18.934,18.387,16.031
13.011,14.957,15.465,14.938,14.15,13.47,13.17,12.268,11.984,11.086,9.6902,10.04,8.9493,8.9955,9.3123,7.4691,9.0719,8.0218,9.1779,9.1929,9.9711,9.8737,10.15,9.6902,9.6902,9.0719,9.1779,7.0702,5.8755,4.4592,11.891,13.138,13.914,14.497,13.398,13.884,13.295,12.492,12.979,13.18,12.797,13.874,13.874,13.47,12.656,13.011,12.656,12.268,13.18,11.526,12.098,11.173,11.562,11.148,11.048,11.247,12.634,11.984,11.148,9.8176,9.6616,13.011,13.964,16.426,16.189,16.98,16.619,15.456,14.799,14.938,15.905,15.766,15.844,16.018,14.808,16.792,16.701,18.639,18.151,18.573,18.28,18.121,18.121,19.387,18.06,18.955,19.1,19.323,17.564,15.957
13.319,14.213,15.064,15.064,14.155,13.688,13.067,12.669,11.585,11.097,10.416,9.4837,9.3663,8.4825,7.5321,8.9276,8.4334,8.5637,9.0048,9.7853,9.5998,9.3663,9.5274,9.7001,9.4837,9.2024,8.3178,7.4397,6.4214,4.8501,11.097,13.152,13.678,14.037,13.888,13.718,13.474,13.412,13.576,12.647,13.183,13.152,13.888,13.194,12.636,13.412,12.145,12.111,12.281,12.008,12.019,10.845,10.832,11.356,11.38,11.356,12.471,12.008,11.047,10.119,9.3219,11.869,14.31,14.851,16.443,17.111,16.867,16.103,15.4,15.694,14.243,15.623,16.443,15.782,16.342,16.333,16.51,17.232,17.582,17.917,18.659,17.956,17.855,19.493,18.614,18.532,20.3,18.858,18.079,15.064
12.544,15.565,15.017,14.429,14.399,13.836,13.355,12.476,12.476,11.443,10.112,9.5334,8.9336,9.1068,10.182,8.0118,9.4286,9.1224,9.0756,10.182,9.4286,10.14,9.8268,10.348,10.013,9.3226,8.5436,7.8687,5.7646,4.7667,10.778,13.323,13.587,14.019,13.948,14.019,12.901,12.89,13.753,14.019,13.753,14.019,14.19,13.419,13.753,13.702,13.011,12.668,12.43,12.544,11.976,11.128,11.204,10.791,11.204,12.024,11.737,11.833,10.987,9.6519,9.3073,12.441,14.35,15.737,15.492,17.457,16.032,15.538,16.209,16.182,14.779,15.344,16.209,16.032,16.024,18.104,18.245,16.649,17.788,18.653,17.875,17.907,18.4,17.74,18.887,18.407,19.833,19.719,18.12,16.598
13.193,14.69,14.448,14.767,13.85,14.022,12.923,12.111,11.876,11.052,9.0913,9.4563,9.5749,8.711,10.021,8.0373,9.3965,9.029,9.4563,9.1685,9.8794,10.312,9.5749,10.216,10.147,8.7594,8.5805,7.9668,6.3955,4.5689,11.267,13.655,13.436,13.707,13.819,13.901,13.32,13.193,13.373,13.85,13.139,13.572,13.941,13.32,13.541,12.791,12.857,12.501,12.388,12.111,12.354,11.648,11.6,11.052,11.876,11.366,12.111,11.935,10.949,9.2756,9.501,12.445,13.789,15.116,16.525,16.542,16.677,15.729,16.499,16.153,15.845,15.412,16.153,15.485,15.978,17.235,17.917,17.751,17.814,18.498,18.597,17.276,18.066,17.687,19.12,19.187,19.384,19.716,18.86,16.627
12.326,14.852,14.768,14.311,13.978,13.809,12.94,12.281,11.996,11.246,10.521,9.7003,8.7556,8.6762,8.9587,8.2175,8.9587,8.9587,8.9587,9.3071,9.4839,9.7003,10.051,9.9259,9.4839,8.6762,8.5638,7.1553,5.3649,4.9907,11.258,13.194,13.769,13.809,13.525,13.183,13.309,13.412,12.811,13.899,13.152,13.412,13.014,12.471,12.669,13.067,12.724,12.416,11.681,12.549,11.996,11.822,10.985,11.55,10.985,11.822,12.145,11.996,11.147,9.3664,9.322,11.586,13.647,15.256,17.071,16.719,16.719,15.904,15.922,15.472,14.963,14.739,15.826,16.636,15.615,17.039,16.785,16.719,17.232,18.163,18.532,18.375,17.801,19.149,18.352,18.821,20.845,19.719,18.299,15.292
13.297,13.917,13.797,14.802,14.356,13.401,13.473,12.461,11.859,11.528,10.353,9.4757,9.3584,8.951,8.3108,9.1795,8.1598,9.0431,8.5565,9.6919,10.001,9.2992,9.5194,10.097,10.11,8.7005,8.0232,6.833,5.4116,4.7597,11.528,12.886,13.38,13.917,13.887,13.297,13.887,13.003,12.832,13.757,13.757,13.676,13.797,13.827,13.514,12.538,12.713,12.659,12.089,11.917,11.753,11.088,11.138,11.635,11.528,11.812,12.8,11.671,11.051,9.6491,9.2992,11.986,13.827,16.021,15.812,16.303,16.012,15.459,16.226,15.134,15.134,15.521,15.17,16.828,16.32,16.235,17.786,17.669,18.576,16.967,18.842,17.848,18.665,18.583,18.223,19.505,19.533,19.298,18.93,16.235
13.077,14.644,14.768,15.068,14.72,13.776,13.498,12.882,11.756,11.756,10.28,9.6616,9.7626,10.06,9.891,8.0644,8.7319,8.5372,9.2465,8.8118,9.2465,9.4711,9.5448,10.046,9.9897,9.0162,7.8173,6.634,6.3754,5.451,11.72,13.109,13.612,14.068,14.711,13.405,13.664,13.405,13.561,13.405,13.363,14.018,14.256,13.498,14.018,12.496,12.882,12.817,12.281,11.98,12.189,11.231,11.66,11.256,11.696,11.98,12.751,11.839,11.454,9.9475,9.5448,11.898,14.246,15.572,17.464,16.884,17.504,17.367,16.103,16.207,16.024,15.795,16.413,16.49,16.583,16.574,17.75,18.233,18.417,18.493,19.768,18.233,19.09,19.439,19.134,19.272,20.71,18.801,19.185,16.163
12.928,14.259,14.386,14.259,14.406,14.308,13.501,12.363,11.37,11.9,10.431,9.9495,8.5553,8.5553,8.272,9.0181,8.9869,8.4729,9.0181,9.0181,9.7646,9.1416,9.9495,9.2484,10.117,9.4285,8.7658,7.4327,5.7281,5.322,11.626,12.808,13.86,13.501,14.259,13.86,13.154,13.281,14.249,13.769,13.9,14.386,13.154,13.501,13.365,13.501,13.239,12.808,12.408,11.698,11.758,11.698,11.259,11.65,11.614,12.226,12.087,12.087,11.171,10.282,9.1416,11.9,14.249,15.421,17.249,16.855,17.483,16.746,17.249,15.896,16.62,16.62,16.62,16.425,17.483,18.036,18.383,18.527,18.768,18.005,19.138,18.497,18.946,18.625,19.276,19.064,19.701,19.679,17.475,17.184
12.455,14.82,14.755,14.615,14.568,13.624,12.973,12.619,11.949,11.575,9.7466,9.4897,9.2702,8.9077,9.1509,8.2849,9.0453,8.7208,8.4489,8.9231,9.5618,9.4462,9.6617,10.079,9.3733,9.0453,8.9231,7.1269,5.3436,4.4769,10.941,12.973,14.109,13.624,13.522,13.664,13.522,12.749,13.522,13.784,13.39,13.873,13.664,13.256,12.749,13.359,12.619,12.232,12.576,12.232,12.097,11.214,11.115,11.053,11.717,11.949,12.063,11.949,11.287,9.3292,10.079,13.256,14.455,17.236,16.142,17.06,16.243,16.71,15.936,15.303,16.319,15.971,16.252,16.677,15.962,18.227,18.098,18.227,19.267,18.783,19.472,18.783,18.783,19.267,18.892,18.607,19.641,19.323,18.399,16.039
11.381,12.684,12.867,12.867,12.344,11.959,11.265,11.16,10.663,9.6838,9.2504,7.9928,7.54,7.7508,6.9325,7.5981,8.0476,7.5788,7.6939,8.192,8.456,8.2809,8.2632,8.7288,8.2809,8.4213,7.7508,6.0524,5.4134,4.902,9.9524,11.509,11.686,12.498,11.585,11.909,11.873,11.381,11.922,12.02,11.922,12.105,12.02,12.213,11.265,12.105,11.509,10.881,11.107,10.881,10.399,10.3,9.5773,9.7591,9.9818,10.3,10.961,10.413,9.7441,9.0097,8.1201,10.455,12.273,14.075,13.706,14.21,15.397,14.302,14.576,13.876,14.044,14.726,14.292,14.21,14.706,16.366,16.285,15.783,16.606,16.464,16.606,16.99,15.986,17.331,16.366,16.816,17.757,17.204,15.708,14.302
12.852,14.106,14.424,14.5,14.106,13.641,13.427,13.273,11.781,11.207,10.485,9.9608,8.9277,8.4044,8.0195,9.1707,8.5342,8.5984,8.9738,9.275,9.9746,9.3341,10.084,9.8916,9.4511,9.2898,8.1891,7.6332,6.1362,5.3464,11.121,13.022,13.93,14.116,13.841,13.148,13.022,13.148,12.691,13.366,13.232,14.116,13.671,13.761,13.671,13.022,12.593,12.604,13.2,11.886,12.16,10.909,11.45,11.022,11.109,11.51,12.16,11.886,10.947,9.6383,9.05,12.16,13.761,16.454,16.462,16.311,16.85,16.048,16.462,16.048,15.806,15.239,15.806,18.168,17.623,16.939,17.584,18.594,18.996,17.576,18.289,18.236,19.061,19.734,19.7,19.482,19.741,19.291,18.198,15.945
12.827,14.549,14.76,14.996,13.868,13.509,13.289,12.761,12.233,11.026,9.7701,9.4784,9.4784,9.3892,9.4339,8.0706,8.2256,8.8186,9.1468,9.3742,10.067,9.7414,10.081,10.123,9.5522,9.2688,9.2536,7.2069,6.3804,5.0267,11.989,13.415,13.776,14.462,13.938,13.674,13.247,13.509,13.289,13.405,13.373,13.938,13.908,13.257,13.087,12.639,12.37,12.415,12.187,12.415,12.471,11.14,11.848,11.438,11.177,11.954,12.816,12.106,11.327,9.7701,9.2536,12.827,14.549,16.357,16.323,16.964,16.15,16.434,15.807,16.115,16.366,15.94,16.756,17.356,16.638,18.538,17.992,17.063,18.507,18.431,18.816,18.294,19.612,19.082,18.454,19.258,20.453,19.287,18.636,15.94
12.072,14.643,14.643,14.255,13.764,13.497,13.393,13.075,11.944,11.453,10.279,9.9465,9.7329,9.5439,9.5439,9.0619,9.2607,9.5439,9.2456,8.9998,9.4702,9.7329,9.9465,9.89,9.8474,9.0154,8.5363,7.3547,5.8234,4.9944,11.218,12.978,13.856,14.017,14.205,13.764,13.497,13.393,13.987,13.611,13.805,14.017,13.559,13.403,13.528,12.892,13.022,12.584,12.892,11.897,11.838,12.072,11.168,11.611,11.647,11.611,12.359,11.838,11.897,10.183,8.9842,12.072,15.058,15.794,17.089,16.42,16.352,16.437,16.446,16.437,16.352,15.57,15.74,17.598,16.941,17.63,18.07,18.377,18.597,18.108,19.766,19.27,18.896,19.695,19.415,19.183,19.652,19.702,18.255,16.816
13.113,14.28,14.461,14.788,14.28,13.361,12.818,12.592,11.514,10.728,9.9339,9.9888,9.4111,8.9036,7.9636,8.7644,8.1837,8.6229,9.8232,8.7644,8.6545,9.3528,10.098,10.043,9.4256,9.3528,8.8882,7.3384,6.5511,4.7055,11.029,12.913,14.126,13.754,14.271,13.594,13.113,12.86,13.227,13.33,13.071,13.813,14.223,13.361,13.493,12.721,12.339,12.206,11.923,12.127,12.339,10.664,11.514,11.091,11.514,12.071,12.428,12.339,11.091,9.3089,10.057,12.071,14.88,15.901,17.38,17.03,17.404,15.824,15.901,16.763,15.545,15.162,17.746,16.216,18.006,18.187,18.239,18.028,19.196,19.401,20.303,19.003,19.146,19.408,19.239,20.114,20.578,20.175,19.373,16.966
11.284,12.845,13.014,12.845,12.65,12.335,11.962,11.127,10.492,10.196,9.0585,8.945,8.4584,7.7372,7.5073,8.2663,7.5073,8.2309,8.2309,7.9787,8.3891,8.7135,9.2341,8.7302,8.4584,8.1238,8.0334,6.3251,4.9821,4.6171,9.742,11.552,11.852,12.719,12.346,12.346,11.603,11.451,12.335,12.192,11.69,11.463,11.901,11.901,11.852,11.852,10.767,11.399,11.552,10.942,10.395,9.9642,9.742,9.6213,10.324,10.38,10.808,10.808,9.9349,8.4411,8.0334,10.617,13.148,13.777,14.868,14.868,14.277,13.893,13.639,14.946,13.292,13.851,14.05,15.484,15.217,16.541,16.355,16.337,16.968,16.337,17.301,16.691,16.925,16.691,16.647,17.536,17.906,17.996,16.257,14.946
12.784,14.542,14.949,15.135,14.542,13.64,13.904,12.729,11.628,11.592,10.623,10.098,9.5721,9.7457,9.2456,9.0316,8.5223,8.7168,9.5283,9.3656,9.9724,10.028,9.9302,10.167,9.5721,9.4103,8.5387,7.9982,6.3644,4.8728,11.924,12.871,14.202,13.994,13.475,13.475,13.547,13,13.371,13.475,13.722,13.506,13.722,14.231,13.64,12.957,12.384,12.729,12.794,12.202,11.959,11.112,11.592,12.168,11.592,12.339,13.245,12.293,11.64,9.9302,9.8313,12.86,15.033,16.512,16.888,16.797,17.884,16.461,16.461,16.393,16.444,15.337,14.949,17.45,17.281,17.077,17.978,19.057,19.405,18.887,19.384,18.887,18.769,19.29,19.152,19.563,20.525,20.126,18.567,17.02
12.609,14.405,14.481,14.443,14.223,13.653,13.348,12.489,11.939,11.326,10.071,10.057,9.4387,9.2629,10.537,8.009,8.916,8.3934,9.6257,9.4387,9.6541,9.9616,10.393,9.9616,10.003,9.6541,8.2783,7.1213,6.3046,5.2357,11.53,13.245,13.971,13.743,14.146,13.005,13.1,13.328,13.089,13.743,13.703,13.512,13.971,13.121,13.005,12.577,12.609,12.087,12.357,12.445,12.412,11.094,11.59,11.045,11.812,11.766,12.75,11.939,10.743,9.4387,9.2776,12.223,14.097,16.018,16.357,17.993,16.264,16.256,16.171,16.018,15.399,15.742,17.03,15.742,16.399,18.054,17.553,18.152,18.175,19.604,19.548,19.308,19.379,18.914,18.914,19.308,20.573,19.251,17.909,17.118
12.802,14.666,15.346,14.968,15.144,14.112,13.348,12.267,11.599,11.119,10.851,9.5342,10.159,9.6509,8.4784,9.5342,8.5277,9.4162,9.1296,9.4162,9.6509,9.8375,10.391,9.9365,10.173,9.0062,8.3621,7.8621,5.8175,5.2087,11.441,13.72,14.279,14.818,13.556,13.882,13.264,13.062,13.008,13.556,13.483,13.882,13.972,14.24,13.222,13.137,12.693,12.715,12.704,12.715,12.21,11.647,11.306,11.885,11.219,11.647,12.737,12.335,11.611,10.431,9.6509,12.615,14.968,16.998,16.556,16.335,16.699,16.189,15.875,15.706,15.945,16.12,15.945,17.896,17.031,17.396,17.739,17.896,18.691,19.251,18.472,18.758,19.171,19.654,18.899,19.068,20.633,19.675,19.632,16.429
12.888,14.221,14.941,14.445,14.24,13.607,13.972,12.546,11.751,11.013,10.703,10.585,9.5849,9.0126,7.3524,9.887,8.7604,9.0436,9.7299,9.7299,9.887,9.8444,10.111,10.505,9.2427,9.5409,9.3632,7.8677,6.3729,4.9928,11.559,13.103,14.062,14.532,14.6,13.922,13.524,13.892,13.017,14.062,13.273,13.972,14.561,13.263,12.811,12.974,13.071,11.94,12.344,12.58,12.31,11.4,11.619,11.214,11.4,11.619,12.746,12.184,11.363,9.2579,9.5849,12.218,13.972,16.096,17.473,17.336,16.61,16.432,15.877,16.542,14.714,14.903,16.844,16.944,16.819,17.1,18.064,17.971,18.644,18.711,19.119,19.119,19.517,19.235,19.431,18.771,20.449,19.517,19.46,16.44
12.915,14.897,14.737,14.822,14.822,13.652,13.916,12.619,12.213,11.122,10.541,10.176,8.7247,9.1015,10.272,8.075,8.8679,9.4633,9.2388,9.2388,10.42,9.7258,10.037,10.434,10.176,9.4188,9.0398,7.5743,6.7747,5.3949,11.746,13.32,14.056,14.086,14.293,13.886,13.795,13.846,13.236,14.215,13.225,13.846,13.765,12.718,13.268,12.384,12.784,12.718,12.541,12.451,12.485,11.309,11.321,11.222,11.746,11.829,12.541,12.075,11.109,9.7114,9.254,12.915,14.526,15.559,17.223,17.06,17.036,16.063,16.561,16.729,15.158,15.782,17.06,15.914,17.353,17.846,18.515,17.657,17.775,18.786,19.516,18.703,18.941,18.11,19.509,20.109,20.109,20.144,18.636,16.812
12.677,14.685,15.009,14.421,14.497,13.668,13.103,12.337,11.495,10.805,9.9447,9.6218,8.786,8.9102,8.0005,8.4025,9.2728,8.9256,8.9256,9.4489,9.4489,9.6645,10.082,10.082,10.014,9.3319,8.9563,7.3565,6.8338,5.2413,11.495,13.103,14.392,14.601,13.837,13.627,13.363,13.103,13.424,13.145,13.526,13.475,13.668,13.475,11.952,13.145,13.019,12.1,12.623,12.055,11.86,11.019,11.495,12.055,11.495,11.205,12.666,11.638,11.057,9.7494,9.4344,12.191,14.497,16.748,17.169,15.975,17.064,15.733,15.486,15.967,15.733,16.078,16.649,16.919,16.383,17.008,17.681,18.612,18.59,16.878,18.59,17.913,19.244,19.737,19.079,19.4,20.061,19.244,18.876,16.723
12.94,14.492,13.981,14.416,14.387,13.663,13.337,13.109,11.948,11.053,10.01,9.4455,8.5292,8.5292,7.2977,9.0143,9.0447,8.5933,8.9685,8.9224,10.01,9.7459,10.078,9.8857,9.4455,9.1503,8.5292,7.1264,6.1326,5.4701,11.598,12.972,13.981,14.595,13.842,13.872,13.951,13.872,13.224,13.602,13.663,13.872,13.592,13.099,12.618,13.014,12.618,11.855,12.062,12.276,12.673,11.213,11.201,11.774,11.31,12.366,12.586,11.948,11.774,9.661,8.9224,12.265,14.838,15.41,17.417,17.448,16.242,15.97,15.338,15.23,15.275,16.318,17.822,15.56,16.402,17.234,17.574,17.906,18.044,18.067,19.237,19.222,18.985,19.562,18.301,18.985,20.157,20.061,19.222,16.709
12.861,14.81,14.96,15.339,14.075,13.744,13.549,13.247,12.261,11.593,10.057,10.846,10.057,8.605,9.9315,7.6965,8.9862,9.0327,8.9862,9.0327,9.4559,10.168,10.264,9.7469,10.057,9.2467,8.3579,7.9466,6.1871,5.3907,11.677,13.784,14.233,14.282,14.379,14.233,13.247,13.549,13.257,13.955,13.549,13.247,13.875,13.002,12.796,12.785,12.905,11.82,12.475,12.861,12.475,11.926,11.435,11.3,11.605,12.374,12.204,12.385,10.897,9.7182,9.8751,12.785,14.659,15.858,16.598,17.571,16.791,16.077,16.514,16.421,15.366,15.035,16.514,16.421,15.902,17.887,18.227,17.722,18.493,20.425,19.357,18.771,19.898,19.565,18.749,20.01,20.911,20.724,19.292,16.857
13.041,14.266,15.12,14.943,14.412,13.819,13.738,13.115,12.19,12.04,10.087,9.7358,9.504,8.9915,9.9202,8.1968,9.084,9.5625,9.3413,9.5186,10.087,9.5625,9.7358,10.252,9.9202,9.6928,8.4645,7.1816,6.6158,5.28,11.865,13.242,14.168,13.697,15.018,13.859,13.89,13.523,13.819,14.793,13.98,14.059,14.089,13.232,13.626,12.716,12.716,12.144,12.371,12.771,12.461,11.806,11.592,11.532,11.806,12.04,12.04,12.155,11.337,9.504,9.5186,13.232,14.869,16.78,17.32,17.96,16.444,16.504,15.963,16.444,15.752,15.84,16.427,16.904,17.06,17.71,18.727,17.239,18.237,18.668,20.381,19.132,18.712,19.6,19.714,19.714,20.941,20.092,19.65,16.896
13.293,14.361,14.951,14.361,14.361,13.938,13.24,12.324,11.662,11.421,10.677,10.25,9.1133,8.6586,9.2198,9.2349,9.2198,9.2349,9.2198,9.9608,9.7344,9.8199,10.044,9.7344,9.7344,9.5172,8.9591,7.1805,7.0434,5.1994,11.286,12.692,14.602,14.087,14.706,13.767,13.573,13.624,13.887,13.624,13.293,13.857,13.767,13.071,12.758,13.039,13.039,11.864,12.062,13.039,12.279,12.062,11.578,11.372,12.062,12.05,12.245,12.038,10.883,9.8199,9.5172,12.942,14.932,16.16,17.746,17.549,17.188,16.4,16.577,16.577,15.099,15.016,16.694,16.669,18.019,17.809,18.387,18.665,19.411,19.54,19.788,18.507,19.469,19.88,19.647,19.901,21.645,20.535,19.533,17.317
13.365,14.705,14.95,14.496,14.165,13.725,13.725,12.049,11.529,10.87,10.518,9.9183,9.4433,9.2193,8.058,9.2193,9.2344,9.7052,9.4433,9.7052,10.016,9.4433,9.9183,9.8619,10.141,8.9742,8.7859,8.2629,6.4221,5.6856,11.91,13.355,13.857,14.292,14.214,14.36,13.947,13.572,13.49,13.459,13.197,13.292,14.263,13.24,12.985,13.038,12.548,12.515,12.691,12.768,12.324,11.297,11.626,11.578,11.614,12.324,12.768,12.049,10.87,9.9603,9.9603,12.768,15.373,17.171,16.901,17.548,17.476,17.04,15.669,16.029,16.297,15.598,16.868,17.024,15.872,18.386,18.018,18.476,19.266,19.539,19.36,19.034,19.468,19.921,20.309,20.171,21.175,20.937,18.416,16.843
12.98,14.785,14.897,15.092,14.785,14.051,13.7,12.51,12.543,11.182,10.408,10.012,9.7015,9.2158,8.9708,8.9553,8.9708,8.9553,9.5569,9.3359,10.026,9.7302,9.5569,9.6872,9.9145,9.5131,8.7826,7.5554,6.3543,5.8998,11.585,14.258,14.413,14.051,13.73,13.932,13.235,13.932,13.811,13.618,13.971,14.355,13.454,13.618,12.839,13.618,13.454,12.883,12.839,12.033,11.905,11.416,11.391,11.132,11.8,11.621,12.709,12.51,10.685,10.15,9.3953,12.763,14.925,16.367,16.828,16.662,17.856,17.05,16.075,16.519,16.367,16.762,15.689,16.77,17.573,18.537,18.469,19.259,19.187,18.432,18.462,19.07,19.121,19.892,19.525,20.492,21.114,19.913,19.374,17.478
13.038,14.341,14.94,14.418,14.724,14.056,13.976,12.369,11.661,11.625,10.154,9.96,10.518,9.219,9.3987,8.974,8.3465,9.6329,10.154,9.8616,9.918,9.5165,10.154,10.371,10.14,9.5019,8.5118,7.5581,6.3565,5.4349,11.804,13.816,14.36,14.705,14.524,14.214,14.524,13.458,13.531,14.026,13.936,13.856,13.489,13.572,13.623,12.941,12.984,12.855,12.757,12.049,12.425,11.721,11.721,11.968,11.098,11.968,12.941,12.278,11.42,10.154,8.9895,12.757,15.318,16.567,16.776,16.668,16.999,17.024,16.834,15.977,15.417,16.055,16.055,17.548,17.492,17.548,18.483,18.294,19.011,18.723,18.596,18.797,18.663,19.955,19.186,19.787,20.695,20.56,18.923,17.292
13.049,14.337,14.99,13.794,14.191,14.003,13.437,12.527,12.438,11.702,10.461,10.027,9.5011,9.0979,8.5794,8.6439,9.0213,8.6439,9.0213,9.3241,9.5449,9.8033,9.8457,10.381,10.138,10.027,9.5011,7.7815,6.3243,4.972,11.559,14.003,13.954,14.539,13.954,13.437,13.834,13.437,13.509,13.914,13.509,13.703,13.218,13.914,13.176,13.794,12.693,12.693,12.66,11.559,12.133,11.607,11.118,11.702,11.118,11.925,12.747,12.736,10.967,10.138,10.381,13.049,14.999,16.346,17.543,18.203,17.336,16.666,16.549,16.465,15.951,16.972,16.641,17.833,17.919,18.173,19.564,19.002,20.069,18.408,19.379,18.892,19.867,20.982,20.069,20.034,21.088,20.337,19.888,16.972
13.335,14.672,15.311,14.832,14.635,14.182,12.955,12.826,12.034,11.161,10.6,10.348,9.7974,9.4808,8.0226,9.2137,8.6867,9.7974,9.0158,10.063,10.063,10.455,10.652,10.534,9.9936,9.6834,8.6387,7.3927,6.5997,5.2934,11.37,13.826,14.172,14.785,14.025,14.182,13.593,13.335,13.593,13.735,13.041,13.178,13.785,13.335,13.542,12.859,12.815,12.341,12.641,12.663,12.217,11.394,11.504,11.346,11.836,12.251,12.52,12.341,11.173,10.118,10.227,13.335,15.993,17.148,17.253,17.916,17.019,16.531,16.739,16.739,15.993,16.805,16.739,17.893,18.016,17.666,18.682,18.192,19.855,18.682,19.338,19.545,20.324,20.057,20.057,19.987,21.154,21.187,19.552,16.805
11.994,13.062,13.675,13.79,12.75,12.716,12.625,11.813,10.741,10.303,9.6697,8.7973,8.6488,8.7973,7.7358,8.205,8.4809,8.1169,8.3785,8.5988,8.9271,8.8462,9.3828,8.8786,9.1656,9.1026,8.3268,7.2955,6.1157,5.0885,10.415,12.231,12.918,13.149,12.243,12.75,12.383,11.994,12.054,12.476,12.895,12.716,11.873,12.716,12.161,11.315,11.764,11.813,11.378,10.741,10.62,10.205,10.415,11.378,10.728,10.781,11.479,11.554,10.94,8.9913,9.6697,11.058,13.79,15.19,15.62,15.62,16.216,15.057,14.797,13.956,13.675,14.492,14.913,16.091,15.638,16.567,16.962,17.046,17.644,16.791,17.331,17.331,18.031,19.524,17.513,19.047,19.737,18.213,17.692,15.775
13.017,14.578,15.093,15.093,14.616,14.064,13.302,12.921,12.134,10.866,10.607,10,10,9.5017,9.0984,9.2197,9.2047,9.5017,8.96,9.6179,9.8038,9.7185,10.395,10.866,9.4283,9.4283,9.0218,8.2329,6.6668,6.0094,12.019,13.437,13.865,14.142,14.616,13.683,13.915,13.219,13.51,13.468,14.064,14.338,13.794,13.835,12.835,13.51,12.495,12.528,13.302,12.168,11.926,11.081,11.28,12.019,11.844,12.405,12.759,12.134,11.844,10.594,10.554,13.334,16.064,17.16,17.232,17.544,17.265,16.236,16.55,15.203,15.501,16.03,16.03,17.52,17.289,18.113,18.447,19.047,19.889,18.174,19.329,20.07,19.678,20.035,19.586,19.38,21.063,20.616,19.608,17.465
13.182,14.885,15.372,15.08,15.006,14.507,13.93,13.044,12.023,11.272,10.545,10.142,9.9484,8.8385,8.4527,8.9479,8.4527,8.5832,8.979,9.7222,10.018,10.073,10.032,10.238,9.8501,10.004,9.3282,7.5492,6.1714,5.2989,11.406,13.678,14.275,14.659,13.689,13.92,14.01,13.515,13.224,13.92,13.84,14.148,14.197,13.678,13.719,12.764,12.309,12.444,13.556,11.849,11.896,11.123,11.671,12.047,11.849,12.298,13.276,12.354,11.516,10.466,10.238,12.764,15.57,17.408,16.548,17.455,17.527,16.243,15.958,15.399,16.556,16.097,16.648,17.11,16.548,17.598,18.28,18.204,19.452,18.642,19.011,18.303,19.452,20.373,19.573,20.366,22.132,20.509,19.7,17.15
12.865,15.402,15.137,14.679,14.274,14.371,13.375,12.767,12.288,11.694,10.878,9.8694,9.2414,9.0275,7.942,9.3465,9.1198,8.9966,9.7413,9.524,10.379,9.4505,10.203,10.684,10.093,10.258,9.524,7.8537,6.6825,4.8707,11.38,13.25,14.225,14.42,14.877,14.215,14.303,13.531,13.987,14.067,13.582,13.957,14.877,13.705,12.723,13.827,12.69,12.333,12.723,12.333,12.162,11.232,11.635,11.635,12.197,12.322,12.994,12.778,11.429,10.093,9.7413,12.557,14.877,15.402,16.505,17.111,16.58,17.07,15.538,16.068,15.248,15.538,17.305,16.128,16.706,17.426,17.249,17.759,18.055,18.938,20.047,18.316,18.453,19.971,19.554,19.554,20.248,20.515,18.812,17.506
11.398,12.681,12.738,12.405,12.94,12.647,11.797,11.22,10.813,10.195,9.6119,8.8618,8.3933,8.0778,7.209,9.1818,7.9879,8.1843,7.9879,8.4105,9.1818,8.8943,8.6807,8.3415,9.2445,8.0778,7.9335,6.2662,5.3732,5.0691,10.223,12.075,12.738,11.931,12.544,12.405,11.833,11.87,11.833,12.94,12.182,12.358,12.158,11.833,11.894,11.784,11.22,11.335,10.867,10.88,10.433,9.5668,10.209,10.266,10.209,10.266,10.959,11.077,9.6867,8.8943,7.9879,10.266,12.996,14.468,14.518,15.499,14.468,13.476,14.468,14.186,13.593,13.465,14.104,14.929,15.812,15.368,15.283,15.949,16.03,16.245,17.076,16.245,16.03,17.144,16.872,17.543,18.837,18.022,16.864,15.141
13.111,14.795,14.534,14.674,14.027,14.268,13.572,13.389,11.512,11.089,10.468,10.042,9.9461,9.6107,10.055,8.6531,9.3513,9.3513,9.6107,10.055,9.9186,10.15,9.5394,10.376,10.15,9.8217,9.3074,7.9107,6.4661,4.9593,11.501,13.561,14.22,14.153,14.525,14.278,14.076,13.561,14.076,14.076,13.44,13.491,14.459,13.069,13.358,13.069,12.858,12.568,12.393,12.568,12.633,11.747,11.477,11.261,11.944,11.689,12.719,12.249,11.261,9.7238,8.9329,12.557,14.562,15.899,16.875,17.377,16.531,16.281,15.933,16.214,15.543,15.717,16.671,15.761,15.959,18.026,17.565,17.02,18.541,18.884,18.855,18.304,18.116,19.455,19.143,18.681,20.334,18.855,19.179,17.068
11.449,13.065,13.275,13.132,12.975,12.518,11.983,11.008,10.645,9.9517,9.2854,8.7858,9.1908,8.6353,9.0471,7.7274,7.7274,8.0956,8.7025,8.8518,9.2383,8.5335,8.7858,8.9825,8.7192,8.3785,8.0233,6.8268,6.1536,4.9758,10.848,11.983,13.275,12.6,12.6,12.425,12.6,12.413,12.212,12.46,12.236,11.922,12.737,11.983,11.651,11.231,11.449,11.126,11.983,10.686,10.808,9.9517,9.9517,10.479,10.604,10.479,11.385,10.367,10.423,8.8518,8.0233,10.848,13.054,13.792,15.15,15.005,15.455,14.259,14.167,13.792,13.352,13.176,14.074,14.249,14.532,14.966,15.873,15.689,16.047,16.74,16.661,16.74,16.173,17.438,16.938,17.144,17.572,18.318,16.904,15.284
12.696,15.03,14.796,14.061,14.909,14.606,13.771,12.685,11.949,11.666,10.482,10.158,8.993,9.5056,8.3498,9.2227,9.024,9.2227,9.2227,9.5203,9.9219,9.8655,9.964,9.5056,10.144,9.2227,9.1162,7.5056,6.3809,6.0211,11.63,13.73,14.297,14.268,14.711,14.53,13.942,13.202,14.219,14.73,14.061,13.892,14.061,13.37,13.202,12.989,12.86,11.808,12.362,11.594,12.553,11.867,10.887,11.594,11.69,11.867,12.892,12.685,11.808,10.048,9.3578,13.117,14.414,16.447,17.006,17.491,16.506,16.841,16.405,16.061,15.396,16.498,16.907,16.498,15.887,17.752,17.298,18.171,17.986,19.879,19.717,18.686,18.491,19.475,19.194,20.109,21.255,20.764,19.201,17.427
13.203,15.121,14.672,14.785,14.785,14.022,13.225,12.851,12.057,11.681,10.151,10.013,8.7829,9.1098,9.9569,8.0379,9.5135,8.9712,9.3511,9.9569,10.151,10.246,9.7306,9.6876,9.9149,9.6299,8.5906,7.463,6.0169,5.3817,11.717,12.98,14.051,14.248,15.093,14.081,13.516,13.812,13.852,14.336,14.18,14.248,14.18,13.288,13.526,13.034,13.568,12.775,12.764,12.775,12.149,11.219,11.717,11.586,12.32,12.455,13.235,13.108,11.681,10.475,9.4401,12.665,15.194,16.486,16.571,16.994,16.688,16.771,16.562,15.385,15.367,17.018,16.771,16.571,16.385,18.462,18.432,18.658,18.702,19.122,18.227,18.035,18.917,19.893,20.198,19.59,21.429,19.781,19.361,17.181
13.493,15.303,15.33,15.483,14.908,14.223,14.32,12.656,12.244,11.83,9.8907,9.4171,9.4171,9.4903,8.5697,9.011,8.7615,9.011,9.3728,10.057,10.423,10.542,10.449,10.221,9.6783,9.3728,8.9648,7.7726,6.4259,5.6698,12.656,14.165,14.824,14.484,14.223,14.749,14.145,13.171,13.483,14.253,13.818,13.255,14.636,13.328,13.002,13.023,13.002,12.004,12.733,12.391,12.278,11.877,10.84,11.653,11.303,12.29,13.034,12.906,12.154,10.221,10.016,12.819,15.303,17.316,17.444,16.854,16.622,17.188,16.328,16.952,15.157,16.73,16.73,17.188,16.854,18.988,17.93,19.76,18.545,18.849,20.252,18.545,19.928,19.591,19.655,20.32,21.299,21.162,19.655,17.139
11.872,13.952,13.701,13.775,14.137,12.92,12.465,11.799,11.079,10.882,10.14,9.3856,8.8143,8.6656,8.2209,8.6656,8.4973,8.4119,8.1857,8.6822,9.1361,8.6656,9.1202,9.8069,9.6136,8.8143,8.1326,6.7978,6.4713,4.9547,10.961,12.255,13.765,13.775,13.295,12.943,12.898,12.943,13.076,12.819,12.92,12.987,12.774,12.077,11.872,11.933,11.489,11.337,11.601,11.337,10.708,10.379,10.379,10.708,10.815,10.869,11.426,11.388,10.337,9.1361,8.9444,12.125,13.532,14.47,16.599,15.594,15.806,15.295,15.134,14.188,14.864,14.619,15.389,16.38,16.345,16.371,16.486,17.331,16.875,17.629,17.743,17.897,17.331,17.889,17.505,18.017,19.384,18.248,18.129,15.668
13.356,14.995,15.335,14.855,14.995,14.35,12.975,13.029,12.349,11.326,11.015,10.404,9.6984,9.6984,8.9834,9.4954,9.3328,10.037,10.078,10.037,10.444,10.037,10.133,10.875,10.188,9.5101,8.9834,8.035,6.8781,5.6816,12.236,13.927,14.155,14.331,15.335,14.485,13.614,13.449,13.756,14.591,13.756,14.076,14.204,13.563,13.614,13.356,13.188,12.315,12.45,12.236,13.188,11.796,11.582,11.015,12.304,12.315,13.061,12.835,11.521,10.243,10.009,13.449,15.115,16.387,17.44,18.19,17.536,16.856,16.105,17.4,16.294,16.379,17.472,17.536,17.536,19.115,19.253,19.942,19.865,19.02,20.088,18.91,19.71,19.368,20.376,20.363,21.008,20.742,19.696,18.426
11.9,13.441,13.312,13.975,13.237,12.885,11.984,11.544,11.267,10.351,9.1109,8.9839,8.3715,8.0568,8.1631,8.6583,8.3199,8.4739,8.7244,8.7244,9.1109,9.542,9.1266,9.9689,8.8388,8.6583,8.3715,6.9877,5.9919,5.3593,10.931,12.546,13.312,13.975,13.398,12.614,12.648,12.511,12.648,12.338,12.511,12.862,12.557,12.907,11.705,12.044,11.984,11.469,11.803,10.638,11.369,10.406,10.169,10.785,11.049,11.267,11.569,11.049,10.839,9.542,9.2205,11.9,13.914,14.823,15.771,15.579,15.347,15.625,14.43,14.628,14.24,15.356,15.244,14.9,14.949,16.545,16.948,16.82,18.016,17.125,18.222,17.815,17.391,17.815,18.016,18.316,19.323,18.441,17.718,16.203
11.732,13.946,14.454,14.1,13.429,13.114,12.401,11.781,10.757,10.635,9.6838,8.7444,9.1318,8.3563,8.8916,8.339,7.7471,8.217,8.9402,8.7444,9.609,9.0045,8.8916,10.333,9.2729,8.7444,8.1818,7.1666,6.0773,4.9524,10.374,12.54,13.695,13.429,13.267,12.992,12.768,12.366,13.169,12.261,13.169,13.267,12.643,12.366,12.071,12.011,11.927,11.395,11.496,10.797,10.662,10.22,10.262,10.757,10.262,11.331,12.071,10.81,11.331,9.3811,9.1475,11.216,13.6,15.494,15.871,16.337,16.372,15.05,14.857,13.977,14.454,15.079,15.193,17.189,15.971,16.478,16.583,16.478,17.538,16.987,17.791,17.198,18.264,18.762,18.049,17.734,19.984,18.358,18.647,15.661
13.539,14.755,15.807,15.272,14.755,14.18,13.539,12.748,12.65,11.171,10.532,9.7103,9.4791,10.116,8.9988,8.9525,8.3265,8.9525,9.7103,9.9361,10.061,10.426,10.13,10.386,10.373,9.5374,9.0602,7.7754,6.8662,5.6962,12.294,14.022,14.18,14.755,15.38,14.18,13.692,14.131,13.672,13.913,13.943,13.732,14.895,13.038,13.662,13.322,12.517,12.517,12.517,12.726,12.517,11.392,11.657,11.109,11.881,12.339,12.737,12.328,11.196,9.9918,9.7103,13.853,16.016,16.223,18.182,17.913,17.089,17.386,15.64,16.334,14.914,16.401,16.86,16.359,16.528,18.907,18.28,17.913,19.421,19.513,18.855,19.031,19.598,19.662,19.851,20.156,21.065,20.511,19.907,16.827
12.732,14.235,14.572,14.676,14.761,14.264,14.176,13.213,12.862,11.698,10.121,10.066,9.7147,8.9565,9.0029,8.9565,9.3359,9.498,9.2011,10.23,10.351,10.391,10.378,10.175,10.23,10.024,8.7686,7.7789,6.8694,5.4243,12.163,13.829,14.695,14.186,14.467,14.313,13.909,13.859,14.572,14.467,13.597,14.38,14.029,13.339,13.432,13.597,12.916,12.434,12.743,11.945,12.129,11.555,11.076,11.555,11.639,11.921,12.819,12.49,10.963,10.378,8.972,12.333,15.315,15.665,16.868,17.137,17.394,16.459,17.064,16.127,16.024,15.718,17.386,17.202,17.513,18.849,18.827,18.144,19.178,18.849,20.166,19.091,19.178,19.437,19.944,19.6,20.554,20.33,20.33,17.913
11.635,13.284,13.009,13.284,13.446,12.919,12.694,11.23,11.307,10.387,9.1907,9.6212,8.504,8.1922,8.3669,8.6055,7.6442,8.0856,8.4014,8.6725,9.4084,9.5306,9.393,9.8735,8.7554,8.504,8.1922,7.0126,6.7392,4.8406,11.075,12.694,13.617,13.786,13.284,12.953,13.316,12.919,12.602,12.475,13.13,12.784,12.545,13.097,12.194,11.845,11.435,11.295,11.409,10.77,10.649,10.233,10.275,10.811,10.676,10.97,12.288,11.51,10.877,9.576,8.6223,12.027,13.316,14.291,15.523,15.973,15.928,15.411,14.983,14.482,14.21,14.983,15.155,15.523,15.212,16.464,17.219,17.084,17.585,17.093,17.32,17.879,17.618,18.04,17.152,18.318,18.546,19.099,17.822,16.045
12.984,14.495,15.39,15.116,15.39,13.886,13.856,13.207,11.944,12.153,10.831,10.043,9.7335,9.0357,9.8615,8.2456,9.6328,9.7335,9.5164,9.339,10.571,9.819,10.61,10.87,10.195,9.6328,8.5932,7.558,6.5294,5.5112,12.547,13.936,14.408,14.638,14.638,14.36,14.667,13.572,14.495,14.865,13.946,14.213,14.164,13.197,13.239,13.458,12.68,12.691,12.713,12.458,12.323,12.037,11.395,11.136,11.185,12.592,12.153,12.887,12.06,10.557,9.5602,12.757,15.695,16.39,18.536,17.642,17.452,16.801,16.441,16.424,16.373,16.055,17.547,17.979,18.017,18.202,19.595,18.566,18.886,19.077,20.101,19.531,19.381,20.376,20.066,20.54,20.829,20.533,19.871,17.186
12.735,15.319,14.879,14.626,14.311,14.311,13.718,12.669,11.903,11.573,10.794,10.009,9.307,9.4692,8.9431,9.1873,9.6716,9.1873,9.4105,9.4838,10.214,10.639,10.845,10.534,9.9258,9.4105,8.4335,8.2342,6.859,5.8816,12.281,13.657,14.359,15.292,14.673,14.588,14.368,13.809,14.359,14.814,14.445,14.037,14.008,13.768,13.014,13.443,13.308,12.939,12.811,12.008,12.145,11.537,11.645,12.019,11.645,12.145,12.735,12.145,12.019,10.214,10.16,12.281,15.535,16.316,17.511,17.424,17.232,17.519,16.867,16,15.292,15.694,16.867,17.176,17.637,17.886,18.261,18.102,19.12,20.142,20.624,19.719,18.946,19.803,20.327,20.238,21.304,21.049,19.997,16.908
12.868,14.893,14.59,15.145,14.445,14.435,13.73,13.348,12.965,12.176,10.787,9.9366,9.5344,9.0374,7.9331,10.173,9.0991,9.2364,9.5344,9.8802,10.431,10.787,11.005,10.173,9.7232,9.1298,9.0374,7.6275,6.434,5.2887,12.21,14.112,14.231,14.628,15.374,14.931,13.963,13.751,14.931,14.733,14.435,14.24,14.24,14.003,14.24,13.597,13.062,12.715,12.781,13.264,13.062,11.119,11.417,11.743,11.826,12.616,12.879,12.571,11.219,10.035,9.0064,12.571,14.959,16.523,16.599,17.581,17.162,16.007,16.607,17.129,15.698,14.752,16.335,16.899,17.485,17.612,18.578,18.328,19.047,19.076,19.575,19.105,19.047,18.713,20.626,19.908,21.056,20.428,19.164,17.088
11.367,13.088,13.375,13.517,13.088,12.541,12.005,11.671,10.65,10.442,9.2389,8.7348,9.1914,8.5487,6.9239,8.6676,7.6843,8.1818,8.8676,8.6676,9.1754,9.2073,9.2073,9.747,9.2389,8.8676,7.6462,6.839,5.7474,3.9361,10.258,12.622,13.375,13.166,13.088,12.435,12.234,12.482,11.571,12.482,12.329,12.622,13.517,12.09,11.87,12.09,10.948,11.028,11.405,11.028,11.146,9.8663,10.498,9.9694,10.057,10.329,11.907,10.773,10.498,8.5487,8.718,11.457,13.43,14.767,14.757,15.369,15.081,14.057,13.56,13.858,12.576,13.678,14.993,14.767,15.139,15.312,15.225,15.791,16.977,16.346,16.787,16.444,16.934,17.653,16.47,17.834,18.351,18.239,17.097,14.708
13.244,14.915,14.707,14.859,15.046,14.124,13.803,13.391,12.312,12.07,10.44,10.182,10.168,9.5278,8.3693,10.426,9.3796,9.9872,9.6592,9.5425,10.705,10.278,10.278,10.44,10.223,9.7602,8.9829,7.5787,6.6954,5.398,11.693,14.203,14.83,15.387,15.046,14.448,14.399,14.38,13.894,14.83,14.223,14.301,14.602,13.854,13.742,13.526,13.495,12.922,12.715,12.001,12.186,11.229,11.753,11.895,11.426,12.186,12.748,12.402,11.216,10.113,9.945,12.715,14.943,16.621,17.013,17.07,16.739,16.34,15.924,15.862,15.738,15.432,15.791,17.363,17.46,16.814,17.911,18.229,19.268,19.187,19.268,18.488,19.412,19.268,18.975,19.89,20.973,19.841,19.129,17.217
12.508,14.488,14.923,14.895,14.933,13.759,13.431,12.707,12.586,11.798,10.406,10.245,9.2296,9.6282,9.9552,9.016,9.4384,9.5119,10.149,10.513,10.406,10.245,10.552,10.566,10.135,9.7002,8.5891,7.4989,6.8591,5.4322,12.055,14.353,15.109,15.589,15.219,14.858,14.256,14.285,14.177,14.783,14.177,14.256,14.197,13.718,13.452,13.93,13.233,12.751,13.452,13.031,12.272,10.877,11.365,10.864,11.18,12.351,12.586,12.663,11.329,10.039,8.9696,12.055,14.555,16.526,17.178,16.793,17.015,16.108,16.526,16.047,15.109,15.219,16.892,15.661,16.047,17.854,17.444,17.97,18.009,18.669,18.474,18.285,19.002,19.06,19.256,20.298,21.236,21.164,18.587,17.42
12.876,14.405,15.304,14.777,14.852,14.405,13.713,13.026,12.973,11.852,10.389,9.9091,9.2108,9.0739,9.2108,8.5205,9.4346,8.841,10.24,10.145,10.548,9.7249,10.679,10.362,9.6963,9.508,9.0278,7.9111,6.3727,5.2741,12.038,14.395,15.304,15.404,14.711,14.395,14.201,13.934,14.073,14.347,14.328,14.25,13.753,14.549,13.227,13.047,13.477,13.446,12.876,12.233,12.312,11.615,11.615,11.899,11.852,12.414,13.101,12.176,12.038,10.548,9.0278,12.581,14.927,16.951,17.008,17.729,16.852,16.101,16.247,16.04,17.041,15.866,15.112,16.247,15.213,18.308,18.285,18.04,18.647,17.846,18.422,18.422,18.519,19.599,19.198,20.372,20.351,19.543,20.187,17.476
12.625,14.638,15.428,14.26,14.145,14.45,13.227,12.754,12.062,11.217,9.9127,9.3457,9.1241,9.139,8.9428,8.1775,9.76,9.3457,9.6334,10.304,10.144,10.144,9.9402,9.9813,10.049,9.605,8.6952,7.854,6.7918,5.2505,11.925,14.638,15.187,14.97,14.193,14.412,14.106,13.674,14.116,14.412,14.116,14.45,13.624,14.057,13.217,13.584,13.391,12.625,12.903,11.936,11.254,11.74,11.682,11.41,10.984,11.936,12.418,11.822,11.787,9.9813,9.6334,12.636,14.193,15.366,16.661,16.921,17.249,15.864,15.436,15.232,15.656,16.026,15.232,16.221,15.586,17.832,18.196,17.794,18.471,18.293,18.844,18.293,19.224,19.394,18.604,19.387,20.375,20.167,19.506,17.398
13.861,14.678,14.977,14.791,14.912,14,13.911,12.733,11.841,11.508,10.379,9.8434,9.3813,9.4989,8.9574,8.7219,9.3368,9.801,9.6151,9.7157,10.067,9.801,10.025,10.231,9.8434,9.202,9.3813,6.87,6.3666,5.2691,12.524,13.831,14.977,15.317,14.468,14.574,14.468,14.06,14.03,14.838,14.178,14.236,14.158,14.265,13.173,13.74,12.82,12.755,13.183,12.301,12.657,11.276,11.664,11.782,12.335,11.782,12.917,12.69,11.264,10.538,9.7157,13.434,14.333,17.155,17.155,17.228,16.537,16.836,15.559,14.875,15.851,16.025,15.999,16.803,16.343,18.381,18.008,18.502,19.324,18.688,18.851,18.829,19.438,20.576,19.609,19.496,21.338,20.339,20.05,17.829
13.022,14.187,14.197,14.507,14.659,14.773,13.8,13.276,12.872,11.896,11.123,10.238,9.3877,9.5492,9.9484,8.7278,9.6937,9.432,9.6937,9.9064,10.183,9.9064,10.142,9.7223,10.466,9.6217,8.7278,7.1716,6.3491,5.2727,11.672,13.8,14.343,14.507,14.659,15.327,14.246,14.773,14.932,15.3,14.583,13.749,13.443,13.8,14.01,13.93,13.84,13.213,12.533,13.474,12.41,11.707,11.707,11.21,11.707,11.849,12.84,12.533,11.185,10.506,9.102,12.533,13.92,15.372,16.422,17.559,16.481,16.674,16.371,16.748,16.243,15.399,16.131,16.14,16.881,18.28,19.243,18.28,18.82,18.454,19.337,18.574,19.164,19.193,19.537,19.402,20.373,20.181,18.701,17.677
13.167,14.622,15.797,15.343,14.141,14.297,13.479,13.417,12.42,11.164,10.109,10.013,9.7039,9.1909,8.4858,8.9311,8.9466,9.0543,10.123,9.9296,10.218,9.9296,10.218,10.109,10.013,9.0543,9.3255,7.6626,6.7395,5.6681,13.199,14.364,15.343,15.406,14.885,14.219,14.518,13.693,13.814,13.844,14.013,14.556,14.17,14.17,13.723,13.417,12.805,13.282,13.157,12.476,12.32,11.826,12.116,11.626,12.001,12.207,12.553,12.509,11.873,10.34,9.661,13.167,16.006,17.518,16.314,17.263,17.239,16.791,16.212,15.621,15.406,16.374,16.323,17.263,16.717,16.849,18.419,18.606,19.011,18.449,18.606,19.472,20.15,20.692,19.754,20.005,21.699,20.679,19.308,17.753
12.483,14.753,14.372,14.372,14.256,14.168,13.731,13.164,12.394,11.833,10.855,9.4927,9.4927,8.936,8.0203,9.4927,9.1959,9.3306,8.9515,9.8369,9.9351,9.4927,10.372,10.385,10.129,9.6806,9.3306,7.6668,6.702,6.0037,11.833,14.227,14.129,14.372,15.415,14.893,14.227,14.526,14.753,15.27,14.256,14.564,14.305,13.822,13.911,13.67,13.456,13.425,13.29,12.812,12.747,12.157,11.548,11.07,12.293,12.681,12.56,13.005,11.17,10.372,9.4927,13.456,13.852,15.841,17.887,18.026,16.858,16.997,16.956,17.504,16.075,15.197,16.651,17.504,17.44,18.011,19.145,18.52,18.422,19.029,20.051,18.905,18.698,18.794,20.325,20.037,20.563,19.318,18.794,16.651
13.014,14.236,15.559,14.913,14.763,14.334,13.679,12.525,11.782,11.508,10.392,9.8435,9.9417,9.2021,9.5428,8.7695,8.447,9.3814,9.6152,9.9417,10.669,10.176,10.392,11.177,10.067,9.8435,9.3369,7.1668,7.0693,4.8579,12.027,13.71,15.317,15.198,15.362,15.317,14.382,14.468,14.06,14.188,14.497,14.139,14.678,14.188,13.71,13.046,13.215,12.755,13.267,12.69,12.301,12.13,11.782,11.841,11.888,12.027,13.204,12.13,11.568,10.067,9.3814,12.29,14.987,15.851,17.155,17.155,16.745,16.737,16.12,15.198,14.903,15.07,16.637,17.203,16.737,18.169,18.008,17.228,18.829,19.093,19.553,19.18,19.673,20.522,19.503,20.03,21.037,20.133,19.729,16.343
11.762,13.404,13.898,13.69,13.436,12.902,12.426,11.59,10.927,10.402,9.3563,9.5385,8.6385,7.5765,8.6551,8.3169,8.1777,8.1952,8.1777,8.7212,9.2172,9.3563,9.1075,9.1547,8.8356,9.1233,7.6706,6.9646,5.695,5.2764,10.848,12.902,13.659,13.898,13.49,13.264,12.902,12.902,13.404,12.902,12.902,13.307,11.895,12.217,11.762,12.61,12.779,12.426,12.217,11.301,10.992,10.715,10.235,10.193,9.8785,10.715,11.465,11.187,10.526,9.4933,9.1075,12.039,13.564,15.425,15.322,16.642,15.983,15.865,14.885,13.774,14.711,14.093,14.475,16.214,15.573,16.434,16.547,16.78,17.492,17.118,17.516,17.622,17.516,17.961,17.744,18.597,19.324,18.411,17.622,15.766
13.201,14.482,15.265,15.073,15.346,14.454,13.726,13.032,12.731,11.687,10.342,10.527,10.125,9.2078,8.5687,9.2078,8.6812,8.4875,9.7058,9.2078,10.125,10.422,10.001,10.22,9.9872,9.7058,9.3718,7.062,6.4036,5.1842,12.288,14.663,14.888,15.588,14.377,14.625,14.559,14.319,13.847,14.222,13.726,14.559,14.212,13.776,13.201,13.686,13.316,12.947,13,12.478,12.003,11.829,11.652,12.015,11.363,12.118,12.644,12.478,11.556,10.125,9.9316,12.904,15.073,16.528,17.497,17.242,17.137,16.394,16.113,14.888,15.914,16.528,15.481,17.362,17.378,18.02,18.986,18.431,19.73,19.54,18.423,19.304,19.276,20.175,19.304,20.009,21.639,21.173,19.304,17.434
11.974,13.387,14.015,13.892,12.952,12.501,12.211,11.781,10.629,10.23,9.8738,9.166,8.7826,8.3129,7.5159,7.9605,8.0501,8.3645,8.1033,8.7826,9.166,9.1189,9.698,9.1189,8.6344,8.8638,8.1738,6.9818,5.9869,4.849,10.843,12.963,13.557,13.892,13.43,13.247,12.952,12.604,12.489,13.04,12.941,12.728,12.941,12.455,12.328,12.211,11.359,11.584,12.211,11.296,11.559,10.776,10.843,10.669,10.548,11.039,12.211,11.039,10.829,8.7826,9.166,11.744,13.652,14.936,15.749,15.749,15.566,15.921,13.933,14.772,14.498,14.888,15.146,15.749,15.894,15.758,16.933,16.814,18.316,17.269,17.244,16.738,17.832,19.462,18.426,18.183,19.689,18.12,18.75,16.189
12.718,14.673,15.965,15.351,14.414,13.73,14.219,12.157,12.192,11.972,10.575,9.7086,9.5201,9.7086,8.5314,8.7093,8.9773,9.3576,9.6942,10.199,10.402,9.9217,11.027,10.835,10.047,9.9217,9.2376,7.4682,6.3808,5.3071,12.685,14.17,14.365,14.824,15.396,14.711,14.031,14.17,13.861,14.414,13.71,13.771,14.219,12.773,13.043,13.37,13.328,12.946,12.597,12.946,12.317,11.69,11.424,11.289,12.054,12.552,13.064,11.972,11.4,9.3427,9.7086,13.202,14.908,16.096,18.715,17.704,17.578,17.435,16.807,16.907,16.061,15.842,16.807,16.907,17.266,17.554,17.955,18.573,19.928,19.99,20.384,19.128,19.878,20.095,20.219,19.99,21.288,21.031,19.794,17.586
12.838,14.858,15.741,15.383,15.446,14.197,13.97,12.272,12.508,11.39,10.979,11.13,9.3941,9.0315,9.0161,8.9696,9.7003,9.0161,9.4385,9.8569,10.553,10.025,10.826,11.017,10.513,9.3347,10.011,7.9844,6.4405,5.8278,12.419,14.207,14.998,15.192,15.109,14.197,14.285,13.93,13.565,14.401,14.019,14.207,13.94,13.698,13.452,13.317,12.542,13.222,13.524,12.542,12.306,11.279,11.857,11.904,11.962,12.147,12.762,12.762,12.147,10.245,10.553,13.191,15.446,17.475,17.563,18.009,16.834,17.227,16.382,15.951,16.047,16.685,16.365,17.539,17.539,17.251,18.557,18.892,19.636,18.654,19.7,19.321,19.458,20.53,19.833,20.746,21.755,20.305,20.584,17.015
13.698,14.599,15.793,15.348,14.834,14.834,13.535,12.425,12.108,11.192,10.529,10.058,10.016,9.7072,9.209,9.3286,8.9496,8.6824,9.4906,9.8348,9.9329,10.37,10.167,10.222,10.016,10.222,9.194,7.389,6.4261,5.8148,12.154,13.899,14.964,15.411,15.303,14.379,14.665,13.657,13.535,14.369,13.535,13.909,14.175,13.287,13.161,13.329,12.852,12.733,12.558,13.329,12.852,11.877,12.005,11.689,12.005,12.005,12.513,12.12,11.689,9.3731,10.126,13.203,14.825,16.046,17.814,18.153,16.854,16.854,16.011,16.328,15.267,15.267,17.868,15.828,15.348,17.212,17.658,18.312,18.613,19.163,19.712,19.307,20.592,20.699,19.733,20.115,21.038,21.189,20.012,17.969
13.029,15.088,14.591,14.893,14.865,13.967,14.046,13.283,12.77,11.653,10.977,9.6264,8.9679,9.2128,9.5101,8.3409,9.7271,9.9533,10.009,10.147,10.188,10.391,10.009,10.147,10.669,9.7271,9.1065,7.8422,5.6077,5.1955,12.179,13.807,14.591,15.106,14.865,14.591,14.399,14.35,14.629,14.514,14.695,14.155,13.345,13.937,13.877,13.685,13.695,13.449,13.716,12.846,12.759,11.901,11.29,11.618,11.96,12.179,12.145,11.855,11.388,10.364,9.1065,12.179,14.552,15.684,16.523,16.48,15.905,16.413,15.835,16.43,15.443,16.387,15.362,16.044,16.43,18.471,18.282,18.493,19.454,18.005,18.785,18.213,19.318,18.829,20.053,20.108,20.143,20.383,18.695,17.4
13.218,14.778,15.584,14.778,14.768,14.778,14.074,12.973,12.537,11.794,11.089,10.389,10.008,9.6826,9.2114,10.132,8.5862,9.5087,9.7256,9.811,10.146,10.132,10.549,10.874,10.241,9.013,8.239,7.4592,6.1736,4.8628,12.143,14.329,14.693,15.085,14.768,14.993,14.329,13.612,14.396,14.348,14.396,14.483,13.965,14.348,14.202,13.478,13.693,13.935,13.186,12.504,12.028,11.794,11.675,11.568,11.853,12.302,12.757,12.358,11.675,10.469,9.4352,12.028,14.202,16.137,16.427,16.762,16.291,16.068,16.18,15.332,15.682,14.626,14.512,17.462,16.82,16.886,17.918,18.491,19.112,18.528,17.964,18.057,19.112,20.291,18.286,20.373,21.236,20.154,19.199,17.902
12.711,14.374,15.15,15.294,14.721,14.067,13.792,12.722,12.418,11.564,10.049,9.7597,9.4182,9.0185,8.8813,8.4239,9.1238,8.9882,9.5334,9.981,9.9261,9.981,9.9399,10.37,9.6331,9.8155,9.1387,7.8364,6.0925,4.7308,12.061,14.572,14.412,14.776,14.969,14.712,14.067,13.94,13.911,14.776,13.713,14.115,14.038,13.623,13.563,13.185,12.711,12.582,12.582,12.935,12.061,12.027,11.913,10.983,12.061,12.151,12.418,12.241,11.021,9.4182,9.2427,11.913,14.859,16.628,16.864,17.185,16.823,15.365,15.427,14.712,14.749,14.721,15.586,16.726,16.094,17.763,17.678,17.562,18.045,18.345,18.93,18.014,19.273,19.067,19.638,19.017,20.581,20.159,19.859,16.848
12.882,14.489,14.718,14.594,14.402,14.661,13.85,12.751,12.751,11.68,11.093,10.012,9.2151,9.6865,8.9702,8.9702,9.6288,9.2302,10.245,9.5125,10.245,9.815,10.081,10.447,9.7295,9.2151,8.343,7.406,6.8595,5.3029,11.939,14.594,14.594,14.594,14.859,14.934,14.489,13.76,15.229,14.489,13.97,14.05,13.97,14.354,13.359,13.941,13.566,13.223,13.191,12.762,12.352,12.056,11.858,11.858,11.572,11.799,12.838,12.686,11.391,10.447,8.5245,12.686,14.699,15.909,17.228,17.357,16.366,15.838,16.255,16.109,15.519,16.048,15.874,15.384,16.048,17.948,18.67,17.948,18.67,18.588,18.317,18.536,18.789,20.224,19.466,19.58,20.023,20.272,19.178,17.572
12.588,14.491,14.596,14.558,14.861,14.21,13.486,12.32,12.32,11.622,10.137,10.607,9.3959,9.5138,10.395,8.8463,8.9714,9.3514,9.9572,9.7308,9.8163,10.607,9.7308,10.151,9.7022,9.8163,8.5094,8.0381,6.7169,5.0065,11.964,14.596,15.01,14.945,15.112,14.898,14.414,14.356,15.121,14.596,14.356,13.812,13.516,13.761,13.527,13.454,13.932,13.034,13.69,12.851,12.98,12.544,11.132,11.8,11.859,11.658,12.034,12.544,11.132,10.62,9.2164,13.066,14.404,15.313,17.125,16.563,16.495,16.796,17.019,15.413,15.449,15.001,15.867,15.664,16.663,17.423,18.501,17.912,19.028,18.673,19.064,18.895,18.561,18.41,19.404,20.095,20.527,20.095,19.462,17.254
13.554,14.986,15.577,15.097,14.582,13.869,13.919,12.532,12.034,11.514,9.431,9.7212,9.5044,9.0244,9.2073,8.1845,9.0089,9.2073,10.003,9.431,10.675,10.182,10.385,10.869,10.127,9.5044,8.7269,6.874,6.3265,4.9737,12.229,14.244,15.577,14.995,15.325,14.771,14.93,14.244,14.582,14.235,13.798,14.235,14.582,13.707,13.222,13.441,13.337,12.968,13.18,12.576,12.925,12.137,11.789,12.022,11.646,12.443,13.18,12.532,11.563,10.358,10.182,12.751,14.856,15.207,17.398,17.549,17.018,16.755,15.675,14.62,15.371,14.648,16.129,15.825,15.956,16.672,17.596,17.406,18.818,19.169,19.564,19.613,19.853,19.93,19.571,20.131,21.506,20.364,19.514,16.846
11.367,12.3,12.944,12.406,12.809,12.534,11.928,11.329,10.407,9.8922,9.4109,8.083,8.6218,8.838,8.083,7.7154,7.6207,8.1009,8.0108,8.1545,8.9685,8.7721,9.271,9.3022,9.1765,8.083,7.7716,6.5111,5.4954,4.6041,10.844,12.109,12.933,13.472,13.331,13.033,13.21,12.288,12.499,12.217,12.944,12.58,12.58,12.109,12.288,11.904,11.456,11.904,11.965,10.737,10.844,10.614,10.224,10.911,9.7593,10.777,11.632,10.614,10.628,8.9685,9.1765,11.109,13.045,14.175,14.708,14.718,15.175,13.979,14.145,13.515,13.738,13.331,13.472,15.088,15.213,14.718,15.692,15.994,17.651,16.076,17.252,16.389,17.815,18.353,17.319,17.528,18.929,17.651,17.117,15.543
13.277,14.823,15.265,14.888,14.851,14.31,13.718,12.896,11.585,11.621,10.442,9.5997,9.0507,9.3218,9.0047,8.9585,8.9585,9.3069,9.5273,9.3662,10.009,10.105,10.534,10.442,10.119,9.8837,9.0507,7.4396,6.859,4.7637,12.471,14.165,14.73,14.739,15.641,14.851,14.588,13.978,14.116,14.368,14.368,13.678,13.808,13.412,13.193,13.151,13.319,13.277,12.896,13.183,13.308,11.822,11.822,11.537,12.019,12.008,12.8,12.281,11.996,10.05,10.009,12.939,15.694,17.038,18.17,18.238,16.908,15.999,16.834,16.519,15.817,15.694,17.038,15.904,16.06,16.965,18.101,18.599,19.571,19.641,20.306,18.681,19.886,20.758,20.135,20.306,21.466,20.211,19.12,17.871
12.721,15.171,14.877,15.144,14.308,14.24,14.308,12.38,11.761,11.058,10.36,10.36,9.6698,8.9877,9.3053,9.482,9.6984,8.9569,9.6698,9.4674,10.414,10.117,10.212,10.158,9.8259,9.6698,8.8168,8.1652,5.997,5.2859,12.234,14.308,14.96,15.334,14.736,14.736,14.509,14.211,14.548,14.289,14.211,13.926,14.443,13.523,13.574,13.41,12.413,12.894,13.149,13.191,13.41,11.583,12.324,11.678,11.157,12.667,12.268,12.721,11.045,10.117,9.4674,12.937,14.548,16.806,16.905,17.991,17.642,16.937,16.023,17.132,15.061,16.134,17.173,17.681,16.381,18.258,17.484,18.529,19.806,19.771,19.461,20.028,20.241,20.303,19.694,19.525,21.039,20.513,19.574,17.891
13.323,14.373,14.903,15.486,14.593,13.416,13.813,12.728,12.386,12.011,10.339,9.4867,9.1902,9.4867,8.9613,8.9613,9.2052,9.7031,9.6602,9.9844,9.6602,10.163,9.9288,10.054,10.419,9.6027,8.0152,7.4791,6.4018,5.5939,12.386,14.478,15.297,14.884,15.539,14.659,14.12,13.313,14.12,14.819,14.169,13.662,14.893,13.323,13.281,13.662,13.187,12.814,13.198,13.682,12.814,12.24,11.36,11.825,11.872,11.825,12.997,12.386,11.163,9.8307,10.525,13.018,15.486,16.039,17.493,18,17.237,16.97,15.787,16.524,15.909,16.211,16.515,16.245,15.787,18.237,17.899,18.981,20.024,18.981,20.55,18.981,19.499,20.093,20.55,20.217,20.818,20.818,18.664,17.31
13.24,15.039,15.285,14.761,14.62,14.304,12.987,12.466,11.863,10.647,10.634,10.21,10.115,8.7516,9.0467,9.0772,8.6243,9.0008,10.21,9.5955,9.9213,9.4795,10.582,10.371,10.046,9.781,8.9854,7.9572,6.5886,5.808,12.664,14.439,15.528,15.81,14.947,14.667,14.61,14.158,13.882,13.802,13.672,14.845,14.362,13.406,13.019,13.762,12.664,12.664,13.468,12.631,12.664,12.14,11.991,12.794,11.58,12.377,13.188,12.106,12.197,9.781,10.84,12.106,15.536,17.511,16.958,17.408,17.878,16.711,15.775,15.33,14.947,15.784,16.511,17.384,16.199,17.637,17.971,18.162,19.061,20.023,19.988,20.023,20.023,21.719,19.794,20.009,21.871,20.023,20.507,17.224
12.995,14.628,15.483,15.066,14.361,14.447,13.578,12.801,11.928,11.161,9.7015,9.6011,9.2037,8.5,8.9443,9.3083,8.4837,9.052,9.7015,10.12,9.8291,10.12,10.847,10.523,10.01,9.3676,9.4118,7.4407,5.9526,5.3656,12.317,14.552,14.447,15.767,14.826,14.167,14.361,14.313,13.185,13.98,14.167,13.89,14.167,13.9,13.248,13.578,12.898,13.445,13.811,12.941,12.812,12.021,11.765,11.87,12.009,12.147,13.195,12.726,11.587,10.377,9.5288,13.153,15.643,16.984,16.845,17.679,17.371,15.258,16.31,15.626,16.344,16.437,16.521,17.679,17.073,17.958,18.324,19.007,20.104,18.445,18.977,18.948,19.721,21.072,19.36,20.166,21.307,21.424,19.531,17.418
13.192,14.738,15.072,15.336,14.766,13.807,13.837,13.182,12.809,11.331,9.8829,9.9804,9.9804,8.9422,8.4326,9.0499,9.0804,9.2015,9.0804,9.9248,10.049,10.049,10.573,10.52,10.481,9.6992,8.5629,7.8197,6.5064,5.1806,12.47,14.202,14.822,15.336,14.766,14.511,14.212,13.807,14.29,14.309,13.767,14.309,13.837,13.887,13.656,12.992,13.013,12.992,13.307,12.842,12.381,11.821,11.995,11.821,11.355,11.995,12.624,12.547,11.548,10.651,9.7844,13.276,15.063,17.134,17.126,17.126,16.509,16.996,15.824,16.247,16.136,17.198,15.639,17.414,17.517,17.892,18.657,17.485,19.569,19.198,19.995,19.291,19.85,20.304,20.03,20.487,21.1,20.948,19.766,17.954
12.549,14.824,15.265,14.445,14.655,13.809,12.94,12.648,12.724,10.985,10.376,9.6717,9.9815,9.2025,9.322,9.2025,8.9895,8.9895,9.1875,9.4839,9.9259,9.9815,10.587,10.16,10.336,10.106,9.4839,7.7674,6.5917,6.135,12.236,14.165,15.292,15.472,15.147,14.655,13.978,14.359,14.311,14.165,14.037,14.311,13.769,14.55,13.978,13.678,13.889,13.152,12.993,12.382,12.416,12.202,11.927,12.111,11.904,12.111,12.67,12.505,11.822,9.7003,10.051,13.412,14.954,17.039,17.2,17.511,17.863,16.636,16.519,15.782,15.826,15.535,14.852,17.136,16.843,18.599,18.733,18.681,19.265,18.681,19.408,19.301,19.578,20.163,20.3,20.327,21.233,20.758,19.55,17.487
11.489,13.596,13.681,13.702,13.274,13.274,12.546,11.426,11.286,10.641,9.6886,9.1205,9.1363,7.6383,7.6948,8.3431,8.2035,8.2211,8.4975,8.7487,9.4012,9.0089,9.6138,9.1363,9.3858,8.7487,7.9895,7.0688,6.0803,4.8666,11.079,12.921,13.306,13.702,13.479,13.468,12.775,12.535,12.65,12.999,12.255,12.999,13.295,12.535,12.255,11.933,11.501,11.933,11.501,12.408,12.255,11.401,10.668,10.225,10.668,11.401,12.267,11.539,10.762,8.6658,9.5081,12.255,13.532,14.521,15.879,16.442,15.22,15.086,14.865,15.086,14.107,13.983,15.961,15.058,16.105,15.669,16.105,16.995,16.345,18.185,17.8,17.604,17.604,18.656,18.058,18.28,19.377,18.772,17.273,15.39
12.733,14.89,14.825,14.89,14.974,14.175,13.453,12.809,12.679,11.594,10.529,10.647,9.4908,9.088,9.7073,8.324,9.2092,9.3288,9.9331,10.127,10.423,10.016,10.113,10.49,10.49,9.3139,9.1941,7.6653,6.7419,5.2908,12.425,14.456,14.825,14.89,15.075,14.834,14.175,14.321,14.175,14.561,14.018,14.302,14.165,13.728,13.002,13.203,13.657,13.161,13.657,13.422,12.852,12.29,12.335,11.63,11.546,12.154,12.733,12.48,11.068,9.4908,9.4175,13.034,14.862,15.872,16.978,16.978,17.245,16.379,15.872,16.218,15.933,16.046,16.623,16.797,16.92,18.008,17.907,18.613,19.018,19.279,19.929,19.543,19.656,19.978,19.866,20.559,20.639,20.26,18.96,16.797
13.277,14.768,15.826,14.739,14.204,14.311,13.152,13.443,12.019,11.538,10.16,10.362,9.9815,9.6574,9.5999,9.4839,9.322,8.9432,9.322,9.6574,10.336,9.7855,10.119,10.416,10.051,10.119,9.2025,7.8911,6.5917,5.287,11.996,14.359,14.972,15.174,15.265,15.292,14.359,15.046,14.445,13.889,13.839,14.214,14.291,13.152,13.658,13.412,13.152,12.94,12.993,13.484,12.993,12.236,11.763,12.019,12.008,12.236,13.014,13.025,11.356,10.051,10.119,12.326,15.319,16.095,17.519,17.747,16.941,16.719,16.982,16.24,14.972,15.338,16.719,16.317,16.777,17.432,17.871,17.886,19.343,19.998,20.087,20.053,20.101,20.544,19.571,20.163,20.812,20.624,18.599,16.777
13.024,14.826,15.268,14.975,14.37,13.9,13.204,12.723,12.325,11.831,11.106,9.8355,10.53,9.4767,9.9893,8.9502,9.0885,9.7078,10.058,10.058,10.058,10.058,10.017,10.424,10.058,10.384,9.418,7.4456,6.3397,5.4966,12.325,14.176,14.524,14.891,15.349,14.984,14.176,14.048,14.751,14.254,14.91,14.225,14.225,13.729,14.176,13.587,13.729,13.423,13.689,12.745,12.907,12.28,11.831,12.029,11.772,11.831,12.325,12.121,11.583,10.384,9.6792,12.325,14.891,16.116,17.149,17.149,17.189,17.501,16.798,16.329,14.127,15.556,15.493,16.532,16.732,17.214,18.673,17.501,18.836,18.517,18.983,19.308,19.487,19.593,20.64,20.254,21.19,20.721,19.544,16.954
10.784,13.219,12.448,12.986,12.986,12.117,11.776,11.103,10.918,10.621,9.4167,8.9253,8.3706,8.5255,8.5255,8.5255,7.8508,8.4398,8.711,8.711,9.2138,8.9253,9.4167,9.2767,9.1822,8.4225,7.5101,7.092,5.7317,4.3471,10.301,12.296,12.963,12.986,12.986,12.726,12.507,11.972,12.691,12.726,12.448,12.634,11.972,12.986,12.622,12.319,12.117,12.117,12.319,11.936,10.621,10.743,9.8983,10.372,10.174,10.594,10.918,10.918,9.7055,8.6943,8.3706,11.438,12.541,14.598,14.153,15.346,15.222,13.988,14.668,13.988,13.821,13.523,13.262,14.835,14.874,14.648,16.086,15.674,16.086,15.72,16.931,16.724,16.845,17.288,17.161,17.33,17.662,17.859,16.724,15.45
12.921,14.196,14.76,14.434,14.696,14.196,13.468,12.568,12.183,10.971,10.437,9.4512,9.5942,9.4079,7.9658,8.9175,8.8715,9.4079,9.58,9.6225,10.293,9.4512,9.5942,11.07,10.038,9.8463,9.4512,7.7051,6.683,5.6206,12.183,13.866,15.277,14.509,15.197,14.537,14.705,14.556,13.895,14.33,14.196,14.177,13.777,13.608,13.202,13.305,13.088,13.088,13.088,12.708,12.836,12.404,11.669,11.265,11.457,12.104,12.568,11.9,11.669,10.079,9.7491,12.74,14.621,15.215,16.577,17.371,17.253,16.253,15.872,15.656,14.944,15.932,15.357,16.076,16.076,17.85,17.253,17.379,18.272,18.45,18.816,19.11,19.651,19.616,19.188,18.996,21.453,20.164,18.996,16.345
12.878,14.33,15.188,14.779,14.252,13.51,13.355,13.479,12.029,11.581,10.759,10.133,9.6257,9.7264,10.008,8.7315,9.6834,9.2122,9.0752,10.242,10.681,10.242,10.862,10.681,9.8543,10.242,9.5532,7.5525,7.1746,5.4308,11.959,13.966,15.188,15.086,15.333,14.938,14.281,14.252,14.281,14.174,14.252,14.193,14.779,13.806,13.448,13.049,13.028,13.049,13.613,13.282,13.51,12.235,11.936,12.144,11.215,11.605,12.878,12.348,11.901,10.008,10.008,12.314,14.203,16.043,17.903,17.794,16.764,16.855,16.361,15.868,13.926,14.713,16.386,14.713,15.215,17.534,16.83,17.027,18.731,19.352,20.293,18.424,19.581,19.574,19.46,19.172,20.887,19.968,19.352,17.027
13.174,14.383,15.498,15.282,14.575,14.14,13.435,12.919,11.7,11.116,10.46,10.012,8.9738,8.497,7.8338,9.0661,8.1806,8.7703,9.8444,9.218,10.177,9.9983,11.079,10.657,10.068,9.3377,8.6908,8.1976,7.0305,5.6016,12.691,13.952,15.853,15.65,15.426,15.099,14.499,14.393,13.912,14.189,14.14,14.189,14.383,14.189,13.268,13.174,12.821,13.3,12.919,12.437,12.403,11.569,11.889,12.291,11.375,12.257,13.015,12.12,12.028,10.068,10.177,12.669,14.613,15.818,17.541,16.969,17.157,16.871,15.291,15.668,14.764,16.061,16.336,15.65,16.053,17.205,17.01,17.917,18.406,19.44,20.273,19.78,20.135,20.497,20.578,19.885,21.457,20.793,19.297,16.344
11.248,12.576,13.85,13.118,12.714,12.402,11.815,11.864,10.348,9.7116,8.7694,8.0984,8.8353,7.713,7.0238,8.8353,7.5418,8.0083,8.0805,8.4148,9.2211,8.4148,9.1737,9.5306,8.7694,8.2229,8.5176,7.0238,5.8269,4.8781,10.584,11.815,13.467,13.628,13.151,13.029,12.402,12.576,11.961,13.206,12.565,12.284,13.029,12.611,12.402,11.815,11.326,11.864,11.364,11.529,10.895,10.164,10.584,10.611,10.734,10.841,11.516,11.053,10.46,8.7694,8.8845,11.516,13.041,14.222,15.706,14.9,15.17,14.654,13.734,13.902,13.029,13.381,13.478,16.017,14.939,14.505,15.435,15.548,16.907,16.206,16.734,16.481,17.481,18.069,17.373,17.72,18.739,18.101,17.907,14.555
12.028,12.495,13.295,13.122,12.935,12.722,13.219,11.529,11.492,10.838,9.6492,8.7131,8.3607,8.5805,8.3091,7.9569,7.5124,8.0286,8.8274,9.5746,9.1462,9.3475,9.3475,9.3475,8.9722,8.0286,8.0464,6.8544,5.9842,4.6043,11.253,12.946,13.295,13.646,13.509,13.381,12.946,13.122,13.381,12.846,13.252,12.415,12.767,11.968,12.415,11.739,12.415,12.322,12.205,11.342,12.217,11.176,10.282,10.718,10.624,11.291,12.135,11.354,10.056,9.6936,9.5297,12.217,13.392,15.148,16.252,16.601,15.559,15.586,14.362,14.843,14.222,14.996,13.926,15.158,14.843,16.102,16.34,16.807,17.41,17.203,18.58,18.324,18.557,18.58,17.992,18.58,18.984,18.764,18.726,16.057
11.387,13.549,13.486,13.655,13.13,13.174,11.856,11.26,11.26,10.344,8.8655,9.1049,8.4683,8.0338,7.6684,7.9078,8.1578,8.1578,8.3832,8.8331,9.3689,8.8331,9.3689,8.6526,8.8331,8.3661,8.1049,7.1856,6.1066,5.2749,11.462,12.943,12.899,13.304,14.089,13.228,13.25,13.228,13.13,13.39,12.423,12.965,12.33,12.143,11.746,12.538,11.976,11.697,12.036,11.892,11.795,11.298,10.604,10.176,11.041,11.26,11.795,11.183,10.399,8.978,9.1207,11.892,13.686,15.006,15.615,15.825,15.752,14.707,14.814,15.092,13.905,13.925,15.092,14.058,16.068,16.386,17.247,16.911,17.38,18.186,18.004,18.186,17.544,18.068,19.311,18.406,19.318,19.019,17.617,15.861
11.423,13.723,13.638,13.216,12.961,13.117,12.86,11.934,11.114,10.129,9.4151,8.4384,8.7095,8.524,8.0144,8.6928,8.776,8.1582,8.842,9.228,9.1807,9.1648,9.1807,9.4151,9.9114,8.9725,8.1582,7.2329,6.5806,5.3096,11.114,13.391,13.315,13.86,14.11,13.574,13.05,13.039,13.161,13.216,12.86,12.586,12.86,12.689,12.294,12.689,12.723,12.163,12.411,12.504,11.97,10.903,11.218,10.468,11.114,11.372,11.462,11.774,9.9406,9.0371,9.4151,12.504,13.315,15.258,16.254,16.182,16.721,15.522,15.447,15.965,13.51,14.516,15.447,14.516,15.181,16.029,16.928,17.361,17.552,17.945,17.921,18.33,18.242,18.122,17.848,19.355,19.06,18.83,17.56,15.181
12.991,14.443,14.877,14.652,15.172,13.716,14.005,12.645,11.82,11.536,10.48,10.117,9.1859,9.2009,9.3648,8.4812,9.0493,9.5982,9.7838,9.1859,9.8823,9.409,10.843,10.843,10.049,9.8823,9.3648,7.9595,7.1541,5.364,12.469,14.308,14.96,15.144,15.043,14.211,14.153,13.244,13.275,13.317,14.162,14.472,13.886,13.675,13.023,13.686,13.023,13.192,13.15,12.279,12.547,11.994,11.379,12.645,11.761,12.469,13.244,12.414,12.017,10.65,11.058,13.192,15.639,17.197,17.036,17.991,17.484,17.197,15.788,15.181,15.335,16.092,15.902,17.125,16.84,17.173,19.146,19.146,19.059,19.008,19.883,19.001,20.841,21.046,20.728,20.132,21.82,19.354,20.132,17.365
11.738,12.597,13.54,13.508,13.423,12.867,12.356,11.787,10.718,9.8398,9.6932,8.7782,8.3088,7.9024,8.3603,8.0993,8.1697,8.6467,8.8594,8.6301,8.9718,9.0987,9.8689,9.5742,9.3471,8.7127,8.326,7.0397,6.467,4.8466,11.379,13.24,13.38,13.38,12.89,12.89,12.89,12.956,13.022,12.217,12.867,13.219,12.449,12.356,11.884,12.205,11.968,11.529,12.027,11.578,11.354,11.034,10.718,10.624,10.824,10.704,11.787,11.787,10.664,9.0829,9.3471,11.787,14.221,14.803,15.558,16.137,16.383,15.75,14.996,13.957,14.008,14.996,14.696,15.967,14.996,16.669,16.065,17.035,18.268,17.235,18.174,17.991,18.307,19.148,18.292,19.006,19.534,18.923,18.055,15.913
12.102,14.952,14.539,14.501,14.539,13.878,13.402,12.887,12.833,11.577,10.434,9.5204,9.4768,9.5204,9.693,9.0441,9.315,8.749,9.1805,9.6501,9.974,10.152,9.9184,10.631,10.786,10.112,9.4768,8.1776,6.3518,5.588,11.577,14.027,14.663,14.501,14.952,14.105,14.3,13.184,14.358,14.961,13.878,13.968,14.105,13.798,13.758,13.464,13.309,13.464,12.79,13.267,12.373,11.672,12.373,12.102,11.86,12.462,13.173,12.627,11.372,9.9878,9.974,13.382,15.988,16.83,17.942,17.873,17.85,16.83,16.33,16.731,15.254,16.355,15.779,17.904,16.456,18.844,18.785,19.048,19.788,20.12,19.185,19.457,20.562,19.386,19.478,19.983,20.988,20.743,19.872,17.904
13.358,14.353,15.118,15.31,14.353,13.85,13.93,12.978,12.419,11.857,10.671,9.512,9.8569,9.686,9.3347,8.5078,9.3347,9.512,9.729,8.9697,10.826,10.08,10.553,10.877,10.684,9.512,9.1083,7.8438,7.0985,5.8991,12.147,14.207,14.933,14.256,15.091,14.207,14.66,13.698,13.93,14.353,13.688,13.348,14.632,13.85,13.106,13.285,13.106,13.285,13.106,13.233,12.773,12.181,12.032,11.798,11.962,12.147,12.773,12.685,11.715,10.19,10.618,13.728,15.688,16.892,17.404,17.539,17.227,17.178,15.951,16.492,15.41,16.047,16.991,17.032,16.568,17.563,17.404,18.459,20.223,20.305,20.523,19.608,20.38,19.89,20.36,20.685,22.015,21.243,20.091,17.032
12.897,14.954,14.852,14.963,14.55,13.928,13.576,13.525,12.713,12.315,10.587,10.482,9.2024,9.0813,9.7854,8.9894,9.1874,9.4838,10.362,10.362,10.652,10.652,10.587,10.73,9.7002,10.051,9.1874,8.3179,6.3347,5.9981,11.621,14.311,14.368,14.963,14.898,14.359,14.155,13.768,14.55,14.767,14.155,14.243,13.809,13.162,13.412,13.412,13.484,13.412,13.309,13.412,13.152,12.008,11.763,11.258,12.382,12.008,12.504,12.382,10.794,9.7002,10.482,13.162,14.588,16.636,17.487,18.14,17.304,16.719,16.941,16.137,16.026,15.535,15.826,16.71,17.487,17.994,18.442,18.733,18.532,19.747,19.528,19.4,20.018,19.747,20.018,19.886,20.463,20.463,18.599,17.487
11.595,12.936,13.471,13.288,12.936,13.439,12.677,12.01,11.331,10.429,9.6831,8.7437,8.3901,9.1311,7.4813,8.6608,7.6904,8.8095,8.6608,8.8095,8.6608,9.241,9.3804,9.1311,9.1784,9.2722,8.7437,7.8206,5.785,5.0956,10.863,12.677,12.98,13.168,13.342,12.891,12.913,12.902,12.913,12.936,12.585,12.4,12.248,12.458,12.118,11.926,12.539,11.926,11.865,11.78,11.829,10.634,10.262,10.318,10.332,11.419,11.292,11.06,10.809,9.6831,9.3804,12.458,14.191,15.202,16.659,16.114,16.158,15.381,15.287,15.39,13.809,14.749,14.661,14.512,14.462,15.66,16.823,16.581,17.668,18.056,18.175,17.782,18.761,18.27,18.008,18.622,19.939,19.126,18.056,16.114
12.373,14.87,15.241,15.01,14.823,14.795,13.82,13.627,11.808,11.629,10.614,9.3422,10.157,9.2371,9.3422,8.4653,8.6607,9.222,9.6938,10.198,10.401,10.401,10.198,10.198,10.415,9.6361,8.9614,7.6886,6.8647,5.3851,12.462,14.365,14.605,15.35,14.823,15.01,13.729,13.82,13.77,14.795,13.576,13.951,14.529,14.031,13.463,13.369,13.042,13.359,12.988,13.243,12.695,11.424,12.191,11.948,11.617,12.328,13.243,12.596,11.581,9.7368,10.157,13.525,14.643,16.972,18.482,18.444,17.029,16.034,16.31,16.267,14.605,16.446,16.84,16.782,16.782,16.698,18.55,17.553,19.01,19.047,20.702,19.962,19.885,20.655,20.404,21.122,21.129,20.621,19.039,17.938
12.737,15.067,15.863,15.048,14.974,14.974,13.901,13.016,12.418,11.765,10.216,10.337,9.6588,9.6731,9.4852,8.96,9.5289,9.4852,9.6013,9.7869,10.216,10.216,10.121,10.052,10.641,9.2038,9.2038,8.4839,6.8601,5.2877,12.113,14.118,14.732,14.313,14.974,14.167,13.68,14.371,13.68,14.118,13.98,13.891,14.167,13.649,13.321,13.578,13.414,12.995,13.527,13.185,12.995,12.238,12.238,11.334,11.765,11.824,12.506,12.328,11.765,9.7017,10.121,13.445,14.628,16.968,17.648,17.889,16.721,17.179,16.344,16.106,15.403,15.474,16.984,16.002,15.784,18.483,18.325,17.958,18.736,19.531,19.75,19.531,19.75,19.123,20.627,20.166,21.21,20.432,19.581,18.104
11.253,12.9,12.543,13.069,13.356,12.45,12.26,12.007,10.95,10.103,9.4599,8.7366,8.2547,7.7428,6.9254,8.5505,7.7993,7.6478,8.8695,8.7199,9.2092,9.1933,9.2092,9.3354,8.9516,8.5505,8.6694,7.2554,6.6011,5.3261,10.883,12.007,13.158,13.563,13.08,12.543,12.671,11.91,11.86,11.91,12.625,13.024,12.26,11.946,11.873,12.485,11.873,11.674,12.153,11.811,10.95,10.5,10.203,10.625,9.7491,10.87,11.149,10.95,9.8684,8.7366,9.1933,11.149,13.851,14.561,14.957,14.957,15.381,14.287,13.861,13.069,13.069,14.277,13.861,13.861,14.071,15.296,15.766,15.794,16.367,15.794,17.075,16.799,17.457,17.186,17.186,17.075,18.009,17.186,17.101,15.905
12.708,14.434,14.944,15.026,15.053,14.177,14.042,13.568,12.183,11.528,9.9701,10.437,8.9784,8.748,7.4719,9.2326,8.887,8.8563,9.3935,10.025,9.9701,10.359,10.489,11.07,10.038,10.038,9.1288,8.3498,6.8042,5.2186,12.404,14.022,14.556,15.026,14.77,14.76,14.1,13.658,13.896,14.196,14.052,14.052,14.472,13.866,12.525,13.284,13.046,12.963,13.088,12.74,12.794,11.727,11.552,11.669,11.923,12.836,12.794,11.808,11.669,9.9701,10.253,12.404,15.053,15.897,17.418,16.61,16.773,15.656,15.454,16.303,15.277,15.17,16.708,15.516,15.872,16.675,17.094,17.213,18.258,18.532,19.11,18.532,19.414,19.139,19.252,19.803,20.466,19.54,19.421,16.805
12.42,14.527,14.574,14.714,14.853,14.64,14.117,13.434,12.852,11.742,10.772,10.091,9.8171,8.9287,9.6346,7.9929,9.3031,9.5349,9.7193,9.9826,10.037,9.9277,9.9826,10.145,10.292,9.4197,8.8827,7.9758,6.6914,5.8419,11.742,14.059,14.714,14.714,14.853,14.64,14.059,13.625,13.795,14.195,13.715,13.675,14.214,13.675,13.188,13.063,13.188,12.81,13.352,13.321,12.756,11.17,11.304,10.657,11.602,12.063,12.243,12.063,10.772,9.4197,9.9826,13.434,14.348,16.597,16.729,16.955,16.867,15.234,15.43,15.368,15.438,15.234,15.438,15.719,15.162,17.012,17.888,17.463,18.138,18.407,18.555,18.474,19.02,19.163,20.331,19.269,19.965,19.585,18.672,17.235
12.979,14.812,15.581,15.11,14.594,14.256,13.202,12.686,11.62,11.218,10.025,10.553,10.15,9.2302,9.3946,7.9148,8.9856,9.5562,9.8149,9.7294,10.98,10.245,10.684,10.081,10.081,9.7294,9.2151,7.4994,6.8798,5.7074,12.882,14.256,15.119,15.11,15.11,14.67,14.402,14.256,13.453,13.94,13.699,14.158,15.192,13.233,13.064,13.233,12.453,13.453,13.76,13.349,13.223,11.68,11.858,11.799,11.524,12.044,12.751,12.318,11.572,9.2151,9.9137,12.882,14.924,16.56,17.308,16.918,16.686,15.626,15.22,15.447,14.999,14.256,16.434,15.528,15.365,17.122,16.661,17.421,18.655,19.53,19.587,18.789,19.552,20.203,20.224,19.63,20.693,20.874,19.862,16.686
11.129,12.603,12.832,12.979,12.603,12.557,11.84,11.272,10.931,10.384,9.2879,7.7295,8.0977,8.3807,8.6544,8.0254,7.5771,8.7881,8.6544,8.0254,8.6376,8.5358,8.7881,9.4435,8.9361,8.1694,8.0977,7.018,5.4254,4.8286,10.314,12.463,12.603,12.979,13.135,12.322,11.95,12.557,12.832,12.322,12.832,12.071,12.638,11.629,11.877,11.452,11.889,11.452,11.877,11.477,11.35,10.688,9.7771,10.314,9.7323,10.314,10.918,10.634,9.9543,8.7215,9.0495,11.129,12.591,14.046,15,15.459,14.931,14.586,14.616,13.827,12.968,12.603,13.668,13.496,14.263,14.405,15.942,15.877,16.177,17.25,16.9,16.943,16.24,16.419,16.909,17.708,18.387,18.147,16.77,14.97
13.003,14.835,14.742,14.751,15.332,14.38,13.423,13.162,12.017,11.156,10.595,9.4181,9.8356,9.2098,9.1947,8.9503,8.7149,8.5057,9.2098,9.708,9.4914,10.223,10.384,10.993,9.6794,9.2098,8.9658,7.3142,6.3616,5.2649,11.773,13.91,14.742,15.058,14.322,14.6,13.495,13.658,13.82,13.587,14.457,14.225,13.729,14.166,12.821,13.495,13.194,13.162,13.729,12.392,12.336,11.583,11.936,12.212,11.595,12.155,13.035,12.392,12.029,10.059,10.53,13.658,15.377,17.141,17.659,17.438,16.732,16.355,16.107,15.627,15.654,16.013,15.777,17.501,16.649,17.659,17.382,19.416,18.696,18.814,19.309,19.48,20.486,21.02,19.33,20.56,21.708,21.086,20.013,17.382
12.236,12.864,13.893,13.893,13.965,12.548,13.03,11.297,10.844,10.301,8.9773,8.3826,8.9773,8.3826,7.5737,7.7237,8.1922,7.9072,8.3139,8.6354,8.8324,9.2138,9.7728,9.8749,9.167,8.1572,8.4677,7.5167,6.471,4.8496,10.563,12.317,13.893,14.42,13.431,12.875,12.853,12.898,11.831,12.502,12.364,13.303,12.898,12.142,11.182,11.499,11.536,11.745,12.537,11.259,11.348,10.062,10.549,10.844,10.343,10.778,11.891,10.988,10.671,9.12,10.398,12.639,14.812,16.628,15.531,15.86,16.075,14.919,14.23,13.924,13.548,14.37,15.336,16.935,14.774,16.075,15.568,16.602,17.802,16.61,17.802,17.171,18.59,19.398,17.826,18.995,19.648,19.07,18.59,15.531
13.518,14.871,14.806,15.139,14.438,14.235,14.147,12.619,11.92,11.615,9.695,9.5947,9.6521,9.3169,8.9538,8.9538,9.0765,8.3134,9.3169,9.8786,10.155,10.155,10.646,10.839,10.33,9.695,9.5224,8.0085,6.418,4.9602,12.195,14.542,14.964,15.633,14.881,13.921,14,13.518,13.711,13.801,13.187,14.157,14.647,13.891,13.239,12.986,12.804,12.706,13.405,12.804,12.001,11.99,11.674,11.615,11.531,12.104,13.569,12.804,11.99,9.695,11.141,13.921,16.333,17.635,17.478,18.965,17.383,16.426,15.852,15.248,15.782,16.026,15.991,17.502,16.51,17.383,17.102,18.402,20.09,19.518,19.139,19.631,20.853,20.833,19.876,20.566,21.615,20.533,20.62,17.223
13.001,14.164,15.329,14.981,14.748,13.686,13.482,12.905,12.556,11.253,10.659,10.342,9.372,8.4386,8.9486,8.504,8.9486,8.2393,9.8337,9.6632,9.9875,9.6775,10.593,10.221,9.7914,10.057,9.4163,7.5917,6.8632,5.4195,11.496,13.4,14.823,14.981,14.454,13.726,14.164,13.696,13.4,13.726,13.817,13.777,14.164,13.202,12.818,12.947,12.655,13.001,13.022,12.556,12.512,11.557,12.289,11.934,11.688,12.277,13.317,11.876,11.545,9.8337,11.253,14.046,16.529,17.211,17.967,17.593,17.363,16.721,15.481,16.009,15.589,16.646,16.729,16.795,17.138,17.081,18.174,18.113,19.412,19.276,19.132,19.161,20.697,21.989,19.483,20.556,21.837,20.824,19.759,17.146
12.326,14.227,14.178,14.382,14.372,14.564,13.29,12.812,12.855,11.367,10.385,10.491,9.4925,8.7636,8.6841,8.9514,9.1958,8.8266,9.2109,9.1958,9.7091,10.128,10.224,10.649,10.128,9.6805,9.0897,7.8278,6.5131,5.5973,12.007,14.168,14.564,14.382,15.078,14.687,14.129,13.69,14.382,14.372,14.05,14.021,13.424,13.424,13.991,13.321,12.951,13.424,13.164,12.736,12.292,11.596,11.269,11.367,10.842,11.88,12.855,12.122,11.391,10.128,10.74,13.538,16.049,16.825,16.492,18.011,17.448,17.192,16.924,16.118,15.709,17.192,16.04,17.216,17.143,17.661,17.817,18.905,19.145,19.167,19.361,19.786,20.65,20.264,21.023,19.849,20.508,20.257,19.167,17.054
11.81,13.245,13.092,12.346,13.092,13.059,12.051,11.514,11.577,11.043,9.5028,8.8769,8.4792,7.4694,7.584,8.1153,8.3768,8.2034,8.4792,8.3252,8.9253,8.7299,9.2264,9.6678,8.7955,8.3252,8.3252,7.2148,5.5988,4.5504,11.274,12.241,13.092,13.407,13.535,13.267,12.508,12.229,12.713,12.622,12.508,13.267,12.051,12.099,11.601,12.099,12.051,11.871,12.241,11.198,11.056,10.859,10.563,9.8592,10.685,11.056,10.859,10.739,10.413,9.1166,8.9253,11.847,14.44,15.589,15.356,15.635,16.31,15.356,15.772,13.267,13.984,13.788,15.356,15.616,15.054,15.999,17.194,16.345,17.729,16.702,17.705,18.616,18.241,18.77,18.616,18.233,18.731,18.515,17.591,16.168
13.074,14.453,14.558,14.558,14.482,14.482,13.725,13.201,12.288,11.592,10.851,9.5326,9.7054,9.0096,8.9479,8.3223,8.7126,8.9942,9.4156,9.1923,9.6625,9.5326,10.8,10.579,10.125,9.6625,9.4889,7.7714,6.4249,5.6689,11.91,13.665,14.367,14.962,14.822,14.662,14.123,13.985,14.015,14.045,13.583,14.299,13.481,13.695,13.316,12.946,13,13,12.72,12.511,12.511,11.651,11.066,12.003,11.556,12.209,12.288,12.152,11.769,10.658,11.153,13.032,15.799,16.351,17.654,17.965,17.497,17.497,17.047,15.702,16.008,14.897,16.528,17.81,17.497,17.927,17.441,17.88,18.43,19.729,20.063,19.581,19.729,20.501,21.014,19.666,21.6,20.955,19.311,18.004
12.839,14.209,15,14.925,14.403,14.413,13.851,13.69,12.42,11.416,10.879,9.6872,9.5131,8.5252,7.8447,9.2158,8.6548,8.703,9.5131,9.8581,10.15,9.8581,10.866,10.15,10.082,10.15,9.7015,7.9154,5.8286,5.7079,11.905,14.021,14.944,14.925,14.403,14.209,14.16,13.526,13.932,14.021,13.69,14.355,13.761,13.454,12.148,13.567,12.763,12.85,12.98,12.056,12.353,11.8,11.525,12.308,10.879,11.8,12.752,12.42,11.94,9.8581,11.219,13.192,15.448,16.993,17.358,16.894,17.565,15.529,16.084,15.448,15.221,16.144,16.519,16.687,14.785,17.229,17.446,17.926,19.553,18.657,19.553,19.78,19.532,20.909,19.114,19.948,20.369,20.025,19.403,16.894
12.767,14.327,14.889,14.654,14.917,14.191,13.803,13.446,12.701,10.974,10.24,9.9508,8.7299,9.2105,8.3388,9.4343,8.7299,8.7776,9.1042,9.39,9.4931,10.076,10.548,10.442,10.145,9.9508,9.4343,8.1873,6.7126,5.5061,11.567,13.963,14.691,14.654,14.395,14.663,13.963,13.934,14.013,14.013,13.924,13.692,13.924,13.227,12.745,13.446,13.185,12.875,13.227,12.312,12.832,11.852,11.674,11.567,11.324,11.852,12.346,12.301,11.615,10.388,10.007,13.058,15.511,16.375,18.04,17.412,16.426,16.885,15.681,15.303,16.075,16.247,16.51,16.281,15.962,17.3,18.824,18.451,18.691,18.421,20.048,19.059,19.902,20.48,20.351,20.214,21.227,19.342,19.103,17.041
12.518,14.914,14.565,13.993,14.46,14.306,14.565,13.165,12.683,12.124,11.196,9.4937,9.7956,9.0908,8.5727,9.0602,9.4937,9.6817,9.4937,9.7103,9.5374,9.6817,10.02,10.453,9.7103,9.6817,9.212,7.9168,5.8877,5.2662,11.657,14.17,14.689,14.18,14.18,14.374,14.022,13.943,14.326,14.052,13.913,13.993,13.662,13.498,13.165,13.426,12.683,13.488,13.333,12.429,12.395,11.109,11.159,11.55,11.344,11.55,12.91,12.294,11.258,9.7103,9.838,14.565,15.71,17.434,17.145,17.145,17.386,16.051,16.46,16.12,16.334,15.64,15.281,17.274,15.807,18.907,17.975,19.421,18.987,19.313,18.987,19.313,19.591,20.966,20.321,20.156,20.986,21.065,19.739,18.013
13.343,14.172,15.377,15.521,14.937,13.875,14.655,13.027,12.177,11.794,11.013,9.9516,9.8533,9.6968,9.6968,8.4554,8.9509,8.9664,9.6968,9.5085,10.077,9.5085,10.68,9.8533,10.007,9.7254,9.105,8.0337,6.7132,5.0037,12.027,13.845,14.406,14.588,14.918,14.396,14.664,13.447,13.754,14.588,13.027,13.693,13.935,13.186,13.101,12.757,12.768,12.234,13.101,12.702,12.768,11.616,12.027,11.711,11.568,11.616,12.448,11.853,11.189,9.6968,10.241,13.281,16.041,16.828,18.057,17.221,17.042,16.886,15.946,15.735,14.927,15.223,17.115,15.011,15.103,17.413,17.691,17.557,18.55,19.365,20.188,19.119,20.685,20.516,19.903,20.153,20.939,19.707,19.451,16.359
13.176,14.161,15.211,15.175,15.202,14.269,13.416,13.186,11.925,11.068,10.814,10.659,10.233,8.5795,9.0981,8.9441,8.9596,8.9751,9.0981,9.8034,9.7181,9.8034,10.138,10.865,10.028,9.8034,9.6894,8.0621,6.7494,5.3747,12.405,13.794,14.501,14.682,15.366,14.472,13.601,13.864,14.033,13.683,12.747,14.004,13.914,13.017,13.186,12.349,12.747,12.867,12.92,12.259,12.338,11.785,11.785,11.844,11.844,12.018,13.017,12.133,11.607,9.5013,10.865,13.343,15.811,16.029,17.677,17.519,17.519,16.972,15.51,16.064,15.32,14.925,16.474,16.873,17.4,17.159,18.135,17.519,18.767,19.003,19.783,19.564,19.755,20.055,20.581,20.364,20.743,20.275,20.581,16.741
12.759,14.265,15.591,15.393,14.793,15.008,13.979,13.231,11.865,11.336,10.691,10.197,9.3559,8.7396,7.9373,9.5183,9.0376,8.7874,9.7355,9.5183,9.6348,9.7068,10.573,10.885,10.373,9.5183,9.4004,8.0766,6.1799,5.3844,11.592,13.738,14.906,14.943,15.348,14.207,14.295,14.265,13.889,13.859,13.367,13.626,13.819,13.626,12.55,13.04,12.694,12.315,13.062,12.517,12.694,12.051,12.189,11.592,11.687,11.865,12.683,11.723,11.58,9.821,10.413,11.422,14.727,15.751,17.551,17.19,16.528,16.299,15.375,15.822,14.527,15.591,15.883,16.871,17.19,17.455,17.583,17.495,18.06,18.021,19.875,19.27,19.642,20.105,19.847,19.84,21.44,19.79,19.713,16.904
12.853,14.505,15.237,14.8,15.401,14.174,13.986,13.447,12.777,11.729,10.774,9.6973,9.3605,9.2405,9.5084,8.0633,9.5669,9.3456,9.5084,10.092,10.092,10.257,10.023,10.696,10.485,10.161,9.5231,7.8529,6.534,5.6153,12.196,13.956,14.37,14.829,14.418,14.649,14.37,13.632,13.826,13.53,13.217,13.826,13.248,13.866,13.068,13.499,12.853,12.896,12.777,12.377,12.15,11.585,11.633,11.976,11.206,11.871,12.523,12.196,11.143,10.051,10.405,13.301,15.536,16.452,15.706,16.587,16.813,15.401,15.847,15.246,15.136,16.545,15.83,16.092,14.941,18.03,17.749,18.238,19.141,18.069,18.192,18.669,19.737,20.08,19.609,19.552,20.716,20.411,18.914,16.937
12.782,14.168,14.256,14.67,14.906,14.089,13.94,12.716,12.326,11.628,10.834,9.5187,10.143,9.6351,8.5952,9.9623,9.2211,9.4008,9.1147,9.9623,10.156,10.252,10.018,10.4,10.414,9.5625,9.2362,8.0423,6.4234,5.4361,12.155,13.698,14.256,14.943,14.421,14.217,13.95,13.708,13.769,14.217,14.217,13.708,13.769,13.708,13.295,13.2,12.716,13.115,12.716,12.716,12.716,11.225,11.664,11.201,11.628,11.628,12.428,12.36,11.225,9.7072,10.087,13.232,15.699,16.266,16.197,17.647,16.929,16.444,16.444,15.84,15.919,15.752,15.321,17.19,17.263,16.085,17.866,17.48,18.54,18.89,18.367,18.668,19.876,19.925,19.19,20.175,21.179,20.545,18.48,17.263
13.462,14.363,14.953,14.869,15.394,14.029,14.421,13.242,11.865,11.865,10.4,10.52,10.252,9.6352,10.018,8.74,8.5953,9.5187,9.6352,9.3414,9.5187,9.3414,9.5187,10.834,10.156,9.2363,8.9761,7.4109,6.4451,5.3846,12.36,13.062,14.934,14.934,14.944,13.86,13.95,13.708,13.769,13.295,13.94,13.769,13.819,12.672,13.86,12.315,12.771,12.716,13.2,12.372,12.771,11.724,11.025,11.337,11.58,11.865,12.694,12.04,11.138,9.8215,9.7359,12.858,15.349,16.266,17.552,17.199,17.028,16.266,15.672,14.906,15.12,15.349,16.78,16.119,16.672,17.239,17.867,17.749,18.442,18.713,19.848,18.868,19.037,20.504,20.071,19.728,21.285,20.21,19.543,16.571
11.109,12.42,13.584,13.037,12.789,12.513,11.881,11.881,10.681,9.7706,9.5446,8.6318,8.4271,8.164,6.6731,7.9655,7.8551,7.3379,8.164,8.0924,8.699,8.5301,8.8975,8.9302,8.699,8.164,7.6676,7.0134,5.9589,4.8254,10.627,11.671,12.513,13.037,13.049,12.171,12.42,11.444,11.671,12.063,11.671,11.646,12.869,11.646,11.444,11.546,11.381,11.069,10.844,11.47,10.844,10.307,10.265,10.307,9.7258,10.681,11.444,10.857,10.035,8.4444,9.1872,11.942,13.754,14.676,14.814,15.259,14.606,14.576,13.226,13.487,13.53,14.161,14.12,14.883,14.843,15.23,15.028,15.94,16.932,16.654,17.238,16.408,17.746,17.614,17.672,17.697,18.913,18.603,17.213,15.202
12.855,14.185,15.199,14.931,14.95,14.36,13.459,13.229,12.425,11.721,10.154,9.3395,9.6333,8.9898,8.5285,8.5936,8.9743,8.7064,9.4434,9.2194,9.5169,9.2345,9.6333,10.086,10.154,9.9183,9.399,7.4656,6.5298,5.3835,11.53,13.816,14.706,14.496,14.563,14.496,13.766,14.214,14.165,13.531,13.725,14.409,13.355,13.49,12.779,13.365,12.888,13.365,13.038,12.038,12.05,11.686,12.05,11.686,10.398,12.768,12.245,11.721,11.578,9.8195,10.372,13.292,15.589,16.576,17.024,17.477,17.236,16.777,15.749,14.866,14.931,16.365,14.95,16.399,15.881,18.042,18.203,17.925,18.901,18.746,19.539,19.532,20.171,20.171,19.639,20.391,21.017,20.171,19.216,17
12.529,14.339,15.286,14.193,15.177,13.603,13.439,13.5,12.135,11.206,11.082,9.3254,9.6187,8.7728,9.8047,8.5806,8.9763,8.4501,8.9763,8.9608,9.6907,8.9608,9.7193,10.66,9.9034,9.2206,8.9763,7.1694,6.369,4.9727,12.02,13.684,14.183,15.213,14.881,14.387,14.006,13.916,13.836,13.674,14.503,13.674,13.705,13.916,12.672,13.178,13.418,12.694,12.694,12.226,12.135,11.892,11.403,11.892,11.403,11.786,12.305,11.704,11.169,10.139,10.815,13.335,15.848,17.719,18.153,17.522,17.161,16.867,17.161,15.822,15.654,15.822,14.983,17.466,17.015,17.458,18.509,18.388,18.836,18.636,19.331,19.1,20.175,19.807,20.072,20.584,20.772,20.584,20.037,17.991
11.476,12.309,13.233,13.364,12.309,12.636,12.13,10.916,10.313,9.7161,8.7871,8.6534,8.0245,7.5763,8.449,7.0172,8.0245,8.2218,8.2218,8.7205,8.7038,8.7871,9.2868,8.6366,8.5348,8.2218,8.1684,6.7635,5.8387,4.3519,10.313,12.309,13.134,13.364,12.309,11.838,12.555,11.789,11.851,12.178,11.387,12.07,12.739,10.916,11.271,10.93,10.755,10.383,11.789,11.128,10.633,10.425,10.425,10.142,10.633,10.605,10.714,11.01,9.9238,8.2571,9.7311,11.888,14.534,15.153,14.969,15.57,15.201,13.762,13.591,13.93,13.056,14.169,14.2,14.684,13.878,16.479,15.267,15.438,16.872,16.812,16.194,16.452,17.886,17.821,17.424,17.248,18.265,17.886,16.941,14.403
11.379,12.751,13.988,12.963,13.411,12.919,11.911,11.765,10.688,9.978,9.1349,8.7323,8.5995,8.3448,8.6662,8.3963,7.6804,7.7364,8.1175,8.3448,8.5828,9.229,9.5054,9.5054,8.7323,8.3275,7.6804,6.8696,5.5228,5.0606,11.162,13.194,13.453,13.676,12.66,12.885,13.281,12.626,12.244,12.055,12.751,12.974,12.523,12.569,11.278,11.367,11.367,11.517,11.58,11.48,10.848,11.006,10.206,10.648,10.318,10.795,11.605,11.278,10.566,9.2601,9.2601,11.995,14.798,16.341,15.172,16.525,15.949,14.592,14.592,14.04,14.414,14.573,15.191,15.172,14.444,15.172,16.315,16.173,17.274,17.571,17.274,17.274,18.348,19.207,17.71,18.767,19.437,18.782,17.992,16.235
12.535,13.721,15.101,14.48,14.803,14.041,13.842,13.024,12.299,11.673,10.401,10.239,9.2246,9.3444,9.5504,8.2372,9.5067,9.3889,9.1032,9.0726,10.143,9.9497,10.185,10.507,10.13,9.5504,8.7289,7.91,7.0355,5.6056,12.037,13.711,14.623,14.775,14.765,14.661,13.962,13.751,14.071,14.199,13.842,13.922,13.69,13.225,13.194,13.056,13.194,12.311,12.7,12.311,12.667,11.955,11.613,10.871,11.124,11.709,12.174,11.792,10.871,10.075,10.239,13.309,15.864,15.617,18.305,17.679,17.937,17.217,16.133,16.825,14.915,15.082,16.559,17.41,17.844,17.529,17.466,18.343,18.704,19.39,19.013,19.361,19.703,19.311,20.593,19.85,20.593,20.011,19.766,17.079
12.956,14.464,14.377,14.635,15.093,14.464,13.593,12.74,12.685,12.161,10.859,10.132,9.0623,8.3284,8.4442,8.939,9.0162,9.3782,9.0162,8.7666,9.8402,9.7978,9.0928,9.7125,10.063,9.4225,9.4225,7.3931,6.4296,5.2673,12.034,13.593,14.309,14.183,14.607,14.329,14.134,13.826,14.377,14.183,13.429,13.996,13.501,12.956,12.685,13.168,13.263,12.565,12.52,12.956,12.52,12.034,11.074,11.346,11.309,12.161,11.66,12.011,10.653,9.7978,10.587,13.695,16.02,17.003,18.017,18.436,17.454,17.133,16.888,16.798,15.284,15.312,16.74,17.093,17.39,18.186,17.824,18.623,19.173,20.126,19.772,20.044,19.425,19.553,19.912,21.207,20.977,20.778,18.97,17.824
13.187,14.33,15.361,14.92,14.485,13.684,13.715,12.682,11.412,11.277,10.875,10.078,9.5096,9.106,8.5056,9.0754,9.106,9.3918,8.587,9.0754,10.242,9.4362,9.8545,10.188,9.812,9.0293,8.2566,6.8777,6.4173,5.4309,11.617,13.966,14.349,14.939,14.33,13.755,14.349,12.975,13.521,13.926,13.521,14.016,13.449,13.23,12.704,12.704,12.66,12.315,12.671,12.704,12.178,11.569,11.617,11.569,11.128,11.712,12.845,11.901,11.569,9.8545,11.795,14.194,16.361,18.53,17.415,17.463,17.685,16.681,15.904,15.334,15.442,15.825,16.429,17.223,15.807,17.535,19.346,18.028,19.695,19.581,19.517,19.829,19.574,20.052,19.056,20.197,21.375,20.017,19.396,16.378
12.687,13.997,14.379,15.313,14.57,14.379,13.997,13.011,12.253,11.347,10.377,9.6849,9.2,9.7988,9.4968,9.4235,8.7199,9.0018,9.4235,8.688,9.2151,9.7135,9.9394,9.9951,10.174,9.3792,8.9554,7.5975,6.6007,5.2679,12.013,13.503,13.787,14.532,14.57,14.637,14.056,13.737,13.544,13.908,13.337,13.17,14.223,12.665,12.253,12.828,12.488,12.298,11.697,12.741,12.687,11.589,11.601,11.113,11.697,12.162,12.298,11.697,11.347,9.613,10.654,14.027,16.364,17.384,17.708,17.919,17.825,16.988,16.228,16.964,15.663,16.533,16.733,15.6,16.082,17.888,17.825,18.019,19.341,20.06,20.733,19.175,20.497,20.491,20.518,21.489,21.262,21.236,19.32,16.988
11.857,12.803,14.181,13.955,13.852,12.565,12.392,11.323,10.325,10.422,8.6548,8.8033,8.2107,8.1931,8.0512,7.5336,7.6286,8.1225,8.8033,8.6548,8.8033,8.3326,9.2346,9.1719,9.5112,7.9793,8.2107,6.2825,6.4633,4.586,10.735,12.519,13.257,13.429,13.852,13.278,12.724,12.565,12.263,12.565,11.772,12.263,12.971,11.562,11.013,11.284,10.627,11.284,11.386,11.284,11.386,9.6764,10.654,10.212,10.627,10.212,11.323,11.065,10.255,8.4014,9.6016,12.357,14.089,15.959,15.895,16.147,15.649,15.115,13.333,14.581,14.089,15.115,15.257,14.211,14.452,15.124,15.786,16.111,17.326,17.525,18.485,17.483,18.257,18.878,18.908,18.794,19.794,17.842,18.977,15.37
11.649,12.489,13.728,13.76,13.633,12.945,12.396,11.523,10.823,10.688,9.7071,8.7654,8.7654,8.5137,8.0768,8.0947,8.7654,8.0947,8.5137,8.7654,8.8313,8.7654,8.9616,9.2168,9.1378,8.6823,8.4281,6.8956,5.9474,4.3411,10.769,12.489,12.799,13.244,13.633,13.375,12.431,12.616,12.04,12.396,12.148,12.29,12.605,11.809,11.422,11.359,11.523,10.982,11.561,11.41,11.32,10.399,10.729,9.8847,10.982,10.903,10.903,11.1,10.287,8.5137,9.4037,12.616,13.321,14.815,16.412,16.189,14.971,15.946,14.785,15.23,13.791,14.041,14.854,14.697,15.019,16.587,15.846,16.908,16.83,18.339,18.379,17.58,18.315,18.292,17.802,18.418,18.938,18.567,17.58,15
11.656,13.031,13.527,13.689,13.099,12.998,11.916,11.681,10.956,10.506,9.1987,9.4499,9.0057,8.2772,8.4696,8.2772,7.5172,7.8785,8.7417,8.7417,8.2418,8.4001,8.725,9.3408,8.8085,8.2772,8.044,6.9295,5.5182,4.5914,10.109,11.867,12.862,13.009,12.77,12.492,12.244,11.916,11.867,11.916,11.867,11.916,12.268,11.916,11.376,10.889,10.956,10.166,10.956,10.672,10.781,10.408,9.9774,10.209,9.8741,10.166,11.376,10.338,10.065,8.1883,8.924,11.567,14.408,15.247,15.84,15.381,14.438,15.247,14.069,13.087,13.689,13.087,14.57,15.005,14.7,14.72,15.84,15.381,15.776,17.425,17.349,17.222,17.324,17.987,16.783,17.111,18.493,17.196,17.256,14.769
12.7,14.041,15.329,15.518,14.915,14.393,13.506,13.278,12.446,11.124,10.467,10.599,8.9802,9.2095,8.1865,9.3295,8.4374,9.3295,9.1032,9.0726,9.623,9.2246,9.7236,9.9498,10.56,9.695,8.8398,7.8394,6.7532,5.1937,12.14,13.932,14.393,15.518,14.547,14.248,14.17,13.194,13.444,13.802,13.309,13.444,13.475,13.517,13.194,12.7,12.231,12.14,12.535,12.037,12.535,11.673,11.577,11.792,11.285,11.792,13.024,12.048,11.273,10.005,10.612,13.751,15.581,17.41,16.883,18.145,17.274,17.006,15.864,15.374,15.96,16.073,16.356,16.424,16.982,16.759,18.577,18.053,19.108,19.013,19.404,20.066,20.149,20.593,19.766,20.046,21.093,20.512,19.568,17.022
12.79,14.098,14.878,14.613,15.13,13.959,14.039,13.543,12.996,11.695,10.407,9.8703,9.5249,9.4513,9.0438,8.7934,9.6414,9.5249,9.2272,9.9688,9.6414,9.8278,10.163,10.461,9.6414,9.2272,8.7934,7.3968,6.6202,5.3098,11.955,14.098,14.737,14.963,14.353,13.778,14.098,13.778,13.717,13.959,13.989,13.778,13.584,13.209,12.334,13.049,12.559,12.525,13.071,12.289,12.198,11.108,11.873,11.695,11.381,11.814,12.436,12.334,11.92,9.7135,10.527,13.124,15.358,16.915,17.878,17.014,16.882,15.602,15.762,15.682,15.249,16.13,15.386,15.611,15.709,17.467,17.25,17.443,18.401,18.522,19.086,19.086,19.145,20.188,19.492,20.049,21.893,19.889,19.283,16.915
12.775,14.221,15.235,14.827,14.416,14.416,14.093,13.466,12.676,11.229,10.616,9.8246,10.091,10.091,9.4482,9.9655,8.7109,9.696,9.6383,9.4039,9.6383,9.4039,10.049,10.563,10.021,9.0409,9.4039,8.0449,6.8865,5.4379,11.632,13.497,14.368,14.348,13.954,14.647,14.034,13.236,14.093,14.368,13.894,13.864,13.743,14.57,13.247,12.764,13.045,12.764,12.698,11.869,12.044,11.596,11.402,11.869,11.204,11.584,12.851,11.584,11.727,9.7103,10.629,13.773,15.534,16.501,16.577,16.677,17.245,16.902,15.534,15.641,14.948,15.757,15.235,16.159,15.426,16.45,17.589,17.958,19.478,18.516,19.226,18.852,19.204,20.388,19.378,20.511,21.127,19.931,19.044,17.008
12.045,14.087,14.807,14.126,14.232,14.395,13.823,12.248,12.079,11,10.105,9.8299,9.1372,8.7704,9.2563,8.0033,9.432,8.6288,9.1522,9.432,9.6188,9.432,10.064,10.671,10.05,9.1372,8.8943,7.5456,6.3001,5.5616,11,13.37,13.931,14.659,14.546,14.471,13.643,13.961,13.931,14.471,13.502,13.763,13.205,13.09,12.922,12.741,12.869,11.954,12.436,12.436,12.248,11.942,11.294,10.594,11.294,11.486,11.954,11.804,11.099,9.7741,10.319,13.246,14.89,16.652,16.75,17.881,15.678,16.627,16.693,16.52,15.254,15.064,14.982,16.151,15.696,17.423,17.789,17.773,17.858,18.513,18.9,18.513,19.386,19.639,19.422,20.928,20.053,19.534,19.252,17.042
13.226,14.075,15.146,14.951,15.329,14.311,13.477,13.257,12.386,11.641,10.154,10.585,9.2467,9.0327,9.0482,8.3579,9.2316,8.9862,9.5295,9.5295,10.264,9.2316,9.8326,10.385,9.4559,9.4559,9.1251,7.8582,6.027,4.5472,12.169,13.784,14.687,14.951,14.582,14.272,13.875,13.31,13.955,14.105,13.477,13.744,13.373,13.055,12.785,13.247,12.872,12.374,13.247,12.054,12.054,11.641,11.593,11.737,10.999,11.3,12.054,12.158,11.435,10.168,10.426,13.257,16.395,16.716,16.395,17.452,16.172,15.981,15.654,14.697,14.81,15.858,15.137,16.327,15.77,17.476,17.572,18.004,19.059,18.867,18.227,19.393,19.161,20.615,19.386,19.736,21.124,20.724,19.241,16.522
12.687,14.646,15.106,14.826,14.503,14.033,13.465,12.285,12.193,11.34,10.523,9.71,9.448,9.2239,8.062,9.8668,8.7903,8.8535,9.2239,9.0251,9.2239,9.2239,9.9232,9.359,9.4036,9.5653,8.9787,8.062,5.8097,4.9826,11.727,13.246,14.684,14.788,14.367,14.732,13.773,13.712,13.773,13.984,13.63,13.823,14.367,13.299,13.465,13.538,12.763,12.991,13.361,12.521,12.554,11.595,11.291,11.303,11.667,12.044,12.193,12.193,11.229,9.5215,10.255,13.465,15.244,17.557,17.049,17.373,17.033,16.27,15.967,16.584,14.675,15.534,15.827,16.785,16.934,16.81,16.934,18.395,18.606,19.549,20.132,19.138,19.719,19.138,19.549,19.797,20.84,20.598,19.225,17.065
12.693,14.501,14.907,14.191,14.004,14.24,13.714,13.092,11.785,11.702,10.865,9.9444,9.0984,9.2197,9.0984,9.2197,9.2046,8.7719,8.5798,9.8038,9.6178,9.3245,9.487,9.8038,9.8462,9.3394,8.5798,6.6668,5.8926,5.1909,11.785,12.835,14.539,14.701,14.682,14.191,14.472,13.499,13.744,14.24,13.187,13.417,14.23,13.049,12.528,13.218,12.835,12.495,12.168,12.259,12.671,12.03,11.667,11.118,12.019,12.134,12.66,11.844,11.118,9.6754,10.541,14.701,15.366,17.265,17.989,18.515,16.808,16.642,16.279,16.364,15.102,15.212,16.279,17.67,17.289,17.464,18.265,18.447,18.649,18.981,20.582,19.847,20.467,20.201,19.805,20.528,21.635,20.904,19.565,17.717
11.579,12.896,13.28,13.15,13.675,12.962,12.232,11.479,11.379,10.861,9.2595,9.383,8.4811,8.6657,8.3443,7.5857,8.4811,8.327,8.1876,8.4811,8.649,8.327,9.1186,8.7318,8.3787,8.1171,8.3958,6.9937,5.3907,4.6142,10.688,12.232,12.896,12.625,13.442,12.75,12.75,12.255,12.962,12.896,12.716,12.896,12.054,12.232,10.861,12.102,11.776,11.366,11.554,11.045,10.688,10.795,9.8906,11.162,10.248,10.728,10.861,10.538,10.304,8.9915,9.8906,12.054,14.572,15.921,16.136,16.002,16.092,15.638,15.592,14.729,14.913,14.729,14.641,15.266,15.029,16.706,16.101,17.072,17.709,16.757,17.733,17.83,17.774,18.589,18.245,18.221,18.735,18.332,17.173,16.454
12.443,14.856,14.772,14.856,14.39,13.869,13.441,13.191,12.022,11.706,9.5046,9.8492,9.8068,9.5483,8.9627,9.3423,8.9627,8.8378,9.6784,9.2075,10.398,9.6208,9.7214,10.558,9.0706,8.9627,8.4519,7.6036,5.8945,5.7027,11.848,13.212,14.274,14.649,14.4,14.068,13.606,13.441,13.503,13.869,13.096,13.718,13.839,13.191,12.342,12.741,12.532,12.046,12.532,12.263,11.848,11.563,11.357,11.357,11.357,11.515,12.443,12.172,11.789,9.6208,11.611,14.62,16.069,17.27,18.179,18.271,17.956,17.294,16.369,15.506,15.506,16.547,16.13,15.371,16.035,17.715,18.049,18.655,19.536,19.443,19.536,19.4,20.097,20.351,19.564,21.253,21.069,21.095,20.041,17.47
11.585,12.924,13.576,13.682,13.33,12.891,12.924,11.915,10.733,9.6745,9.8952,8.5863,8.3826,8.2091,7.8136,8.4851,8.1209,8.3482,8.5863,8.3826,8.6531,8.8016,9.6745,9.4942,8.7359,8.6531,8.1915,6.4397,5.3664,4.4253,10.853,12.237,13.068,12.902,12.991,12.389,12.237,12.447,12.237,12,12.517,12.237,12.517,12.562,11.855,11.384,11.282,11.485,11.384,11.32,10.543,10.323,10.083,11.063,10.083,10.571,11.371,11.167,10.196,8.9315,10.182,12.98,14.736,15.847,16.108,16.357,15.71,15.479,14.843,14.736,14.647,14.44,13.953,15.198,15.6,16.144,16.671,15.892,17.717,16.945,17.281,16.851,19.034,18.372,18.317,18.159,19.237,18.317,17.709,15.188
12.766,14.687,14.506,14.534,14.37,14.302,13.53,12.434,12.321,11.694,10.631,9.5234,10.161,9.3609,9.2408,9.1192,9.2408,9.2257,9.5234,9.2257,9.5234,9.7407,9.3459,10.051,9.5234,9.4499,8.4687,7.6187,6.1606,4.9836,11.379,13.866,14.096,14.534,13.947,13.745,13.468,13.735,13.468,13.775,13.468,13.745,13.468,13.249,12.994,13.54,12.994,12.069,12.287,12.196,12.058,11.694,10.89,10.89,11.106,11.537,12.046,11.67,11.106,10.092,10.051,14.37,15.429,17.272,17.465,18.069,17.304,17.011,15.892,16.308,15.892,16.093,16.205,15.857,15.356,18.692,17.441,18.692,19.553,19.553,19.61,18.811,19.723,19.78,19.885,20.116,20.384,20.081,18.669,16.979
12.694,14.728,14.566,14.604,14.422,14.412,13.708,12.771,12.551,12.052,10.374,10.018,10.157,9.7361,10.414,8.5954,8.5303,9.2214,9.3564,9.693,10.252,9.693,9.8641,10.157,9.7074,9.3564,9.3415,7.4672,6.1802,4.868,11.374,13.462,14.604,14.089,14.878,13.534,14.217,13.86,13.698,13.575,13.493,13.89,13.524,13.243,12.987,12.551,13.2,12.771,12.428,12.041,12.156,11.201,11.138,12.041,10.885,11.423,12.156,11.628,11.025,9.7074,10.481,13.728,15.349,16.572,18.443,17.929,17.432,17.028,16.905,15.884,15.849,14.364,16.197,17.003,16.445,17.003,17.552,18.306,18.329,18.42,19.714,19.365,19.714,20.071,19.537,19.925,21.357,20.162,19.082,16.805
12.255,14.226,14.962,15.129,14.915,14.226,13.376,12.79,12.691,11.587,10.052,9.7132,9.6411,9.0897,7.3398,9.0436,8.7932,9.6411,9.4066,9.5685,9.9685,9.7419,10.258,10.024,9.7419,9.7132,9.2269,7.1861,6.3619,5.5159,11.814,13.366,14.196,14.613,14.43,14.177,13.542,13.24,13.716,14.177,13.208,13.501,13.868,12.995,12.724,13.25,12.379,12.163,12.334,12.691,12.702,11.623,11.232,10.58,11.587,11.635,12.469,11.381,11.294,9.5246,10.892,13.583,14.507,16.59,17.491,17.721,17.594,16.915,15.358,16.378,15.358,16.387,16.455,16.455,16.882,16.581,17.76,18.672,18.454,19.426,20.814,19.383,19.376,19.093,20.394,20.139,20.974,19.383,18.968,16.042
12.418,14.196,14.697,14.716,14.592,13.717,13.808,13.189,11.938,11.607,10.825,9.5548,9.511,9.3487,8.4577,8.9843,8.9843,9.0768,9.856,9.2288,9.511,9.9123,9.856,9.685,10.148,8.9533,8.5883,7.843,6.7563,5.8985,11.192,13.928,14.697,14.352,14.352,14.332,13.928,13.357,13.315,14.205,13.451,13.347,13.189,13.451,13.232,12.88,12.934,12.507,11.856,11.678,12.76,11.389,11.291,11.192,11.571,11.619,12.362,11.678,11.522,9.728,10.876,13.232,16.046,16.106,17.969,18.314,17.482,16.566,16.141,16.431,15.309,16.046,16.566,16.558,16.149,18.061,18.786,17.945,18.653,19.549,20.603,19.634,20.269,20.159,20.603,20.582,20.944,20.09,18.525,17.087
11.051,13.428,13.46,13.417,12.892,12.667,11.917,11.783,11.372,10.801,9.6755,9.1239,8.3318,8.9324,7.6843,8.4006,8.4859,8.4006,8.4859,9.1239,8.6706,8.654,8.8514,9.2337,8.6039,8.1923,8.1923,6.9977,5.0632,4.327,10.585,12.391,12.97,12.802,12.892,12.925,12.344,12.144,12.925,12.168,12.356,12.529,12.356,12.168,11.561,12.061,11.561,10.867,11.523,10.867,11.051,10.694,10.324,10.421,9.8525,10.694,10.867,10.734,10.254,8.4859,9.6007,12.992,14.97,16.42,15.18,16.533,15.647,14.26,15.152,14.169,14.451,13.757,14.169,16.146,15.256,15.647,16.767,16.776,18.279,17.208,17.183,17.784,17.841,18.784,17.523,18.63,19.455,18.607,17.744,15.481
12.773,14.868,15.338,14.868,14.933,14.811,13.452,12.318,11.798,11.017,10.393,9.9133,9.9133,9.5121,8.9542,9.5559,8.2081,8.9853,9.3348,9.5121,10.245,9.7291,10.149,10.865,10.08,9.8146,8.7339,7.3869,5.8991,5.3027,12.147,13.688,13.759,14.402,14.402,13.81,13.514,13.729,13.064,13.759,13.106,13.359,14.488,12.935,13.191,12.838,12.881,12.238,12.773,12.707,12.318,11.093,11.939,11.093,11.62,11.798,12.542,11.715,11.13,9.3943,11.13,14.402,16.082,17.032,18.217,16.793,17.089,17.227,16.288,15.688,14.632,16.073,16.518,16.186,16.958,16.568,17.284,17.854,19.068,19.587,19.89,19.358,19.834,20.49,19.862,20.112,20.813,21.086,19.551,16.991
12.724,14.888,14.69,14.944,14.68,14.226,14.039,12.779,12.436,11.873,10.38,9.6992,9.5249,9.2272,10.487,8.5193,9.407,9.0438,9.09,9.7422,10.259,9.5688,9.8278,10.039,10.149,9.5249,9.0284,7.472,6.5353,4.4832,11.731,13.251,14.275,13.778,14.508,14.537,13.959,13.366,14.177,14.373,13.501,13.717,14.226,12.953,12.899,13.209,13.335,12.702,12.525,12.702,12.996,11.873,11.381,11.108,11.195,11.588,11.6,11.731,10.567,9.6414,10.698,13.377,15.249,16.816,17.379,17.713,17.307,15.991,16.59,15.991,15.973,15.386,15.139,16.043,16.413,17.948,17.467,17.948,18.522,18.695,19.577,19.484,19.05,19.484,19.203,20.841,19.427,19.896,18.695,17.634
12.719,14.674,14.797,14.299,15.133,13.943,13.465,13.465,12.159,11.631,10.09,9.3437,9.0403,8.9939,9.3586,9.4476,9.3586,9.4476,8.8532,10.159,9.1171,9.4032,10.049,10.483,9.2235,9.3586,8.9628,7.6898,6.4251,5.2016,12.159,13.465,13.943,14.873,13.953,13.732,13.537,13.953,13.578,13.496,13.983,14.063,13.298,13.465,12.52,13.863,12.763,12.763,12.763,12.284,11.868,12.055,11.868,11.583,11.191,11.727,12.159,11.868,11.141,9.9649,10.875,13.772,16.037,17.651,16.701,17.816,17.244,16.381,16.909,15.984,15.533,15.542,15.844,16.584,16.313,17.816,17.324,18.026,19.05,18.515,19.05,18.605,19.34,20.111,19.605,20.076,20.766,19.965,19.627,17.138
12.996,14.275,15.139,15.139,14.944,13.828,13.737,13.124,12.255,11.233,11.145,10.094,9.5248,9.8277,9.0899,10.38,9.0899,9.0438,8.9973,9.5248,10.487,9.5248,10.487,10.776,9.4513,9.6991,8.9818,6.8887,6.384,4.545,11.145,13.209,13.959,14.177,14.613,14.275,13.899,13.532,13.377,13.635,13.989,14.068,13.584,13.501,13.532,12.779,13.47,13.219,12.702,11.636,11.978,11.671,11.43,11.539,11.145,11.814,12.334,11.208,11.344,10.052,11.145,13.635,16.683,17.21,17.331,17.507,17.331,16.683,16.13,15.249,15.431,14.353,15.358,16.387,17.014,16.31,17.878,17.76,18.552,18.431,18.724,18.68,19.384,20.326,19.427,20.049,21.252,19.556,18.939,16.981
12.581,14.533,15.267,15.385,14.97,14.222,13.4,12.625,11.716,11.364,10.222,9.468,9.5417,9.2586,8.729,10.112,8.4849,9.106,9.5856,9.3639,9.5417,9.7306,10.112,10.277,9.9442,9.6584,8.6808,7.372,5.846,5.2128,11.401,13.327,13.802,14.251,14.013,13.494,13.771,13.473,13.242,13.494,13.771,13.973,13.4,13.556,13.741,13.358,12.458,12.625,12.975,12.185,12.356,11.327,11.315,11.45,11.228,11.253,12.219,11.62,10.717,9.468,10.167,13.494,15.385,16.912,16.879,17.142,17.91,16.912,15.922,15.156,15.431,15.156,15.737,16.821,16.132,16.408,17.626,17.594,19.382,18.373,18.795,18.615,19.432,19.761,19.418,19.083,20.642,19.382,19.432,16.348
12.746,14.455,15.044,14.856,14.978,14.25,14.455,13.017,12.218,11.127,10.91,9.5409,8.8082,8.6153,7.8677,9.0436,9.4673,9.0436,9.7299,8.997,9.8869,9.4673,9.8869,10.651,10.18,8.997,8.6801,8.0611,6.4384,5.2124,11.314,13.071,13.892,14.329,14.397,14.122,13.982,13.607,13.801,13.399,13.658,13.399,13.493,13.273,12.31,12.79,12.58,13.263,12.724,12.49,12.276,11.326,11.127,11.607,11.164,11.227,11.751,11.363,10.898,9.9856,10.585,14.122,16.304,16.483,17.593,17.409,17.279,16.432,15.709,16.07,14.913,15.062,15.921,15.384,16.018,17.36,17.664,17.783,18.793,18.793,19.774,17.908,19.001,18.793,19.639,19.589,20.118,19.38,19.409,17.174
12.911,14.434,15.874,15.616,14.902,14.434,13.462,12.736,11.742,10.695,10.577,9.7513,9.7513,8.5272,7.627,8.5436,8.2776,9.0368,9.2357,9.5337,10.172,9.2357,10.268,10.59,9.8369,9.5337,8.7218,7.193,6.39,5.2884,11.61,13.514,14.845,15.153,14.239,14.239,13.79,13.483,13.221,13.389,13.136,13.79,14.288,13.263,11.884,12.537,12.38,12.071,12.878,11.825,12.38,11.392,11.042,12.3,11.042,10.902,12.615,11.646,11.61,9.0058,11.156,13.253,15.373,16.564,17.579,17.266,17.46,16.606,15.777,15.254,14.892,16.084,16.179,15.554,16.291,17.347,16.53,18.089,18.63,18.197,19.596,19.075,20.103,20.733,19.221,19.879,20.814,19.631,19.956,16.402
12.796,15.137,14.886,15.119,14.38,14.438,13.744,13.373,12.785,11.701,10.898,9.2318,8.7181,9.0946,8.0862,9.2318,9.5297,9.0329,8.9864,9.367,9.9738,9.8753,9.4561,10.209,9.5297,9.0946,8.4743,7.0921,6.1646,5.4424,11.151,13.002,13.785,13.956,14.621,14.428,13.724,13.508,14.105,13.956,13.906,13.956,13.226,13.456,12.774,13.056,13.002,12.565,12.329,12.261,12.731,11.113,11.214,11.151,11.313,11.677,11.593,11.82,10.898,9.5736,9.7471,13.342,15.119,16.421,18.205,17.73,16.413,17.047,16.077,16.077,15.547,16.077,17.5,15.902,17.153,17.047,17.596,17.949,18.043,19.242,20.094,19.559,19.623,19.394,19.408,19.906,19.842,19.623,18.682,16.949
13.365,14.215,15.211,14.612,14.574,13.988,13.634,12.701,12.07,11.872,10.891,10.406,10.203,9.3616,9.9681,9.5242,8.3532,9.6407,9.0893,9.568,9.8271,9.568,10.093,10.619,9.2416,9.6984,9.5242,7.6193,5.9066,5.2831,10.891,13.08,14.037,14.225,13.867,13.218,13.827,13.25,13.531,13.777,14.371,13.988,13.634,13.376,12.778,13.07,13.239,12.701,12.778,11.695,11.587,11.695,11.587,11.695,11.107,11.405,12.047,11.671,11.107,10.093,10.891,13.469,16.128,16.856,17.97,17.759,17.054,16.309,16.539,15.403,15.601,14.877,15.893,17.273,16.386,16.815,18.521,17.947,19.202,18.738,19.611,19.231,19.725,19.936,19.382,19.725,20.953,19.026,19.375,16.454
12.433,14.571,14.533,15.382,14.271,14.262,13.446,12.677,11.585,11.105,10.091,9.5225,9.5225,9.2248,9.1183,8.964,8.9796,8.9951,9.0415,9.2399,9.7397,9.6967,9.8678,10.695,10.036,9.0877,8.3518,7.0472,5.976,5.0111,11.811,13.121,14.223,14.369,14.504,13.825,13.632,13.58,14.065,13.363,13.237,13.363,14.223,12.765,12.721,12.376,12.433,11.87,12.555,12.068,12.286,11.536,11.427,11.292,10.889,11.811,12.6,11.378,11.292,9.7111,10.525,13.895,16.578,16.779,18.029,17.944,16.977,17.01,16.16,16.451,15.4,15.318,16.451,17.14,17.14,16.586,17.654,18.083,19.883,19.045,20.546,19.551,19.799,19.551,20.183,19.608,21.247,20.217,18.854,16.383
11.601,12.774,13.009,13.596,13.952,12.592,12.372,12.16,10.802,10.323,9.733,9.1519,8.0791,7.9893,8.1857,8.3429,7.9349,8.6822,8.4119,8.4973,7.9349,8.6822,9.1834,9.4009,9.1991,8.4973,7.4853,6.538,5.533,4.9547,10.197,12.125,11.835,12.407,13.087,12.077,12.255,12.372,12.546,12.372,12.546,12.372,12.125,12.077,11.933,11.601,11.626,10.961,11.183,11.489,11.079,10.337,10.667,9.733,10.323,10.435,11.066,10.337,9.6884,8.6656,9.9095,12.774,14.52,14.47,16.345,16.695,15.96,15.2,15.057,15.2,13.869,13.532,15.622,14.55,15.879,15.806,16.131,16.832,16.867,17.865,18.343,17.497,17.439,17.406,17.897,18.343,18.065,17.792,17.767,14.669
12.729,14.378,14.619,14.58,14.426,13.964,13.722,12.53,12.053,11.604,10.624,10.098,9.5284,9.0007,7.3427,10.098,8.6687,9.0007,8.9696,9.0471,10.153,9.5722,9.4104,10.098,9.7171,9.124,8.5388,7.1889,6.3645,4.9862,11.735,12.871,13.475,14.222,14.28,13.874,13.783,13.475,13.752,14.619,13.308,13.537,14.103,13.245,13.129,12.685,12.339,12.259,12.903,13.075,12.53,11.2,11.2,10.883,11.41,11.877,12.202,12.202,10.998,9.2305,10.78,12.903,14.893,16.946,18.187,18.385,17.728,17.078,16.316,17.061,14.685,15.554,16.512,16.922,17.767,16.789,17.72,18.04,19.384,18.924,19.734,19.896,19.67,19.093,19.67,19.152,20.402,19.239,18.924,16.316
13,14.378,15.033,15.135,14.231,14.884,13.454,12.168,12.052,11.212,10.153,10.056,10.098,8.985,8.7488,9.2455,8.7168,8.7965,9.8738,9.2455,9.7456,9.2304,9.8738,10.208,9.5282,9.5282,9.2455,7.6226,5.8378,4.8728,12.076,13.213,14.513,13.954,13.954,14.103,13.64,13.381,13.213,13.475,13.34,13.381,13.782,13.075,12.259,12.903,12.44,12.052,12.783,11.983,12.685,11.237,11.112,11.237,11.112,11.212,12.339,11.592,10.998,9.0316,11.212,14.231,15.714,16.888,17.434,17.256,17.474,16.282,16.282,16.179,14.949,15.116,17.45,16.512,16.888,17.498,17.216,17.498,19.391,19.383,19.391,19.867,18.731,20.23,19.383,19.896,21.247,20.586,19.056,16.797
12.543,14.325,14.701,14.451,14.758,14.393,13.489,13.227,12.352,11.446,10.542,9.2402,8.9945,9.2402,8.6777,9.2402,9.5383,9.4646,8.8692,9.2553,10.177,9.8416,9.5822,10.582,9.3755,9.7272,8.3656,7.4261,5.723,5.3957,11.446,13.227,13.52,13.562,14.058,13.726,13.562,13.756,13.968,13.736,13.978,13.603,12.742,13.238,12.576,13.726,12.576,12.917,12.873,11.972,12.215,11.323,10.273,10.895,10.713,11.123,11.048,11.748,11.123,9.9828,9.9828,13.354,14.899,16.333,17.524,17.588,17.355,17.063,16.873,16.187,15.561,15.917,15.425,16.806,16.706,18.84,17.659,18.966,18.609,19.662,20.112,19.411,18.458,19.259,19.426,20.078,19.754,19.077,18.526,15.704
12.579,14.761,14.637,14.249,15.237,14.531,13.398,13.554,12.712,11.998,10.637,9.7578,9.1353,9.2571,8.533,8.4671,9.422,8.4671,9.3624,9.5255,9.7291,9.5402,10.11,9.6569,9.7147,9.242,8.4836,7.6321,6.3943,5.7241,11.213,12.973,13.891,14.121,13.07,14.2,13.388,13.262,13.891,13.492,13.564,13.728,13.07,13.272,12.354,13.272,12.399,12.799,12.81,11.75,11.892,11.424,10.897,11.213,10.65,11.558,12.067,11.654,10.437,9.5255,10.11,13.564,16.414,16.345,16.609,17.14,17.686,15.885,16.843,15.356,15.347,16.439,16.199,16.541,15.92,18.514,18.612,18.97,18.612,19.08,18.484,19.241,19.124,19.892,19.58,18.97,20.255,20.116,18.062,16.405
12.349,14.63,15.055,15.129,14.292,14.233,13.753,12.739,12.739,10.853,10.632,9.8393,9.238,9.039,8.3637,10.271,8.8038,9.238,9.039,9.7105,9.238,9.9805,9.7537,9.9805,9.7249,9.5361,9.1007,7.4807,6.6279,5.2897,10.853,13.086,13.733,14.085,14.37,13.486,13.319,13.351,13.486,14.438,13.065,13.558,13.256,13.392,13.065,13.224,12.573,12.54,13.086,12.618,11.745,11.601,11.159,10.711,10.905,11.443,11.828,11.649,10.698,9.5361,10.393,14.592,15.055,16.935,17.584,17.584,17.271,16.009,16.525,16.432,14.63,15.376,15.869,17.899,16.96,16.836,17.528,18.016,18.702,19.072,19.764,19.167,19.75,19.45,19.94,18.453,20.142,20.322,18.582,16.432
13.007,14.317,14.967,15.372,14.434,13.84,14.288,12.345,11.742,11.646,11.118,9.7222,9.5773,9.4153,8.2604,10.103,8.8013,9.5773,8.6085,9.5334,9.7222,9.5334,10.103,10.172,10.172,9.4598,9.0519,7.1927,6.3897,5.72,10.889,13.231,14.239,13.749,14.239,13.961,13.389,13.647,13.389,13.79,13.482,13.061,13.881,13.482,13.093,13.231,12.345,12.703,12.736,12.266,12.801,11.218,11.155,11.042,11.354,11.416,11.742,11.118,10.43,9.0054,11.004,13.513,14.957,16.806,18.088,17.988,17.266,16.698,15.987,16.083,14.229,15.944,17.217,16.996,16.222,16.555,17.894,18.235,18.569,18.956,19.906,19.162,19.906,19.162,19.744,19.744,20.241,20.123,18.334,15.9
11.461,12.648,13.775,13.507,12.473,13.079,11.899,11.487,10.322,10.05,9.8593,8.5427,8.7952,8.1043,8.2294,8.5427,7.7357,7.9772,8.2648,8.2471,8.7952,8.7952,9.1848,9.5586,8.3875,7.7357,8.4049,6.3239,5.5098,4.1147,9.9624,11.8,12.249,12.842,12.141,12.438,11.663,11.563,11.461,11.899,11.935,12.249,12.438,11.849,11.359,11.638,10.94,11.138,11.638,11.125,10.94,9.6649,9.7401,10.151,9.5739,10.194,10.86,10.05,10.151,8.1043,9.2007,11.96,14.089,15.752,14.548,15.167,15.301,14.213,13.344,13.507,12.888,12.989,13.806,15.07,15.021,14.628,15.705,15.138,16.81,16.784,16.064,16.827,17.085,17.06,16.914,17.64,17.499,17.64,16.679,14.386
13.064,14.696,14.819,14.819,14.932,14.054,14.242,12.45,12.483,11.552,10.71,10.539,10.174,9.4618,10.064,9.0074,9.2374,9.2525,9.3727,9.7243,9.8812,9.9377,10.036,10.71,9.5793,9.3577,8.8665,7.1942,6.3692,5.0179,11.357,13.35,13.793,14.084,14.388,13.964,13.752,13.752,13.558,13.974,13.732,13.516,14.004,12.617,12.967,12.539,12.716,12.782,12.782,12.716,12.539,10.904,11.006,10.697,11.22,11.22,12.177,11.394,11.22,9.5354,10.05,13.485,14.979,16.182,18.475,17.606,16.609,16.868,16.473,15.556,15.146,14.904,17.399,15.85,16.473,17,17.582,17.455,18.361,19.159,19.911,18.543,18.938,19.224,19.506,19.071,20.417,19.57,18.99,16.726
12.674,14.506,14.629,14.267,14.852,14.17,13.111,12.974,12.9,11.609,10.799,9.6421,9.1593,8.7915,8.1587,9.1593,9.6706,8.9773,9.7555,8.9773,10.02,9.9785,10.02,10.183,9.8537,9.4548,8.9312,7.5639,6.8381,5.4755,11.113,12.631,13.484,13.766,13.535,13.676,13.726,13.122,13.766,13.676,13.766,13.796,12.696,13.206,12.51,12.974,12.953,12.466,12.51,12.108,11.514,11.212,10.799,11.454,11.261,11.125,11.867,11.322,10.45,9.6706,10.088,13.484,15.425,16.659,17.339,16.889,16.93,15.716,15.496,15.496,14.778,16.088,15.977,16.267,15.743,17.075,17.862,17.528,17.591,17.622,19.062,17.747,17.808,19.714,19.284,19.091,19.826,18.997,18.319,17.075
13.268,14.111,14.988,14.314,14.39,13.756,13.268,12.89,12.424,11.823,10.611,9.5631,9.1672,8.531,9.0466,10.08,8.9551,9.8461,9.1522,9.4475,9.8879,10.012,10.012,10.08,9.8461,9.748,8.531,7.7906,5.9752,5.2667,10.689,12.847,13.524,13.625,13.875,13.716,13.666,13.524,13.473,14.304,13.258,13.361,13.835,13.756,13.195,13.524,12.847,12.675,12.599,11.973,12.189,11.105,11.252,10.804,10.905,11.055,11.95,11.777,10.598,9.3746,10.804,14.111,15.207,16.447,16.712,17.577,16.655,15.939,15.634,15.722,14.758,15.234,15.198,17.046,16.447,16.186,17.925,17.444,17.941,18.161,18.372,18.252,18.705,19.241,18.786,19.326,19.643,19.58,18.528,16.933
13.084,14.391,15.445,15.399,14.983,14.254,13.814,13.244,11.57,10.908,10.408,9.9952,9.8964,9.2667,8.5418,9.0523,9.5501,9.7248,9.5501,9.7248,9.768,9.9952,10.286,10.515,9.6669,8.7688,9.4318,7.4353,6.4009,4.797,11.845,13.286,14.264,14.214,13.506,13.905,13.814,13.485,13.244,13.116,13.244,13.865,13.286,13.485,12.23,12.9,12.592,12.802,13.286,12.103,11.411,10.921,11.137,11.726,10.661,11.618,11.952,12.367,11.436,9.768,11.023,14.546,16.558,17.609,16.55,17.157,17.19,15.58,15.652,14.757,15.17,16.25,15.901,16.448,15.058,17.026,16.55,17.554,18.358,17.49,18.358,18.042,18.358,19.188,19.399,19.6,20.775,18.864,18.908,16.894
12.592,14.729,15.59,15.17,14.264,14.547,13.671,12.889,11.667,11.238,9.5503,9.3873,9.9532,9.4765,9.6671,8.3762,8.8803,9.0058,9.5503,9.5503,9.9532,9.5503,9.9532,10.231,9.3873,9.0214,9.0214,7.3596,6.178,4.271,11.727,13.568,14.46,14.927,13.986,13.905,13.506,13.579,13.286,13.743,12.736,13.537,14.136,12.933,13.105,12.103,12.802,12.23,12.559,12.469,12.503,11.703,11.238,11.137,11.263,11.175,11.987,11.762,10.921,9.5503,10.714,13.402,15.399,16.752,17.474,17.377,17.514,15.733,15.901,15.472,14.391,14.411,16.431,15.445,15.363,16.985,16.499,17.026,18.864,18.812,19.262,19.02,19.913,19.283,19.262,19.857,20.283,19.715,18.481,16.559
13.029,14.919,14.631,15.578,13.888,13.607,12.955,12.611,11.973,10.813,10.345,10.185,9.1605,8.6825,7.3621,9.6718,8.9324,8.9324,8.9324,9.339,9.4996,9.2799,9.9798,9.7568,9.2947,8.7927,8.6029,7.5101,6.4881,4.9761,11.504,13.486,14.123,14.114,14.201,13.537,13.888,13.678,13.618,13.678,13.113,13.145,13.486,12.512,12.346,12.805,12.346,12.512,12.346,12.234,12.468,11.787,11.611,11.262,11.115,11.262,11.646,11.504,10.621,9.2799,10.621,12.987,15.247,16.818,17.632,17.632,16.159,16.294,14.919,15.029,14.508,15.293,16.429,15.953,16.387,17.381,17.206,17.436,18.359,19.064,18.781,18.208,18.478,19.244,19.258,19.014,19.344,19.287,18.589,16.336
12.805,14.553,14.961,14.592,14.37,13.975,13.884,13.01,12.717,11.613,10.27,9.7534,10.064,9.7246,9.7102,8.0045,9.4177,9.5358,9.3581,9.0077,9.4177,9.5797,9.9802,10.175,10.106,9.5797,8.2794,8.0741,5.8185,5.2895,11.745,13.266,13.486,14.592,14.321,13.884,13.844,13.486,13.763,13.884,13.319,13.224,14.005,13.255,13.139,12.695,12.739,12.269,12.617,12.573,13.01,11.208,11.709,11.158,11.308,11.745,12.062,11.601,11.007,8.9922,10.175,13.224,15.421,16.935,17.773,17.734,17.294,16.601,15.147,16.423,14.97,14.37,15.709,16.406,15.421,17.984,18.239,17.899,17.742,19.678,19.159,18.761,19.578,18.331,19.6,19.911,20.784,20.107,19.072,16.802
12.45,14.754,14.291,14.389,14.895,13.65,12.87,12.739,12.706,12.348,11.108,10.105,9.0076,9.5357,10.174,8.6106,9.8389,9.131,9.8389,9.6523,9.4176,10.105,9.5357,9.2376,9.7245,9.0076,8.4796,7.3483,6.3693,5.018,10.539,12.573,13.548,13.732,14.553,13.975,13.224,13.722,14.242,14.697,13.732,13.722,13.381,13.01,13.884,13.234,13.485,12.695,11.969,12.695,11.992,11.744,11.649,10.697,11.32,11.744,11.601,11.934,10.539,9.7533,10.473,13.884,15.349,16.148,17.519,17.487,16.457,16.959,16.934,16.533,15.339,14.291,16.087,15.904,17.583,18.239,18.27,17.511,18.573,19.449,19.749,18.961,18.694,18.077,19.42,20.349,19.827,19.305,18.573,17.221
12.349,14.554,15.148,14.981,13.845,14.39,13.393,12.484,12.349,11.65,10.593,9.7539,9.653,9.7108,7.8639,10.065,8.9771,9.1316,9.8396,9.3736,9.7252,10.037,10.175,10.393,9.9808,9.5803,8.6759,6.8768,6.0313,5.0184,11.321,12.882,13.6,13.885,14.283,13.486,13.225,13.486,13.794,13.966,13.6,13.011,13.559,13.885,13.14,13.267,12.914,12.212,12.783,12.783,12.212,11.444,11.221,10.854,11.638,11.601,12.178,11.745,10.711,9.7539,10.271,14.631,15.377,17.002,18.202,17.962,16.339,16.227,16.149,16.424,15.129,14.821,16.869,16.296,16.811,17.035,18.055,18.363,19.043,19.828,18.545,18.837,19.828,19.073,19.161,19.913,19.579,19.679,17.584,16.526
12.871,14.581,14.378,14.743,15.024,14.837,13.476,12.784,12.608,11.819,10.263,10.098,9.3511,9.514,8.8602,10.411,8.8602,9.246,9.366,9.9728,9.6453,9.703,9.8743,9.9307,9.4551,9.5726,8.669,7.8576,6.3647,4.9864,11.037,13.455,13.722,13.548,13.954,13.783,12.795,13.783,13.129,13.834,13.954,13.309,13.214,13.476,13.476,13.64,13.309,13.129,12.729,12.795,12.203,11.212,11.64,10.896,11.112,11.592,11.676,11.604,10.884,9.8317,10.78,14.104,15.246,17.498,16.988,18.409,17.641,16.419,16.922,16.075,15.136,15.246,15.554,17.602,18.226,18.462,18.386,18.439,19.557,19.152,18.732,18.91,18.732,18.687,19.291,18.821,19.557,19.057,17.971,16.864
13.028,14.841,15.168,14.074,14.727,14.311,14.104,12.734,12.59,11.617,10.434,9.0046,9.549,8.7678,8.2739,9.0667,8.6226,9.0202,9.0202,9.593,9.8527,9.7669,10.189,9.9518,9.7669,9.3711,8.8791,7.4909,6.0393,4.7965,10.92,13.567,14.024,14.074,13.812,13.782,13.484,13.812,13.904,13.284,13.242,12.985,12.931,13.618,12.501,13.411,13.157,12.811,12.756,11.761,11.665,11.136,11.236,11.136,10.487,11.174,11.629,12.09,10.607,9.994,10.607,13.577,16.144,17.082,17.082,17.057,16.958,16.624,15.873,15.749,15.177,16.446,16.136,16.59,15.97,17.798,18.118,18.988,19.098,18.727,19.281,19.098,19.201,18.501,18.226,19.098,19.397,19.476,18.009,15.899
12.503,14.46,15.077,15.152,14.843,14.411,13.506,12.637,12.736,11.631,10.408,9.9956,9.0681,8.624,7.8755,9.5505,9.252,8.8805,9.7252,9.3875,9.5505,9.7684,10.661,10.231,9.7684,9.3725,9.0681,8.0692,6.4666,5.2176,11.263,12.89,13.579,13.815,14.313,13.865,13.244,13.506,13.255,13.486,13.255,13.506,13.936,13.244,12.356,13.106,12.813,12.368,11.763,12.813,12.758,11.667,10.87,10.595,11.337,11.667,12.011,11.436,10.727,9.252,10.435,13.116,15.751,16.32,17.248,17.871,16.828,15.751,15.653,15.937,14.691,15.29,16.753,16.499,17.546,16.836,17.634,17.989,18.267,18.504,19.196,18.267,19.196,18.632,19.716,19.78,20.242,19.255,18.428,15.689
12.886,14.465,15.147,14.838,14.725,14.132,13.565,12.983,12.192,11.235,10.118,10.063,9.5476,9.5476,10.076,8.2387,8.6214,9.0033,9.0499,9.7367,9.9926,9.7655,9.9926,10.049,10.432,9.2643,9.1424,6.7823,6.1989,4.8827,11.322,13.282,13.668,13.78,14.25,13.861,13.112,13.81,13.155,14.132,13.08,13.24,13.575,13.027,13.335,12.633,12.897,13.08,13.027,11.948,11.663,11.134,11.334,10.802,11.627,10.918,11.457,11.235,10.918,9.1424,11.02,14.455,15.285,15.729,17.764,17.803,16.956,16.579,15.932,15.468,14.914,15.359,16.029,16.452,16.63,17.509,18.354,18.038,18.384,18.807,19.256,18.115,19.423,19.278,18.985,19.595,20.167,18.724,18.859,16.203
12.579,14.24,14.903,14.903,14.714,14.289,13.472,12.745,12.068,11.691,10.166,9.5407,9.4225,9.1358,9.0123,9.8441,8.5335,8.9812,9.5407,9.3629,10.069,9.7296,9.5407,10.166,10.276,9.2425,9.1051,6.8799,6.3946,5.2922,10.91,13.103,13.891,14.062,13.658,13.325,13.555,13.399,13.658,13.493,13.524,13.739,13.982,13.071,13.77,13.103,13.241,13.146,12.8,12.49,12.355,11.164,11.715,10.91,10.716,11.607,12.068,11.655,10.703,9.8441,10.91,14.532,15.565,17.042,16.483,17.23,17.009,16.736,16.191,16,15.429,15.788,15.912,17.624,17.042,16.736,18.711,18.102,19.695,18.756,18.515,18.485,18.971,18.89,18.711,19.081,20.428,18.845,18.118,16.618
12.941,14.681,14.302,14.596,14.615,14.109,13.603,12.673,11.949,11.016,10.321,10.295,9.1659,8.4489,9.3733,8.5939,8.9691,9.6617,9.4462,9.4462,9.6617,9.619,9.9418,10.079,10.174,9.6333,8.9691,7.7365,6.8319,5.6677,10.903,12.586,13.39,14.109,13.256,13.833,13.141,13.256,13.225,13.359,13.359,13.624,13.359,12.963,12.333,12.973,12.576,12.684,12.846,12.941,11.972,11.103,11.335,11.053,10.751,12.052,11.879,11.634,11.25,9.4317,10.789,14.388,16.453,17.347,17.164,17.418,16.57,15.859,16.142,15.005,15.482,15.553,15.936,17.108,15.579,17.908,17.815,17.676,18.892,18.007,18.189,18.347,18.929,19.044,18.658,19.5,19.281,18.929,18.068,15.728
12.87,13.965,15.377,14.849,14.697,14.055,13.753,13.011,12.062,11.121,10.42,10.037,9.2532,9.1315,10.175,9.3734,9.0391,8.9925,9.3734,9.4625,9.882,9.9806,9.882,10.905,9.4625,9.1315,9.725,7.3677,6.691,5.3945,11.308,13.382,13.885,13.845,14.085,13.733,13.351,13.393,12.914,13.319,13.965,13.794,13.465,13.753,13.382,12.54,13.224,12.618,12.349,12.394,12.706,11.601,11.649,10.905,10.789,11.649,12.166,11.745,11.394,9.7538,11.321,12.717,15.665,16.61,17.448,16.728,17.327,17.075,16.149,15.558,14.194,15.422,15.404,16.803,16.088,17.165,17.844,17.899,19.629,18.702,19.255,19.167,20.073,20.35,19.407,19.515,19.686,19.856,18.574,15.727
12.758,13.932,14.849,14.765,15.421,14.263,13.202,12.628,12.595,11.887,10.539,9.6682,9.4526,9.2764,7.9864,9.7954,9.1571,8.7894,9.3796,8.9598,9.6255,9.6398,9.6398,10.181,9.9623,9.7532,8.2071,7.3594,6.1147,4.719,11.209,12.606,13.347,13.481,13.932,13.602,13.108,13.399,13.481,14.118,13.481,13.234,13.481,13.234,12.801,13.368,12.95,12.854,12.071,12.854,12.801,11.209,10.911,10.086,10.911,11.452,11.98,11.511,10.539,9.4526,10.487,13.763,15.242,16.729,17.827,16.33,16.688,15.35,15.73,15.869,14.263,14.83,15.642,16.263,17.119,16.926,17.626,17.688,18.179,18.201,18.905,18.103,18.262,18.992,19.28,20.035,19.932,19.23,18.359,15.852
12.673,14.693,15.432,15.486,15.244,13.885,13.675,12.343,11.958,11.32,10.343,9.7968,9.6412,8.6806,8.9304,8.4559,8.6488,8.6806,9.1585,9.454,9.6269,9.454,10.087,10.128,9.95,9.3369,8.9765,7.7428,6.1156,5.3991,11.296,13.026,13.795,14.071,13.635,13.934,13.152,12.899,12.952,13.142,13.483,13.675,13.885,13.37,12.608,12.673,12.198,12.77,12.684,11.453,12.073,11.124,11.149,11.062,11.149,11.585,12.243,11.124,10.811,9.4975,10.541,13.442,16.691,16.928,16.425,17.527,17.503,15.208,15.244,15.316,14.916,15.486,14.428,15.975,15.574,16.291,17.464,17.899,17.527,18.022,18.908,18.585,19.516,19.594,18.181,19.06,20.819,18.944,18.762,16.291
12.912,14.595,14.519,14.623,14.595,14.183,13.383,12.176,11.356,11.222,10.354,10.193,9.3464,9.9877,9.651,9.1677,8.9702,9.651,9.3905,9.651,9.651,9.4636,10.354,10.097,9.2872,9.0619,9.1677,7.4609,6.3862,5.5802,11.308,13.445,14.007,13.948,13.249,13.218,13.445,13.739,13.383,13.166,12.642,13.689,13.039,13.134,12.783,12.912,13.124,12.445,12.783,12.244,11.843,11.525,10.707,10.923,10.616,10.809,11.308,11.843,11.16,9.6795,10.551,13.124,16.171,16.433,17.395,17.544,17.091,15.501,15.608,14.586,15.287,14.135,15.546,15.87,15.546,17.474,17.002,16.904,18.493,18.063,18.641,18.283,19.079,18.934,18.905,18.063,19.614,19.108,18.192,16.171
12.529,14.268,14.948,14.856,14.791,13.956,13.626,12.183,11.885,11.042,10.089,10.035,9.6848,8.9444,8.3046,9.8121,9.1878,9.3071,9.4687,9.5846,9.6848,9.9932,10.089,10.319,10.465,8.9444,9.0669,7.6475,6.3246,5.2785,10.929,13.298,13.504,13.747,13.906,13.391,13.463,12.79,13.876,13.504,12.972,13.225,13.452,13.225,13.287,13.173,12.693,12.79,12.451,12.485,11.803,11.228,10.198,10.103,10.828,11.03,11.662,11.314,10.557,9.8682,11.042,13.747,15.313,16.84,17.656,16.938,16.417,15.974,15.268,15.447,14.939,14.716,14.939,16.914,16.069,16.914,16.881,17.1,18.45,18.293,18.747,17.927,17.966,18.323,18.323,19.61,18.629,19.27,17.53,15.739
12.097,14.274,14.834,14.609,14.722,14.294,13.509,12.457,12.49,11.047,9.4727,9.3996,8.8082,9.1916,9.4727,8.2246,9.8162,8.9327,8.8082,9.3996,9.4727,9.646,9.8162,10.094,9.4727,9.1916,8.6978,7.8993,6.1278,4.7291,10.832,13.303,13.962,13.56,13.672,13.396,13.147,13.396,13.178,13.396,13.672,13.792,12.655,13.01,12.3,12.978,12.698,12.978,12.457,12.3,12.005,10.972,11.084,11.233,10.934,10.832,11.808,11.667,10.522,9.4727,11.047,14.119,15.454,16.424,16.757,16.314,16.449,16.007,15.623,15.274,15.129,15.319,14.806,16.119,15.346,17.411,17.561,17.372,18.982,17.411,17.85,17.411,17.85,19.449,18.592,19.177,19.505,19.105,18.391,16.323
12.449,14.188,14.448,14.926,14.333,14.09,13.17,12.123,11.974,11.6,9.6541,9.4666,8.9423,8.9885,9.0648,8.4834,8.8025,8.6921,8.9731,9.305,9.3935,9.8099,9.6826,10.502,9.7676,8.9269,8.9423,7.5733,5.68,4.6967,11.077,13.17,13.46,14.188,13.138,13.253,13.501,13.419,13.46,13.388,13.17,13.284,13.17,12.625,13.222,12.393,12.991,12.526,12.482,12.248,11.974,11.275,10.633,10.825,10.825,11.469,11.564,11.077,11.127,9.0648,10.357,13.253,16.287,16.355,17.644,17.169,16.447,15.753,15.762,14.524,15.753,14.871,14.713,16.355,15.613,16.688,17.714,17.337,17.977,19.028,19.085,18.228,18.933,18.802,18.977,19.308,20.392,18.911,18.341,16.581
12.456,14.11,14.494,14.914,14.255,14.255,13.715,13.017,11.529,11.116,9.9704,10.012,9.5627,9.0158,7.7903,8.97,8.924,8.924,9.2711,9.4471,10.012,9.4471,10.012,10.175,9.62,8.9086,8.97,6.8326,6.3319,5.2403,11.6,12.964,13.755,14.11,14.11,12.675,13.605,13.845,13.101,13.835,13.432,13.595,14.11,12.943,12.599,13.111,12.62,12.62,12.685,12.675,12.685,10.688,11.505,10.441,11.251,11.312,11.95,11.541,10.79,9.4326,10.375,12.943,15.721,16.9,17.301,16.843,16.679,15.206,15.633,16.279,15.197,15.197,16.321,16.973,16.916,17.109,16.777,18.07,17.925,18.527,19.579,18.07,18.938,19.24,19.565,19.389,20.35,18.865,18.07,16.245
13.274,14.533,15.566,15.43,15.165,14.201,14.25,13.493,12.173,11.607,10.111,9.423,9.5265,9.0128,8.6156,7.706,9.7301,8.7606,9.5412,9.7157,9.8872,9.8446,10.111,10.479,9.7589,9.8872,8.9817,7.706,5.8458,5.2125,11.656,13.263,14.397,14.3,13.801,13.071,13.76,13.263,13.892,13.263,13.231,13.658,12.877,13.231,11.893,12.975,12.801,13.389,13.018,11.893,11.607,10.911,10.651,11.215,10.716,11.165,11.751,12.069,10.911,9.8446,10.425,13.852,16.736,17.593,17.239,16.82,17.043,15.886,16.131,14.904,16.201,16.018,15.385,15.385,16.347,17.231,17.043,18.712,19.119,18.026,19.09,19.082,18.772,19.316,18.712,19.887,20.45,19.589,19.265,16.619
12.213,14.631,14.708,14.555,14.897,13.652,13.845,12.718,12.167,11.222,10.593,9.7542,9.1319,7.6293,8.8042,9.0085,9.7542,9.5366,9.7255,9.0085,9.7542,9.5366,9.7255,10.106,10.271,8.7564,8.5298,7.1951,6.1917,5.29,11.121,12.968,13.549,13.886,14.555,13.257,13.225,13.723,13.734,13.966,13.383,13.267,13.754,13.065,13.14,12.74,12.74,12.27,12.485,12.871,12.619,10.906,11.358,10.711,11.121,11.209,11.888,11.638,11.444,9.5805,10.906,13.754,15.879,17.06,18.056,17.529,17.223,17.489,16.526,16.475,14.981,15.377,16.193,17.002,17.449,17.166,18.992,17.9,18.264,19.234,18.992,18.241,19.508,19.073,19.408,20.358,20.144,19.637,18.202,16.433
10.948,12.447,13.353,13.088,12.54,12.817,12.15,11.289,10.948,9.3332,9.3019,8.2705,7.9827,8.3933,7.5885,8.4454,7.6461,7.6842,8.1817,7.7975,8.2705,8.7179,9.0631,9.0631,8.8675,8.1279,7.5305,7.6842,5.5137,4.5876,9.7469,11.469,12.15,12.76,12.447,12.005,11.558,12.15,11.808,11.608,11.289,11.608,11.456,12.353,11.367,11.858,11.367,11.093,11.907,11.093,10.329,9.9693,9.7469,9.5652,9.7469,10.057,10.773,10.1,9.9399,8.9168,9.9252,11.907,14.192,15.292,15.463,15.387,14.875,14.396,14.315,14.192,13.077,13.848,13.021,14.708,14.507,14.708,15.482,15.482,16.265,16.444,16.787,16.229,16.541,16.977,17.335,16.839,18.126,17.097,16.444,14.427
11.147,12.541,12.761,12.852,13.517,12.448,12.005,11.47,10.273,9.9405,8.7184,8.868,7.7415,7.9832,7.3542,7.589,8.038,8.1284,8.4459,8.271,9.3024,8.7184,9.3024,9.1918,8.8018,7.8726,8.038,6.5108,5.514,4.9849,9.6722,11.406,12.33,12.151,12.151,12.342,11.809,11.609,11.809,11.858,12.151,12.353,11.367,11.969,11.147,11.559,11.697,11.672,11.406,10.773,10.65,10.159,9.7475,10.4,9.5811,10.202,10.65,9.9699,9.9405,8.5491,9.6268,11.871,14.1,14.758,15.303,15.689,14.549,14.068,14.549,13.528,13.764,13.561,14.397,13.901,13.689,15.902,15.379,16.221,16.302,16.13,16.761,16.48,16.796,17.653,16.445,16.969,17.098,16.788,16.445,14.193
13.092,14.121,15.043,15.062,14.761,13.972,14.299,12.49,11.94,11.449,9.7583,9.7152,9.2424,9.5406,9.8866,8.0782,8.5498,8.9967,9.5406,8.9967,9.7583,9.4225,10.069,10.111,9.6573,9.0433,8.6798,7.4843,6.1943,5.6999,11.214,12.974,14.24,14.396,14.561,14.25,13.922,13.555,13.325,13.555,13.273,13.146,14.328,13.103,13.273,12.389,12.789,12.579,12.309,12.723,12.579,11.126,11.607,10.91,11.126,11.4,12.355,11.607,11.214,9.0123,10.478,13.76,16.414,16.337,18.515,16.935,16.533,16.943,16.096,15.788,15.164,15.921,16.156,16.576,16.2,17.14,17.279,17.496,18.34,19.581,20.263,18.711,19.921,19.409,18.793,19.949,20.034,19.089,17.743,16.096
12.802,14.716,14.943,14.971,14.223,14.448,14.301,12.879,11.895,11.315,10.586,10.071,9.0139,9.2441,7.9574,9.5424,8.535,8.6814,9.5424,10.113,10.071,9.7601,10.057,10.113,10.277,9.9449,8.535,7.4293,6.1728,5.3196,11.128,13.233,14.203,14.124,13.894,13.233,13.148,13.275,13.148,13.401,13.233,14.014,13.803,13.567,13.772,12.357,13.243,13.148,12.802,12.813,11.942,10.899,10.912,11.216,10.912,11.402,12.391,11.753,10.586,9.2592,10.912,13.275,15.387,17.475,16.971,17.176,17.144,16.612,16.072,15.432,15.055,15.459,14.906,16.847,16.417,16.612,17.754,19.585,18.518,18.105,19.085,18.374,20.121,19.318,19.699,18.915,20.758,19.246,18.556,16.443
13.124,14.801,15.611,16.753,15.094,15.256,13.575,13.453,11.039,11.933,10.307,11.088,8.9418,7.4003,8.1739,9.9423,11.199,8.6618,7.0205,8.2738,8.2738,10.479,9.2578,9.5489,8.9111,10.596,9.1387,7.7791,7.0205,5.3875,11.583,13.341,13.341,13.605,13.815,13.124,12.602,12.57,13.321,13.082,12.216,13.645,15.175,13.124,13.113,12.171,13.341,11.956,12.743,13.605,13.124,10.307,11.583,11.235,11.476,10.426,11.524,11.56,10.531,9.4335,10.16,13.453,16.018,18.021,17.3,18.315,15.103,16.851,16.548,16.162,14.09,15.256,17.26,17.59,16.431,15.558,17.861,18.134,17.861,19.255,17.791,16.548,17.465,18.006,18.677,20.522,21.301,20.575,18.501,16.778
13.108,14.566,15.435,15.571,14.566,14.908,13.805,12.979,12.073,11.695,9.7619,9.5881,10.17,9.3812,10.114,8.8112,7.9588,9.3663,10.114,9.3663,10.114,10.279,10.279,10.901,9.9468,9.0621,9.426,7.5801,6.9634,5.4507,11.33,13.278,14.333,13.977,14.255,13.765,13.278,13.278,12.794,13.278,12.794,13.57,14.067,13.076,12.188,12.359,12.717,12.359,12.717,12.405,12.28,11.256,11.318,11.33,11.231,11.659,12.222,11.897,11.367,9.7188,10.798,13.076,15.882,16.548,17.527,17.342,17.599,15.741,15.362,15.389,14.304,14.605,16.624,15.741,14.918,16.95,17.31,16.42,18.232,19.088,19.191,18.59,19.191,20.374,19.423,19.387,20.654,20.264,19.416,15.891
13.266,14.536,15.434,15.632,14.917,14.536,13.559,13.245,12.358,11.658,10.481,10.114,9.7612,9.2451,8.8739,7.8697,9.5287,9.0149,9.5434,9.7324,10.058,9.7612,10.072,10.587,10.044,9.5434,9.0149,7.4865,6.6961,5.3986,11.61,12.924,13.804,14.709,13.976,13.743,13.266,12.583,12.804,12.891,13.021,14.066,13.733,13.277,12.176,13.149,12.222,12.815,12.88,11.754,12.279,11.452,10.913,11.366,10.913,11.452,12.804,11.658,11.054,10.114,10.587,13.764,16.135,17.597,17.748,17.692,16.94,16.135,15.916,15.352,15.352,14.992,15.916,16.204,16.1,17.243,17.072,18.107,18.976,17.975,17.999,17.748,19.436,19.779,19.414,19.189,19.934,19.479,18.49,17.219
12.954,14.507,15.435,15.019,14.779,13.995,13.536,13.207,11.225,11.322,10.089,9.6429,9.4556,9.4556,8.4736,9.6286,9.16,9.2942,9.6286,9.16,10.345,9.6713,10.184,10.184,10.331,9.8545,8.978,7.8675,7.134,5.1923,10.952,12.986,13.279,14.074,13.847,13.269,13.372,12.772,12.772,12.686,12.975,13.536,13.207,13.768,13.444,12.954,12.686,12.245,13.113,12.109,11.503,11.027,10.813,11.322,10.8,11.455,12.379,11.539,10.914,9.4991,10.698,13.485,16.336,17.253,16.428,17.205,17.435,16.727,15.744,15.001,14.507,14.844,14.611,16.759,15.952,16.394,17.02,17.694,18.625,18.086,18.298,17.925,18.417,18.537,19.092,18.603,20.075,18.911,19.092,15.874
12.791,14.185,15.231,15.004,15.004,14.253,13.358,13.099,12.232,10.789,9.9413,9.4457,9.0144,8.3996,8.4485,9.4457,9.6612,8.9226,9.4892,9.2697,10.078,10.173,9.5612,10.173,10.078,9.2697,9.0448,8.2012,6.8315,5.858,11.139,13.193,14.301,13.833,13.753,13.843,13.255,12.941,12.888,12.845,12.791,12.673,13.358,12.673,11.821,13.833,12.618,12.597,12.618,12.498,12.265,11.491,10.789,11.201,11.491,11.575,12.366,11.443,11.102,9.5612,9.8442,13.833,15.935,16.742,17.884,17.884,17.059,16.318,16.369,15.516,15.013,15.276,16.268,16.276,16.073,16.873,17.131,17.729,19.051,18.006,18.986,18.368,18.899,18.87,18.584,18.891,20.02,18.702,18.301,16.377
12.592,14.78,14.705,12.152,14.79,15.417,11.135,12.767,12.691,11.577,10.371,10.249,9.6327,10.478,10.689,12.278,7.9881,9.9178,8.3463,10.016,10.623,7.5579,9.5163,10.14,10.61,9.7048,8.528,8.0748,6.3564,5.9018,10.984,12.844,13.725,14.495,13.291,13.112,14.262,13.458,13.765,13.458,12.187,13.069,13.239,13.069,12.984,12.854,12.278,12.691,12.592,12.037,12.049,12.941,11.297,11.098,10.882,11.804,12.049,11.334,11.135,10.398,10.154,13.52,16.533,16.15,17.17,17.291,16.768,15.695,15.88,14.874,13.197,12.984,14.213,15.525,16.491,16.925,16.999,17.492,17.737,18.017,18.9,19.215,17.642,18.017,19.04,18.483,18.301,18.04,18.071,16.776
12.893,14.72,14.538,15.436,14.918,14.018,13.806,12.461,11.755,11.429,10.184,10.225,9.3817,9.1088,9.5446,8.7638,9.2462,9.8907,9.5446,9.6613,9.7623,9.016,10.17,10.184,9.9894,9.3817,9.3817,7.9416,6.4409,5.7267,11.563,13.151,13.498,13.978,14.461,14.402,13.765,13.278,13.076,13.806,12.461,13.236,14.334,12.729,13.278,12.585,13.076,12.28,12.816,12.707,12.405,11.318,11.169,10.72,11.611,11.898,12.551,11.318,11.231,9.3817,10.28,14.068,15.049,17.415,17.86,17.286,16.489,17.237,15.918,16.31,15.28,14.451,15.643,15.927,16.206,16.31,17.797,17.915,17.623,18.287,19.767,18.47,20.042,18.979,19.93,19.417,20.16,19.424,18.348,15.571
11.182,11.786,13.075,13.009,14.519,11.786,12.773,10.434,9.6878,10.667,8.6651,8.2028,8.1852,7.7503,6.4932,8.4968,9.8797,9.8797,9.6878,8.3942,10.196,9.5073,9.1355,9.8797,8.748,7.7503,8.2028,8.0608,5.3738,4.8662,9.6878,11.576,12.124,11.786,11.822,12.545,11.298,11.835,11.488,11.336,12.076,12.278,12.016,12.773,11.625,10.881,11.576,11.538,10.707,11.026,9.6729,10.267,9.2767,10.139,9.8797,10.585,10.881,9.8651,9.6878,8.4114,9.7324,11.625,13.563,14.599,16.719,14.668,14.668,14.47,14.187,13.701,14.519,13.982,14.618,14.47,15.056,15.584,16.668,15.978,15.667,16.166,16.166,17.171,16.823,17.347,16.13,15.914,17.677,18.056,15.621,13.701
12.514,14.727,14.549,14.577,14.32,14.097,13.651,12.248,12.112,10.816,9.9818,9.2817,8.5404,8.4595,7.4564,9.458,8.9033,8.9342,9.2817,9.6738,9.8988,9.5737,9.458,9.9818,9.2817,10.023,9.3849,7.1358,6.3824,5.9817,10.917,13.126,13.851,13.861,14.406,13.851,13.731,13.116,12.862,13.406,13.116,12.904,13.64,12.776,12.7,13.21,12.808,11.836,12.514,12.613,12.904,11.79,11.613,10.803,11.325,11.518,12.281,11.963,10.765,9.458,10.558,13.116,14.774,16.59,17.471,18.429,16.796,16.051,14.699,15.956,14.175,15.214,15.991,16.398,16.162,17.463,17.305,17.752,18.63,17.868,18.549,18.272,18.429,19.348,18.952,18.682,19.602,19.097,18.212,16.093
11.149,12.671,13.563,13.158,12.26,12.485,12.092,11.369,10.625,9.7491,8.8033,9.0004,7.8739,7.9846,8.4473,6.5789,8.4126,7.5903,8.4473,8.7199,8.4473,8.8033,8.7199,8.237,8.3952,8.4126,8.3952,6.3297,5.7486,4.9858,9.9716,11.91,12.355,12.625,12.625,12.543,12.007,11.149,11.611,11.674,11.408,11.811,12.344,10.775,11.096,11.472,10.734,10.87,11.497,10.87,10.707,9.7341,9.9716,9.794,10.332,10.275,10.816,10.652,9.794,8.237,9.0652,11.946,14.029,14.711,15.381,15.72,14.996,14.04,14.399,14.318,12.9,13.378,14.711,14.04,13.904,15.305,15.229,15.495,16.269,16.694,17.28,16.269,16.972,16.659,16.659,16.773,18.835,16.474,16.367,14.06
12.677,14.258,15.236,14.824,14.843,13.787,13.956,12.336,11.963,11.314,10.177,9.5643,9.7492,8.9254,9.8473,7.5589,9.0477,9.3317,9.0477,9.6643,9.972,9.2726,10.013,10.177,9.7913,9.6358,8.5962,7.4121,6.3329,5.7891,11.006,13.103,13.837,14.392,14.083,13.667,13.362,13.113,12.977,13.145,12.688,13.27,13.103,12.849,13.362,12.28,12.622,12.977,13.113,12.236,12.1,11.637,11.314,11.253,11.602,11.507,12.336,12.236,10.69,9.3317,10.548,14.161,15.706,16.878,17.943,17.618,16.416,15.486,15.767,15.236,15.008,15.415,15.802,15.566,15.415,17.579,17.912,18.103,18.103,18.59,18.751,18.231,18.53,19.583,18.788,18.999,19.078,19.729,18.095,15.975
12.807,14.921,14.864,14.996,14.646,14.712,13.5,12.35,12.362,10.916,9.5459,9.7637,8.7329,8.5545,7.8718,8.8762,9.9908,9.0017,10.047,9.2627,10.281,9.368,9.5459,10.511,9.5899,9.2627,8.2882,8.1,6.7396,5.703,11.132,13.27,13.808,13.859,13.859,13.899,13.777,13.11,13.28,13.078,13.396,13.5,12.807,12.981,12.086,13.078,12.894,12.807,12.981,12.73,12.19,11.757,10.55,11.132,10.903,11.22,12.098,11.84,10.8,10.047,10.603,13.99,15.885,16.977,17.918,17.918,18.003,16.745,15.894,15.501,15.052,15.921,15.894,16.585,15.894,17.602,17.546,18.533,18.495,18.944,19.419,19.092,18.981,19.011,19.092,18.623,19.656,20.163,17.863,16.243
12.567,14.206,14.236,14.547,14.813,14.285,13.837,12.689,11.595,10.574,10.101,9.0499,9.5313,8.7196,8.4758,8.9724,9.5752,9.0962,9.6479,9.0962,10.266,10.266,10.266,10.156,9.5167,9.4133,9.0345,8.0876,6.7707,4.8744,11.302,13.479,13.726,14.236,14.236,13.908,13.644,12.864,13.51,13.375,13.004,13.26,13.058,12.534,12.206,12.478,12.961,12.612,12.875,12.297,11.703,11.389,10.887,11.302,10.705,11.413,11.822,12.534,11.153,10.211,12.056,14.518,17.026,17.503,17.733,18.322,17.984,15.861,16.526,15.773,15.342,16.115,15.478,17.765,16.719,18.169,18.084,18.1,19.902,19.063,18.322,17.984,19.07,20.098,19.099,19.216,20.68,20.346,18.625,16.08
11.287,12.255,13.35,12.619,12.619,12.619,12.147,10.77,11.364,9.9376,8.7326,8.7326,8.7159,7.7393,8.2509,8.1798,7.7957,8.3914,8.5466,8.2686,8.5466,8.7159,8.7993,9.1891,8.5466,8.4607,8.1798,6.9222,5.8217,5.0994,9.967,11.492,12.147,12.195,12.255,11.904,12.255,11.403,11.568,11.364,11.568,11.403,11.855,11.403,11.606,11.287,11.364,11.454,11.606,11.143,10.647,10.439,9.44,10.156,9.7446,9.7446,10.495,10.27,9.4555,8.6486,9.061,12.479,13.546,15.145,15.685,15.019,15.384,14.362,14.023,14.362,13.295,13.35,13.675,14.872,14.054,14.911,16.225,16.126,16.791,16.44,16.791,16.546,16.36,17.993,16.261,17.178,17.993,17.306,16.225,14.064
12.58,15.349,14.562,15.566,14.397,14.3,13.893,13.232,12.724,11.127,10.585,9.0595,8.9975,8.7609,8.0092,9.5414,9.1365,9.716,9.3786,9.2432,9.9439,9.7304,9.7304,9.9439,10.398,9.3636,8.5341,7.8145,6.1722,5.2126,10.795,12.724,13.389,14.063,14.251,13.923,13.525,13.093,13.263,13.072,13.072,12.79,13.093,12.625,12.58,13.018,12.724,12.39,12.79,12.58,12.491,11.752,11.252,10.598,11.608,11.692,12.356,11.941,10.717,9.5854,10.545,13.607,16.441,16.82,18.188,17.964,17.466,16.484,16.484,16.467,14.829,15.789,16.82,16.347,16.845,18.026,17.232,17.474,18.727,18.645,19.69,19.236,19.69,18.794,19.083,19.697,19.461,19.316,17.594,16.097
12.727,14.254,15.677,14.992,15.057,14.254,13.497,13.235,12.347,10.914,9.9884,9.8897,8.9996,9.0461,9.0616,8.6826,9.5436,9.7614,10.183,9.8471,10.072,9.7326,10.072,9.7614,9.7614,9.2453,8.6826,7.4866,6.1963,5.3987,11.61,13.393,14.126,13.855,13.403,13.528,13.61,13.266,13.393,13.266,13.096,13.528,13.235,13.361,12.359,13.075,12.978,12.628,13.096,11.896,11.943,11.622,11.217,11.403,10.719,11.366,12.279,11.61,10.914,9.7326,11.054,13.976,15.864,17.47,17.621,17.526,17.462,16.741,15.498,15.141,14.973,15.89,15.793,17.072,16.539,18.123,17.478,18.193,19.386,18.277,19.087,18.377,18.799,19.779,18.709,18.491,18.799,19.871,18.918,16.135
11.992,14.754,15.055,15.129,14.811,14.292,13.844,13.139,12.269,11.601,10.05,9.3583,8.6109,8.2796,8.6757,9.1313,9.0079,9.1313,9.2531,9.536,9.9383,10.216,10.419,10.216,10.433,9.0544,9.0079,7.8636,7.0573,6.0311,11.221,12.968,14.055,14.389,13.794,13.844,13.266,13.139,13.392,13.064,13.733,13.011,13.064,13.382,12.394,13.6,12.794,12.881,12.783,11.828,12.062,11.159,11.221,11.601,10.579,11.246,12.212,11.887,10.905,9.8393,10.905,14.592,16.226,17.327,17.954,17.655,17.899,16.811,17.165,15.485,15.449,16.398,16.192,16.474,16.534,17.464,18.178,18.717,19.072,18.331,19.109,18.761,18.109,18.836,19.226,19.167,20.128,19.072,18.476,16.295
12.008,13.586,13.671,13.692,13.469,12.989,12.64,11.493,10.26,9.9024,9.6815,8.0555,8.215,8.6594,7.6326,8.0733,8.3542,9.1295,8.7422,9.1295,8.7422,9.6815,9.1137,9.7999,9.8586,8.6594,8.0733,7.002,6.729,5.2891,10.551,12.398,12.537,13.067,13.209,12.491,12.572,12.008,11.888,11.778,11.568,12.008,12.27,11.568,11.778,10.794,11.071,10.861,11.493,11.48,11.493,10.26,10.592,10.033,10.592,10.427,11.417,10.794,9.8732,8.6093,10.26,12.911,14.589,16.111,16.855,16.43,15.967,15.037,14.096,15.037,13.671,13.973,14.931,14.746,14.979,15.94,16.156,15.94,17.714,18.053,17.852,17.059,18.005,18.494,17.559,17.852,18.291,18.33,17.059,15.075
12.779,14.027,15.535,15.309,14.931,14.495,13.887,13.038,11.91,11.297,9.6332,9.3394,9.7339,9.6909,9.7052,9.5168,8.9897,9.6332,9.9603,10.016,9.9182,10.195,10.398,10.689,10.412,9.7339,9.3394,8.3467,7.1801,5.902,10.985,13.24,14.341,14.185,13.735,13.857,13.208,13.438,13.208,12.888,13.365,13.038,13.531,13.24,12.713,12.844,12.592,12.691,13.459,12.515,12.425,12.153,11.198,11.945,11.098,12.369,12.153,11.721,11.371,10.085,10.767,13.038,16.305,17.421,18.386,18.057,17.236,16.693,16.526,15.373,15.526,15.391,15.749,17.492,16.901,17.738,17.706,18.386,19.034,19.07,19.121,19.128,19.71,20.5,19.36,19.128,20.067,19.539,19.216,16.09
12.73,13.955,14.696,14.885,14.686,14.232,13.743,12.531,12.564,11.604,9.8745,10.412,9.4553,9.0322,9.5289,9.0477,8.7971,9.3663,9.7032,9.8745,10.167,9.3663,10.425,10.69,9.3513,9.6455,9.4553,7.9285,6.9522,5.6188,11.213,12.773,13.955,14.281,13.955,13.722,13.246,13.214,13.507,13.476,13.34,13.589,13.214,12.861,12.784,12.872,13.256,13.055,12.773,12.531,12.203,11.819,11.037,11.435,11.3,11.435,12.076,11.925,11.213,9.8745,10.703,13.995,16.283,17.209,18.462,18.386,17.314,16.597,16.597,16.171,15.98,14.379,16.102,17.721,16.914,16.856,18.507,17.57,19.036,18.703,19.058,19.065,19.036,19.065,18.568,20.093,20.058,19.102,19.065,16.283
13.089,14.381,15.557,15.331,14.429,13.967,13.55,13.056,12.296,11.88,10.704,9.4566,10.264,9.0951,9.2323,9.7046,9.0334,10.03,9.7046,9.8758,10.639,10.03,10.413,10.413,10.03,10.155,9.5741,8.052,6.4529,5.6936,11.642,13.056,14.429,14.583,13.906,13.785,13.997,13.216,12.862,13.216,13.258,13.478,13.227,13.457,12.775,13.374,13.056,12.96,13.216,12.341,12.476,11.678,11.962,12.17,10.847,11.63,12.797,11.702,11.038,9.7477,10.898,13.54,16.549,17.982,17.317,17.284,17.888,17.26,15.903,15.611,14.545,15.62,15.147,17.219,17.26,16.6,17.453,17.644,18.502,17.833,18.044,18.869,19.674,19.617,17.888,19.148,19.843,18.98,18.735,16.8
12.878,14.958,15.051,15.041,14.958,14.434,13.972,13.061,12.209,12.3,10.034,10.172,9.7224,9.7224,9.356,9.5775,9.356,10.048,9.356,10.048,9.356,9.5775,10.268,10.034,10.034,10.158,9.129,7.6999,7.1147,6.1898,11.416,13.136,14.051,14.627,14.229,13.76,13.647,13.483,13.347,12.867,13.347,13.596,13.061,13.221,12.91,12.791,12.481,12.867,13.545,12.266,11.646,11.156,11.317,11.682,11.317,11.646,12.481,11.884,11.218,9.7224,10.268,13.483,16.144,17.603,17.988,18.334,17.087,16.058,16.144,15.4,14.967,15.263,15.616,16.698,17.054,17.459,17.84,18.05,18.235,18.05,18.569,18.689,18.757,19.567,18.697,18.577,20.317,19.907,18.258,16.723
12.804,14.459,14.718,14.907,14.254,14.459,13.496,13.277,12.221,11.366,9.7324,9.7324,8.9993,9.1384,9.1077,8.8739,9.5434,9.2451,9.5434,10.183,10.401,9.9882,9.8895,10.653,10.183,10.183,8.269,8.0978,7.2002,5.5268,11.837,13.075,13.895,13.804,14.254,13.895,13.075,12.978,13.804,12.978,13.234,13.329,13.895,12.705,12.583,12.804,12.727,12.187,12.88,12.924,11.694,11.23,11.646,10.913,11.167,11.255,12.187,12.187,11.61,9.7611,9.8469,13.403,15.793,18.376,17.413,18.254,17.072,16.308,16.004,15.925,14.68,15.434,15.925,16.161,15.96,17.913,17.669,17.621,18.277,18.649,19.269,18.231,19.269,19.414,19.006,19.385,20.179,19.269,18.284,16.204
12.426,14.306,15.209,14.497,14.393,14.306,13.608,12.677,11.952,11.217,9.9726,8.8951,9.2879,8.4679,7.792,9.5648,9.1689,9.6364,9.4492,9.1689,9.5648,9.7497,10.014,10.806,10.082,9.6221,9.8479,7.9318,7.0517,5.4723,11.495,12.677,14.152,14.497,14.306,13.229,13.198,12.977,12.59,13.838,12.967,12.892,13.838,12.967,12.796,12.601,11.975,11.964,12.459,12.688,12.59,11.144,11.825,11.02,11.291,11.975,12.459,11.057,11.057,9.1539,9.9726,13.135,15.846,16.805,18.531,17.736,17.137,16.45,15.487,15.768,14.162,15.733,15.976,16.274,17.424,16.375,16.805,17.518,17.58,17.62,18.731,18.104,18.285,18.818,18.993,19.731,20.629,18.993,18.465,15.967
11.063,12.924,12.901,12.389,13.101,12.389,11.384,11.32,10.652,9.6593,9.4939,8.0673,7.7393,7.2989,6.4618,8.0494,7.5319,8.1912,7.6833,8.3995,8.8503,8.9312,8.3307,8.9312,8.7356,8.348,7.8134,7.2989,5.7044,5.0909,9.7925,11.409,11.879,12.389,12.354,11.915,11.915,11.384,11.609,11.371,11.522,11.371,11.371,11.282,10.853,11.609,11.063,11.522,10.692,11.371,11.063,10.182,9.6742,10.322,10.252,10.252,10.584,10.57,9.8949,8.4848,9.1699,12.447,13.254,14.178,15.792,15.599,15.178,14.598,14.208,14.439,12.89,12.901,14.578,13.544,14.598,15.263,15.348,15.645,16.356,15.571,16.696,16.108,16.321,16.644,16.713,16.644,17.281,17.147,16.418,14.086
11.129,13.194,13.15,12.847,12.755,11.89,12.229,11.401,10.944,9.9657,8.5455,8.7981,8.4423,8.6475,8.2321,8.5455,8.0346,7.9799,8.4596,8.2321,8.9463,8.7315,9.1879,9.3299,8.7981,8.2675,8.2321,6.9213,5.6426,4.9829,10.154,11.246,12.193,12.145,12.606,11.939,11.566,12,11.853,12,11.903,11.903,11.903,11.939,11.804,11.129,11.142,10.66,11.285,10.944,11.023,10.494,9.8626,10.053,9.8626,9.9216,11.142,11.023,9.9657,8.7981,9.7883,12.652,14.187,14.762,15.905,15.363,14.752,14.552,14.702,13.544,12.994,12.336,13.15,14.094,15.287,14.752,15.822,15.458,16.295,16.544,16.893,15.785,16.295,17.58,16.789,17.538,17.27,16.65,16.544,14.145
12.759,14.604,14.411,14.411,14.167,14.604,13.326,13.294,13.2,10.769,10.414,9.356,9.0223,8.9759,9.1145,8.7875,9.356,9.221,9.9201,9.707,9.6926,9.8637,9.6926,9.707,9.707,9.8212,9.5185,7.6148,6.6157,6.02,11.025,13.115,13.889,14.411,14.167,13.707,13.939,13.04,13.533,13.231,13.707,13.04,12.847,13.523,12.19,13.533,12.987,13.062,13.04,11.806,11.628,12.144,11.58,11.287,11.723,12.247,12.716,12.247,11.336,10.573,10.612,15.027,16.093,17.198,18.06,17.646,17.496,17.646,15.875,15.698,15.538,16.402,15.027,17.06,17.19,17.959,18.328,19.19,18.801,18.442,18.927,19.219,18.667,20.537,19.65,19.364,20.619,20.175,18.667,16.402
12.703,14.348,15.378,14.993,14.712,14.202,13.935,12.834,12.028,11.189,9.7259,10.077,9.9521,8.8419,8.505,8.9823,8.9823,9.3317,10.036,9.3317,9.5089,9.3317,10.077,10.976,10.39,9.7259,9.6972,8.3399,6.9377,6.014,11.288,13.925,13.805,14.589,14.202,13.684,13.52,13.229,13.229,13.448,13.52,13.714,13.027,12.974,12.703,12.703,12.703,12.359,13.281,12.449,11.712,11.288,11.276,11.58,11.276,11.616,12.659,12.143,11.794,9.8113,11.712,14.348,17.278,18.491,18.165,18.454,18.127,16.478,15.296,16.042,15.305,16.563,16.487,16.563,16.512,17.534,18.454,18.042,18.649,19.018,19.58,18.521,19.58,20.374,19.351,19.75,21.125,20.05,19.344,16.68
12.419,14.019,14.256,14.811,14.049,14.353,13.688,12.541,12.751,11.523,10.406,9.6282,9.3345,9.0314,8.589,9.6858,9.1081,9.3345,9.4972,9.7288,10.08,10.135,9.5556,10.473,9.5118,9.0775,9.7002,7.9843,6.3534,6.0158,11.523,13.348,13.809,14.333,14.353,13.969,13.616,13.358,13.514,13.718,13.063,13.233,13.317,13.452,13.358,13.106,13.201,12.707,12.761,12.306,12.181,11.798,11.572,11.18,12.147,11.904,12.751,11.584,11.62,10.618,10.826,14.353,16.568,17.227,19.067,18.714,17.475,18.193,17.227,16.768,15.383,15.383,16.492,16.568,16.526,17.736,17.947,18.032,18.654,18.315,19.629,19.256,19.206,19.777,19.945,19.973,20.056,19.35,19.024,16.517
11.155,12.635,12.507,12.843,12.6,12.647,11.594,11.428,11.115,9.7662,8.8187,8.144,7.6994,7.7564,8.5655,7.2882,8.7351,8.0534,8.7351,8.8187,8.6846,8.4621,9.2729,9.3203,8.7519,8.9344,8.0534,7.2276,6.1767,5.1393,9.6907,12.174,12.507,12.635,12.6,12.353,12.365,11.832,11.893,12.353,11.631,11.992,11.389,11.881,11.428,11.881,11.376,11.115,11.967,10.753,10.889,10.518,9.989,9.9448,9.989,10.518,10.835,10.835,9.4609,8.4621,9.2094,12.682,14.556,16.449,15.635,16.476,15.719,14.302,14.178,13.98,14.127,14.556,14.095,14.22,13.811,15.598,15.513,16.107,17.216,16.107,16.724,16.297,16.234,16.503,16.449,16.829,16.829,16.688,15.294,13.98
12.115,13.691,12.999,13.764,13.596,13.295,11.923,11.058,11.567,10.578,9.129,9.1763,8.4054,9.0018,8.6088,7.9831,8.6589,7.9831,8.1263,8.8075,9.2701,9.129,9.1763,9.0018,9.1448,9.2701,8.8889,7.6322,5.6064,5.316,10.032,12.115,12.674,13.468,13.165,12.536,12.363,12.175,11.923,12.674,12.456,12.363,12.245,12.068,11.923,11.923,11.328,11.826,11.826,11.391,11.29,10.259,10.74,10.632,10.259,10.591,11.071,11.48,10.315,8.7417,9.8726,13.962,15.046,15.656,16.02,16.785,16.119,15.461,14.459,14.187,14.096,13.263,14.459,15.61,14.608,16.956,16.394,16.306,17.351,17.066,16.981,17.058,17.713,18.044,17.192,18.29,17.664,17.59,16.438,14.055
11.164,13.098,13.221,12.872,13.276,12.278,12.467,11.877,10.885,9.9856,9.7629,8.0507,7.601,7.3658,7.7538,7.601,8.5626,8.1412,8.4592,8.6817,8.8158,8.6817,9.2222,9.3486,8.9642,8.7322,8.6648,6.9352,6.0547,5.109,9.9415,11.963,12.467,12.872,12.872,12.467,12.218,11.715,11.577,11.424,11.828,11.889,11.475,11.877,11.164,11.914,11.488,11.385,11.513,10.885,10.831,9.8823,10.218,10.64,9.9415,10.417,11.164,10.346,10.175,8.6817,9.642,12.109,13.636,15.086,15.927,15.714,15.336,15.25,13.976,13.711,13.539,14.712,13.408,14.091,14.215,15.789,15.789,15.508,16.292,15.742,16.292,16.471,16.962,17.439,16.996,17.481,17.764,16.797,16.228,14.122
12.866,14.575,14.372,15.129,15.322,14.943,13.706,12.558,11.695,11.344,10.38,9.9685,8.8564,8.7454,7.925,9.0436,9.7133,8.9972,9.742,9.5246,9.8275,9.742,10.163,10.632,10.163,10.094,9.3621,8.2019,7.1861,5.9069,11.539,13.828,14.038,14.613,14.216,13.828,13.948,13.376,13.501,12.855,14.226,13.716,13.501,13.366,12.048,12.779,12.724,12.724,13.081,12.197,11.955,11.623,11.587,11.635,11.208,12.255,12.525,12.059,11.623,9.9685,10.258,13.988,16.129,17.443,17.443,17.76,18.248,16.276,16.707,15.129,15.431,16.164,16.129,16.59,16.164,17.499,17.209,18.902,18.056,18.454,19.152,18.378,19.662,20.414,19.555,19.577,20.387,19.144,18.492,16.129
13.224,14.246,14.392,14.197,13.931,14.392,14.188,13.193,12.309,11.612,11.185,9.5056,9.5056,9.1022,9.1022,8.9792,8.9637,9.3285,9.5056,9.7225,10.018,10.074,10.598,10.87,9.6219,9.9067,9.5056,8.4365,6.1491,5.2991,11.173,13.84,13.96,14.402,14.392,13.556,13.308,13.556,13.474,13.182,13.214,13.515,13.443,13.023,13.182,12.764,12.23,12.873,12.533,12.578,12.411,11.576,11.173,11.173,11.358,11.79,12.926,12.309,11.272,10.129,11.272,15.355,16.422,18.702,18.204,18.303,17.935,16.557,16.481,15.73,15.827,16.037,15.853,17.215,17.004,18.545,18.447,18.545,19.452,18.82,18.724,19.445,19.309,19.855,19.623,20.182,20.859,19.848,18.303,16.473
12.979,15.571,14.993,14.909,14.909,13.897,13.236,12.816,12.36,11.755,10.798,9.5444,9.1393,9.5444,8.7315,9.4707,9.3815,9.719,8.8748,9.719,10.798,10.589,10.073,11.256,10.402,10.225,9.3665,8.7315,7.0634,6.1968,11.563,13.097,14.245,14.402,14.748,13.806,13.927,13.151,13.278,13.977,13.278,13.498,13.246,12.728,12.584,12.892,12.584,12.096,12.584,12.584,12.584,11.838,11.404,11.611,12.096,12.084,12.223,12.073,11.131,9.8479,11.256,14.255,15.918,17.535,18.522,18.538,17.789,17.463,16.352,16.438,14.71,15.417,16.616,16.197,15.883,17.599,17.985,18.008,19.467,18.53,20.271,19.242,19.184,20.16,20.621,19.894,20.292,20.013,19.191,16.309
12.702,14.852,15.103,15.663,15.001,14.654,13.693,13.228,12.746,11.567,10.509,9.4347,9.6245,9.7251,8.8411,9.0125,8.7303,9.5082,9.6821,9.7251,10.241,10.241,10.679,10.509,10.679,9.5082,9.4935,8.0507,6.6085,5.8967,11.287,13.844,13.964,13.804,14.328,14.044,13.447,13.611,13.874,13.844,13.723,13.058,13.196,12.358,12.503,13.048,13.311,12.313,12.767,12.669,12.313,11.603,12.027,11.188,11.41,12.233,12.68,11.793,11.675,9.6245,11.385,14.25,16.29,17.437,18.58,18.707,18.025,16.753,16.678,16.282,14.626,15.186,16.553,15.103,16.248,17.397,18.58,18.04,18.647,19.35,19.578,18.847,19.343,19.514,20.758,19.861,20.542,19.769,18.217,16.561
12.906,15.009,15.588,15.177,14.621,14.466,13.992,13.25,13.09,11.417,10.926,9.9578,9.4809,10.291,8.3801,9.7727,9.1185,9.1492,9.8586,9.6716,9.8586,10.126,10.126,10.195,10.453,10.195,9.5547,8.3801,6.6409,5.4567,12.086,13.492,13.912,14.271,14.261,13.79,13.871,13.345,13.992,13.871,13.575,13.345,13.992,13.821,13.036,13.25,12.819,12.906,12.564,12.598,12.362,11.231,11.851,11.417,11.38,11.957,13.165,12.293,11.417,9.5987,11.441,14.142,16.023,18.542,18.09,18.275,17.264,16.439,15.186,15.944,14.221,15.434,16.119,16.362,17.498,16.902,17.522,18.051,17.562,18.237,18.821,18.977,19.028,19.724,19.109,19.951,20.778,19.674,18.798,16.119
13.135,14.097,14.864,14.481,15.201,14.364,13.135,13.432,12.655,11.922,10.677,9.9679,9.5644,9.4905,10.191,9.0813,9.4459,9.6084,10.01,10.423,10.677,9.9679,10.423,10.531,10.136,9.2654,9.7826,8.1156,7.2161,6.049,11.684,13.306,13.804,13.835,14.481,14.047,14.007,13.263,13.926,14.413,13.588,13.526,14.017,12.755,13.135,12.777,13.135,12.214,12.431,12.832,12.952,11.969,11.78,11.342,11.863,12.34,12.832,12.098,11.863,10.01,10.821,13.835,15.422,18.015,18.417,18.417,17.379,16.608,14.712,15.774,14.949,14.798,15.747,15.192,16.344,16.927,18.132,17.451,18.038,18.147,18.69,18.108,18.772,19.129,19.572,20.202,21.022,19.565,18.271,15.747
13.341,14.736,15.175,15.103,15.256,14.09,13.696,12.956,12.047,11.101,10.479,10.361,9.4193,8.9113,10.066,8.274,9.4338,9.649,9.8735,9.5492,10.066,9.9288,10.066,11.002,9.649,9.9975,9.2728,8.0048,7.4005,5.8506,11.429,12.946,13.696,14.596,14.773,13.825,14.09,13.934,12.829,13.825,12.829,13.207,13.963,12.482,12.775,12.657,12.35,12.657,12.261,12.603,12.998,11.619,11.477,11.512,12.216,12.081,12.657,11.701,11.002,9.6064,11.101,13.904,16.231,16.423,17.792,17.34,17.037,16.432,15.39,15.915,14.875,14.652,16.298,15.777,15.915,17.707,16.876,16.39,17.552,17.395,19.213,18.165,19.163,18.165,18.962,18.839,20.321,18.969,18.382,15.681
12.643,14.159,14.892,15.177,14.818,14.363,13.803,12.935,12.141,11.291,9.6679,10.478,8.7522,9.5962,9.1989,8.0098,9.4802,9.407,9.6965,9.4802,10.047,10.438,10.047,10.21,10.332,8.8151,9.4802,7.888,7.3056,5.2849,11.328,13.407,14.15,14.957,14.353,14.649,13.642,13.803,13.642,13.923,13.469,13.241,14.15,12.632,12.988,12.544,12.377,11.992,12.719,12.276,12.632,11.254,11.352,11.545,12.141,12.003,12.795,12.665,11.242,9.7817,11.254,14.363,16.336,17.504,16.704,17.121,17.064,16.513,15.04,14.957,15.068,14.159,15.635,16.054,15.395,17.064,16.712,17.677,17.987,18.814,18.652,18.163,19.062,18.652,17.677,19.99,21.172,19.393,18.674,15.688
12.578,14.798,14.733,15.1,14.432,14.28,13.079,12.943,12.403,12.078,10.593,9.9265,9.001,8.9552,7.5453,9.6184,9.6041,9.1368,9.1368,10.104,10.104,10.104,10.529,10.063,10.05,10.063,9.3588,7.8476,6.8213,5.659,11.294,13.338,14.087,13.852,14.546,14.135,13.693,14.135,13.733,13.602,13.693,13.643,13.318,13.612,12.436,13.338,12.74,12.403,12.247,12.202,11.803,11.757,11.098,11.616,11.098,12.044,12.921,11.803,11.474,9.6468,11.086,13.643,14.99,16.252,17.273,17.703,16.386,16.42,16.42,15.208,14.508,15.678,15.886,16.159,16.353,17.485,17.91,17.485,18.341,17.485,18.497,18.63,18.378,19.61,18.318,19.777,20.195,19.414,18.497,15.608
13.246,14.873,15.534,15.207,15.534,14.503,14.093,12.319,12.33,11.142,10.524,9.9233,9.2391,9.1175,8.0448,9.7102,8.5328,9.5216,10.255,9.5216,10.091,9.7389,10.091,10.146,10.255,8.9788,8.9788,7.4694,6.8864,5.308,12.056,13.773,14.798,14.368,14.368,14.172,13.732,14.034,13.246,13.864,13.773,13.894,13.864,13.215,13.362,12.775,12.948,12.375,12.159,12.33,12.159,12.044,11.916,11.584,11.869,12.285,13.204,12.375,11.668,9.9654,11.142,13.954,15.924,17.965,17.033,17.033,17.325,16.382,15.426,15.462,13.954,15.032,15.605,17.033,17.106,16.852,17.421,17.958,18.546,19.628,19.42,18.546,19.138,19.882,19.37,19.42,20.387,19.226,19.08,15.968
12.712,14.522,15.452,14.675,14.864,14.901,13.935,13.196,12.591,12.036,11.134,9.8606,10.194,8.5273,9.1117,10.084,9.0349,9.5155,9.6319,9.3976,10.153,10.139,10.043,10.084,10.084,9.442,8.973,7.9174,6.6136,5.8061,11.296,13.723,13.814,14.599,14.084,14.163,13.855,13.693,14.522,14.637,14.212,13.945,13.353,14.212,13.975,13.322,12.94,12.766,12.69,12.311,11.684,11.576,11.576,11.684,12.277,12.546,12.036,12.712,11.803,10.139,10.766,13.764,16.397,17.49,16.997,17.482,16.666,16.157,15.914,14.948,15.631,14.789,14.084,18.016,17.314,17.49,18.383,17.617,18.383,18.661,18.474,19.119,19.329,19.785,18.921,20.03,20.03,19.465,18.84,16.439
13.494,14.345,15.029,15.01,14.413,13.463,13.941,13.064,12.463,11.665,10.089,10.047,9.7083,9.5198,9.9214,8.5148,9.5198,8.741,10.199,9.7083,10.158,10.375,10.561,10.574,9.8226,9.7083,9.1158,8.3494,6.6166,5.7119,11.301,13.37,13.861,14.606,14.345,14.219,14.219,13.941,13.73,14.031,13.463,14.365,13.77,13.202,12.946,13.202,12.946,12.892,12.946,12.316,12.191,11.338,11.689,11.593,11.689,12.065,12.892,12.191,11.102,10.089,10.874,14.209,16.086,16.931,16.774,17.954,16.782,15.754,15.851,15.314,15.842,15.683,16.37,16.446,16.379,18.186,17.814,18.308,18.147,19.222,18.55,18.3,20.073,19.878,19.366,19.624,19.927,19.567,18.73,16.156
12.682,15.393,14.943,15.32,14.679,14.362,14.411,12.857,11.865,12.063,10.197,10.017,9.5181,9.7353,8.5296,10.373,9.4446,9.5181,9.2206,9.4446,10.197,10.017,9.9196,10.373,10.142,9.5619,9.2357,8.264,6.8636,5.7109,11.663,13.697,14.216,14.265,14.265,13.979,14.058,14.088,13.768,14.411,13.859,13.818,13.461,13.21,13.727,13.04,13.04,13.231,12.693,13.04,12.427,11.723,11.1,11.225,11.627,12.04,12.55,12.55,10.884,9.7066,11.422,14.343,16.031,17.189,18.059,18.044,16.779,16.779,15.528,16.031,14.877,14.708,15.393,16.307,16.401,17.646,17.55,18.8,19.073,19.131,19.124,18.8,19.189,18.8,19.014,19.818,19.986,19.413,17.646,16.57
11.851,13.454,13.677,13.792,13.249,12.661,12.975,12.139,11.911,11.163,9.8917,8.4821,8.7329,8.6501,8.328,8.1886,8.9926,8.1886,8.8474,8.6501,9.2606,8.3797,9.1355,9.6711,8.6667,8.7329,7.975,7.8109,6.4598,5.2835,10.319,11.875,13.282,13.271,12.751,12.975,12.627,12.35,12.443,12.162,12.385,12.57,12.35,12.524,11.059,12.257,12.055,11.765,11.367,11.046,10.689,10.319,10.689,10.796,10.689,10.416,11.814,11.046,10.319,9.5964,9.9786,12.751,15.107,15.923,15.841,16.103,15.557,14.731,14.731,14.314,14.642,14.593,14.444,16.138,14.915,16.665,16.316,16.639,17.108,16.768,17.597,16.939,17.3,17.985,17.646,18.31,18.239,17.857,17.572,15.116
10.877,12.586,13.289,12.769,12.814,12.367,12.541,10.757,11.074,10.757,9.8759,9.132,8.7446,8.2172,9.2731,8.0577,8.0756,8.3565,9.1478,8.391,9.1478,8.7446,8.5948,9.5036,8.7446,8.4082,7.9313,6.4685,5.5306,5.3986,10.035,11.395,12.25,12.575,12.529,12.644,12.367,12.012,12.367,12.25,12.072,11.732,12.494,11.891,11.83,11.022,11.294,11.074,10.864,10.877,10.554,10.135,9.6841,9.8759,10.581,10.581,11.074,11.022,9.9051,8.7446,9.0047,12.541,13.558,14.414,15.661,15.615,14.662,15.203,14.223,13.343,13.472,13.343,14.544,14.454,14.896,15.127,16.338,15.643,17.139,16.548,17.139,16.026,16.687,16.678,17.323,17.164,16.825,16.338,15.908,13.343
11.157,12.863,13.54,12.909,13.311,12.738,12.341,11.906,10.823,10.339,9.3106,9.342,8.1176,8.1356,7.5182,8.4707,8.2429,8.2429,8.2429,8.5567,8.4707,8.4012,9.3106,9.2158,9.3106,8.2429,8.2783,6.9304,6.3342,5.1054,10.211,12.101,12.447,12.622,12.863,12.494,12.622,12.209,12.341,12.209,12.341,11.955,11.918,11.955,10.783,11.143,11.467,11.619,11.467,10.41,10.783,10.41,9.5896,10.168,10.268,10.452,11.261,10.823,9.6807,8.6756,9.2633,12.352,14.205,15.095,16.09,14.968,15.162,14.622,14.86,13.966,13.913,14.112,14.328,14.41,15.095,15.162,15.778,16.145,16.235,16.145,16.785,16.09,16.785,16.993,17.199,17.199,18.192,16.785,15.731,14.164
13.033,14.996,15.402,15.448,14.76,14.414,13.999,13.509,12.505,11.438,10.45,10.557,9.2535,9.2535,9.0231,9.2687,9.3891,9.4783,10.053,9.9551,10.729,10.192,10.437,10.91,9.77,10.123,9.6689,8.3777,6.7855,5.7067,11.621,13.674,14.874,14.996,14.578,14.267,14.693,13.776,13.581,13.999,13.908,13.999,13.108,14.108,12.471,13.033,13.086,12.903,13.033,12.083,11.907,11.848,11.621,11.657,11.24,12.233,12.935,12.404,12.083,10.41,11.177,14.079,16.115,17.613,16.931,17.194,17.613,16.15,15.931,14.731,15.173,16.629,16.089,16.587,15.366,18.015,17.613,18.575,19.141,18.209,18.868,18.613,19.403,20.384,18.124,19.082,20.03,19.439,18.393,16.089
13.25,14.455,15.053,14.979,14.21,14.714,14.131,13.239,12.754,12.006,11.121,10.917,10.605,9.4288,10.173,10.048,9.5471,9.2486,9.992,10.282,10.445,9.8933,10.917,10.657,10.118,9.7649,8.8773,8.2212,7.203,5.9208,11.758,13.769,14.647,14.387,14.259,13.769,14.259,13.981,14.071,13.738,13.239,14.21,13.239,13.533,13.564,12.809,12.82,12.809,12.82,12.283,12.006,11.699,11.259,11.651,11.234,11.758,13.026,12.352,11.663,9.992,11.02,13.615,16.202,17.794,17.315,17.865,17.371,16.955,16.106,14.838,15.728,14.838,16.141,17.508,16.83,17.532,17.762,18.261,19.443,18.261,18.984,18.497,18.961,20.297,19.189,19.659,20.166,19.443,18.543,16.167
13.074,14.535,15.047,14.907,14.253,14.535,13.609,13.661,12.358,11.452,10.913,10.182,9.9455,9.3801,8.0801,9.889,8.9989,9.5429,9.9455,9.9455,10.547,9.9455,10.718,10.913,10.182,9.6597,8.9833,8.3697,7.1999,5.5265,11.609,13.329,13.975,14.765,14.746,14.204,14.065,14.204,13.763,14.065,14.448,13.609,14.535,13.402,13.265,12.89,12.582,12.312,12.977,12.627,12.358,11.658,11.646,11.658,12.278,12.071,13.244,12.186,11.609,10.168,10.718,13.732,15.916,17.046,18.068,18.122,17.234,16.418,16.099,15.96,15.269,15.278,17.283,17.307,16.939,17.218,17.501,18.436,19.764,19.269,19.842,18.648,19.643,19.529,19.842,19.593,20.143,19.821,17.755,15.712
12.67,15.113,15.086,15.378,14.655,13.935,13.694,13.027,13.281,11.712,10.667,10.132,9.6253,9.509,9.8114,8.5051,9.3318,9.0287,10.132,9.5527,10.47,10.146,10.241,10.187,10.363,10.132,9.0287,7.5521,6.7548,5.6809,11.652,13.448,13.925,13.755,15.113,14.202,14.153,14.407,14.015,14.891,13.714,13.925,14.512,12.538,13.448,12.67,13.448,12.67,13.059,13.197,12.769,11.652,11.616,11.127,12.028,12.132,12.769,12.681,11.276,10.008,10.549,14.484,15.522,17.565,18.218,18.31,17.414,16.385,16.042,15.833,14.551,14.807,16.077,16.428,16.36,17.731,18.027,17.692,19.601,19.2,19.12,18.708,19.12,19.351,20.189,19.58,19.855,19.351,17.794,16.18
12.356,13.693,13.434,14.041,13.357,13.081,12.202,11.7,10.501,9.9282,8.9195,9.194,8.4652,7.7434,6.9259,8.0399,8.2376,8.2376,8.5512,8.2553,8.9195,8.5512,9.3361,9.6746,8.5512,7.8745,8.804,7.1134,6.0466,4.8974,10.403,11.947,13.092,13.002,13.07,13.07,12.855,12.154,11.861,11.675,11.874,12.202,12.333,11.947,11.37,11.37,11.293,10.667,11.562,11.097,10.816,10.708,10.937,10.501,9.9723,10.951,11.409,11.498,10.626,9.1781,10.06,12.345,14.103,15.239,15.721,14.762,14.612,14.072,13.788,13.258,13.203,14.196,14.562,14.278,14.103,15.373,14.762,15.6,16.546,16.704,16.774,16.696,17.188,18.18,17.281,16.974,18.14,17.213,16.27,13.767
13.52,15.305,14.667,15.378,15.605,14.229,14.278,13.592,11.917,11.964,10.459,10.418,10.459,9.5599,9.5452,8.9993,9.0771,9.778,9.6768,10.186,10.619,9.7492,10.089,10.526,9.778,9.2611,9.1234,8.0247,6.8937,5.9288,12.022,13.415,14.04,14.249,14.999,15.008,13.767,14.474,13.919,14.278,13.919,14.01,14.278,13.289,13.426,12.946,12.902,12.649,13.119,12.571,12.749,11.642,11.423,11.423,11.63,12.104,13,12.38,11.237,9.778,10.418,13.52,15.74,16.439,18.285,17.077,16.336,15.909,16.516,16.032,15.083,14.561,16.465,16.189,16.032,16.473,18.247,17.628,17.818,18.681,18.883,18.522,18.987,19.039,19.933,19.706,20.193,19.127,18.285,15.767
13.14,14.801,15.242,15.565,14.81,14.355,13.876,13.182,12.304,12.008,10.642,10.205,9.6913,9.4605,8.6681,9.8748,8.5559,9.0425,9.5187,9.6627,9.9999,9.2985,9.9999,10.406,10.11,9.4751,8.9812,8.5559,6.6896,5.3599,11.811,13.4,14.142,14.346,14.346,14.297,13.886,13.645,13.995,14.278,13.4,13.665,13.756,13.307,12.885,13.265,12.134,12.636,12.658,12.723,11.752,11.539,12.008,11.479,11.752,12.134,12.981,12.259,11.575,9.8748,10.433,13.182,16.327,17.24,17.668,17.847,16.495,15.68,15.06,15.458,14.641,14.81,15.959,16.504,16.827,16.695,16.794,17.471,18.335,17.785,18.123,17.847,19.68,18.987,18.515,18.87,19.979,19.51,18.425,15.75
12.933,14.292,14.671,15.266,14.783,13.972,14.378,13.133,12.224,11.532,10.394,10.004,9.4398,9.6552,9.1448,8.524,9.9627,9.2639,9.9627,10.004,9.9489,10.394,9.9627,10.167,9.9351,9.2787,9.0088,7.8719,6.327,5.7837,11.709,14.099,14.699,14.378,14.302,14.244,13.584,13.745,13.122,13.745,13.35,13.913,14.05,12.933,12.567,12.611,12.578,12.676,12.665,12.269,12.325,11.328,11.436,11.709,11.591,12.055,12.665,12.611,11.591,10.004,11.009,13.422,15.551,16.764,16.903,17.096,16.266,16.308,15.266,15.185,15.185,15.621,15.266,15.709,15.266,17.406,16.886,17.406,18.056,17.78,18.77,17.78,18.319,19.211,18.77,19.487,19.627,18.572,18.214,15.221
13.344,14.401,15.78,15.287,14.401,14.477,13.818,13.095,12.264,11.562,10.79,9.4792,9.9996,8.9592,7.7809,9.7779,8.8978,9.1408,9.8755,9.651,9.7358,9.4357,9.6226,10.585,10.068,9.6084,9.4212,7.9722,6.8243,5.1549,11.935,13.416,14.219,14.97,14.401,14.401,14.286,13.858,13.507,13.769,13.818,13.699,14.083,13.127,12.746,13.127,12.441,12.441,12.441,12.084,11.947,10.929,11.491,11.762,11.491,12.219,12.959,12.084,11.431,9.7779,10.283,13.21,16.259,17.555,17.049,16.855,16.749,14.878,14.887,15.535,13.858,14.372,15.746,17.422,15.919,16.352,16.301,18.139,17.803,17.78,17.987,18.438,19.422,19.479,18.762,18.409,20.359,19.422,18.048,15.893
13.424,13.707,14.608,14.608,14.247,14.15,14.092,13.187,12.271,11.569,10.797,9.4415,9.2656,9.0408,8.4448,9.8816,8.5256,9.3246,8.9647,9.3246,9.485,10.06,10.169,10.074,10.115,9.7839,8.9187,7.9253,6.6246,5.3409,11.816,13.707,14.247,14.409,14.381,13.707,14.15,13.707,13.747,13.777,13.827,13.866,13.516,13.465,13.707,13.009,12.613,13.332,12.58,12.591,11.534,11.134,11.196,11.048,11.816,12.36,12.613,12.36,11.769,10.06,10.289,13.187,15.106,17.346,16.792,16.445,16.962,16.269,14.608,14.822,14.295,14.979,15.412,16.669,16.066,16.644,17.409,17.899,17.899,18.293,18.774,17.899,18.774,19.064,19.378,19.491,18.97,19.714,17.605,15.624
12.773,15.364,14.742,14.884,14.968,14.884,13.782,12.871,12.773,12.293,10.531,9.9302,9.5282,9.4547,8.6686,9.5282,9.7456,9.5282,9.4102,9.5721,9.7456,9.2304,10.424,10.208,9.7456,9.3507,8.7168,7.8572,6.7271,5.518,11.7,13.833,14.378,14.742,14.28,14.28,14.221,13.833,14.378,13.381,14.073,14.103,13.054,13.721,12.474,13.381,13.128,12.729,12.384,11.735,12.052,11.676,11.64,11.676,11.64,12.696,12.607,12.293,11.64,10.424,9.7456,13.075,15.409,16.863,17.474,16.863,16.888,16.393,15.865,15.714,16.135,15.135,15.364,16.554,16.461,17.02,17.947,17.045,18.589,18.225,18.063,18.946,19.159,19.239,20.091,20.112,20.402,18.946,18.529,16.325
12.935,14.461,15.054,14.972,14.807,14.156,14.223,12.722,12.037,11.691,10.88,9.5412,9.2502,8.9039,8.4469,9.4259,9.1312,9.3091,9.4693,9.3091,10.057,9.3091,9.9891,10.587,9.4259,9.9204,8.9039,7.9122,6.7971,5.3321,12.127,13.392,14.499,14.461,14.862,14.156,14.424,13.604,13.684,14.204,14.127,13.684,13.634,13.33,12.206,12.657,12.646,12.206,13.071,12.251,12.127,11.923,11.287,11.311,11.419,12.472,12.646,12.592,11.574,9.9891,10.779,13.113,15.199,16.242,18.3,17.262,17.638,15.902,16.039,15.962,14.584,15.519,15.72,14.807,15.729,16.837,17.38,18.262,18.545,18.187,19.875,18.36,18.486,18.852,19.521,18.946,19.598,19.239,18.029,15.936
11.006,12.826,13.49,13.501,13.821,12.597,11.981,11.447,11.124,10.267,8.7841,9.1891,8.7009,8.5319,8.112,7.7823,8.5319,8.4462,8.9321,8.5319,8.7009,8.7841,8.8502,8.7841,8.5319,8.0218,8.219,6.9103,5.9601,5.0906,10.602,12.126,13.062,12.962,12.597,12.516,12.21,11.92,12.305,11.648,12.317,12.458,11.623,12.126,11.535,11.847,11.124,11.124,11.383,10.309,10.684,9.7727,10.181,10.238,9.9205,10.629,11.586,11.006,10.684,9.2208,10.309,12.458,14.398,14.886,14.659,15.686,14.847,13.999,13.873,13.173,14.071,14.579,13.757,14.256,13.757,15.658,15.281,15.797,16.763,16.233,16.17,16.233,17.242,18.099,16.553,17.377,17.149,17.038,16.411,14.164
12.616,15.154,15.337,14.818,15.419,15.052,13.72,12.571,12.616,11.932,11.355,9.5343,9.0373,9.2363,9.5343,8.8022,9.2363,9.7088,10.035,9.9366,10.214,10.214,10.035,10.173,9.651,9.3567,9.2363,8.5442,7.1152,6.1903,11.826,13.791,14.289,14.522,14.893,14.931,14.24,13.963,14.733,14.695,13.882,13.791,13.912,12.911,13.222,13.253,13.556,12.381,12.301,12.06,12.616,11.932,11.647,11.157,11.99,12.21,13.348,11.885,11.826,10.035,10.591,13.484,15.778,16.607,18.758,18.78,17.739,16.932,16.472,16.429,15.145,15.698,16.724,17.292,17.58,17.453,18.698,18.013,18.42,18.698,19.908,18.631,19.575,19.682,19.504,20.633,20.415,19.069,18.359,16.223
11.683,13.389,13.034,13.012,12.67,12.773,11.956,11.507,10.878,9.9797,8.9261,9.6362,8.8105,8.4542,8.5575,8.2437,8.2437,8.7438,9.4521,8.7438,9.0726,9.0078,8.4021,9.6362,8.6765,7.9911,7.9911,7.0359,6.3117,4.901,10.269,12.211,12.773,12.865,13.18,13.367,12.635,12.342,12.554,12.773,12.017,12.342,12.495,11.105,11.621,11.158,11.621,11.301,11.417,11.158,11.621,10.269,10.212,9.9797,10.509,10.784,10.784,10.743,9.8764,8.8105,9.5753,12.366,13.541,14.523,15.318,15.164,15.048,14.573,14.299,13.389,13.09,13.169,14.289,14.33,14.289,15.096,15.479,15.844,16.567,16.917,17.226,16.787,16.461,16.787,16.995,17.991,17.115,16.496,14.862,14.165
13.243,14.915,15.71,15.359,14.716,14.764,13.731,12.889,12.311,11.56,10.181,10.277,9.8455,9.5274,9.9446,8.5347,9.7598,9.5421,10.181,10.506,10.112,10.167,10.112,10.277,9.8881,9.731,8.8093,7.9395,6.6321,5.293,11.752,14.457,15.138,14.83,15.045,15.055,14.301,14.379,13.893,14.301,13.474,14.301,14.64,13.401,13.094,13.66,12.802,12.747,13.232,13.105,12.22,11.752,12.07,11.608,11.216,12.548,13.094,12.357,11.835,9.8455,10.586,14.014,15.923,17.595,17.459,17.793,16.612,16.072,15.861,15.24,15.064,15.71,16.713,15.79,16.578,17.996,17.102,18.089,18.974,18.974,19.412,19.419,19.896,19.776,19.648,19.187,20.287,19.52,18.274,15.459
13.299,14.798,15.133,15.353,15.013,14.367,13.944,12.991,12.044,11.34,10.377,10.159,10.694,8.5326,7.8516,10.09,8.9942,9.0406,9.7387,9.5653,10.146,9.5068,10.09,10.159,10.159,9.5215,9.5653,8.3509,6.8863,5.7129,11.631,13.773,15.133,14.873,15.013,14.503,14.221,14.367,13.702,14.093,14.221,13.579,14.675,12.948,12.894,13.372,12.599,12.948,13.33,13.066,12.894,11.401,12.055,11.191,12.055,11.916,12.72,12.251,11.377,9.5653,10.875,13.773,15.207,17.196,17.301,17.268,16.777,16.158,15.106,15.543,14.798,15.244,16.313,17.373,17.033,17.008,17.106,17.746,18.448,18.311,19.087,18.478,19.477,19.391,18.733,20.243,20.706,18.553,18.242,15.462
13.543,14.27,15.908,15,15.084,14.764,13.749,12.906,12.097,11.91,10.439,9.7292,9.7724,10.181,9.4806,9.9575,9.4806,9.7724,9.8582,10.194,10.6,10.125,9.7724,10.194,10.453,9.7436,8.7407,7.8788,6.9708,5.2466,12.109,13.677,14.349,14.849,14.417,14.221,13.911,14.002,14.142,13.82,13.942,13.512,13.25,13.871,13.749,13.25,12.939,12.819,13.491,12.19,11.672,11.768,11.18,11.23,11.623,12.598,12.819,12.236,11.342,10.81,10.653,13.408,16.154,16.734,17.816,17.36,16.843,15.587,16.843,15.731,15.084,14.962,15.882,17.481,16.76,17.108,18.738,18.275,19.211,18.798,18.61,19.211,19.109,19.674,18.783,19.437,19.674,19.146,17.713,15.979
13.11,14.492,14.597,14.928,15.113,13.934,14.023,13.236,12.765,11.527,10.867,10.516,9.9159,9.4411,9.1108,10.476,9.5584,9.3967,9.5584,9.3967,10.608,9.8171,10.042,9.8171,10.247,9.5145,8.7839,7.9866,6.3771,5.9007,11.575,13.702,14.492,14.181,14.405,14.405,14.083,13.763,14.357,13.944,14.211,14.211,13.702,13.62,13.456,12.885,12.938,12.765,13.056,12.31,11.683,11.801,11.683,11.183,11.575,11.801,12.422,11.942,11.527,10.083,10.369,13.518,16.301,17.416,17.288,17.48,17.191,15.665,16.147,15.833,15.63,15.665,15.232,17.702,16.897,17.448,19.211,19.182,19.327,18.321,18.793,18.321,19.189,19.356,19.592,19.832,19.979,18.66,18.199,16.052
12.697,15.012,14.731,15.397,14.947,14.415,13.329,13.371,13.203,12.329,11.141,10.694,9.2232,9.2383,8.9935,8.7419,9.7094,9.0245,9.9225,10.02,10.416,10.254,9.5208,9.8661,9.7094,9.4473,9.0399,7.8511,6.6802,4.869,11.29,14.191,14.22,14.22,13.953,14.092,14.171,13.863,13.731,14.171,13.863,14.22,12.947,13.118,12.861,13.36,13.235,12.947,13.203,11.667,11.95,11.667,11.726,12.043,11.595,12.043,12.464,12.675,11.726,10.615,10.523,13.893,15.966,17.064,17.194,17.194,16.9,16.062,15.844,15.424,15.64,15.132,15.206,16.38,15.352,18.552,18.064,18.85,19.202,19.224,18.895,19.042,18.664,19.626,19.368,18.872,20.508,19.569,17.87,16.38
12.46,14.64,14.792,14.942,14.707,14.215,14.669,12.943,13.114,12.246,10.986,10.155,10.155,10.017,8.9906,10.086,9.5176,10.086,10.045,9.7061,10.572,10.453,10.572,10.479,10.519,9.0215,8.9906,7.9892,6.678,5.384,11.591,13.948,14.254,14.792,14.904,14.526,13.938,13.532,13.46,14.028,13.727,14.42,13.727,13.696,13.818,13.114,13.293,12.46,13.366,12.46,12.325,11.864,11.53,11.579,11.864,12.051,12.845,13.071,11.911,10.453,11.099,14.166,16.091,16.778,16.536,17.318,16.578,15.31,15.838,14.951,14.342,15.007,14.342,16.845,16.569,17.189,17.864,18.227,18.304,18.955,19.035,19.362,18.598,19.591,19.598,18.888,20.502,19.412,18.205,16.443
13.508,14.256,15.255,15.429,15.153,14.344,14.315,13.785,12.76,11.764,10.728,10.287,9.7406,9.9966,9.3884,10.287,9.5514,10.053,9.7261,9.5514,10.287,10.191,10.287,10.191,10.191,9.9544,8.738,8.6248,6.9687,5.632,12.232,13.988,14.266,14.92,14.107,14.393,14.266,13.755,14.216,14.266,13.907,13.745,13.508,13.907,13.907,13.288,13.032,13.107,12.934,12.232,12.369,11.177,11.462,12.232,11.847,12.232,13.372,12.289,12.414,10.409,10.436,13.245,16.364,16.628,17.028,16.501,16.962,15.753,15.93,14.616,14.393,15.582,15.582,17.119,16.501,17.086,17.802,17.25,18.814,18.123,18.992,19.205,19.603,19.668,19.781,19.481,20.175,19.859,18.045,16.637
13.045,15.121,15.311,15.266,15.293,13.654,13.954,12.971,11.987,12.124,10.814,10.143,10.143,9.8669,10.556,9.0353,9.6835,9.9088,9.6835,10.358,9.8109,9.9088,10.318,9.7686,9.9919,9.7686,8.974,7.6465,6.7254,6.3889,11.661,13.654,14.218,14.525,14.648,14.334,13.634,13.875,14.14,14.14,13.502,13.875,13.815,13.255,13.502,12.702,13.286,12.691,12.483,12.789,12.45,11.47,11.361,11.227,11.661,11.848,12.691,12.249,11.566,10.102,10.556,13.695,15.446,16.289,18.086,17.481,16.49,15.02,15.311,15.588,14.14,14.334,15.517,15.517,16.339,16.838,18.567,17.338,18.2,19.438,19.367,18.388,18.582,18.906,19.324,19.167,19.741,18.789,18.381,15.972
12.783,14.72,15.514,14.748,14.291,14.635,13.466,13.26,12.186,11.98,11.145,10.092,10.106,9.0387,8.0194,10.106,9.398,9.1751,9.6444,9.9681,9.8707,9.1751,10.322,10.507,9.4566,9.9126,8.9312,7.8805,6.5828,5.8029,12.129,13.7,14.597,14.224,14.934,14.146,14.097,14.146,13.66,14.349,13.959,14.097,13.79,13.425,13.456,13.228,13.134,12.186,12.399,12.783,12.532,11.341,11.665,11.145,12.095,12.129,13.134,12.265,11.341,9.6587,10.573,13.66,14.455,15.978,17.97,18.275,16.497,15.796,15.603,15.761,13.75,14.72,15.603,15.77,16.488,16.488,17.621,17.613,17.932,18.478,19.446,17.932,19.037,18.942,19.72,19.375,20.109,19.037,18.237,15.236
13.421,14.706,15.267,14.799,14.855,15.231,13.665,12.649,12.182,11.566,10.517,9.6557,10.102,9.351,8.2207,8.9439,10.089,8.9285,10.034,9.9789,10.034,9.9927,10.398,10.556,9.9095,9.4682,9.0664,8.1702,7.0071,5.583,12.091,13.696,14.564,14.593,14.422,14.19,14.335,13.866,13.816,13.985,13.905,13.985,13.635,13.625,12.649,13.141,12.627,12.649,12.306,12.261,11.802,11.976,11.277,11.999,11.313,11.626,13.256,12.616,11.661,10.034,11.042,13.866,16.815,17.324,18.201,16.88,16.913,16.307,16.034,14.335,15.021,15.375,14.874,15.765,15.447,17.148,16.608,17.148,18.768,17.482,19.261,17.655,18.746,19.999,19.269,19.038,20.456,18.936,18.072,15.791
12.93,14.578,14.644,14.755,14.352,14.418,14.121,12.652,12.302,11.475,10.414,10.053,10.269,9.1427,10.148,8.9921,9.6373,9.1427,10.269,9.7219,10.053,9.6373,9.9442,10.453,9.764,9.2614,8.9005,7.9092,6.4649,5.9592,11.745,13.749,14.352,13.798,14.967,14.456,14.198,14.063,14.121,14.801,14.121,13.719,14.121,13.325,13.222,12.856,13.222,12.856,12.066,12.856,12.235,11.463,11.258,11.687,12.066,12.641,12.555,12.335,11.463,10.148,9.9853,13.589,15.238,15.723,17.405,17.374,15.801,16.37,16.403,15.723,14.755,14.559,15.238,16.033,15.93,16.337,17.739,16.733,18.143,18.36,19.619,18.56,18.845,18.888,19.402,19.646,20.032,19.674,17.778,15.801
12.912,14.077,14.676,14.796,14.971,14.222,13.812,13.441,12.471,11.418,10.311,10.097,9.8224,9.5972,9.2639,9.8641,8.7636,9.352,8.9335,9.1302,10.056,10.097,9.6115,10.521,9.6398,9.2492,8.4298,7.4853,6.3815,5.1489,11.466,13.92,14.154,14.796,14.563,14.077,13.593,13.802,13.891,14.028,13.95,13.633,13.329,13.802,13.723,13.101,12.912,13.4,12.859,12.569,12.194,11.69,11.513,11.513,11.829,12.558,12.986,12.07,11.418,9.6398,9.9468,13.723,15.526,16.876,17.029,17.149,16.341,14.805,15.17,15.197,14.87,14.796,15.376,16.615,16.266,16.24,16.672,17.844,18.543,18.417,18.298,18.66,19.763,19.687,19.68,19.873,19.68,19.533,18.387,16.232
13.497,14.948,14.873,15.124,14.883,14.348,14.192,13.246,12.465,11.291,10.255,9.7388,9.7388,9.638,9.5216,8.5327,9.239,8.8536,9.9232,9.5216,10.159,9.359,10.694,10.576,9.7388,9.8669,9.0252,7.8517,6.6808,5.6144,12.285,13.944,14.939,14.883,14.416,14.503,13.944,13.823,13.864,14.299,13.944,13.773,13.864,13.299,13.045,13.236,13.362,12.521,13.864,12.991,12.862,11.81,12.044,11.869,12.044,12.285,13.045,12.687,11.426,9.5216,11.104,13.864,15.353,17.557,17.033,17.196,16.585,15.133,14.873,15.133,15.38,15.106,15.641,15.845,15.757,17.872,18.081,17.747,18.606,18.334,19.043,18.304,19.549,19.08,19.276,20.112,19.606,20.133,18.311,15.845
13.111,14.769,14.852,14.917,15.018,14.544,13.766,13.143,12.466,11.727,10.129,9.6421,9.1743,9.4984,8.1923,9.6421,9.3818,9.1593,9.4548,9.8955,10.304,9.6278,9.7977,10.331,9.4548,9.2934,8.5376,8.0227,6.818,5.3485,11.609,13.886,13.766,14.506,14.315,14.61,13.846,13.766,14.572,13.886,14.694,14.315,13.726,13.646,12.953,13.371,13.766,12.953,12.857,12.288,12.108,11.867,11.586,12.074,11.832,12.074,12.598,11.96,11.297,10.41,10.812,13.371,15.734,16.011,17.839,17.075,16.468,16.468,16.385,15.018,14.401,14.926,15.593,15.487,16.986,17.315,17.505,18.624,18.829,18.542,18.91,19.004,19.405,20.641,19.742,19.791,20.514,19.341,17.747,16.385
13.289,14.899,15.414,14.492,14.871,14.161,14.082,13.194,12.184,11.623,10.568,10.476,10.041,9.7314,10.409,9.1106,9.8169,9.6307,9.8169,10.152,9.9578,10.247,10.867,10.193,10.014,9.3965,9.6307,7.8457,6.7173,5.51,12.321,14.023,14.559,14.405,14.871,14.899,13.528,14.161,13.853,14.415,13.853,13.943,14.521,13.455,13.517,12.677,13.813,12.666,12.71,12.677,13.067,11.611,11.623,11.133,11.965,12.139,12.884,12.058,11.282,9.7028,10.829,14.21,14.927,16.995,17.952,17.615,17.231,16.395,15.745,15.842,14.946,14.815,16.051,16.395,15.691,17.02,18.037,17.952,18.229,18.652,20.062,18.198,18.652,19.584,19.634,19.065,20.276,19.211,18.137,16.077
13.244,14.614,15.427,15.077,14.843,14.391,13.671,12.813,12.367,11.762,10.921,10.408,10.231,9.4765,9.145,9.7682,9.2518,9.725,10.231,9.9532,9.9532,9.3873,9.7394,10.661,9.8966,9.432,8.4926,8.0864,6.6378,6.0401,11.952,13.865,14.575,14.575,14.547,14.547,14.264,13.753,14.215,14.076,14.264,13.506,13.753,14.106,13.105,13.814,12.9,13.084,13.506,12.736,12.503,11.703,11.238,11.137,12.01,12.196,13.116,12.367,11.618,10.121,10.051,13.865,16.457,17.769,17.554,17.61,16.985,16.894,15.972,15.002,14.871,15.151,13.905,17.296,17.248,18.043,18.359,18.043,18.745,18.662,18.228,19.334,19.262,20.054,19.283,19.665,20.242,19.779,17.61,15.445
12.975,14.252,15.577,14.929,14.779,14.252,13.806,13.313,12.682,11.581,10.875,9.9528,9.7265,9.3918,9.6259,8.7316,10.009,9.9107,9.5096,9.9107,10.009,10.188,9.8544,10.133,10.022,9.812,8.8424,7.5526,6.4389,5.8264,11.581,13.725,14.628,14.656,14.854,14.174,13.755,14.174,14.252,13.428,13.715,14.193,13.187,13.846,12.748,14.016,12.975,13.187,13.684,12.178,11.854,11.901,12.144,12.235,11.712,12.029,13.23,12.144,11.617,10.404,10.404,13.51,15.621,17.535,17.158,17.399,17.279,16.681,16.284,14.694,14.864,15.514,15.834,16.888,16.386,18.128,18.043,18.128,19.114,18.53,19.624,18.583,19.453,20.579,19.056,18.732,20.525,20.086,17.966,16.555
12.625,14.638,15.042,14.45,14.193,14.721,13.391,13.217,12.462,11.682,11.181,10.049,10.036,9.5337,8.5048,9.8158,9.1241,9.5908,9.605,9.4185,10.291,10.144,10.036,9.9265,9.718,9.3458,9.4619,8.2606,6.5462,5.3789,11.47,13.624,14.067,14.212,14.145,14.067,13.832,13.803,13.882,14.067,13.584,14.212,13.553,14.212,13.674,13.483,12.925,13.186,12.418,12.385,12.56,11.217,11.74,11.682,11.936,11.914,12.647,12.118,11.07,9.6334,10.514,14.525,15.533,17.954,16.669,17.992,16.221,15.795,15.752,15.516,14.638,14.412,15.16,17.01,17.367,17.058,17.74,16.669,18.471,17.794,18.315,18.486,19.443,19.338,18.515,19.997,19.86,19.506,17.855,16.221
13.046,14.272,15.355,14.95,14.8,14.61,13.374,12.896,11.537,11.87,10.378,10.256,10.683,10.458,9.4492,9.9245,9.2251,9.8681,10.161,10.022,10.161,10.202,10.89,9.9666,9.1186,9.3453,9.2251,7.8527,6.3607,5.5149,11.729,13.3,14.913,14.95,14.301,14.572,13.744,13.825,13.744,13.825,13.744,13.467,13.744,14.213,13.703,13.363,13.046,12.95,13.498,12.045,12.045,11.729,11.23,12.161,11.585,12.252,13.046,12.286,11.205,10.202,10.89,13.529,16.039,17.198,17.198,17.198,17.495,15.891,15.209,14.533,14.884,14.533,15.97,16.587,16.704,15.643,17.44,17.819,19.228,17.819,18.48,18.336,19.658,20.843,19.053,20.1,20.08,19.228,18.608,16.307
13.719,14.784,15.839,14.934,14.775,14.354,13.566,13.032,12.273,11.181,10.407,9.7296,9.6866,8.7024,7.555,10.081,9.1089,9.5126,10.15,9.8151,9.8575,9.9139,10.878,11.524,9.7296,9.2152,9.5126,7.8443,6.6745,6.3539,12.044,13.719,15.339,14.489,14.812,13.851,13.881,13.617,13.566,13.617,13.349,14.159,14.354,13.234,12.675,12.686,13.192,12.686,12.708,12.686,12.708,11.621,11.656,12.033,11.656,12.307,12.752,12.239,11.716,9.5564,11.415,14.05,16.383,16.769,18.671,18.049,17.049,16.561,15.528,14.934,14.859,15.411,16.569,16.569,16.561,16.527,17.469,18.225,18.528,18.648,19.207,18.588,19.459,20.203,19.531,19.757,20.382,19.779,18.893,15.339
12.873,14.393,14.765,14.479,15.374,14.344,14.198,13.277,13.183,11.708,10.546,10.239,9.6802,9.5063,9.5063,10.44,9.4916,10.129,10.074,9.7232,10.599,10.074,10.019,9.3291,9.6225,9.2091,8.7762,7.9097,6.3715,5.8244,12.036,13.475,14.247,14.479,14.689,14.011,13.71,14.198,14.402,14.402,13.71,13.516,13.34,13.214,13.225,13.098,13.277,12.873,12.83,12.754,12.841,11.791,10.871,10.677,11.565,12.048,12.534,12.677,11.273,9.7232,10.546,13.71,14.933,15.616,18.021,18.456,17.529,17.56,16.882,16.423,15.301,14.989,15.731,15.21,16.381,17.998,18.725,18.121,18.576,19.245,19.446,19.688,19.518,19.961,20.079,20.368,19.702,19.794,18.418,16.423
11.472,13.257,13.519,13.202,13.563,12.625,12.45,11.096,10.829,10.388,9.2567,8.2546,8.7366,8.0393,7.6478,8.0393,8.4645,8.2369,8.5505,8.2546,9.3353,8.5505,9.2091,9.2091,8.2723,8.4645,8.2546,7.0509,6.1658,4.897,10.388,11.811,13.001,12.763,12.485,12.671,12.543,12.45,12.201,12.578,12.355,12.659,12.153,12.201,11.408,11.649,11.459,11.408,11.561,11.096,10.829,10.388,10.625,10.402,9.9421,10.652,11.459,10.816,10.275,9.1933,9.3353,11.909,14.561,14.76,15.315,15.831,14.399,14.318,13.519,12.45,13.001,14.154,14.511,13.861,13.616,15.72,15.831,15.905,16.659,16.205,17.681,16.773,17.178,17.101,17.44,17.615,18.482,17.548,16.773,14.561
13.141,14.633,14.898,15.038,14.323,14.823,14.117,13.258,12.575,11.359,10.394,11.009,9.6541,9.4193,9.5374,9.5374,9.2393,9.3746,9.7119,9.755,10.434,9.755,10.176,10.038,10.038,9.2544,9.0092,8.2808,6.8978,5.4468,11.971,13.735,14.117,14.294,14.823,14.294,13.796,13.887,13.765,14.594,13.755,14.215,14.294,13.141,13.258,13.602,12.796,12.271,12.486,12.741,12.741,12.168,11.603,11.747,12.064,12.214,13.098,12.575,11.711,9.755,10.541,14.235,16.813,17.135,18.839,17.737,17.514,16.116,15.729,15.915,14.196,15.149,17.167,16.612,17.061,17.737,17.33,18.096,18.456,18.905,20.359,19.257,20.11,19.409,20.145,20.027,20.578,20.962,18.403,15.783
13.05,14.88,15.14,14.681,14.276,13.95,13.9,13.502,12.369,12.56,10.699,10.205,9.7143,9.4521,9.5256,8.9981,9.5256,8.9981,9.5256,10.095,10.053,10.095,10.095,9.9696,10.205,9.743,9.3481,7.855,6.4281,5.6909,11.345,13.738,14.422,14.422,14.354,14.198,13.748,13.87,14.306,13.95,13.304,14.374,13.99,14.374,12.954,13.779,13.471,13.336,12.954,12.47,12.335,11.431,11.815,12.061,11.815,12.381,13.22,12.324,11.6,10.164,10.699,13.336,15.648,17.429,16.817,17.942,16.784,15.405,16.709,14.889,14.538,15.36,14.719,16.096,16.457,17.996,17.332,18.158,17.445,17.723,18.319,17.825,19.146,19.728,19.234,19.785,20.086,19.862,18.763,16.07
13.178,14.551,15.214,15.402,14.082,14.141,13.738,13.251,12.484,11.621,10.467,9.9989,9.2593,9.4786,10.108,8.5839,10.067,9.7352,9.4351,9.622,10.467,9.9989,9.4351,10.054,9.5505,9.1402,8.439,7.3458,6.8239,5.2598,12.049,13.209,14.747,14.371,14.476,14.131,13.698,13.618,13.738,14.218,13.507,13.857,13.936,13.084,12.734,12.958,13.095,12.604,12.572,12.263,12.139,11.322,11.585,11.958,11.761,11.958,12.947,12.263,11.621,10.162,10.533,14.131,15.684,16.854,17.342,16.55,16.25,15.455,15.561,14.542,14.598,14.877,15.779,16.3,14.513,16.233,16.854,17.546,17.794,17.902,18.145,18.28,19.597,19.708,18.964,19.365,20.358,19.372,17.917,16.02
12.939,14.184,15.084,14.984,14.669,13.95,13.357,12.66,12.453,11.773,10.8,10.608,8.9523,9.6174,7.8584,9.745,9.4881,9.3277,9.4446,10.009,9.9678,10.009,10.009,10.172,9.9402,9.7871,8.8908,7.1257,7.297,5.4696,11.538,13.191,13.92,14.251,14.669,14.155,13.781,13.52,13.979,13.831,13.871,13.661,13.871,13.661,12.843,13.222,13.357,12.939,12.747,12.219,12.331,11.773,11.442,11.502,11.309,12.061,13.097,12.497,11.248,9.8848,9.8431,12.971,14.91,16.375,17.105,17.233,16.74,15.726,15.002,15.726,14.3,14.556,15.908,14.762,15.576,16.968,16.451,17.486,16.871,17.415,18.336,18.299,19.048,19.221,18.991,19.693,19.97,19.49,17.82,15.839
12.953,14.482,14.753,14.67,14.243,14.098,13.246,12.782,12.577,11.107,10.003,10.393,10.524,9.6544,9.439,10.166,9.5545,9.439,9.0384,9.3221,9.9618,10.058,10.166,9.8372,9.8789,9.439,9.1439,7.5512,6.3696,5.5657,12.223,13.823,13.833,14.67,14.243,14.243,14.098,13.349,13.593,13.512,13.863,13.823,14.175,14.069,13.613,13.349,13.09,12.664,13.349,12.054,11.625,11.531,11.566,11.531,11.531,12.268,12.588,12.324,11.531,10.071,11.094,13.623,15.075,16.664,16.129,16.763,16.441,16.231,15.958,13.971,14.377,14.892,14.377,16.399,16.357,16.265,17.771,16.265,18.325,17.663,17.871,17.717,18.385,19.223,19.03,19.252,20.956,19.429,18.571,15.786
13.131,14.66,15.002,15.265,14.291,13.328,13.703,12.489,11.939,11.327,10.166,10.166,10.166,10.166,9.6258,9.739,9.2777,9.6115,9.6258,9.8371,10.166,9.4389,9.5543,10.058,9.4243,9.4389,8.9007,7.3487,6.391,5.2357,12.212,13.623,14.049,14.098,14.291,14.088,14.146,13.328,13.623,13.703,13.613,14.443,13.653,13.703,13.613,13.349,13.131,12.75,12.878,12.088,11.483,11.094,10.602,11.812,10.781,12.088,13.089,12.268,11.625,10.003,10.326,13.089,15.62,16.901,16.697,16.958,17.094,15.95,15.751,14.098,14.3,14.405,15.002,16.639,15.22,16.307,16.763,17.349,18.175,16.885,18.914,17.801,19.625,19.958,18.57,19.308,20.533,19.792,18.077,16.697
11.277,12.873,12.476,13.409,12.884,12.51,11.058,11.2,10.415,10.248,8.7973,8.5988,8.3785,8.0635,7.6798,8.1875,8.1699,7.9739,8.3957,8.3268,8.4809,8.5988,8.7316,9.2593,8.6489,7.9195,7.5093,7.1963,6.5473,4.7975,10.579,11.813,12.962,12.659,12.873,11.91,12.101,12.243,12.054,11.764,11.994,12.231,12.243,11.994,11.058,11.776,11.2,10.794,11.554,10.565,10.565,10.177,10.078,10.177,10.317,10.317,11.006,10.687,9.8903,8.6655,9.3828,11.91,13.569,14.728,14.836,14.942,14.961,14.492,13.42,13.28,12.383,13.675,13.42,13.675,13.748,15.181,14.836,14.913,15.592,15.948,16.1,15.948,16.843,17.57,16.454,16.654,17.83,17.173,16.41,13.452
12.657,14.662,15.212,15.094,14.139,14.139,13.766,13.208,12.439,11.489,10.281,10.596,10.583,8.9116,9.6208,9.6066,9.273,9.1391,9.6208,9.832,10.107,10.066,10.427,9.6066,9.434,8.9116,8.6306,8.1239,6.3014,5.3367,11.619,13.646,14.985,14.811,13.646,13.696,13.606,13.696,13.616,13.696,13.093,13.696,13.616,13.696,13.124,13.413,12.172,12.581,13.576,12.439,11.489,11.806,11.619,11.619,11.199,11.701,12.872,12.483,11.513,10.066,10.531,13.403,15.743,17.142,16.656,17.142,16.876,15.743,15.462,14.293,14.042,14.235,15.257,16.39,15.391,16.432,17.9,16.949,18.226,18.067,18.007,18.502,19.369,19.913,19.242,18.955,20.382,19.671,18.316,16.256
12.888,14.215,14.293,15.007,15.016,14.668,13.706,13.23,12.359,11.59,10.768,10.479,10.045,9.8201,9.5174,9.2199,8.9903,10.031,9.7059,9.5612,10.559,10.086,9.9609,9.6338,9.7059,8.9903,8.5126,7.7948,6.9438,5.686,11.59,13.46,14.293,14.264,14.41,13.767,14.342,14.264,13.767,13.817,13.767,14.264,13.978,13.948,13.522,13.209,13.071,12.769,13.198,11.911,12.279,11.372,11.023,11.722,11.199,12.154,13.06,12.062,11.421,10.155,10.572,12.985,16.493,18.019,18.019,17.366,17.549,16.298,16.374,16.374,15.59,15.118,14.678,16.374,16.778,16.056,17.699,17.486,18.44,17.739,18.485,19.426,19.005,19.789,19.541,20.282,21.13,20.317,18.598,16.298
12.711,14.788,16.052,15.388,15.003,14.084,13.487,12.546,12.059,11.683,10.396,10.881,9.6892,9.2177,9.3973,8.3453,9.4416,9.3527,10.152,9.5151,10.152,9.5151,10.622,10.248,9.7322,9.5589,8.9726,8.0566,6.8817,6.1552,12.151,13.763,14.665,14.863,14.56,14.406,14.26,13.814,13.621,14.338,13.518,13.884,15.003,13.733,13.227,13.237,13.036,12.982,12.853,12.982,12.356,11.588,11.719,11.624,11.719,11.861,13.352,12.036,11.196,10.014,10.868,13.733,16.565,17.64,17.703,18.435,17.257,16.531,15.666,15.37,14.872,15.388,16.078,15.816,15.306,17.233,16.964,17.976,18.015,18.322,19.067,18.322,19.118,19.812,19.557,19.536,20.88,19.364,19.037,15.878
10.854,13.055,13.483,13.342,12.59,12.59,12.12,11.428,10.416,10.133,9.5567,8.976,9.0406,8.4416,6.8644,8.6459,8.0898,8.1613,8.5273,7.8526,8.976,8.0175,9.4188,8.6962,8.6459,7.7781,7.7218,6.5611,6.0297,4.8539,10.416,12.227,12.451,13.342,12.988,12.451,12.988,11.975,11.667,12.694,11.84,12.12,12.544,11.938,12.227,11.865,11.441,10.8,11.118,11.377,11.118,10.304,10.705,10.261,10.472,10.596,11.617,10.786,10.374,8.8455,9.4188,11.779,14.238,14.985,15.677,16.188,15.528,14.522,13.32,14.279,12.416,13.58,14.995,14.522,14.522,14.471,15.187,15.677,15.677,16.376,16.658,16.5,17.207,17.334,17.559,17.666,18.345,17.367,17.029,14.156
12.551,14.413,14.681,14.528,14.87,14.5,12.945,12.783,12.772,11.226,10.614,9.8221,9.3569,9.7079,8.5959,10.047,9.7366,9.0386,9.4015,9.5194,10.143,10.047,10.088,10.088,9.8221,8.8516,8.8516,7.5049,6.5315,5.6132,11.866,13.891,13.941,14.364,15.028,14.672,14.03,13.951,14.364,15.35,14.218,13.941,14.422,13.86,13.86,13.77,13.462,13.369,12.596,12.429,12.772,11.689,11.101,10.886,11.374,12.064,12.772,12.191,10.988,10.088,10.143,14.422,16.403,16.773,18.208,17.984,16.806,17.457,16.497,16.403,15.313,14.795,15.35,15.753,16.267,17.75,17.93,17.577,18.33,18.481,19.126,18.907,19.126,18.907,18.847,19.623,19.849,19.126,18.307,16.446
12.639,14.641,14.454,14.378,14.119,14.148,13.323,12.715,11.928,11.743,10.76,10.773,9.8182,9.9151,9.9837,9.021,9.7204,9.4208,9.6073,9.9426,9.9837,9.4208,10.038,9.7624,9.26,9.3041,8.4262,7.9596,6.2926,5.6283,11.461,13.796,13.944,13.796,14.215,14.641,14.061,14.119,14.061,14.148,14.061,13.836,13.915,13.158,13.486,13.064,13.486,12.715,12.65,12.585,12.03,11.171,10.874,11.171,11.508,12.03,12.244,12.233,11.085,10.093,11.024,14.071,15.262,17.086,17.775,17.981,16.608,16.599,16.608,16.03,14.491,15.537,16.132,15.919,16.275,17.402,16.852,17.559,17.528,18.283,18.762,18.019,18.842,19.42,19.72,19.448,19.671,20.029,17.958,16.208
12.713,13.88,15.041,14.957,14.433,13.789,14.238,12.536,12.082,11.117,11.042,9.9774,10.694,10.103,9.2351,10.172,9.2351,10.033,10.43,9.8788,9.7075,9.5331,10.172,10.213,9.8788,8.801,8.4773,7.6265,6.3895,5.4443,12.058,13.554,14.001,14.588,14.365,14.52,13.911,13.22,13.911,13.88,14.365,14.229,13.789,13.84,13.482,13.06,13.06,12.569,13.06,11.824,11.646,11.117,10.85,11.741,11.317,11.682,13.135,12.446,11.883,9.6497,10.694,13.647,16.797,17.482,17.602,17.289,16.897,16.083,16.057,15.152,15.417,14.443,14.966,16.418,16.605,16.697,17.893,17.322,18.049,17.442,18.696,18.394,18.919,20.412,19.68,19.743,20.192,19.299,17.893,16.178
12.708,14.203,15.035,14.923,14.895,13.723,13.508,12.708,12.295,11.593,10.703,10.263,10.057,10.466,9.9734,10.385,9.4113,9.0016,9.7467,10.099,10.703,10.263,10.168,9.8749,9.9734,9.048,8.9705,7.4754,6.6862,5.3123,11.737,13.476,14.233,14.233,14.184,14.045,14.233,13.476,14.105,13.641,13.784,14.203,13.257,13.955,14.075,12.785,13.087,13.257,13.641,12.054,12.077,11.349,10.781,11.238,11.113,12.34,12.697,12.054,11.701,10.099,10.209,13.835,15.546,16.799,17.571,17.666,17.643,16.598,16.076,14.96,14.725,14.543,15.247,16.989,17.258,16.102,17.218,17.507,18.463,18.349,18.508,18.688,18.568,19.665,19.292,19.493,20.093,19.982,18.748,16.514
12.369,14.459,14.121,14.43,14.573,13.874,13.664,12.7,12.635,11.538,11.049,10.15,9.9156,9.59,8.699,11.136,9.6474,9.1779,10.15,9.4009,9.9712,9.8737,9.4741,9.9712,10.576,9.072,7.8125,7.6518,6.1511,5.4867,11.478,13.643,14.121,13.824,14.344,13.964,13.633,13.643,13.884,14.658,13.704,13.305,13.46,13.149,13.664,13.664,12.98,12.98,12.492,12.83,11.669,11.574,11.036,10.431,11.609,11.915,12.613,12.099,11.049,10.095,10.783,13.643,15.322,16.923,18.356,17.845,16.768,15.983,16.189,16.078,14.344,15.131,15.528,16.948,16.891,16.502,17.991,18.393,18.144,18.083,18.992,18.386,18.356,19.043,19.38,19.551,19.444,20.115,17.158,16.189
12.236,15.415,14.907,14.843,14.392,14.064,13.259,12.763,12.677,11.778,10.805,9.3757,9.2874,9.6215,7.4122,10.337,9.1533,9.1683,9.9445,9.6215,10.297,9.8891,10.805,10.177,9.4922,8.9254,8.7858,7.5042,6.712,5.345,11.217,14.112,14.306,14.458,14.392,14.834,13.985,13.847,13.607,14.685,13.475,13.956,14.306,13.103,13.259,13.134,12.601,12.191,12.458,12.458,12.191,11.106,10.906,11.204,11.637,11.72,12.425,11.778,11.531,9.6215,10.013,13.757,16.001,16.256,17.82,17.828,16.273,16.146,15.343,15.557,13.475,14.834,15.915,15.281,15.94,16.248,16.324,16.805,17.064,17.889,18.59,17.851,18.254,18.876,18.905,18.464,19.958,18.992,18.374,15.732
12.02,14.292,14.446,14.369,14.551,14.214,13.32,12.282,12.637,11.538,10.574,10.106,9.3224,9.411,8.9281,11.048,9.6721,9.528,10.051,10.051,10.522,10.12,10.106,9.4697,9.3075,9.6003,8.4993,7.5874,6.8594,5.5925,11.55,13.689,13.899,13.678,14.551,14.627,14.038,14.166,14.551,14.617,14.475,13.648,14.166,14.166,13.413,13.719,13.413,12.8,12.844,12.897,12.008,11.148,11.332,10.376,11.49,12.008,12.237,11.869,10.443,9.8282,10.653,13.899,14.88,16.511,17.918,17.918,16.385,16.966,16.637,16.001,14.156,14.74,14.899,15.482,16.207,16.343,16.843,16.942,17.488,17.583,18.481,17.918,18.481,17.918,19.201,19.409,20.136,19.522,17.872,16.207
12.593,14.566,14.309,14.716,14.106,13.88,13.231,12.852,12.505,11.722,10.807,9.9743,10.756,9.4944,10.602,9.1704,9.4509,9.6665,9.9743,10.406,10.498,10.016,9.4363,10.016,10.016,9.0194,8.4694,7.9332,7.0529,5.8612,11.581,13.366,14.395,14.193,14.462,14.763,14.106,14.164,14.462,14.193,14.106,13.791,13.959,13.366,13.273,13.427,13.67,12.98,12.103,12.069,11.45,11.722,10.615,10.807,11.059,11.605,11.781,11.781,11.022,9.8913,10.615,13.2,15.266,15.944,17.497,17.824,17.244,16.453,16.453,15.481,14.116,14.116,14.688,15.727,15.587,16.081,16.882,16.578,16.652,17.172,18.348,17.427,17.932,18.616,19.083,18.945,19.482,19.51,17.832,15.736
12.422,15.204,14.792,14.568,14.186,14.558,13.43,12.597,12.499,11.716,10.174,9.9692,9.6615,9.4895,10.321,8.4488,9.7886,9.8445,9.1507,9.8445,9.8862,10.174,9.446,9.9554,9.7464,9.1507,8.4488,7.5568,6.3311,5.6676,11.775,14.234,14.596,14.568,14.186,14.108,13.981,14.06,14.108,14.596,13.359,13.754,14.108,13.099,12.845,13.522,12.962,12.941,12.597,12.662,11.775,10.802,10.44,10.545,10.802,11.599,11.948,12.153,10.61,9.5615,10.789,13.833,16.073,16.898,16.873,17.346,16.775,15.632,15.728,15.195,14.157,15.579,15.204,15.195,15.086,17.107,16.775,16.898,17.488,17.107,18.406,18.158,18.892,18.928,18.812,19.752,20.347,19.45,17.418,16.03
12.671,14.706,15.111,14.594,14.414,13.387,13.601,12.939,11.773,11.285,10.8,10.293,9.4444,10.009,9.8428,8.4473,9.0436,9.7448,9.9675,10.009,9.9675,9.7448,10.53,10.063,9.9675,9.6314,9.0436,7.735,6.3948,4.9423,11.632,13.631,13.841,14.414,13.92,13.841,14.106,14.106,14.057,13.979,13.949,14.184,14.096,13.661,13.751,13.097,12.671,12.971,13.108,12.682,12.331,11.248,10.543,10.595,11.212,11.632,12.061,11.773,10.939,9.6599,10.543,13.52,15.274,17.344,17.438,17.843,17.446,15.795,14.49,15.336,14.299,14.309,15.576,14.892,15.12,16.87,17.232,17.415,17.161,17.28,18.336,17.843,18.896,19.391,18.896,18.867,20.222,19.22,18.425,15.76
12.724,14.445,14.616,13.677,14.739,13.808,12.993,12.993,13.014,11.822,11.356,10.652,10.214,10.119,10.845,8.4824,10.442,9.5996,10.105,10.05,9.7852,9.8275,9.9256,9.4836,9.3217,9.3662,9.0046,7.532,6.7368,5.6658,11.585,13.647,14.445,14.203,14.445,14.673,13.647,13.484,14.164,15.146,13.888,14.164,14.164,13.193,13.768,12.625,13.025,13.151,11.903,12.099,12.669,11.047,10.845,10.639,11.258,12.111,12.415,12.315,11.246,10.16,10.119,13.193,14.972,15.999,17.637,17.994,16.518,16.908,15.999,15.817,14.55,14.291,15.472,14.879,15.319,17.232,16.477,17.684,17.304,18.116,19.149,18.857,18.17,17.978,20.032,19.12,19.357,19.641,18.162,15.543
12.281,14.497,15.263,14.459,14.306,13.847,13.103,12.425,12.458,11.778,11.106,9.6218,9.7916,10.906,8.9564,9.8893,9.1536,10.082,9.7916,10.082,9.9447,9.6218,10.298,9.3319,9.4344,8.9257,8.4676,7.6315,6.6711,4.9724,11.495,13.607,14.497,14.459,14.239,13.956,13.877,13.956,14.392,13.956,13.788,13.837,13.27,14.161,13.758,12.892,12.763,13.145,12.666,12.458,11.72,11.106,10.613,11.119,11.217,11.825,12.191,12.225,11.007,10.082,10.298,13.363,15.236,16.78,17.008,16.45,16.575,15.557,15.636,15.733,14.258,14.064,14.113,16.078,16.682,16.257,17.423,17.328,18.194,17.89,17.805,18.412,18.255,18.898,18.905,19.05,19.702,19.457,17.828,16.001
12.497,14.106,15.274,15.479,14.386,14.155,13.013,12.747,12.219,10.939,10.077,10.293,9.4447,9.1495,7.5558,10.077,9.2687,8.9677,9.6317,9.9678,9.6317,9.5602,10.172,10.118,9.2835,8.9216,8.5284,7.297,6.6681,5.3427,12.42,13.223,14.818,14.79,14.827,14.232,14.097,13.621,13.712,14.155,13.357,13.782,14.678,13.712,12.939,12.747,12.364,12.152,12.682,12.617,12.275,11.573,11.632,11.114,11.878,11.526,12.79,11.97,11.573,9.3718,10.478,13.621,15.934,17.415,17.882,17.92,17.281,16.173,15.002,15.084,13.591,13.752,15.229,15.084,15.274,15.717,15.752,16.451,17.673,17.882,17.789,18.276,19.07,19.56,19.616,19.448,20.646,19.07,18.926,15.471
12.611,14.05,14.976,14.746,14.549,14.099,12.654,12.88,11.941,11.243,10.433,9.6268,9.6125,10.167,8.4433,10.59,9.0088,9.2787,9.6125,9.4398,9.6125,9.7822,10.072,10.167,9.3229,8.9171,9.367,7.7313,6.2835,5.3911,11.709,13.133,14.148,14.699,14.378,14.903,13.834,14.099,13.834,13.972,14.099,13.972,14.671,13.705,13.122,13.462,12.413,12.447,12.179,12.447,12.258,11.243,11.194,10.795,11.626,12.055,12.589,12.089,11.871,8.9478,10.167,13.864,15.621,17.048,17.224,17.272,17.152,16.02,15.293,15.409,14.292,13.972,15.463,16.165,16.241,15.926,16.266,16.699,16.789,17.834,18.916,17.834,19.438,19.31,19.403,19.381,20.448,19.254,18.916,16.063
12.621,14.11,15.233,15.006,14.794,13.665,13.195,13.017,12.064,11.141,10.494,9.6629,9.4908,9.3303,9.0464,9.4473,9.4473,8.9087,9.943,9.6201,9.5629,10.067,10.012,10.752,9.5629,9.4473,8.9241,7.5031,6.6287,5.4712,11.718,13.924,14.456,14.905,14.313,14.062,13.605,13.665,13.361,13.524,13.785,14.159,13.665,13.755,12.664,13.257,12.664,12.268,13.143,11.776,11.776,11.493,11.288,11.776,11.017,11.718,12.675,12.368,11.776,10.067,11.541,14.11,15.938,17.616,17.11,17.325,17.451,15.278,15.116,15.006,14.11,15.006,15.554,15.519,14.683,16.547,16.455,16.843,17.11,16.802,18.191,17.825,18.989,19.643,19.054,19.566,20.249,18.587,17.91,15.843
12.917,14.275,14.227,14.39,14.227,13.638,13.242,12.661,12.596,11.613,10.577,10.315,10.421,9.6012,9.6438,10.473,9.253,9.9921,10.047,9.9921,10.46,9.544,10.047,9.9921,9.6438,9.0285,8.6573,7.8451,6.2979,5.6572,11.695,13.169,14.227,14.39,14.39,13.818,13.728,13.568,14.082,14.503,14.569,14.285,13.808,14.39,13.334,12.65,13.497,13.334,12.917,11.423,11.695,10.782,11.082,11.033,11.29,11.482,12.432,11.926,11.834,9.7706,11.193,14.034,16.247,16.899,18.034,17.813,17.012,16.247,16.289,14.654,15.167,14.131,14.802,16.867,16.239,16.01,17.386,17.076,17.905,18.155,18.305,18.125,18.836,19.632,19.009,19.295,20.202,18.777,18.125,15.734
12.973,14.599,14.396,15.237,14.444,14.121,13.981,13.092,12.623,11.714,10.715,9.9849,10.794,9.3624,9.0429,9.0584,9.4221,8.9963,10.11,10.11,9.9849,9.8862,10.179,10.041,9.5402,9.0584,8.6147,8.0082,6.3943,5.3184,11.69,13.492,14.396,15.237,13.981,14.249,13.759,13.492,13.891,13.8,13.325,14.637,13.23,13.657,13.07,13.325,12.354,12.217,13.23,12.068,11.892,11.618,11.313,11.606,11.126,11.998,12.712,12.068,11.714,9.7292,10.715,13.85,16.302,18,17.14,18.024,17.066,16.943,16.016,14.827,14.56,14.94,15.876,16.016,15.154,16.909,16.909,16.439,18.37,18.024,18.529,18.37,19.117,19.687,19.234,19.587,20.109,19.176,17.907,15.787
12.614,14.248,14.897,14.814,14.296,14.103,13.094,12.883,12.261,11.246,10.29,10.17,9.5578,9.2664,9.1472,9.2811,9.8407,9.1472,9.7426,10.17,10.17,10.17,10.605,10.29,9.8407,8.7172,8.4455,7.4441,5.9718,4.8289,11.535,13.425,13.778,14.074,14.18,14.248,14.296,13.828,13.708,13.708,14.151,14.449,13.105,13.01,12.883,12.84,13.219,13.261,12.679,12.058,11.851,11.049,10.798,11.439,11.246,11.817,12.272,12.058,11.049,9.9515,10.593,13.094,16.177,17.292,17.292,17.411,17.229,15.695,15.904,15.475,15.27,15.252,15.546,15.511,15.008,16.907,16.637,17.061,17.568,17.816,18.392,19.209,18.717,19.681,18.775,19.379,19.485,19.408,17.808,15.748
12.661,14.658,14.99,15.1,14.134,14.24,13.86,12.41,12.254,11.481,10.6,10.11,10.6,10.069,10.522,9.2614,9.4807,9.3204,10.069,9.7374,10.522,9.6241,9.9462,10.056,9.2762,8.4571,8.9146,6.8254,6.6216,5.7821,11.764,13.651,14.779,14.374,14.667,14.144,14.173,13.82,13.771,14.144,13.771,13.939,14.374,12.78,13.346,13.212,12.737,12.21,12.833,12.21,12.443,11.043,10.6,11.481,12.254,11.493,12.607,11.937,11.276,9.7374,10.325,14.24,15.895,17.148,18.172,17.401,16.637,16.388,15.748,15.217,14.095,14.047,15.262,15.467,14.825,15.713,16.694,17.346,17.496,17.401,18.969,18.589,18.743,20.709,19.198,18.969,19.622,18.969,17.806,14.972
12.806,14.449,14.85,14.234,14.632,13.487,13.754,12.304,12.086,11.602,10.54,10.434,10.176,10.162,10.217,8.5464,9.2539,9.8827,9.8401,10.176,9.8401,9.5808,9.7544,10.272,9.9813,9.2387,9.2387,7.4813,6.5435,5.6234,11.159,13.487,13.795,14.632,14.632,14.526,14.116,14.086,13.487,13.886,13.795,13.845,14.293,13.098,13.487,13.225,13.066,12.795,12.063,12.696,12.35,11.686,11.159,11.046,11.602,12.718,12.485,12.179,11.444,9.5808,10.065,14.698,15.993,16.961,17.986,18.455,17.585,16.433,15.782,15.853,14.736,14.056,15.702,15.666,15.259,16.569,17.521,17.401,17.513,18.477,19.751,18.218,19.118,19.638,19.573,19.751,19.687,19.58,17.609,15.378
13.105,14.055,14.981,14.703,14.383,14.103,13.251,12.494,12.329,11.049,10.291,9.8828,9.1476,9.1626,9.0116,8.9198,9.6582,8.9198,8.889,9.9658,10.007,9.4862,10.062,10.436,9.6297,8.7176,8.9044,7.9953,6.1084,5.1587,11.571,13.354,14.563,14.181,14.249,14.249,14.055,12.755,13.354,13.917,13.619,14.103,13.354,13.426,12.228,13.105,12.968,12.614,12.273,11.63,11.63,11.197,11.331,11.307,11.049,11.712,12.593,12.329,11.099,9.6582,11.5,13.261,15.757,17.443,17.158,17.561,17.293,16.313,15.626,14.703,14.487,15.271,15.405,15.853,14.815,16.997,17.412,17.348,18.061,16.712,18.563,18.519,19.217,20.381,18.987,19.724,20.374,19.316,18.22,16.263
13.247,14.417,15.757,15.032,13.864,13.955,13.713,13.497,12.432,11.596,11.192,10.404,9.6962,9.5659,8.9792,10.022,8.9792,9.9237,9.522,9.6962,10.256,10.256,10.773,9.6962,9.7106,9.522,9.0873,7.3946,6.8867,5.3082,11.811,13.824,14.685,14.874,14.034,14.173,14.426,13.045,12.992,13.713,13.331,14.094,14.368,13.743,13.247,13.247,12.698,12.599,12.851,12.466,12.16,11.584,11.291,11.341,11.402,12.319,12.851,12.331,11.811,10.146,11.426,14.417,16.382,17.245,18.028,17.558,17.009,15.462,15.426,15.462,14.222,15.244,16.306,16.314,16.45,15.757,17.302,17.034,18.577,18.426,18.734,18.934,19.847,20.895,20.043,19.855,20.511,19.436,18.335,15.354
13.086,14.884,15.135,14.968,14.232,13.954,13.742,12.707,12.328,11.544,11.15,10.029,10.411,10.411,9.6452,10.098,9.5286,9.4106,10.167,9.7461,10.167,10.098,10.584,10.153,9.2308,9.2308,8.7969,7.9459,6.1639,5.3119,11.592,14.044,14.427,14.968,14.619,14.427,13.722,13.507,13.874,13.712,13.722,13.964,13.874,14.232,13.309,13.538,12.86,12.904,12.958,11.878,11.41,11.604,10.702,11.385,11.385,12.294,12.86,12.339,11.544,10.098,10.896,13.954,16.136,17.45,17.506,17.506,17.434,15.979,15.997,15.024,14.514,15.437,14.232,17.045,15.768,17.119,16.922,16.462,18.499,18.095,18.079,19.145,19.98,20.525,19.621,19.16,20.423,19.065,17.72,16.075
12.922,14.733,15.254,14.537,14.659,14.366,13.339,12.644,11.954,11.086,10.594,10.786,10.319,9.271,8.9097,10.594,9.1372,9.432,9.9269,9.6045,10.105,9.9269,10.319,10.516,9.9956,9.271,8.1221,7.7778,6.6179,5.2319,11.699,13.613,14.743,14.537,14.136,14.471,13.693,13.931,13.451,13.573,13.583,14.29,14.29,14.087,13.09,12.996,12.6,12.259,12.73,12.045,11.804,11.318,11.294,12.045,10.925,11.954,12.922,12.557,11.699,9.4754,10.887,14.039,16.007,18.162,17.034,18.041,16.42,16.42,14.982,14.136,14.798,14.232,14.733,16.015,15.45,16.387,16.151,16.151,17.704,18.041,17.65,18.431,18.951,19.977,19.471,19.471,20.189,19.888,18.718,15.731
12.949,14.68,15.24,14.838,14.194,13.722,13.201,12.691,11.723,11.342,10.603,10.071,10.603,10.016,10.125,8.6783,9.3785,8.9588,10.085,9.7942,10.085,9.4515,10.551,10.327,9.6671,9.2754,8.9281,7.5065,7.2834,5.3977,12.07,13.671,14.117,14.567,14.764,14.087,13.641,14.087,13.631,13.762,13.117,13.366,14.717,12.626,12.895,12.97,12.506,12.34,12.506,12.68,11.955,11.06,11.122,11.022,11.146,12.07,12.799,12.104,11.318,9.2902,10.551,13.841,15.772,17.428,17.81,16.554,16.454,15.772,14.801,14.921,13.851,13.762,16.151,15.348,13.96,16.082,16.454,15.919,16.907,18.237,18.757,18.58,19.7,20.094,18.903,19.511,19.679,18.735,17.802,15.588
12.525,13.872,14.739,14.089,14.331,14.264,13.386,12.699,12.088,11.846,10.356,10.195,9.6388,9.1698,8.5473,8.6595,9.3484,8.9876,9.3484,9.9899,9.6816,9.5092,9.7667,10.316,9.4656,9.0335,8.9876,7.5177,7.0639,5.4818,11.741,13.252,14.264,15.035,14.795,13.902,13.782,13.662,13.742,13.652,13.782,13.692,13.782,13.386,12.525,13.126,12.818,12.775,12.818,11.846,11.658,11.138,10.632,11.741,10.926,12.088,12.71,12.213,11.076,9.865,10.514,13.458,15.611,16.687,17.095,16.711,16.175,15.969,14.626,14.56,13.862,14.823,15.308,14.626,15.236,16.403,15.308,16.81,16.933,17.548,18.741,18.564,18.608,18.623,19.033,19.604,19.765,18.931,18.645,16.209
12.246,14.417,14.739,14.795,14.56,13.499,13.252,13.293,12.71,11.224,10.501,9.6815,9.6387,9.4655,8.9874,10.086,9.4509,9.3483,9.5091,9.7665,10.031,10.086,10.031,9.6529,9.5091,9.1846,8.6911,7.3694,6.7239,5.7994,11.515,13.862,14.851,14.331,14.341,13.782,13.621,13.782,14.331,14.626,13.621,13.651,13.458,12.688,12.645,13.042,13.22,12.392,12.775,12.246,12.122,11.273,10.342,11.126,11.273,11.622,12.623,11.973,11.138,9.6815,10.031,13.651,15.226,16.445,17.96,17.883,16.81,15.226,15.308,15.263,14.186,14.128,15.371,15.145,15.335,15.969,16.175,15.83,16.81,17.335,18.623,17.883,18.967,18.645,19.227,18.975,19.993,18.377,17.454,14.925
13.031,13.998,15.536,14.856,14.773,13.64,13.86,12.348,11.553,11.066,10.764,9.9812,10.022,10.022,10.453,9.1617,9.4573,9.1767,10.132,9.6446,10.557,9.9536,9.8981,10.022,9.2811,8.7939,8.4751,7.7987,6.999,5.5766,12.247,13.77,14.838,14.116,14.632,14.125,13.939,13.64,13.406,13.77,13.86,13.998,13.68,13.282,12.978,12.514,12.978,12.688,12.111,11.789,12.348,11.066,11.215,11.066,11.835,11.73,12.688,12.066,11.517,10.505,10.307,13.436,15.747,16.296,17.844,17.023,16.861,15.955,15.357,14.51,14.251,13.85,14.698,14.856,14.93,15.249,16.795,16.015,17.304,17.023,18.323,18.361,18.428,19.664,19.067,19.976,19.474,19.002,17.462,15.738
12.505,14.115,14.827,13.929,14.499,13.72,13.67,12.461,12.603,11.341,10.602,10.406,9.4505,9.2744,8.7876,8.9579,9.9464,9.1701,9.6662,9.3335,9.974,10.406,9.4941,9.8492,9.4505,9.4505,8.6774,7.5604,6.3774,5.1895,11.509,13.958,14.499,14.603,14.575,13.67,14.164,13.79,13.599,13.929,14.115,14.308,13.365,13.529,12.679,13.61,13.147,12.668,12.766,11.509,11.827,11.219,10.602,11.545,11.021,11.954,12.272,12.238,11.64,10.084,11.021,13.63,15.586,17.583,17.331,16.906,16.938,15.639,14.993,14.241,14.461,14.688,14.846,15.239,14.772,16.149,16.461,17.371,17.426,17.331,17.931,18.711,18.995,19.698,19.74,18.167,20.235,19.332,18.258,16.808
12.668,14.181,14.787,14.98,14.142,13.517,13.598,12.45,11.712,10.798,10.075,9.9379,9.8408,8.9503,7.9262,9.6579,8.9042,9.6295,9.428,9.2665,9.4425,9.3256,10.075,10.541,9.8408,8.9656,8.5906,7.4993,6.8292,5.1586,12.058,13.709,15.271,14.98,14.666,14.152,13.868,13.658,13.466,13.947,13.598,13.838,14.103,12.668,12.668,13.415,12.092,12.272,12.614,12.679,12.614,11.136,11.197,11.63,11.197,11.487,12.744,11.487,11.63,9.1473,11.012,13.748,16.563,16.964,17.839,17.723,17.061,15.835,14.815,14.824,13.261,14.382,16.262,15.271,15.226,15.852,15.405,16.024,17.157,18.182,19.23,18.392,19.443,21.327,19.216,19.716,20.488,19.443,19.18,15.573
12.083,14.371,14.877,14.285,13.817,13.209,13.126,12.604,12.218,11.322,10.428,10.067,10.428,9.6077,8.9585,9.9988,9.4785,9.3182,10.162,9.6077,9.9301,9.6219,9.8748,9.9988,9.3182,8.9432,8.5197,8.1752,6.5577,5.3883,11.526,13.577,14.14,14.285,14.043,13.827,13.965,13.817,13.648,14.082,13.617,14.14,13.857,14.092,13.25,13.738,12.572,12.958,12.561,12.352,11.621,11.322,11.298,10.89,11.43,11.957,11.934,12.218,11.09,9.6503,11.237,13.698,16.756,17.279,16.854,17.303,17.088,16.633,15.683,14.513,14.579,13.817,14.4,16.165,15.701,16.434,17.421,17.709,18.496,18.024,18.548,18.739,18.957,19.984,20.134,20.141,20.032,19.54,17.397,15.613
11.155,12.468,12.865,12.503,12.708,12.094,12.224,10.775,10.241,10.199,9.0972,9.1758,8.7264,8.5937,8.8733,7.6752,8.4758,8.3906,8.165,7.6752,8.6603,8.6603,8.3906,8.7264,7.9691,8.2001,7.6752,6.5434,5.921,5.0572,10.573,12.236,12.341,12.503,12.708,12.617,12.236,12.094,11.597,11.987,11.902,12.434,11.805,11.46,11.051,11.597,11.46,11.155,10.933,10.854,10.933,9.9713,9.7821,9.8844,9.7821,10.573,11.051,10.933,9.8844,8.8409,9.6639,12.708,14.483,15.472,15.472,15.546,14.474,13.73,13.667,13.529,13.043,12.651,12.966,13.272,13.561,15.105,15.096,15.105,15.992,15.766,15.875,16.652,17.287,17.502,17.187,17.262,17.819,17.559,15.992,13.498
13.108,14.49,15.52,15.093,14.248,13.852,13.235,12.774,12.319,11.621,10.607,10.448,10.082,8.9865,8.7827,9.0328,9.7304,9.5133,9.7017,9.5571,10.137,9.5571,9.5133,10.026,9.336,9.6297,9.2159,7.6106,7.4067,5.277,12.709,13.972,13.852,14.672,14.258,14.557,14.258,13.811,13.235,14.355,13.36,14.051,14.719,12.98,12.709,12.665,12.687,12.709,12.883,12.543,12.51,11.182,11.182,11.132,12.033,11.859,12.543,12.543,10.828,9.5133,11.019,14.199,16.862,18.219,19.461,18.219,17.478,16.528,16.049,15.875,14.355,14.287,16.049,16.367,16.862,16.299,16.895,17.856,18.657,18.894,19.554,18.379,18.47,19.808,20.688,20.06,21.194,19.864,18.379,17.034
10.938,12.53,12.841,13.077,12.436,12.436,11.661,11.599,10.938,10.641,9.4343,9.4343,8.5414,8.4555,8.1031,7.5048,8.1748,8.1031,8.7105,8.86,8.9093,8.86,8.1748,9.1676,8.9093,7.7346,7.5048,6.5049,5.5618,4.8618,10.804,11.994,13.155,13.077,12.976,12.749,11.994,12.319,12.079,11.994,12.079,12.749,12.079,12.247,10.613,11.86,11.798,11.124,11.28,10.655,10.433,9.9315,10.15,10.25,10.15,10.871,11.548,10.696,10.092,8.7939,9.4343,12.611,13.847,16.287,15.135,15.554,14.755,14.495,13.889,12.806,12.987,13.773,12.646,13.847,13.375,14.596,15.298,15.703,16.465,15.164,16.043,16.215,17.295,17.496,16.954,17.957,18.223,17.193,15.731,13.751
12.705,14.966,14.741,14.722,14.957,14.425,13.212,12.782,12.051,11.298,10.882,9.5272,9.5272,9.9712,7.9973,9.7015,9.2294,9.7159,9.2294,9.8727,10.423,9.8727,10.423,9.8727,9.7159,8.9841,8.9996,7.511,6.8702,5.6178,11.923,13.453,14.882,14.434,15.142,14.617,14.425,13.872,14.18,14.434,14.042,13.71,13.992,13.952,12.869,13.474,12.562,12.371,12.782,12.337,12.383,11.638,11.236,11.211,11.876,12.337,12.383,12.166,11.347,9.5272,10.895,14.23,15.854,17.765,18.863,17.599,17.44,17.206,15.362,15.766,13.902,14.807,15.898,14.722,16.108,16.417,16.853,16.519,17.757,17.567,19.618,19.054,19.432,19.731,20.089,19.611,20.719,19.054,19.149,15.863
12.654,14.125,15.208,14.087,14.164,14.135,13.173,12.772,11.93,11.486,10.785,10.593,9.5468,10.05,9.9263,8.8938,9.4315,9.1367,10.104,10.104,10.104,9.8294,9.9263,10.158,9.4315,9.2557,8.7698,7.4906,6.2997,5.2577,11.757,13.612,14.038,14.807,14.164,14.057,13.602,13.693,13.612,13.693,13.612,14.057,14.649,12.953,13.338,12.247,13.338,11.93,12.402,12.435,12.202,11.294,11.196,11.098,11.521,11.698,12.402,11.941,11.51,9.604,11.036,14.366,16.243,16.749,18.13,18.161,17.081,16.419,15.063,15.387,14.038,14.232,15.253,15.099,16.014,16.117,16.977,16.519,18.002,17.649,18.43,18.062,19.777,19.942,19.99,20.052,20.835,19.421,18.318,15.972
11.638,13.759,14.162,13.928,14.62,14.104,13.639,12.282,12.338,11.02,10.614,10.123,8.7867,9.3766,8.9263,8.9263,9.4496,8.9263,8.9263,9.6652,10.014,9.4496,9.7923,9.6368,9.4496,8.9263,8.452,7.5597,6.3118,5.2417,10.806,13.608,14.498,14.422,14.62,14.162,13.198,13.759,14.153,14.498,13.669,13.838,13.364,13.104,12.85,13.669,13.198,12.689,12.624,11.496,11.544,10.755,11.02,11.144,11.008,11.544,12.101,11.953,11.144,10.178,11.144,14.114,15.734,17.353,16.724,17.329,16.459,16.275,15.968,15.479,15.282,15.282,14.114,16.182,15.567,17.369,18.036,17.066,17.62,17.737,17.822,18.591,18.731,19.78,19.571,19.676,19.96,19.451,17.519,15.804
13.008,14.387,14.959,14.931,14.694,13.912,13.222,12.693,11.967,11.647,10.104,10.062,10.498,9.7518,10.173,9.2514,8.6093,9.4162,10.104,10.159,10.062,10.159,9.7518,9.9786,9.2363,9.7518,9.0063,7.4793,6.8753,5.3934,12.083,13.546,14.522,14.445,14.968,14.002,14.522,14.002,13.648,14.112,14.082,13.597,13.72,12.715,13.264,12.347,12.704,12.347,12.704,12.392,12.267,11.318,11.417,11.156,11.417,11.743,13.264,11.647,11.599,9.8375,10.696,13.556,15.724,17.396,18.359,17.58,17.525,16.607,15.778,15.446,14.959,14.23,15.901,14.959,15.626,16.565,17.509,16.899,17.981,18.601,18.958,18.743,19.632,20.243,20.069,19.417,20.687,19.251,18.473,15.126
11.049,12.466,13.398,13.237,12.951,12.091,11.803,10.732,10.295,9.7799,8.4739,9.3597,8.9197,8.1982,9.5421,7.6734,8.1807,8.1982,8.79,8.32,8.3716,8.5917,9.4817,9.2517,8.1631,7.7294,8.0569,6.7152,6.1106,5.2783,10.719,11.984,12.874,13.237,12.739,12.739,11.9,11.9,11.394,11.839,11.394,11.803,12.127,11.267,10.785,11.544,11.036,10.852,10.785,11.191,10.852,9.4968,9.8385,10.012,9.8385,10.839,11.394,10.529,9.8822,8.4739,9.7799,12.963,14.579,15.871,15.607,15.177,13.975,13.975,13.051,12.963,12.373,13.084,14.068,13.695,12.963,14.901,13.945,14.421,15.542,15.988,15.771,16.203,17.449,17.976,17.523,17.555,18.573,17.3,16.51,14.24
11.307,12.909,12.953,12.964,12.875,12.152,11.841,10.72,10.932,9.9702,9.7074,8.7255,8.5928,8.3382,7.1912,8.7255,7.914,7.6744,8.04,8.6428,8.475,8.1993,8.9209,8.985,8.1642,7.7303,7.5232,6.5428,5.9927,4.6109,10.407,11.841,12.741,12.964,12.909,12.886,11.804,11.755,12.34,12.152,11.841,12.223,11.985,11.596,11.471,11.985,10.72,11.269,10.639,11.269,10.612,10.24,10.296,9.2528,10.407,10.407,10.998,10.31,9.6629,8.1112,9.8397,12.223,13.915,14.432,15.918,15.873,14.432,14.242,13.665,14.069,12.502,12.513,14.151,13.977,14.64,13.739,14.64,14.931,14.864,15.837,16.822,16.328,17.127,17.034,17.261,18.082,17.85,17.36,16.125,13.665
12.565,13.582,15.291,15.264,14.518,14.29,13.348,12.267,12.042,11.482,10.471,9.6253,9.9612,9.6538,8.1948,10.432,9.4384,9.4384,9.6253,9.6253,9.4384,9.6111,10.286,9.6538,8.9617,8.442,9.1584,7.8707,6.8061,5.2616,11.007,13.348,14.882,14.743,15.001,14.3,13.911,13.832,14.097,14.547,13.97,13.941,14.481,13.214,12.781,13.46,13.12,12.445,11.95,12.445,12.211,11.434,11.241,10.793,11.95,11.765,12.587,11.87,10.932,10.002,10.781,13.772,16.128,17.094,17.599,17.045,16.696,16.786,15.291,15.327,14.242,14.376,14.882,14.669,16.86,16.556,16.704,17.15,16.704,18.076,19.378,18.391,18.569,18.848,19.378,19.936,20.039,18.913,18.414,15.566
12.324,14.406,15.22,14.809,14.754,13.823,13.246,12.878,11.435,11.242,9.9343,10.112,10.071,9.7814,9.6544,8.5233,9.3662,9.2779,10.537,9.626,10.313,10.313,10.313,9.7814,9.4391,8.9163,9.3222,7.975,6.3697,4.9672,11.813,13.09,14.444,14.809,15.002,13.912,13.583,13.743,14.049,13.461,13.215,13.863,14.67,13.184,12.664,12.932,12.653,12.653,12.75,12.412,11.94,11.327,11.566,11.483,11.008,11.87,12.836,12.178,11.766,9.879,11.132,14.744,15.847,17.499,17.601,17.779,16.265,15.265,14.828,14.809,14.377,14.744,15.22,15.22,15.184,16.697,16.265,16.441,17.925,17.909,18.175,17.717,18.922,19.758,19.109,19.626,20.527,19.681,18.878,15.924
12.33,14.251,14.489,14.413,14.251,13.418,13.661,12.616,12.094,11.632,10.53,10.063,10.49,10.008,10.077,10.077,9.6312,9.8426,10.118,10.077,9.9397,9.8843,10.077,9.6312,9.5597,9.3712,8.7189,8.3819,7.0284,5.2648,11.441,13.469,14.565,14.91,14.251,14.251,13.87,13.519,13.661,13.751,14.231,14.154,13.661,13.751,14.057,12.939,12.66,12.939,12.452,11.772,11.248,11.101,11.248,10.939,11.248,11.284,12.452,11.489,11.441,9.6312,11.113,13.92,15.716,17.571,17.296,17.296,17.104,15.933,15.725,14.91,14.556,14.612,13.949,16.027,14.983,15.416,16.566,16.967,17.919,16.894,17.919,17.881,18.522,19.935,19.39,19.573,20.377,18.983,18.566,16.299
12.662,14.681,14.755,15.276,14.53,14.108,13.663,12.749,12.366,11.821,10.61,10.44,9.1507,8.9075,9.446,9.0147,9.7886,9.446,9.9416,9.8445,9.446,9.8445,10.12,10.079,10.174,8.9229,8.9229,7.5021,6.3959,5.6433,11.287,14.254,14.82,14.764,14.53,14.416,13.833,13.754,13.833,13.623,13.754,14.06,13.099,13.522,12.845,13.593,12.597,12.662,12.941,11.599,11.716,11.201,11.213,11.016,11.14,11.539,12.063,11.599,11.311,9.7886,11.575,14.416,16.677,17.567,16.914,17.846,16.8,15.561,15.728,14.099,14.903,14.829,14.615,15.004,14.492,16.767,16.302,17.362,17.449,17.418,18.029,17.676,18.892,19.216,19.188,19.394,19.323,19.724,17.923,15.763
12.843,14.106,14.096,14.251,14.414,14.251,13.139,12.97,12.06,11.877,11.014,9.6313,8.9672,9.2682,8.4472,10.438,9.4442,8.9519,8.9058,9.4442,10.118,9.8427,9.9398,9.7446,10.009,8.9212,8.7817,7.5007,6.7088,5.2648,11.442,13.469,14.154,14.251,15.084,14.385,13.87,13.52,14.299,14.251,13.781,13.418,14.385,13.097,13.222,13.601,13.128,12.96,12.496,12.33,11.773,11.199,10.8,10.009,11.211,11.714,11.969,12.06,11.014,9.164,10.749,13.92,15.725,16.4,17.881,18.365,17.104,16.027,16.181,16.649,14.251,14.385,14.983,15.725,15.933,15.76,16.894,16.911,16.715,17.919,18.603,18.087,18.888,18.975,20.058,18.975,19.948,19.496,17.842,16.138
12.743,14.561,15.269,14.485,14.485,14.664,13.352,12.091,12.271,11.011,10.006,10.487,9.3245,9.6569,9.5569,8.5255,9.4269,9.0104,9.4849,9.4414,9.6569,9.8815,10.169,10.169,9.4414,9.2655,8.5255,7.2945,5.9713,5.158,11.569,13.945,14.304,14.997,14.887,14.15,13.747,13.657,13.414,13.866,13.836,13.747,14.295,13.617,13.103,13.009,12.667,12.935,12.591,11.954,11.593,10.797,11.498,11.11,11.208,11.711,12.667,12.416,11.196,9.4414,10.797,14.673,16.437,17.876,17.291,16.767,17.051,15.465,15.624,14.673,14.748,14.831,15.746,14.887,14.551,17.051,17.291,16.889,18.18,16.767,17.791,17.837,18.919,19.49,19.997,19.908,20.045,19.257,18.597,15.474
12.314,14.135,14.742,14.732,14.135,13.96,13.11,13.41,11.953,11.269,10.104,9.4315,9.8294,9.7735,10.158,9.4315,8.5806,9.5469,9.4315,9.0312,10.158,9.9951,9.9951,9.4315,9.0009,8.9399,8.5165,7.3987,5.965,5.5613,11.616,14.232,14.742,14.732,14.797,14.28,13.812,13.762,14.232,13.852,13.501,13.852,13.812,13.451,13.642,12.826,12.921,12.436,12.921,11.426,11.953,11.581,10.785,11.474,11.269,11.757,12.479,12.033,11.486,9.9401,10.593,14.164,16.626,17.485,17.979,17.548,17.795,16.386,15.09,14.47,14.536,14.232,14.77,16.048,15.181,16.651,17.818,17.033,17.336,17.772,17.788,18.511,18.899,19.887,19.414,19.922,21.089,19.887,18.717,15.73
10.491,12.843,12.321,12.843,12.082,12.614,11.936,11.398,10.941,10.435,9.4362,8.5431,8.4573,8.729,7.2087,8.44,8.2652,8.1047,8.2652,8.7123,8.3879,9.2329,8.7123,8.7957,7.6793,8.0324,7.7361,6.5062,5.1259,5.4031,10.094,11.664,12.752,12.345,12.717,13.012,11.899,12.25,12.533,12.752,12.19,12.333,11.664,12.082,11.398,11.85,11.359,11.139,10.927,11.139,10.323,10.05,9.3273,9.2959,9.9629,10.152,10.657,10.82,9.9189,8.7123,9.9629,13.345,14.059,14.758,16.539,15.9,14.837,14.548,14.698,14.275,12.19,13.345,14.027,13.807,14.698,15.215,15.472,15.051,15.891,16.191,16.254,16.495,16.433,16.433,17.366,17.896,17.425,18.379,15.472,13.605
11.289,12.932,12.73,13.262,13.467,12.581,11.862,11.923,11.591,10.873,9.9011,9.2383,8.6583,8.7412,9.0012,9.3777,9.1757,8.6749,8.4902,8.1788,8.8884,8.1788,9.0012,9.3931,8.6082,7.9826,7.3035,6.7921,5.708,4.4279,10.329,12.362,12.73,12.987,12.932,12.91,12.397,12.581,12.898,12.15,12.898,12.91,11.813,12.581,12.007,12.397,12.73,11.727,11.789,10.699,10.426,10.259,9.9881,10.216,9.9011,10.952,11.057,11.057,10.216,8.8884,10.426,13.262,15.376,16.818,15.947,17.065,15.938,15.637,15.376,13.584,14.408,14.095,12.809,15.376,15.197,15.498,16.234,16.542,16.861,16.331,16.393,17.065,17.292,18.01,18.225,17.317,18.786,18.732,16.655,15.655
12.946,13.725,14.725,13.923,14.282,13.952,12.988,13.083,11.515,11.61,10.588,10.058,10.458,9.6415,10.058,9.9897,9.3097,9.5417,9.6415,9.4264,9.9897,9.4698,10.458,10.918,9.921,8.9044,8.5119,7.6133,6.6552,5.3324,11.117,13.595,14.678,14.955,14.566,13.575,13.635,13.844,13.392,13.685,14.069,14.128,14.05,14.157,13.331,12.571,13.103,12.819,12.473,11.42,11.75,11.178,10.881,11.61,10.881,12.038,12.34,11.75,11.092,10.058,10.78,13.805,16.243,17.024,18.189,17.885,17.809,16.838,15.378,14.65,14.882,14.272,14.973,16.411,15.173,16.285,17.263,16.335,18.568,18.211,19.083,18.293,19.183,19.911,18.947,19.979,21.648,18.954,18.853,15.441
12.776,14.314,14.69,14.897,14.517,13.837,13.217,13.09,11.739,10.899,10.627,9.7199,10.045,9.0033,8.0701,10.265,8.9878,9.0497,9.9753,9.1266,10.265,9.7486,9.5311,10.031,9.5311,9.096,8.9878,7.806,6.4535,5.911,11.351,13.787,14.69,14.661,14.517,14.623,13.908,13.958,13.837,14.382,12.864,13.958,14.623,13.51,13.217,13.837,12.478,12.206,12.733,12.7,11.963,11.115,10.899,10.692,11.437,11.739,12.342,11.739,11.203,9.6477,11.437,14.69,16.175,18.069,17.213,17.519,17.764,16.175,15.368,15.905,14.517,14.517,16.517,16.389,16.593,16.893,17.025,16.893,18.952,18.752,18.752,19.44,19.44,19.062,19.411,19.909,20.565,19.817,18.893,15.657
12.375,13.957,14.361,15.611,14.234,13.876,14.185,12.71,12.067,11.114,10.03,10.573,9.5303,9.719,8.2746,10.386,9.2475,9.6469,9.0025,9.5303,9.4123,10.1,10.155,10.058,8.9714,9.049,8.7984,7.5691,6.4313,5.6937,11.702,13.54,14.429,14.429,14.726,14.439,14.234,14.429,13.724,14.283,13.258,13.836,14.84,13.216,13.057,13.384,12.055,12.688,12.731,12.341,12.33,11.202,11.202,11.152,11.214,12.055,12.443,12.296,11.436,9.2475,11.214,14.381,16.859,17.951,18.389,17.888,17.122,16.6,16.173,14.688,14.046,14.046,15.691,16,15.611,15.903,17.081,17.26,18.735,17.888,19.294,18.412,19.567,20.186,20.151,20.644,21.565,19.163,18.623,15.367
12.084,14.084,14.6,14.402,14.553,14.133,12.96,12.573,11.936,12.084,10,9.4363,9.0055,9.0359,8.6327,9.6517,9.5518,8.9138,8.9598,10,9.4218,10,10,9.7364,9.9315,8.9445,9.0055,7.8689,6.5586,5.7578,11.936,13.324,14.239,13.908,14.666,14.22,13.938,13.769,13.508,13.859,13.938,13.769,13.829,13.086,12.084,13.002,13.128,12.584,12.562,12.264,12.22,11.324,10.284,10.778,11.091,11.239,12.22,11.48,11.299,9.6232,11.299,14.094,15.536,17.557,17.92,18.565,17.042,16.552,15.747,16.436,13.769,14.879,15.712,15.954,15.712,16.235,16.635,17.712,17.557,17.4,19.31,18.916,19.48,19.053,19.897,20.144,20.327,19.987,18.049,15.18
11.051,12.515,12.888,13.273,12.515,12.469,11.987,10.681,10.721,9.7824,8.7923,9.2541,8.7923,8.2004,7.9693,7.7314,8.3221,8.1828,8.3221,8.6439,8.9863,8.8736,8.8736,8.8412,8.3394,8.2004,8.1652,6.5436,5.9935,4.9424,9.8847,12.618,12.742,12.91,12.515,12.236,12.376,11.987,11.757,12.248,11.757,12.549,11.769,11.359,11.309,11.051,10.775,11.051,11.309,10.721,10.312,9.223,9.7087,9.4841,9.7087,10.115,11.051,10.409,9.4841,8.7267,10.072,13.273,14.153,15.583,15.36,16.064,14.953,13.316,13.948,12.888,12.877,12.91,13.979,14.484,13.667,14.933,15.134,15.351,16.278,15.629,15.096,15.629,16.927,17.503,17.188,17.263,18.14,16.927,16.409,13.572
12.711,14.236,15.14,15.332,14.954,14.431,13.217,12.788,12.206,10.887,9.8769,9.7056,9.1268,9.3536,9.2333,9.5313,9.9334,9.0344,9.9334,9.3686,10.265,9.3686,9.9755,10.211,9.5313,9.0961,8.4592,7.9305,6.1656,5.7188,11.595,13.375,14.518,14.206,14.431,14.078,14.363,13.541,13.908,13.878,13.756,13.837,13.756,13.479,12.777,12.711,12.788,13.386,13.344,11.739,11.595,10.574,10.899,11.215,11.315,11.739,12.343,11.215,11.595,10.627,11.413,14.226,16.551,18.007,17.156,18.261,17.772,15.612,15.55,14.898,15.222,15.905,15.87,15.657,15.414,17.318,17.318,18.595,18.497,18.231,18.952,19.245,19.165,20.236,19.223,19.817,20.202,19.216,19.063,16.08
13.215,14.647,15.354,14.874,14.647,13.954,12.949,13.528,11.632,11.584,10.049,9.7105,10.091,9.3445,9.5219,9.2243,8.9791,9.3594,9.4484,9.5219,10.16,9.9236,10.022,10.564,9.5073,8.7907,8.533,7.4696,6.4473,5.2818,11.668,13.733,14.958,15.462,14.417,14.426,13.733,13.702,13.712,13.954,13.712,13.954,14.094,14.222,12.599,12.851,12.895,12.949,13.331,11.811,11.426,11.291,10.991,11.668,11.304,11.916,13.045,12.16,11.668,10.255,11.426,13.984,17.302,18.486,18.243,17.716,17.589,15.845,15.014,14.349,15.534,15.925,15.317,16.408,15.208,17.374,17.245,17.05,18.479,18.067,18.756,18.236,18.912,21.187,19.051,20.409,21.292,19.65,18.674,16.099
12.848,14.681,15.121,14.413,14.567,14.296,13.463,12.772,12.462,11.665,10.835,10.033,10.561,10.157,8.9924,10.886,9.0387,9.3421,9.5195,10.088,10.088,9.7367,10.574,10.455,9.0387,9.5195,8.7408,7.5605,6.4457,5.3851,11.139,13.627,14.423,15.121,14.567,14.257,13.463,13.243,13.525,14.413,14.06,14.09,13.77,13.359,13.77,13.82,13.212,12.783,12.248,12.891,11.913,11.338,11.375,10.521,11.338,12.191,12.552,12.157,11.102,10.157,10.886,14.823,16.531,18.602,17.458,17.868,16.906,17.297,16.395,15.395,14.5,15.35,14.795,16.497,17.482,16.539,17.49,17.297,18.602,17.813,18.482,18.669,19.076,19.602,20.073,19.473,20.803,19.481,18.512,16.404
12.243,14.072,14.587,14.082,14.465,13.688,13.807,12.431,12.649,11.926,10.769,10.154,9.7279,10.154,9.6005,10.154,9.4281,9.1334,10.154,9.77,9.7279,9.4715,10.046,9.9365,8.9976,8.7666,8.5134,7.7746,6.6152,5.1772,11.577,13.313,13.727,14.884,14.465,14.12,14.052,13.085,13.333,14.159,14.072,13.637,14.465,13.637,13.333,13.405,12.863,12.917,12.638,12.573,12.164,11.265,11.082,10.525,11.082,11.752,12.475,12.04,11.032,9.4281,11.694,14.465,15.381,17.781,18.312,17.696,17.384,16.62,15.452,15.549,14.764,14.284,15.247,16.413,16.288,16.678,17.812,17.384,18.334,17.011,18.834,18.49,19.378,19.286,19.797,18.957,19.914,19.378,17.58,15.698
12.255,13.861,14.556,14.096,14.743,14.096,13.46,12.488,12.222,11.326,10.601,10.312,10.536,10.286,10.326,9.6534,10.07,9.438,9.9333,9.3652,9.9333,10.07,9.277,9.8362,9.3652,8.6343,8.1442,7.4038,6.3258,5.2614,11.706,13.772,14.242,14.404,14.584,13.582,13.612,13.612,14.048,14.242,14.29,13.969,13.511,13.772,13.831,13.244,13.347,12.877,12.255,11.326,12.143,11.13,10.484,11.53,11.192,11.624,12.053,11.53,11.093,10.392,10.894,13.822,16.761,16.389,18.51,17.991,17.173,16.238,16.305,15.263,14.556,14.376,14.299,15.468,15.715,15.618,16.883,17.591,16.956,17.869,18.211,18.264,18.383,19.901,19.371,19.314,20.478,19.307,18.383,15.957
12.334,13.835,15.233,14.757,14.895,14.11,13.132,12.942,11.776,11.717,10.611,9.634,9.8455,9.634,8.5305,9.1516,10.066,8.4496,8.9238,9.4904,9.7474,10.011,10.803,10.494,9.4469,8.9545,8.6424,7.4108,6.6284,5.5704,11.576,13.523,14.303,14.187,14.84,14.389,13.835,13.267,13.953,13.983,13.835,13.983,13.226,13.36,12.222,12.964,13.226,12.598,12.942,11.822,11.717,11.104,11.017,11.493,10.803,11.104,12.793,11.54,11.505,9.9702,10.441,14.673,16.177,17.109,18.008,17.348,17.824,16.413,15.842,14.616,14.56,14.616,15.278,16.253,15.206,16.678,16.801,16.371,17.419,17.801,17.824,18.93,18.408,19.19,19.325,18.785,19.954,18.872,18.333,15.206
12.678,14.114,14.573,14.24,14.536,13.848,13.364,12.624,11.544,11.119,10.691,10.069,10.083,9.7501,9.9454,10.069,9.0486,9.0181,10.014,9.6367,9.973,9.6652,9.6652,9.6225,10.083,8.9263,8.597,7.7393,6.29,5.6698,11.544,13.598,14.162,14.24,14.065,13.838,13.759,13.669,13.878,14.573,14.191,14.104,13.638,13.719,13.261,13.364,13.104,12.946,12.337,11.638,11.579,11.218,10.601,10.614,11.057,11.496,12.337,11.603,10.806,9.9454,11.02,14.761,16.658,17.456,17.62,17.424,16.683,16.325,15.558,15.416,14.564,13.928,13.848,16.417,15.637,16.325,17.066,17.329,18.256,17.424,17.306,17.29,18.753,19.273,18.943,19.676,19.571,19.08,18.196,15.637
12.606,14.118,14.503,14.923,14.118,14.264,13.203,12.628,11.011,11.148,9.4527,10.381,9.4962,9.6684,10.342,8.6477,9.7533,9.5683,9.3356,9.4962,9.3356,9.5683,9.7533,9.9487,9.6399,9.1722,7.8651,7.2844,6.1148,5.3984,11.607,13.883,14.167,14.766,14.264,14.118,13.613,13.673,13.368,13.853,13.481,13.962,14.625,13.14,13.109,12.628,12.286,12.071,12.628,12.06,12.241,11.024,10.911,10.695,10.911,11.583,12.606,12.241,11.111,9.5683,11.5,14.118,16.263,17.12,18.471,17.835,17.071,15.947,16.007,14.831,13.843,14.196,14.849,15.215,15.59,16.456,16.581,16.456,17.92,17.587,18.412,18.111,18.412,18.796,19.703,19.137,20.395,19.337,18.737,15.528
12.229,14.105,14.105,14.835,14.182,14.153,13.263,12.495,12.15,11.536,10.49,9.6591,9.5591,9.8838,9.7439,8.3814,9.6591,9.4871,9.0124,9.4436,9.6306,9.4436,9.6306,9.9391,9.1634,9.0428,8.8898,7.4082,6.1314,5.469,11.536,13.427,14.105,13.75,14.153,14.095,13.62,13.71,14.182,14.677,13.978,14.298,13.75,12.938,13.71,13.263,12.789,11.945,12.659,12.184,12.094,11.05,10.49,10.748,11.05,11.536,12.583,11.945,11.1,9.2676,10.594,14.564,14.761,16.893,18.244,17.787,16.893,16.565,16.399,16.137,14.89,14.144,14.89,16.026,15.254,16.771,16.796,17.413,17.295,17.795,18.454,18.454,19.947,19.495,19.318,19.913,19.389,19.488,17.413,16.365
12.694,14.18,15.543,14.835,14.957,14.042,13.74,12.771,12.201,10.882,10.027,10.165,9.7157,9.2293,8.6675,10.096,9.4091,9.1228,8.7954,9.3645,9.7014,9.1228,9.8301,10.096,9.7157,9.2293,8.3558,7.5109,6.4291,5.2847,11.148,13.473,15.115,14.308,14.683,14.376,13.504,14.101,13.962,14.229,13.781,13.587,13.962,13.38,13.504,12.956,12.326,12.869,12.771,12.371,12.292,11.11,11.035,10.701,11.408,11.602,12.074,11.817,10.843,9.7445,11.432,14.424,16.552,17.567,17.717,18.223,17.311,16.687,16.28,15.994,14.957,15.252,16.323,15.898,17.471,16.82,16.417,17.937,17.976,18.314,18.504,19.061,19.56,19.446,20.193,19.942,20.906,20.005,18.345,16.073
11.387,13.42,13.717,13.967,12.358,12.76,12.393,11.613,10.856,9.8981,9.1414,8.7385,8.6056,9.1414,8.4022,8.4875,8.6723,8.4875,8.6723,8.8856,8.9984,8.8042,8.7385,9.1098,8.1233,8.1763,7.7418,7.0605,5.6044,4.949,10.79,12.358,12.983,13.42,13.105,12.906,12.486,12.264,12.906,12.972,12.393,12.52,12.635,11.488,12.063,12.111,11.785,11.066,10.803,11.209,10.803,9.6773,9.8543,9.6773,10.326,10.574,11.387,10.655,9.8689,8.8042,10.367,13.431,15.456,15.96,16.813,17.485,16.537,15.604,14.444,14.504,13.334,13.998,14.504,14.504,13.926,15.278,15.381,15.372,17.127,16.856,17.526,17.747,18.603,18.91,18.164,19.039,19.273,18.235,17.551,14.603
12.374,14.502,14.366,14.607,14.269,14.502,13.464,12.773,12.86,11.339,10.887,10.254,9.738,9.0861,9.3582,9.7093,9.5207,9.2231,9.2231,9.5207,9.6949,10.02,9.2231,9.4472,9.738,8.9935,8.5156,8.044,6.4465,5.2013,11.228,14.092,14.22,14.269,14.797,14.683,13.822,13.862,14.298,14.21,13.741,13.822,13.731,13.076,13.245,13.711,12.52,12.553,12.598,12.947,12.374,11.666,10.836,10.034,11.228,11.103,12.043,12.193,10.254,9.3582,10.694,15.352,15.397,17.105,18.806,18.716,17.714,16.784,16.875,16.303,14.424,14.366,15.966,16.157,16.85,16.784,17.87,17.816,18.026,18.716,18.931,19.88,19.39,19.597,20.946,20.624,20.221,20.386,17.299,16.2
12.29,13.899,15.019,14.738,13.949,13.949,13.05,13.471,12.369,11.381,10.699,9.7427,9.714,10.053,9.8708,9.5253,9.5692,9.714,9.5253,9.8282,9.6418,9.5253,9.3627,9.2427,9.7427,8.6659,7.9255,7.0888,6.3843,5.2837,11.815,13.377,14.276,14.614,14.178,14.227,13.959,13.717,14.069,13.899,13.829,13.778,13.869,13.471,13.377,13.082,12.692,12.47,13.071,12.06,11.874,10.893,11.146,10.581,11.588,11.636,11.979,11.295,11.108,10.053,11.732,15.359,16.941,18.034,18.432,17.428,17.146,16.916,16.858,16.208,15.71,15.603,15.549,16.439,16.096,18.379,16.583,17.635,18.493,17.996,19.058,18.561,19.557,19.896,19.557,20.141,20.189,20.001,18.25,15.991
13.051,14.691,15.132,14.918,14.423,14.423,13.637,13.253,11.98,11.147,9.7435,10.687,10.568,9.7435,9.7435,8.602,8.9986,9.3486,9.5262,9.4082,9.57,9.7435,10.164,10.095,9.045,9.0912,8.5368,7.05,6.7256,5.3888,11.697,13.472,14.51,15.132,14.682,14.615,14.228,13.072,13.503,13.87,13.951,14.539,14.179,13.951,12.693,12.792,12.781,12.605,12.56,11.875,11.541,11.816,11.109,10.894,10.7,11.197,12.56,12.325,11.097,9.4526,11.816,14.539,16.851,18.059,17.826,17.951,16.942,16.508,15.406,15.433,15.333,15.324,15.993,16.278,15.541,17.204,16.71,17.51,18.075,18.09,19.147,18.525,20.191,21.196,20.087,19.487,20.608,19.35,17.974,15.975
13.134,14.237,15.261,14.955,14.624,14.442,13.48,12.962,11.74,11.216,10.157,10.171,9.5321,9.2341,8.2083,9.414,9.7496,8.6721,9.6487,9.5321,9.7496,9.2493,10.032,10.032,9.8352,8.4599,8.5258,7.8068,6.3449,5.7193,11.964,13.727,14.624,14.207,13.999,13.969,14.049,13.959,13.261,13.959,13.48,14.729,14.237,13.376,12.701,12.734,12.734,11.987,12.207,12.712,11.644,11.241,11.104,11.216,10.588,11.987,12.057,11.704,11.241,9.3694,11.39,14.227,16.552,17.985,18.776,17.985,17.735,16.519,15.343,15.774,14.805,14.974,16.468,15.774,15.614,16.72,15.845,17.774,17.985,18.754,19.064,18.954,19.904,20.533,19.819,19.819,21.163,19.399,18.709,15.397
12.409,14.143,14.544,13.819,14.094,13.819,13.18,12.96,11.528,11.867,10,10.163,10.163,9.6092,10.055,8.3751,9.6518,8.9599,9.4365,9.6518,9.3637,9.6518,9.8763,9.6518,10,8.9139,8.4403,7.7286,6.3031,5.1553,11.042,13.097,13.829,14.094,14.094,14.094,13.345,13.65,13.589,14.516,13.417,13.61,13.819,13.242,13.345,12.832,12.779,12.442,12.175,12.254,12.442,11.005,10.791,10.892,11.042,11.202,11.809,11.763,10.892,9.8346,10.599,14.239,16.303,17.596,18.44,18.321,16.303,16.303,16.023,15.712,15.545,14.74,16.261,15.616,15.404,17.782,17.345,16.693,17.797,18.909,18.321,18.521,19.48,18.909,19.898,20.042,20.839,19.054,17.494,16.235
12.441,14.878,14.599,14.238,14.552,13.619,13.001,12.735,11.762,11.299,10.163,9.6513,10.468,8.9594,8.2759,9.436,8.7114,9.2749,9.6086,9.141,9.156,9.141,9.7361,9.9586,9.6513,8.2759,9.141,8.1424,6.9832,4.8256,11.091,13.344,13.966,13.907,14.238,13.649,13.344,13.649,13.324,13.619,13.699,14.171,14.064,13.609,12.441,12.649,12.927,12.441,12.441,11.704,11.586,11.238,10.79,11.238,10.929,11.704,11.947,11.622,10.892,9.9586,11.103,14.401,16.436,17.556,18.505,18.23,17.041,16.88,15.945,15.215,14.401,15.685,15.5,15.711,15.403,16.757,16.782,17.493,17.827,18.169,19.373,18.505,19.373,19.703,19.619,19.675,21.1,19.479,18.587,15.711
12.914,14.292,14.448,15.157,14.438,14.631,13.764,12.718,12.178,11.246,10.593,9.7539,9.3735,9.2534,9.0082,9.1316,9.3586,9.653,9.8396,9.2382,10.646,9.8821,9.9808,9.8821,9.5363,8.4637,8.6759,7.3678,5.9142,5.6973,11.007,13.319,14.194,14.243,14.525,13.965,13.486,13.794,14.115,13.723,13.885,14.194,13.753,13.885,12.74,12.871,13.351,13.086,13.256,12.086,11.709,11.613,10.789,11.65,11.121,11.246,12.349,11.828,11.358,9.9808,11.358,13.885,16.424,17.075,17.352,18.016,17.222,17.133,15.992,15.422,15.781,15.869,15.129,16.811,14.849,17.034,17.584,17.584,17.993,18.332,18.179,18.836,19.16,20.254,19.601,19.828,19.75,19.4,18.635,15.621
10.649,12.328,12.725,12.656,12.759,12.446,12.233,11.404,11.249,10.399,9.7461,8.7172,8.0368,8.6499,8.0368,9.2381,8.462,8.9488,8.2344,8.2344,9.0624,8.2344,8.462,8.3926,8.4447,7.5879,7.2531,6.3046,5.9713,4.3586,9.9391,11.57,12.197,12.149,12.896,12.004,12.328,11.943,12.257,13.02,12.667,11.943,12.257,12.004,11.807,11.869,11.455,11.404,11.026,10.663,10.621,9.7461,9.3325,9.2064,9.8653,10.056,10.1,10.257,9.1746,8.5479,9.8653,12.481,14.273,15.481,15.826,15.367,15.291,14.557,14.557,14.025,13.374,13.076,13.374,14.607,14.953,15.021,15.603,16.504,16.01,16.046,16.01,15.9,15.826,16.549,16.768,17.308,17.451,17.451,14.914,13.899
12.878,13.881,15.042,15.143,14.19,13.596,13.648,13.389,12.175,11.931,10.172,10.417,9.7512,9.978,9.5337,10.43,10.034,9.7225,10.43,9.6503,9.7081,9.2357,9.978,9.7512,9.7081,8.9902,8.6088,7.4788,7.0555,5.6216,11.55,13.483,14.002,14.19,14.444,14.051,13.962,13.061,13.555,13.719,14.111,14.386,13.911,14.288,13.555,13.263,12.78,13.083,12.91,12.346,11.989,11.118,10.902,11.416,10.43,11.706,11.742,11.646,11.004,9.6503,11.825,13.596,16.865,18.396,17.226,17.347,17.523,16.521,15.373,15.125,15.042,14.901,14.55,16.898,15.723,16.084,17.161,17.957,18.212,17.395,18.69,18.57,19.567,19.652,19.567,20.739,20.974,19.038,18.63,15.9
12.97,14.251,14.299,14.096,14.106,13.83,12.939,12.757,12.671,11.441,10.543,9.9397,9.6312,9.6312,8.3819,10.477,9.4441,9.3272,8.9672,9.3272,9.0433,10.063,10.008,10.008,9.4876,9.1639,8.1998,7.858,6.8304,5.7625,10.8,13.253,14.385,13.711,14.385,13.84,13.6,13.84,14.251,14.106,14.106,13.84,13.979,13.661,13.356,13.222,12.746,13.222,12.33,12.419,12.757,11.714,10.8,10.8,11.014,10.8,11.946,11.537,10.172,9.6596,11.441,14.154,15.993,16.248,18.275,18.041,16.649,16.566,15.855,15.549,14.231,14.678,15.12,15.699,15.933,16.274,16.366,16.796,17.104,17.842,19.319,18.925,18.982,18.521,19.615,19.879,20.377,19.39,17.571,15.967
12.211,14.232,15.044,14.446,13.721,14.113,13.792,12.449,12.336,11.708,10.418,9.724,9.1305,9.417,8.8662,10.215,9.2371,9.3724,9.2522,9.1305,9.7527,9.579,10.105,10.105,9.5351,9.0381,9.0381,7.6281,6.369,5.7211,11.552,13.485,14.113,14.192,14.932,14.388,13.964,13.964,14.241,14.969,13.598,14.083,13.792,13.843,13.485,13.557,12.793,12.966,12.061,12.694,12.393,11.157,11.157,10.539,11.393,11.393,12.539,11.827,10.852,9.2371,11.552,14.753,15.375,17.09,18.602,18.092,16.999,16.086,15.903,16.294,14.629,15.619,15.42,15.911,15.99,16.701,16.876,18.398,17.51,18.474,18.901,18.7,18.989,18.782,20.14,20.817,20.14,19.505,18.014,15.911
10.856,12.24,12.725,12.983,12.531,12.003,11.918,11.208,10.325,10.028,8.6553,8.8528,8.0517,8.0695,7.6855,8.1759,8.4019,7.6855,8.4872,7.9254,8.998,8.4019,8.6719,8.4872,8.1935,8.0695,7.629,6.9781,5.6041,5.0923,10.213,11.918,12.485,12.983,12.531,12.392,12.17,11.821,12.17,11.821,12.17,12.358,11.772,11.821,11.066,11.285,11.374,11.053,11.208,10.422,10.325,9.9846,9.141,9.8977,9.662,9.8977,10.422,9.8685,9.6769,8.4019,10.085,12.346,14.661,14.924,15.576,15.65,14.769,14.661,13.452,12.759,12.972,13.462,13.936,12.983,13.279,14.602,14.847,15.039,15.796,15.38,16.666,16.112,16.666,17.418,16.855,16.325,17.843,17.051,15.787,14.171
12.98,14.403,15.171,14.305,13.978,14.068,13.571,13.077,11.839,11.331,9.545,9.7628,10.115,9.7628,9.9477,8.8754,9.0008,10.046,9.0008,8.8754,9.734,9.4713,10.046,9.7628,9.0008,8.812,9.2466,7.9595,6.9033,5.8241,11.696,13.363,13.988,14.335,14.305,13.612,13.735,13.766,13.766,14.256,13.571,13.735,14.768,12.63,13.363,12.36,12.63,12.462,12.189,12.462,12.349,11.055,11.454,10.915,10.721,11.898,12.074,11.612,10.799,8.9852,10.721,14.305,16.129,18.379,17.978,18.287,16.743,15.919,16.103,15.354,14.975,15.391,16.49,15.884,16.103,16.617,17.536,16.743,17.343,18.379,19.389,18.652,19.597,19.597,19.273,19.273,20.265,19.526,18.622,15.354
13.143,14.683,15.015,14.188,14.896,13.875,13.665,12.456,11.962,11.6,10.336,10.175,9.7478,9.4908,9.8876,8.4662,9.6344,9.152,9.2861,9.8459,9.79,9.6202,9.2861,9.6344,9.8459,8.5308,8.5308,8.0163,6.4821,5.4712,11.541,13.226,14.561,14.304,14.101,13.716,13.361,13.665,14.159,14.159,14.081,14.159,13.716,12.621,12.943,13.133,13.101,12.223,12.335,12.064,11.636,10.803,10.481,10.402,11.577,10.752,11.541,11.776,10.546,9.3303,11.288,14.673,15.006,17.925,17.491,17.577,17.238,15.581,15.704,15.581,14.915,15.015,14.617,15.843,15.006,17.616,17.166,17.818,17.925,18.07,18.229,18.047,18.572,18.528,18.705,19.727,20.444,19.333,18.282,15.73
12.78,13.881,14.75,14.892,14.229,13.79,13.961,12.447,11.825,11.391,11.206,10.213,9.9357,9.9357,10.103,9.0056,9.3559,8.99,9.7223,8.99,9.751,9.052,9.8367,10.034,9.2355,9.0982,7.9324,6.8747,6.0295,5.0169,11.206,13.545,14.239,14.386,14.386,14.278,14.21,13.231,13.881,14.366,13.647,13.911,14.081,12.867,13.221,12.964,12.801,12.867,12.481,12.266,12.391,11.156,11.004,10.172,10.902,11.682,12.391,11.706,10.268,9.3708,11.742,14.75,16.605,17.507,17.98,17.603,17.579,16.402,15.874,16.057,15.143,14.55,15.847,16.898,15.944,17.217,17.579,17.769,18.258,18.501,19.25,18.448,18.898,19.935,19.681,20.269,20.651,19.567,18.173,16.806
11.763,12.702,13.098,12.879,13.184,12.956,11.823,11.495,10.716,9.8187,8.8625,8.6684,8.6684,9.0681,8.4195,8.3349,8.4195,8.1282,8.1456,7.9874,8.6684,8.4195,8.6684,9.3149,8.4195,7.7532,7.2427,6.9429,5.7351,4.8219,10.663,11.966,12.624,12.431,13.576,12.791,12.431,12.259,12.802,12.294,12.431,12.294,12.143,12.294,12.143,11.52,11.296,11.396,11.233,10.543,10.703,10.173,9.8187,9.905,10.103,10.047,11.233,10.57,10.103,8.6684,10.978,13.323,14.767,15.975,17.58,16.404,16.019,15.525,14.544,14.534,13.649,13.814,14.466,13.977,14.485,14.767,15.832,15.957,16.923,16.335,17.386,17.205,17.86,18.887,17.9,19.088,19.288,17.733,16.839,14.728
12.54,14.282,15.376,14.243,14.321,13.486,13.6,12.794,11.394,10.905,10.419,9.9383,10.036,10.175,9.0079,9.7535,10.064,9.4179,9.5799,9.3583,10.05,9.0079,10.05,10.271,9.3732,8.7238,8.2287,7.0572,6.4351,5.0182,11.158,13.224,14.438,15.156,14.37,13.844,14.321,13.139,13.319,13.548,13.266,13.885,13.915,13.35,12.45,13.064,12.349,12.618,12.573,11.887,11.745,10.711,11.419,11.158,10.905,11.007,12.178,12.337,10.645,9.536,11.158,14.525,18.178,18.991,17.615,17.844,17.742,15.851,16.062,14.697,15.727,15.147,16.226,16.114,15.34,17.488,16.474,17.528,18.836,18.109,18.201,19.254,19.233,21.079,19.45,20.246,21.158,18.962,18.702,15.156
12.335,14.373,14.537,13.869,14.832,13.636,12.953,12.78,12.049,10.995,10.381,10.488,9.5107,8.9668,9.4518,9.7427,9.2427,9.0443,9.0905,9.5692,9.3479,8.9979,9.7427,10.163,9.0905,8.8571,8.6013,7.8548,6.4279,5.6167,11.588,13.471,14.373,14.69,13.748,13.829,13.748,13.082,13.748,13.869,13.778,14.276,13.899,13.949,12.899,13.304,13.125,12.725,12.703,11.672,11.636,10.777,10.421,11.196,10.893,11.696,12.324,12.164,11.732,9.5692,12.049,14.614,16.583,18.561,17.996,18.455,17.722,16.883,16.096,16.044,15.86,15.25,16.105,17.04,16.096,17.072,18.058,17.972,18.553,18.219,18.881,19.399,19.485,20.389,19.233,18.74,21.566,19.029,18.918,16.414
12.575,14.235,15.424,13.916,15.342,14.007,13.352,12.213,11.396,10.906,10.217,10.217,9.4635,9.3743,8.9778,9.6538,9.7547,9.7547,9.7547,10.107,9.3594,9.009,9.3594,10.633,9.9816,8.9934,8.4809,7.5188,6.3922,4.9908,11.42,13.098,14.244,14.632,14.235,14.293,13.488,13.795,13.886,13.846,13.967,14.44,13.55,13.916,12.619,13.601,13.352,13.087,13.066,12.213,11.829,11.71,10.646,11.21,10.906,11.046,12.064,11.687,11.359,9.581,10.541,13.846,17.061,17.036,17.458,17.783,17.402,16.408,16.15,15.056,15.88,15.729,15.424,15.232,16.434,17.617,17.53,17.224,18.584,17.971,19.074,19.257,19.308,19.235,19.914,19.574,20.74,19.111,18.402,15.568
12.87,14.201,14.618,14.723,14.685,13.993,13.953,12.259,12.052,11.298,10.702,9.528,10.207,10.166,9.7454,9.831,9.2302,9.7023,9.3654,9.0314,9.93,9.7167,9.2302,9.7167,9.3654,9.528,8.4563,7.9278,6.3861,5.2852,11.036,13.475,14.103,13.953,13.475,13.721,13.711,13.547,13.742,13.953,14.377,14.231,14.103,14.377,13.075,13.245,13.053,13.053,12.783,11.924,11.434,11.212,10.844,11.149,10.57,11.212,12.338,11.675,10.636,10.056,11.409,15.254,16.109,17.569,18.078,17.601,17.977,17.207,15.864,15.714,14.949,16.418,15.391,16.797,16.855,16.921,17.601,18.566,19.662,18.247,18.491,19.1,18.946,19.895,19.79,19.289,20.195,19.289,17.766,16.074
12.442,14.38,14.283,14.544,14.886,14.076,13.906,12.731,11.678,11.214,10.058,10.099,10.691,9.833,9.2472,10.03,8.9866,9.2321,10.168,9.3673,9.9741,9.8755,9.932,10.413,9.6465,8.2235,8.5238,7.5688,6.7697,5.2064,11.545,13.077,14.224,14.886,13.55,14.234,13.724,13.966,13.591,13.508,13.724,14.516,14.105,13.966,13.216,12.959,12.476,12.261,13.216,11.678,11.594,11.114,11.214,11.642,10.846,11.678,12.476,11.387,11.301,9.5299,11.214,14.046,16.924,18.205,17.509,16.949,17.942,16.464,15.859,14.952,15.026,15.999,15.33,17.445,17.259,16.717,17.981,17.219,18.441,18.228,18.682,19.06,19.871,20.129,19.566,20.095,20.095,19.06,18.69,15.619
12.793,14.357,14.722,14.511,14.308,14.22,13.222,13.084,12.694,11.211,10.096,9.8302,9.2294,9.2294,10.49,9.5711,9.8302,9.7446,9.9712,9.8727,10.41,9.7159,9.2294,9.5272,9.2445,9.046,7.8563,7.5666,6.1856,5.3894,11.638,13.831,13.74,13.962,14.357,13.536,13.473,13.781,14.101,14.891,14.042,13.952,13.952,13.587,12.793,13.587,13.052,12.705,12.074,12.292,12.051,10.997,11.148,10.096,11.148,11.638,12.155,12.051,10.701,9.7446,11.59,14.966,16.552,17.718,17.937,18.564,17.335,16.073,15.854,16.459,16.073,15.362,16.28,15.65,16.518,17.206,18.038,17.567,17.448,19.091,19.287,18.322,19.287,18.944,20.331,20.303,20.089,19.66,18.2,16.177
12.992,14.064,14.939,14.647,14.676,13.895,13.824,12.688,12.376,11.105,9.3446,9.5221,9.7393,9.5659,8.7111,9.5221,9.3595,9.6963,9.2244,8.7908,9.7393,9.2395,10.524,9.7107,9.4485,9.0412,8.663,7.3568,5.9053,5.438,11.584,13.205,13.985,14.173,14.647,13.985,13.631,13.466,13.631,13.58,14.064,13.985,13.497,13.466,12.949,12.466,12.775,12.045,12.251,11.952,12.194,10.838,10.577,10.838,10.682,10.838,12.251,11.341,11.142,9.9238,11.668,14.532,17.197,16.877,18.719,18.734,18.028,16.168,16.678,16.168,15.023,16.168,16.91,16.501,16.203,17.009,17.558,18.449,19.044,18.667,19.721,19.393,19.721,20.113,19.479,20.292,20.707,19.848,18.312,17.009
11.573,12.917,13.432,13.698,13.698,12.462,12.264,11.076,10.556,10.137,9.2749,8.9422,8.8611,9.1338,8.8121,8.7463,8.2013,8.8611,8.2013,7.9873,9.1811,8.4098,9.0065,9.566,8.6133,7.9329,8.2013,7.0053,5.7867,4.8653,10.194,12.157,13.592,12.771,12.589,12.369,12.252,12.543,11.623,12.122,12.737,12.074,12.497,12.497,11.832,11.869,11.498,11.93,11.498,10.335,10.597,9.907,9.686,10.432,8.9422,10.194,11.219,10.638,10.037,8.3582,10.335,13.813,15.802,16.862,16.69,15.664,16.367,14.986,15.054,13.698,14.185,14.225,13.866,14.062,14.616,15.618,15.664,16.482,17.067,16.828,17.6,17.268,17.957,18.813,18.299,18.527,18.897,18.252,17.344,14.103
11.135,13.141,12.985,12.655,12.469,12.884,11.659,11.355,10.431,9.4481,9.4326,8.709,9.2452,9.6164,8.9404,8.709,8.0293,8.2267,8.2267,8.2267,8.9404,8.7258,8.7258,8.709,7.7332,8.0293,7.6383,6.8319,5.8422,5.3195,9.9592,11.546,12.644,12.747,12.434,12.609,11.931,11.483,11.895,11.846,12.434,12.221,12.434,12.221,11.846,12.137,10.87,11.659,11.394,10.487,9.737,9.3238,9.9592,9.722,9.5555,10.276,10.936,10.148,9.8561,8.5399,9.4326,12.221,15.046,15.747,15.7,16.113,15.466,14.752,13.844,13.052,12.838,13.34,13.535,15.589,13.939,14.831,15.133,15.466,16.329,16.113,16.031,16.639,17.527,18.116,16.533,16.752,17.832,17.954,15.812,14.043
12.742,14.392,15.048,14.71,14.392,13.888,13.067,12.873,12.351,11.652,10.475,10.066,10.582,9.5381,8.8689,10.907,9.4644,9.2399,9.4644,9.884,9.9826,9.7557,9.8414,9.5234,9.1026,9.0409,9.2399,7.8653,6.6293,5.2908,11.248,13.385,13.918,13.888,13.736,14.451,13.561,13.385,13.725,14.246,13.797,14.118,14.392,14.008,13.602,13.259,12.884,12.543,12.72,12.306,12.088,10.907,11.211,10.894,11.397,11.397,12.18,12.18,10.647,9.0563,11.555,15.039,15.855,18.02,17.516,17.611,17.005,15.713,16.478,15.872,14.899,14.634,14.852,17.355,17.234,16.342,17.225,17.038,18.182,18.427,19.076,18.335,19.076,19.259,19.633,20.361,19.965,19.076,18.221,15.425
13.282,14.211,14.724,14.867,14.715,13.982,13.502,12.555,12.227,11.615,10.552,9.9503,9.7222,9.7654,9.8511,8.6213,9.2642,9.3846,9.9925,10.048,9.9503,9.5475,9.9503,9.7654,9.7654,8.4901,8.3737,7.5827,6.3772,5.9211,11.322,13.282,13.982,13.81,13.81,14.072,13.81,14.132,13.992,14.132,13.667,13.502,14.102,13.81,13.533,13.575,13.026,12.588,12.1,12.588,12.398,10.724,10.711,10.512,11.172,11.457,11.948,11.615,10.592,9.4738,11.172,14.132,15.165,17.243,18.262,18.262,17.079,16.722,16.011,15.684,15.175,15.073,15.648,15.395,15.368,17.637,17.509,17.291,18.076,18.445,18.724,18.536,19.329,19.278,19.602,19.19,19.943,18.985,17.795,14.951
12.852,13.989,14.576,13.366,14.395,13.721,13.106,12.069,12.339,11.341,10.446,9.624,10.016,9.7516,9.4511,10.485,9.05,10.485,9.4946,9.6667,10.016,9.275,9.4946,9.4511,9.4511,9.1557,8.5342,7.6332,6.4846,5.4733,11.109,12.852,13.529,13.438,13.478,13.427,13.2,13.761,14.164,14.087,14.155,14.106,13.721,14.5,13.61,13.671,13.106,13.397,12.852,11.955,11.317,10.615,10.3,10.795,10.808,11.219,11.534,11.51,10.55,9.8916,10.757,14.319,15.212,16.939,17.197,17.947,16.15,17.076,16.184,14.8,15.49,14.8,14.116,16.453,16.328,16.252,18.168,17.332,17.932,17.427,18.039,18.198,19.248,19.083,19.397,19.341,19.928,18.902,17.623,16.453
12.127,13.986,14.595,14.745,14.528,13.392,13.257,12.363,11.278,11.339,9.9108,10.104,10.09,9.9939,9.8129,8.6948,9.1734,9.4694,9.6855,9.0371,10.104,9.3522,9.0676,9.9108,9.4694,8.3053,8.5508,7.4284,6.5816,5.8018,11.556,12.973,14.143,14.27,14.114,13.748,14.134,13.142,13.392,13.142,13.371,13.667,14.192,13.174,13.505,12.705,12.877,12.397,12.705,12.263,12.081,10.778,10.623,10.636,10.829,10.636,12.127,11.167,10.466,9.293,10.816,13.697,16.485,16.751,17.532,17.15,16.784,16.292,16.215,14.566,14.452,14.337,15.458,16.181,15.16,15.975,16.452,16.444,17.278,17.657,18.564,18.63,18.564,19.801,19.12,19.098,19.689,19.033,17.952,15.233
12.303,14.341,14.177,14.418,14.089,13.902,13.551,13.169,12.258,11.599,9.6534,9.9902,9.6534,9.5095,10.462,8.9725,9.4659,9.17,9.17,9.6534,8.9725,9.6534,9.185,9.5095,9.2895,8.9878,8.4828,7.5727,6.4948,5.5816,10.501,12.915,13.652,13.252,14.138,13.783,13.622,12.99,14.418,14.011,13.692,13.813,13.252,13.813,14.011,12.7,13.127,12.7,12.292,11.8,11.741,11.076,10.709,10.632,10.709,11.528,11.997,11.225,10.825,9.5817,10.1,13.692,16.004,15.664,17.272,17.143,17.335,16.712,17.006,15.017,14.935,14.599,14.711,15.443,15.796,16.679,17.095,16.933,17.612,17.767,19.257,18.378,18.968,19.307,18.968,18.8,19.604,18.227,17.643,15.263
12.895,14.32,14.476,14.659,14.62,13.292,13.122,12.764,11.672,11.18,9.7725,9.5545,9.8584,9.2559,9.5985,9.1183,9.5545,9.3765,9.5545,9.4362,9.5985,9.5545,9.7725,9.7725,9.0254,9.1183,8.3799,7.5883,6.7457,5.5332,11.18,13.25,14.476,14.659,13.992,13.79,13.912,13.871,13.25,13.512,13.376,14.142,14.697,13.408,13.25,12.742,12.764,12.418,12.819,11.636,12.236,11.142,10.666,10.926,10.453,11.575,12.327,11.636,11.142,9.0098,10.926,14.398,16.119,17.361,18.557,17.385,17.361,16.18,15.296,15.065,14.466,14.659,15.379,15.758,15.406,16.327,17.498,17.255,18.375,18.144,19.146,18.144,19.146,20.778,18.872,19.667,21.1,19.459,18.027,15.186
12.566,13.957,15.258,14.381,14.283,13.755,13.131,12.341,11.88,11.301,10.264,10.264,9.8334,9.2324,9.9745,9.2324,8.987,9.8759,9.2475,9.2324,9.2475,9.2324,9.8334,9.5303,9.4123,8.2068,8.3586,7.8589,6.0275,5.2333,11.387,13.54,14.106,14.046,14.076,13.311,13.54,13.258,14.205,13.785,13.836,13.745,13.836,13.216,12.566,13.057,12.775,12.775,12.296,11.821,11.88,11.114,10.386,11.114,10.386,11.594,12.067,11.152,11,9.5303,11.214,14.887,16.515,17.731,18.098,18.412,17.833,17.317,16.217,15.147,15.221,15.138,15.258,16.591,17.437,17.763,17.573,18.503,18.51,19.097,19.588,18.69,19.56,20.31,19.738,20.096,20.59,19.624,18.95,16.397
13.056,14.21,14.927,15.112,14.405,14.21,13.194,12.275,10.88,10.88,9.7024,10.515,10.409,9.5578,9.514,9.2166,9.2166,9.2317,9.514,9.514,9.7311,9.514,9.6304,9.9153,8.8465,9.018,8.9871,7.4072,6.6126,5.2774,11.859,13.194,14.18,14.491,14.21,13.853,13.486,13.568,12.764,13.288,13.619,14.405,14.2,13.731,13.034,13.455,12.544,12.589,12.938,11.965,11.622,11.195,10.673,11.859,10.686,11.417,12.241,11.574,11.282,9.3367,11.574,14.52,17.543,18.052,18.531,17.858,18.463,17.182,16.838,15.368,15.841,14.701,16.385,16.764,16.772,16.995,17.92,17.74,19.21,18.433,19.405,19.894,20.309,21.489,19.894,19.59,20.303,20.165,18.703,16.051
12.19,13.98,14.06,14.709,15.12,13.86,13.211,12.717,11.724,11.226,9.563,9.7364,9.5192,8.9609,8.7404,10.019,9.4457,9.5192,9.2216,9.5192,9.9208,9.7077,9.7077,9.6933,9.563,9.3418,8.8514,8.0773,6.3583,5.3066,11.374,13.369,13.627,14.03,13.86,14.499,13.462,13.201,13.98,14.06,13.98,13.627,14.499,12.891,13.327,13.462,13.493,12.041,13.041,12.945,12.156,11.288,10.143,10.613,11.201,11.724,11.593,11.337,10.574,8.9765,11.226,13.729,16.403,17.489,19.199,19.009,17.648,16.781,17.576,16.155,14.944,14.935,16.094,16.445,16.309,17.867,18.023,17.93,18.751,19.729,20.107,19.473,20.072,20.176,20.176,19.651,20.566,19.601,17.961,16.572
11.83,12.768,13.526,12.937,13.07,12.529,12.249,11.534,11.382,10.135,9.273,8.3909,8.0755,8.7445,8.4081,8.7445,9.2419,8.6115,7.9856,8.6115,8.7445,8.0755,8.8103,9.1949,9.1161,8.1289,7.9312,7.4626,6.4684,5.0677,10.319,11.781,11.927,12.54,12.46,12.249,12.46,11.83,12.367,12.937,12.402,12.249,12.54,12.529,12.367,12.402,11.781,11.281,11.42,11.483,11.332,9.5187,9.8758,9.3967,10.035,10.595,10.877,10.192,9.905,8.4081,10.43,13.114,15.203,16.124,17.431,16.478,15.872,15.872,14.672,14.78,14.192,14.464,15.689,15.041,15.661,15.382,15.643,16.399,17.072,16.987,18.017,17.735,17.8,17.538,18.46,18.177,18.009,17.497,16.782,14.78
12.602,14.352,14.535,13.947,14.274,13.634,13.582,12.524,12.367,11.586,10.203,8.981,9.6405,9.8268,9.3614,10.162,9.524,10.162,9.0275,9.6982,10.024,9.6982,9.3614,9.0891,9.524,8.6647,8.5349,6.9486,6.7655,5.3093,11.429,13.375,13.048,13.334,14.303,14.195,13.218,13.867,14.352,14.574,13.776,13.08,13.207,13.448,13.541,13.048,13.541,12.557,12.767,12.197,12.524,11.194,9.9678,10.258,11.306,11.404,11.343,11.343,10.038,9.2414,10.632,13.947,16.706,17.72,19.44,18.856,17.498,17.273,16.881,16.881,16.58,15.893,15.402,16.403,16.171,17.633,18.339,18.155,18.339,19.802,19.554,19.611,19.887,19.026,20.186,20.515,19.851,19.661,17.442,15.681
12.058,14,14.749,14.208,14.238,14.238,13.512,12.79,11.597,11.645,10.469,10.061,9.7215,9.5328,10.171,8.7529,9.7215,9.8785,9.4591,9.7503,9.977,9.5767,10.102,10.061,9.2499,8.2767,9.0048,7.6262,6.1666,5.4441,11.316,12.963,14.11,14.208,14.625,13.718,13.377,13.748,13.481,14.384,13.97,14,14.384,13.481,13.377,13.06,13.377,12.299,12.779,12.378,11.824,10.707,10.642,10.901,10.642,11.415,11.645,11.304,10.212,9.1282,10.901,15.335,16.108,17.45,17.265,17.775,17.126,16.117,16.426,16.117,15.371,16.082,14.891,16.929,16.418,18.777,17.736,17.767,18.01,18.325,19.043,19.102,20.205,19.954,19.743,19.757,20.992,18.777,18.394,15.907
12.721,14.222,14.609,15.023,13.955,13.733,13.205,12.599,12.432,11.142,10.256,10.16,8.8542,9.2245,8.9638,9.0412,9.4042,9.1181,9.825,9.1181,9.825,9.6387,10.564,10.05,9.825,8.7112,8.3515,7.5071,6.4258,5.282,11.728,13.045,13.864,14.3,14.222,13.864,12.992,13.539,12.992,14.368,13.497,13.713,14.417,12.949,13.631,13.373,12.599,12.555,12.32,12.045,11.811,10.695,11.192,10.876,10.524,11.105,12.286,11.205,10.889,9.2245,10.991,15.125,16.272,19.081,18.052,17.708,17.14,17.034,15.758,15.925,15.535,14.733,17.302,16.703,17.558,16.844,17.502,17.943,19.044,18.734,19.657,18.396,20.078,21.035,20.511,20.32,21.501,19.607,18.487,15.925
12.348,13.844,14.553,14.553,14.82,13.914,13.223,12.87,12.062,11.418,10.174,9.7244,9.3728,9.0075,8.8666,9.5356,9.2375,9.7532,9.2527,9.2375,9.8388,9.5356,9.7532,10.064,9.1002,9.0385,8.5453,7.9341,6.3693,5.9137,11.307,13.485,13.884,14.054,13.793,13.599,13.485,13.266,13.064,13.722,13.599,14.242,13.392,13.844,13.266,13.558,12.793,13.485,12.804,11.685,11.245,10.788,10.174,10.904,10.216,11.12,11.394,11.552,10.853,9.7244,11.709,14.895,17.033,17.511,17.843,17.583,18.108,16.087,16.431,15.035,15.147,15.877,14.933,16.061,16.087,16.701,18.505,18.239,18.924,18.761,19.911,19.685,19.506,19.513,19.763,20.107,19.939,20.417,17.953,16.727
12.187,13.986,14.832,14.254,14.565,13.895,13.733,12.978,12.187,11.317,10.441,10.044,9.245,9.245,8.9992,8.8104,9.5872,9.2601,9.3804,10.183,9.8894,9.2601,9.8894,9.9881,9.5433,9.4251,8.37,8.0977,5.9891,4.8805,11.366,12.804,13.764,13.976,13.895,13.764,13.569,13.496,13.392,13.733,13.61,13.527,13.496,13.661,12.978,13.527,13.234,12.804,12.891,12.095,11.403,11.217,10.9,11.23,10.587,10.797,11.622,11.366,10.64,9.9459,11.129,13.733,16.204,17.755,17.104,17.621,16.622,16.204,15.96,15.047,15.677,15.434,15.925,16.342,16.135,18.006,18.345,18.535,19.094,18.006,19.123,18.528,19.842,20.116,19.842,19.24,20.598,19.651,17.477,16.161
12.576,13.654,14.325,14.528,14.557,13.562,13.757,12.576,11.89,11.36,9.6551,9.3607,10.108,9.5384,9.7561,9.5823,9.0102,9.5823,9.4203,9.7561,9.9408,10.219,10.422,9.5384,9.4648,8.7261,9.4203,7.9541,6.3931,5.291,10.713,12.808,13.848,14.246,14.118,13.52,13.489,13.551,13.27,13.469,13.797,13.969,13.603,14.442,13.888,12.698,13.551,12.971,12.797,11.89,12.215,10.713,10.635,11.604,10.7,11.748,12.215,11.604,10.791,9.4203,10.791,13.888,16.092,17.331,17.516,17.524,17.903,17.063,15.917,15.234,15.624,15.151,15.344,16.931,16.23,16.436,17.746,18.02,19.113,18.721,18.639,18.344,19.512,20.546,18.885,20.113,20.804,18.721,19.121,16.092
12.882,14.007,14.632,14.897,14.897,14.391,13.487,12.806,11.686,11.008,10.272,9.7115,10.037,10.037,9.8403,10.051,9.4189,9.7546,9.9815,9.7546,9.7115,9.3742,9.7115,9.7546,9.7259,9.0553,8.3645,7.3494,6.3702,5.4466,10.906,13.32,13.966,14.244,13.754,13.487,13.754,13.268,13.966,13.56,13.966,14.056,13.257,14.244,13.966,12.969,13.066,13.087,13.257,12.575,11.888,11.122,10.906,11.008,10.633,11.321,12.063,11.21,10.58,9.2389,11.65,13.977,16.408,17.744,17.987,18.111,17.617,15.879,16.089,14.85,14.632,14.439,15.702,15.915,16.536,17.224,18.018,17.585,19.074,18.425,18.584,18.719,19.074,20.605,19.581,19.998,20.144,19.752,17.617,15.915
12.55,14.832,14.973,14.68,14.709,14.332,13.107,12.804,12.494,11.23,10.279,9.2451,9.7611,9.0614,8.0805,9.7324,10.441,9.0459,10.183,9.8895,9.9882,9.5873,10.169,10.601,9.0149,9.0459,8.7306,7.8697,6.8818,5.2937,11.403,12.815,13.855,13.976,13.733,12.978,13.976,13.855,13.149,13.403,13.895,13.774,14.244,14.303,12.583,13.496,12.793,13.075,12.793,11.61,11.61,10.913,11.217,11.129,10.548,10.913,12.187,11.129,10.719,9.5287,11.167,13.976,16.487,17.105,17.975,17.597,17.145,16.161,15.925,14.709,15.066,16.351,15.793,16.614,15.057,17.477,17.145,17.284,18.069,18.437,19.087,19.479,19.594,19.927,19.006,19.651,20.427,19.594,18.254,15.916
13.051,15.862,12.868,15.604,12.726,15.324,13.379,12.726,12.438,10.7,10.165,10.26,7.4169,10.7,10.7,7.4169,11.147,7.8557,10.151,11.034,7.8022,8.9833,10.409,8.5207,10.165,8.6669,7.566,9.3489,6.1851,5.2843,11.309,13.253,14.179,13.78,13.83,13.452,12.857,13.871,13.78,13.534,14.834,13.211,13.901,13.637,13.78,12.955,14.071,12.257,13.951,11.147,11.235,11.625,9.4084,12.336,9.4084,10.778,12.704,11.816,11.11,9.5264,11.11,14.692,15.388,18.221,17.204,18.16,16.71,16.685,15.361,15.993,17.494,15.334,16.509,16.167,13.961,18.943,18.683,16.313,20.609,18.555,17.058,21.517,18.943,19.637,20.798,17.637,20.67,21.374,17.763,17.041
12.401,14.941,14.904,14.638,14.638,13.018,13.072,12.58,12.092,11.127,10.222,9.7158,9.243,9.4231,9.243,9.243,9.4676,9.3784,9.2582,9.243,9.2582,9.1364,9.986,9.3784,9.7302,8.8086,8.4846,7.5221,7.3717,5.2926,11.894,12.79,13.852,13.892,13.493,13.801,12.975,13.358,13.4,13.973,14.329,13.892,13.274,14.221,13.566,12.888,13.263,12.457,12.921,11.751,10.911,10.056,10.505,11.314,10.276,11.314,11.999,11.692,10.898,9.5413,11.165,14.251,16.157,17.473,17.617,18.002,16.911,16.347,16.304,15.385,15.43,15.736,15.886,16.82,15.137,17.457,17.791,18.103,17.791,17.909,19.41,19.265,19.888,20.257,20.119,20.035,20.668,20.223,18.463,15.913
12.298,13.511,15.941,15.369,15.048,15.14,12.788,12.298,12.777,11.596,10.706,10.428,7.9484,8.5254,8.0879,12.377,9.8348,11.04,7.6253,10.101,10.848,10.101,11.241,9.517,9.0038,9.0348,10.415,7.86,5.8159,5.4435,11.116,13.344,13.218,13.542,14.108,13.969,12.962,14.078,13.999,13.878,14.285,13.133,14.842,14.383,14.078,13.999,12.908,12.343,11.596,11.68,11.987,10.266,10.17,10.706,11.04,11.153,10.9,12.206,10.848,9.5317,11.68,13.26,15.442,17.734,18.686,17.984,16.288,17.051,16.695,13.959,14.048,13.999,18.046,17.456,15.844,16.416,18.686,17.067,17.576,18.445,21.235,17.734,19.498,20.313,18.693,18.916,22.955,18.254,17.945,15.397
12.663,13.652,14.376,14.145,13.832,13.612,13.245,12.053,11.106,11.482,9.9609,10.002,9.4816,9.7383,8.7134,9.2771,9.1581,9.2771,9.6108,9.2771,9.8363,9.8363,9.1432,9.0072,8.9001,8.7134,8.458,7.4039,6.8261,5.7589,10.484,12.93,13.652,13.622,13.511,13.742,13.582,13.245,13.612,13.822,13.592,13.12,14.242,13.378,13.822,12.738,12.781,12.323,12.211,12.738,12.211,10.932,10.894,10.588,10.894,11.434,11.482,11.204,10.07,9.7383,11.482,14.135,15.398,17.403,18.554,18.052,16.704,16.786,15.183,16.263,14.442,15.192,16.663,14.743,15.75,17.117,18.03,17.892,18.51,19.307,20.038,19.107,19.707,19.378,20.445,19.818,20.222,19.057,17.992,16.696
11.814,13.869,14.575,14.737,13.869,13.635,13.304,12.703,12.681,11.233,10.053,9.3475,9.525,10.094,9.4515,9.525,8.982,9.3625,9.4515,9.525,9.7137,9.7137,10.025,9.969,9.5689,8.2532,8.354,8.0823,6.4494,5.2835,11.406,13.209,13.081,13.209,14.226,13.959,13.209,13.778,14.098,14.508,14.098,13.635,13.989,13.209,13.501,12.953,13.049,12.048,12.323,12.048,11.873,10.776,10.892,10.094,10.892,11.814,11.814,11.873,10.567,9.6993,11.588,14.226,15.93,16.413,18.68,18.613,17.186,17.112,15.539,17.039,14.275,15.467,16.506,16.388,16.54,18.057,17.964,17.714,18.94,20.119,19.783,18.762,20.821,20.14,20.552,20.935,20.333,19.211,18.523,16.276
11.335,12.817,12.94,12.738,12.985,12.772,11.93,11.398,11.077,10.335,9.5666,8.8616,8.4103,8.6806,8.0776,7.9878,8.6138,8.7469,8.7469,8.4957,8.664,8.7469,9.1974,9.1186,9.1974,8.4957,7.6932,6.5367,6.881,5.4,9.8784,11.335,11.87,12.532,13.085,12.276,12.498,12.578,12.276,12.985,12.772,12.498,12.405,12.498,11.833,11.93,12.015,11.499,10.959,11.064,10.706,9.6118,9.6118,9.6866,9.3992,10.195,10.88,10.138,10.223,8.9427,9.7312,12.498,14.823,15.131,17.361,16.691,16.155,15.582,14.508,14.861,13.476,14.307,14.861,14.468,15.368,15.665,16.119,16.735,16.786,16.657,18.253,17.228,17.894,18.875,18.806,18.768,19.058,18.054,16.735,14.617
11.124,11.995,12.611,12.14,12.319,11.897,11.561,11.548,10.872,9.7388,8.7274,9.2311,8.9421,8.0308,8.8601,8.1211,8.4037,8.1032,8.8601,8.1211,8.8601,8.2636,8.7106,8.4556,8.1749,8.0308,7.8656,6.682,5.7425,4.9805,9.6636,11.241,12.188,12.14,12.14,11.934,12.247,11.885,12.247,12.472,12.437,12.611,11.995,12.319,11.995,11.396,11.485,11.357,11.46,10.278,10.321,9.7388,9.1677,9.7238,9.1677,9.7836,10.655,10.391,9.7388,8.7106,9.7238,12.646,14.18,15.469,15.897,15.777,16.116,14.495,14.755,13.666,12.807,12.841,13.847,15.068,14.211,15.136,16.527,15.952,16.92,16.677,16.062,17.261,16.954,17.588,17.588,17.32,17.638,17.421,15.164,13.941
12.71,14.235,14.235,14.205,13.907,13.786,12.71,12.566,12.079,11.388,10.21,9.9327,9.368,9.0955,9.1262,9.705,9.368,9.9327,9.5307,9.705,9.368,9.9749,9.368,9.5307,9.0493,8.6708,8.8621,8.0002,6.7288,6.0277,10.847,13.217,13.592,14.225,13.786,13.643,13.907,13.643,13.478,13.957,14.362,14.284,13.311,14.284,13.551,13.478,13.057,13.259,12.566,11.88,11.115,11.039,11.001,10.692,10.573,11.302,12.067,11.607,10.587,9.4571,11.039,14.622,16.32,17.478,17.454,18.068,16.592,16.55,15.904,15.611,16.217,16.592,15.62,16.592,16.079,18.006,18.352,18.044,19.156,19.098,18.751,19.098,19.844,20.117,19.453,20.787,20.57,20.131,18.006,15.611
12.073,13.792,14.436,14.053,14.523,13.233,13.138,12.347,12.336,11.044,10.644,10.035,10.174,9.7238,10.16,9.007,9.007,9.5789,9.007,10.063,10.105,9.5789,9.8382,9.3723,9.535,9.0997,8.5284,7.3668,6.7319,5.522,11.356,12.912,13.913,13.721,14.241,13.843,13.547,13.762,14.212,14.29,13.485,13.792,14.29,13.391,13.349,13.084,13.349,12.347,12.176,12.793,12.061,10.696,10.71,10.174,11.006,11.12,11.991,11.552,10.788,9.535,11.157,13.752,16.121,17.582,17.653,17.677,16.809,16.086,16.112,16.112,15.228,15.85,16.112,16.6,15.876,19.077,18.632,17.772,18.878,18.632,19.627,19.165,19.747,19.747,19.684,19.684,21.064,19.253,17.582,15.85
12.725,13.741,14.64,14.222,14.447,13.984,13.894,12.548,12.093,11.401,10.043,10.426,9.3792,9.4239,9.0602,8.5511,9.5421,9.0447,9.4684,10.222,9.7311,10.043,9.9447,9.9447,9.2438,9.0137,9.0137,7.815,6.9012,5.9178,11.253,13.233,14.124,14.64,13.275,13.66,13.327,13.148,13.924,13.557,13.802,14.242,13.772,13.853,12.791,13.567,12.548,12.581,12.548,11.426,11.752,11.166,10.506,10.639,11.253,11.115,12,11.426,11.216,9.6588,10.912,13.557,16.57,16.938,17.475,17.793,17.045,16.348,15.737,15.861,14.457,15.737,16.348,16.946,16.306,17.753,17.475,17.856,18.952,18.488,19.245,18.488,19.974,20.554,19.383,19.648,20.266,19.267,18.105,15.277
12.395,14.116,14.007,14.982,13.734,13.755,13.012,12.575,11.746,11.16,9.7547,9.5371,9.7547,9.6538,9.7547,9.2542,9.7547,8.9934,9.883,10.434,9.883,9.9395,9.4635,10.272,9.3594,8.6119,9.04,7.6297,6.4359,5.6236,11.222,13.226,13.488,13.846,13.916,13.977,13.734,13.488,14.244,13.755,14.67,14.391,13.724,13.734,13.846,12.806,12.795,12.485,12.452,12.485,11.746,11.008,10.107,10.162,10.107,11.008,11.71,11.554,10.855,9.1324,10.217,13.846,16.34,17.466,18.242,17.272,17.329,16.527,16.4,15.378,14.813,15.342,16.476,16.09,17.586,16.603,19.452,17.987,18.095,18.455,19.257,19.517,19.83,19.914,19.581,19.808,20.747,20.026,18.095,15.424
12.188,13.46,14.361,14.361,14.264,13.736,13.439,12.714,11.626,11.626,10.452,10.044,9.3995,9.2198,9.2198,9.3995,10.086,9.7058,9.5027,9.7058,10.031,9.34,9.5027,10.479,9.6338,8.9748,8.5126,6.8833,6.4442,5.3056,11.199,13.071,13.706,14.027,14.496,14.342,14.057,13.888,13.938,14.215,14.057,14.087,13.948,13.857,12.681,13.071,12.142,12.325,12.681,12.154,11.396,11.137,10.69,10.883,10.624,11.372,12.358,11.298,11.137,9.5173,11.187,13.366,16.695,17.707,18.665,17.934,17.549,17.573,16.263,16.16,14.867,15.75,16.902,16.091,16.769,17.549,18.47,18.44,18.019,19.469,20.501,19.361,20.501,20.399,19.767,19.619,20.885,20.282,18.747,16.16
12.14,14.199,14.48,14.774,13.751,13.516,13.34,13.751,11.791,10.973,10.239,9.8088,10.239,9.5064,9.9495,9.103,9.3887,9.6227,9.9495,9.6227,9.5064,9.5064,10.143,9.9075,9.6227,9.6947,9.2093,8.1862,6.3498,6.0124,11.086,12.754,13.751,14.238,13.922,13.69,13.68,13.516,13.71,13.516,13.922,14.403,13.71,13.444,12.7,13.721,12.7,12.7,12.765,11.613,11.211,11.086,10.44,11.601,10.467,11.124,12.14,11.565,11.124,9.6947,11.85,14.247,17.176,17.913,17.394,18.183,17.273,16.759,16.073,15.899,15.678,16.381,16.981,18.053,17.394,17.687,17.843,18.214,20.566,18.419,19.575,19.346,20.08,20.994,19.934,20.045,21.355,19.815,19.539,16.75
13.033,14.258,14.16,14.662,15.385,13.811,12.665,12.319,12.149,10.828,10.04,9.8158,10.246,9.9567,9.3955,10.04,8.9554,10.04,9.7303,10.082,9.5133,10.246,10.246,10.082,10.082,9.6297,9.2159,7.6106,7.4067,5.433,11.293,13.235,13.454,13.942,13.454,13.516,13.454,13.319,13.567,13.761,13.7,14.16,13.526,13.72,13.065,13.203,12.709,12.84,12.883,11.392,11.33,10.879,11.182,11.132,10.763,11.416,12.687,11.681,11.621,9.0174,11.132,13.932,17.286,17.692,18.05,18.012,17.973,17.018,16.57,15.385,15.34,15.831,16.256,17.7,16.57,18.59,17.286,18.158,18.657,18.379,19.005,19.808,19.553,20.949,20.163,20.796,21.533,19.864,18.288,16.023
11.336,12.987,13.349,13.174,13.218,12.534,12.649,11.835,10.761,10.667,9.1987,8.7482,8.6653,8.497,8.203,8.2206,8.497,8.2206,8.9441,9.3852,8.6653,8.497,9.1357,8.8955,8.863,8.3599,7.6943,7.1698,6.0799,5.4804,9.8066,11.786,12.184,11.932,12.74,12.278,12.58,12.017,12.407,12.5,12.407,12.74,12.407,11.798,12.592,11.4,11.425,11.336,11.079,11.298,11.079,10.225,9.5075,9.1515,10.267,10.225,10.748,10.379,9.2769,8.6819,10.748,12.649,14.34,16.122,16.104,16.555,16.032,15.622,15.2,14.52,13.68,14.51,14.825,14.549,15.473,16.104,15.878,16.167,17.079,16.866,18.025,17.864,18.025,18.129,18.809,17.742,18.491,18.562,16.737,14.678
12.386,14.106,14.381,14.698,14.283,13.956,13.227,12.476,12.862,11.642,11.114,9.7476,9.6468,9.7045,8.6056,10.573,10.1,10.058,10.1,9.5741,10.264,9.7476,9.8333,10.169,9.3526,9.0024,8.5241,7.8053,6.8926,5.6936,11.214,13.078,13.216,14.076,14.273,13.836,13.785,13.54,13.836,14.381,13.996,13.785,13.876,13.478,13.836,13.755,13.089,12.786,12.17,12.566,12.532,11.114,10.533,10.264,11.214,11.738,11.927,11.594,11,9.7045,10.898,14.224,15.62,16.692,17.668,17.95,15.868,16.413,15.868,16.8,15.119,15.412,16.078,16.078,17.437,17.77,17.833,18.19,18.098,18.928,19.588,19.068,19.031,19.068,20.116,19.667,20.13,19.645,18.502,16.319
11.466,12.847,13.151,13.017,12.847,12.572,11.854,11.286,10.66,9.9663,8.7152,8.3908,8.4601,7.9803,7.0472,9.2991,8.1254,8.4428,8.7152,8.7986,8.7152,8.7986,8.6648,8.8648,8.268,8.2326,8.1074,7.0265,6.0429,5.4319,9.6233,11.453,12.001,12.254,12.086,12.337,12.194,11.866,11.964,12.337,11.964,12.086,12.325,11.866,12.001,11.567,10.931,10.495,10.931,10.944,10.619,9.7439,9.7439,9.4394,9.9369,9.6687,10.495,10.326,10.097,8.4082,10.097,11.903,14.28,15.134,15.487,15.487,15.076,14.842,13.684,14.392,12.618,14.27,14.553,14.022,14.603,14.218,15.896,15.288,15.896,15.823,16.215,16.439,17.405,17.304,16.92,17.672,18.233,16.816,15.896,13.78
12.549,13.773,14.708,14.679,14.125,13.975,12.977,12.814,12.459,11.753,9.889,10.653,10.223,9.889,9.7607,8.8735,10.427,9.5429,10.044,10.182,9.7607,9.5429,9.7607,10.44,9.889,9.2446,8.6819,7.9578,6.6327,5.2935,11.451,13.773,14.253,13.763,14.253,14.253,13.568,13.496,14.253,14.065,13.496,14.253,14.535,13.329,12.803,13.074,12.792,12.083,12.459,12.627,12.278,11.229,10.705,10.44,10.913,11.167,12.459,12.001,11.229,9.5429,10.653,14.4,16.099,17.794,17.476,18.535,16.848,16.418,14.972,15.433,14.4,14.564,16.571,15.863,15.889,17.283,16.486,17.912,17.857,18.52,18.916,18.006,19.464,19.764,18.775,19.181,20.454,19.87,18.276,15.792
10.689,12.139,12.385,13.064,13.097,12.35,11.814,11.38,10.416,10.416,9.5514,8.733,7.9751,9.1198,8.88,7.4528,8.3281,8.3969,8.9927,8.9285,8.9927,8.1711,7.811,8.4822,8.6502,8.0648,7.2967,6.7858,5.9978,5.0893,9.8918,11.38,11.875,11.875,12.35,12.443,11.814,11.814,12.57,12.975,12.233,11.851,12.162,11.996,11.716,11.605,11.581,11.163,10.942,10.416,10.319,9.5514,9.1198,9.1356,9.6563,10.249,10.319,10.079,9.3842,7.9207,9.3689,11.38,14.284,14.877,15.059,15.668,14.838,13.709,14.76,13.709,13.271,13.844,13.677,14.494,14.081,15.371,15.362,15.841,15.778,15.371,16.138,16.103,17.317,16.837,16.845,17.108,17.776,16.561,15.03,13.195
12.681,14.177,14.322,14.702,14.692,13.972,12.981,12.681,11.977,11.46,10.188,10.093,9.9006,9.164,9.6755,8.6062,9.164,9.179,9.8028,8.9204,9.164,9.4597,9.3866,9.6755,10.025,8.461,8.9666,7.4208,5.9828,5.1946,11.266,13.129,14.08,14.129,13.653,14.177,13.803,13.683,14.002,13.863,13.45,14.332,14.551,12.96,12.637,12.637,12.692,12.295,12.171,11.651,11.327,11.069,10.612,10.919,10.702,11.032,11.733,12.114,10.919,9.4597,10.625,14.274,15.145,17.084,16.734,16.593,16.096,14.851,14.842,14.589,14.842,15.742,15.253,15.654,15.959,17.26,17.639,17.849,18.596,17.639,18.729,18.366,19.591,19.697,18.956,18.81,19.718,19.479,18.358,15.751
12.893,14.152,14.114,14.307,13.789,13.719,13.638,12.689,12.237,11.218,10.536,10.014,9.4495,9.3325,8.4519,10.298,9.4495,9.493,9.4495,8.9723,9.3325,9.5651,9.4495,9.7922,8.6765,9.1692,8.403,8.2878,6.3335,5.2417,11.057,12.58,13.848,13.838,13.878,13.759,13.719,13.425,13.719,14.259,13.789,13.527,14.498,13.229,12.797,13.198,12.689,12.624,12.282,12.58,12.237,11.02,10.483,10.177,11.057,11.205,11.884,11.579,10.549,9.493,10.793,13.838,15.01,17.074,17.852,17.369,16.147,16.147,15.019,16.036,13.957,15.425,16.045,15.725,17.62,17.424,17.138,17.138,18.308,18.051,19.273,18.79,19.759,19.273,19.458,19.08,20.028,18.935,18.051,15.345
12.912,13.913,14.894,14.59,14.436,13.963,13.752,13.084,11.744,11.827,10.498,9.5789,10.269,9.7525,9.1303,10.432,9.3722,9.2521,9.3722,9.4613,10.035,9.0379,10.174,9.6516,9.7525,9.2369,8.5447,7.4798,6.4344,6.0304,11.648,12.966,13.731,14.231,14.436,13.516,13.731,13.721,14.241,14.241,13.963,14.053,14.436,13.883,13.265,13.223,12.869,12.803,12.869,11.886,11.933,10.71,10.788,10.904,10.788,11.612,12.539,11.744,11.006,9.6516,10.71,14.59,15.42,16.405,17.057,17.032,16.809,15.447,15.876,15.725,15.375,15.708,15.338,17.22,17.293,16.809,18.076,17.779,18.744,18.053,18.782,18.834,20.209,20.251,19.107,20.244,19.938,19.747,18.632,15.876
12.457,14.416,14.863,14.675,14.212,13.935,14.163,12.546,12.311,11.528,10.622,9.7037,10.194,9.4418,9.5591,9.0808,9.2178,9.2329,9.8603,10.153,9.7324,8.9728,9.2178,9.9587,9.5591,8.9883,8.7049,7.5571,7.101,5.1983,11.418,12.982,14.29,14.599,13.457,13.945,13.353,13.693,13.703,13.321,13.57,14.054,14.084,13.621,12.939,13.227,12.853,12.755,13.237,11.684,11.802,11.021,10.687,11.134,10.556,11.283,12.513,11.802,11.197,9.7037,12.14,14.665,16.691,18.661,17.703,17.482,17.805,16.898,15.532,15.666,14.599,16.053,15.693,17.474,16.799,17.953,17.915,17.953,18.676,18.661,19.868,19.001,20.278,20.612,19.407,20.753,21.02,20.537,18.504,15.817
11.858,14.257,14.403,13.484,14.812,14.257,13.566,13.033,12.543,11.858,10.394,10.878,9.0168,9.7011,9.4981,9.7298,10.04,9.7011,10.04,9.3355,10.606,9.8153,9.8577,9.914,10.15,9.0323,7.9151,7.5551,6.88,5.8995,10.619,13.202,13.223,14.208,13.76,13.432,13.73,14.198,14.403,14.354,13.971,13.76,13.054,14.208,13.286,13.618,13.234,12.774,12.708,11.963,11.609,11.218,10.606,10.878,10.671,11.194,11.716,12.056,11.293,9.7011,11.415,14.934,16.144,17.285,17.541,18.049,17.228,16.77,16.686,15.839,17.033,16.992,15.366,17.017,16.992,18.134,19.025,19.46,19.638,18.701,18.879,19.025,19.402,19.828,19.46,20.162,20.224,19.402,18.049,16.686
13.234,14.355,14.633,14.403,14.925,14.335,13.618,12.319,11.858,11.281,10.98,9.513,10.081,10.04,9.73,9.9564,9.73,9.513,9.6294,9.73,10.081,9.73,9.5568,9.3952,9.3506,9.0171,9.0787,7.4064,6.6119,5.8045,11.094,13.318,13.689,13.971,13.851,13.73,14.179,13.73,13.811,14.287,14.257,13.881,14.355,13.453,13.453,13.515,12.763,13.453,12.675,12.319,12.148,10.879,10.879,10.866,10.514,10.866,11.905,11.94,11.281,9.73,11.799,14.257,16.075,17.309,17.485,17.565,17.406,16.29,16.187,16.299,16.144,15.52,15.448,16.795,16.687,17.949,18.034,18.716,19.128,18.529,18.879,18.857,20.553,20.197,21.068,21.008,21.008,20.163,17.541,15.689
12.68,14.418,15.308,14.495,14.418,13.946,13.458,12.779,12.68,11.577,11.098,10.451,10.61,10.14,9.6905,10.016,9.6905,9.8615,9.9599,10.016,9.9179,9.4429,9.5164,10.87,9.6328,8.5932,8.8488,7.558,6.4435,5.3833,11.198,12.855,13.856,13.976,14.164,14.418,13.725,14.164,13.704,13.946,14.724,14.213,13.458,14.056,14.056,13.458,12.887,13.365,12.887,11.804,11.42,10.882,10.882,10.61,10.831,11.804,11.804,11.863,11.085,9.9599,10.882,14.213,16.15,17.428,17.476,17.619,17.186,15.836,16.089,15.915,15.695,15.871,15.677,17.979,17.956,17.364,18.415,18.566,19.193,18.566,18.596,19.787,19.215,20.17,19.41,19.266,19.836,19.474,18.017,16.158
11.422,12.347,13.084,12.64,13.04,11.924,12.022,12.022,10.963,9.8058,9.2203,9.2203,8.8139,8.2824,9.3466,7.8087,8.1396,8.4228,8.6799,8.4575,9.2203,8.4575,9.2203,8.8139,8.6799,8.1215,7.7522,6.6972,6.1256,4.9918,10.302,11.713,12.593,12.64,13.107,12.5,12.275,11.924,11.924,12.64,12.465,12.744,12.359,12.347,11.422,11.109,11.383,11.511,10.883,10.679,10.638,9.9394,8.9624,9.5943,9.0113,9.7609,10.896,10.216,9.7609,8.4748,9.4713,11.383,13.804,15.17,15.702,15.485,15.247,14.305,14.579,13.973,13.708,13.804,14.629,14.171,14.294,15.247,15.514,15.102,15.324,16.924,17.334,15.933,18.031,18.071,17.001,17.207,18.912,17.275,16.243,13.665
11.351,12.312,13.137,13.335,12.43,12.418,12.604,10.852,10.483,9.8524,8.9859,8.1703,8.8552,8.6554,7.3436,8.2237,8.4509,8.0263,8.4509,8.2237,8.4509,8.5367,9.4446,8.7058,8.399,8.259,7.3436,6.5904,6.0364,4.9777,9.9261,11.89,12.708,12.834,12.593,12.523,12.312,12.465,12.241,11.988,11.841,12.418,12.241,12.43,11.44,11.841,11.44,10.865,10.932,10.385,10.608,9.9114,9.4291,9.7334,8.7891,9.4446,10.144,9.9554,9.6128,8.259,9.7782,12.181,14.172,14.972,15.888,15.29,15.271,14.538,14.172,13.335,13.498,14.264,14.203,14.687,14.933,16.197,15.741,15.769,16.278,16.107,17.487,17.218,16.772,17.578,16.815,17.686,18.365,16.954,16.527,14.131
13.619,14.663,14.861,15.112,14.786,14.259,14.259,13.056,12.058,11.574,10.369,9.9575,10.515,9.4406,9.0797,9.5579,9.2318,9.2167,9.6881,9.3517,9.5141,9.4406,10.247,10.475,9.5579,9.4406,9.0797,7.9862,6.6755,5.5098,11.331,13.034,14.337,14.635,14.21,13.812,13.812,13.732,13.517,13.361,13.762,14.52,13.236,13.933,13.066,13.194,12.71,12.241,12.884,12.422,11.86,10.88,10.409,10.515,10.621,10.867,12.32,11.22,10.88,9.5141,11.622,14.414,17.182,16.772,17.019,18.052,17.408,16.772,16.772,16.025,15.841,16.664,16.111,16.572,16.025,17.943,17.951,18.358,18.464,18.221,19.633,19.065,20.165,20.117,20.2,19.612,20.911,20.275,18.411,16.563
12.362,14.268,14.73,14.53,14.682,14.268,14.19,13.297,12.157,11.808,10.254,10.68,10.887,10.089,10.199,9.3577,9.7088,9.9219,9.7088,9.9219,10.199,10.199,9.9219,10.375,9.7375,9.5202,8.7891,7.3364,6.8854,5.437,11.027,13.464,14.219,13.862,14.061,13.821,13.942,13.771,13.464,13.892,13.862,14.268,14.268,13.74,13.36,12.519,13.202,13.234,12.696,12.597,11.808,10.989,10.614,11.302,11.14,11.302,12.042,11.19,10.887,9.5202,11.4,13.71,16.122,16.574,18.025,17.323,17.193,16.122,16.035,15.851,15.887,15.232,16.506,17.136,16.268,18.025,18.232,18.309,18.671,18.309,19.596,19.338,19.717,19.823,19.546,19.546,20.751,18.871,18.301,15.887
12.381,14.719,14.422,15.323,14.945,14.069,14.099,12.78,12.049,11.732,11.209,9.3481,9.5695,9.4077,8.3545,10.095,10.15,9.5256,10.095,10.164,9.9696,9.743,9.9696,10.259,9.8286,8.9981,9.0907,7.855,6.5358,5.5165,10.995,12.769,13.9,14.576,14.306,13.87,13.748,13.829,14.276,14.614,13.9,14.069,14.738,13.471,13.082,13.21,12.725,12.856,12.604,12.703,12.29,11.109,10.893,10.568,11.732,11.234,12.335,12.061,10.88,9.243,10.62,13.336,15.54,16.941,18.035,16.884,17.015,16.583,15.834,15.896,14.374,15.029,16.07,16.941,17.211,17.04,17.429,18.074,19.139,19.146,19.579,19.443,19.557,19.088,20.086,20.19,20.327,19.615,17.588,15.603
12.903,14.836,14.92,15.116,14.798,14.694,13.474,13.244,12.202,11.348,11.036,10.702,10.384,9.8309,10.896,9.2452,10.028,8.9847,10.207,9.7165,10.207,9.9298,10.028,10.262,10.097,9.3503,9.3652,7.6952,6.7268,6.0259,11.735,13.381,14.043,14.073,14.28,13.832,14.28,13.832,14.28,14.58,13.751,14.58,14.27,13.474,14.043,13.053,13.255,12.372,13,13.213,12.327,11.543,11.311,10.78,11.639,11.211,12.063,11.348,10.623,9.4543,11.384,13.474,15.409,17.207,17.336,16.796,16.545,16.587,15.544,15.409,14.656,14.541,16.587,15.39,16.596,17.207,18.078,17.118,17.758,19.209,19.789,18.618,19.662,19.583,20.194,19.092,20.125,19.151,17.449,15.143
12.611,15.025,14.491,14.413,14.751,14.157,13.794,13.295,13.526,11.922,10.73,10.937,10.301,9.8686,8.782,9.6814,9.4906,9.5644,9.9679,9.9113,10.246,9.7394,9.7827,10.191,10.136,9.7394,9.2807,7.9758,6.4105,5.4105,11.453,13.178,13.526,13.956,13.505,13.956,14.127,14.285,14.712,14.097,14.491,14.712,13.926,13.557,13.264,14.413,13.39,13.526,12.655,12.098,12.214,11.453,10.924,10.937,10.464,11.428,11.587,11.636,10.937,10.136,11.078,13.835,16.162,16.171,17.273,16.861,16.387,16.659,15.828,14.94,15.828,16.481,14.751,16.524,16.275,17.636,18.757,18.802,18.108,17.897,18.996,19.166,19.166,19.107,19.637,19.687,20.479,18.772,18.294,16.171
13.177,14.57,14.935,14.273,14.721,13.961,14.147,13.395,12.489,11.535,11.133,10.349,9.8716,9.969,10.429,9.07,9.472,9.1759,9.9134,9.969,9.9134,9.6881,9.9134,10.038,10.038,9.5878,8.472,8.02,6.8505,6.1273,11.232,13.661,13.457,13.701,13.99,13.64,14.147,13.508,14.147,14.655,13.99,13.911,14.427,13.302,13.426,12.795,13.426,12.795,12.697,12.977,12.004,11.523,10.971,10.639,10.716,11.366,11.63,11.475,10.429,9.472,11.244,14.02,15.675,16.414,16.456,17.465,16.49,15.462,15.884,15.381,15.055,15.128,15.745,16.006,15.771,17.497,17.872,17.465,18.389,18.576,18.922,18.239,19.469,19.694,19.973,20.281,19.778,19.778,17.848,15.954
11.139,12.44,12.568,12.44,12.968,12.44,12.322,11.36,10.874,10.766,9.9193,9.0577,9.1858,8.5435,8.6454,9.2017,8.7127,8.4404,8.7127,8.5435,8.9115,8.7127,8.5435,8.5435,8.5435,8.6623,7.978,7.3494,5.4034,5.0976,9.9193,11.36,11.851,12.44,12.428,12.25,11.936,11.997,12.614,13.069,12.844,12.81,12.143,12.568,11.9,12.226,11.9,11.851,11.347,10.725,10.323,10.323,9.2017,9.1699,9.2017,10.051,10.252,10.094,9.1699,8.3883,9.1858,12.322,13.67,14.214,15.023,14.867,14.758,14.499,14.418,13.638,13.247,13.191,12.844,15.139,15.293,14.549,16.219,16.065,15.965,16.255,16.065,15.956,16.777,16.785,16.829,16.829,17.823,17.6,15.67,13.892
12.464,14.997,14.751,14.13,14.647,13.778,13.9,12.808,12.819,11.698,10.591,9.5465,9.3686,9.5465,10.227,9.1107,9.2481,9.7644,10.117,9.4283,10.117,9.3686,9.5905,9.9915,10.047,9.5465,8.8134,7.4137,6.8841,5.825,11.171,13.239,14.07,14.258,14.308,13.809,13.9,13.809,14.647,14.386,14.1,14.02,14.1,13.615,12.884,13.563,13.334,13.501,12.72,12.362,12.191,11.258,10.801,10.186,10.917,11.171,11.758,11.982,10.404,9.3686,11.614,14.337,14.922,17.184,16.979,17.184,16.829,16.106,15.93,14.713,15.583,15.393,15.393,16.106,15.93,17.419,18.29,17.603,18.237,18.29,18.26,18.595,19.188,19.428,19.471,18.946,18.805,18.737,18.113,16.106
12.583,14.297,14.982,15.2,13.839,13.829,13.252,12.788,11.631,11.136,10.489,9.6587,9.5588,9.0121,7.9957,9.5588,8.9049,9.2821,9.3703,9.2821,9.616,9.6303,9.6303,9.8834,9.4867,9.0121,8.951,7.9268,6.3076,5.7857,11.524,13.589,14.249,14.182,14.384,13.918,13.829,13.619,13.75,14.055,13.75,13.839,14.611,13.127,12.615,13.779,12.788,12.745,12.788,12.745,12.363,11.198,10.799,10.594,10.799,10.684,11.968,11.771,10.489,8.718,10.9,14.384,15.118,16.705,17.608,17.159,16.034,15.723,14.834,15.723,14.094,15.191,15.931,15.749,16.738,16.738,16.868,17.23,18.062,18.423,19.232,18.806,19.182,19.445,19.261,20.077,20.382,19.325,18.401,15.836
13.487,15.056,15.729,14.632,14.449,14.195,13.56,13.066,12.452,11.614,10.541,9.9393,9.9393,9.2388,8.075,10.272,8.9932,9.3742,8.9932,9.5369,10.217,9.7258,9.9393,9.5369,9.5369,9.5369,8.2635,7.8644,6.5435,6.1919,11.554,13.601,13.846,14.526,14.195,14.056,14.195,13.383,13.724,14.244,14.244,14.116,14.086,13.846,13.268,13.56,12.784,13.012,12.718,12.795,12.063,11.746,11.222,10.474,10.58,11.222,11.686,11.888,10.646,9.5369,10.854,13.56,15.423,16.729,17.272,17.329,16.297,16.011,15.13,15.149,14.526,14.897,16.812,16.331,16.937,17.971,17.529,18.095,18.18,18.941,18.786,18.941,19.118,19.235,19.829,19.914,20.165,19.688,17.521,15.702
13.25,14.802,15.128,14.877,14.802,13.897,13.531,12.854,12.897,11.538,11.107,9.9258,9.7413,10.148,9.3614,8.7129,9.524,9.043,10.093,10.093,9.8269,9.3614,10.162,10.379,9.9679,9.5679,8.6,7.5641,5.9065,5.8352,12.162,13.334,14.429,14.877,14.225,14.097,14.176,13.736,14.225,14.225,14.507,14.688,13.207,13.867,12.778,13.897,13.207,13.207,13.207,11.919,11.813,11.107,10.891,11.635,10.579,11.232,12.69,11.306,11.031,9.3465,10.697,14.303,17.012,17.585,16.454,16.454,16.905,16.068,15.357,14.802,14.877,15.831,15.6,17.111,15.858,17.712,17.273,17.962,18.453,18.071,19.048,18.308,19.661,19.887,19.725,19.887,21.138,19.971,18.551,16.068
13.095,15.004,15.096,14.543,14.389,14.195,13.686,12.498,12.171,11.847,10.504,10.398,9.5476,9.3267,8.7263,9.3416,9.6777,9.6201,9.9467,9.6201,9.9467,9.6201,10.127,9.6201,9.6777,9.2067,8.5818,7.837,6.6683,5.604,11.705,13.513,14.704,14.929,13.747,14.244,13.747,13.44,13.747,14.165,14.234,14.911,13.747,14.244,13.211,12.924,13.179,13.222,12.696,12.137,11.929,10.661,10.97,11.008,10.609,11.38,12.137,12.137,11.282,10.14,11.27,14.77,17.001,17.405,17.839,18.017,17.236,16.283,15.179,15.179,15.567,16.368,15.938,16.646,16.376,16.845,18.413,18.698,19.384,18.631,19.845,19.57,19.697,21.251,19.506,20.363,21.349,20.06,19.008,16.376
12.451,14.422,14.79,14.093,14.336,14.855,13.391,12.605,12.261,12.182,10.504,10.517,9.6846,9.993,9.868,8.9287,9.4685,9.3954,9.4685,9.868,9.656,9.9653,9.868,9.8119,9.7696,9.4539,8.4689,7.7548,6.848,5.6811,11.277,13.256,13.746,13.876,14.336,14.015,13.421,13.391,14.287,14.422,13.985,13.906,14.191,13.906,13.503,12.822,12.993,12.822,12.779,11.803,12.362,10.929,10.622,11.166,10.557,11.24,11.977,11.626,11.166,9.656,11.602,14.451,15.974,16.782,16.492,17.459,16.881,15.879,15.159,15.15,15.376,15.268,16.492,16.358,15.948,18.111,18.345,18.111,18.345,18.827,19.262,18.937,19.778,19.539,19.986,18.973,20.13,19.118,18.202,16.307
12.891,14.344,14.528,14.944,14.296,13.82,13.739,13.462,12.19,11.58,10.56,10.143,10.374,9.5191,9.4012,9.5191,9.4012,10.088,9.4012,9.7363,9.9627,10.252,9.6932,9.7363,9.4012,9.5629,8.5141,8.0426,6.9451,5.5127,11.628,13.368,14.217,13.769,13.89,13.94,13.89,13.201,14.089,13.95,13.708,14.879,13.729,13.729,12.716,13.82,13.201,12.945,13.232,12.361,11.688,10.873,10.374,10.987,10.613,11.226,12.428,11.807,10.987,9.9627,11.025,14.208,17.199,16.672,17.937,18.75,17.742,16.059,16.403,15.394,15.313,15.322,14.681,17.191,17.102,17.742,18.23,17.984,19.191,17.922,19.038,19.473,18.549,20.217,20.072,20.176,20.402,19.841,18.306,16.059
12.493,14.053,14.702,14.552,14.523,13.975,14.15,12.613,12.227,11.569,10.746,10.527,10.396,10.074,9.657,8.9033,10.169,10.169,9.5571,9.7419,10.074,9.4416,9.784,10.074,10.074,9.5571,8.5897,7.9772,6.8885,5.6407,11.498,13.383,14.15,14.102,14.102,13.747,13.587,13.747,13.837,14.41,13.837,14.102,13.837,13.597,13.187,13.009,13.187,12.613,13.135,12.591,12.046,11.486,10.527,10.396,11.11,10.797,11.534,11.048,10.784,9.6143,11.011,12.656,15.188,14.906,17.275,17.099,17.291,16.362,15.79,14.887,14.702,14.448,15.721,15.188,15.755,17.409,17.605,17.605,17.899,18.089,18.985,18.774,19.064,19.207,18.927,19.385,19.929,19.491,18.323,15.465
10.612,12.61,13.503,13.153,12.884,11.993,11.559,11.458,10.376,10.39,8.9896,9.7374,9.1823,9.1823,8.7094,8.102,8.0297,8.2271,8.7261,8.5403,8.7094,8.9081,8.5403,8.3851,8.2271,8.4544,7.5812,6.5041,6.3221,4.5832,10.488,11.483,12.47,12.644,13.064,12.839,12.329,12.644,12.563,12.563,12.47,12.329,12.078,12.435,11.66,11.356,11.846,11.445,11.122,10.924,10.721,9.7374,9.1982,9.2456,9.4485,10.091,10.488,9.7823,9.2928,8.1737,9.9303,11.394,13.34,14.26,15.812,15.277,15.133,14.534,14.085,13.834,13.064,12.598,14.544,14.26,14.513,14.624,15.701,15.21,16.204,16.249,16.674,16.454,17.166,17.452,17.166,17.594,18.726,17.284,16.032,14.054
11.26,12.551,13.364,13.527,13.538,12.339,12.099,11.706,10.267,10.408,9.0705,9.1987,9.3408,8.1165,7.6523,7.7474,8.5555,8.2418,8.7417,8.9568,8.9568,8.7417,9.5883,8.725,8.725,8.4523,7.8785,6.8444,6.1218,4.6232,10.394,12.014,12.667,12.457,12.457,12.268,12.445,12.244,11.916,12.244,12.457,12.632,12.445,12.268,11.155,12.16,11.376,11.298,11.376,10.781,10.209,9.8741,9.3094,9.7548,9.573,9.8741,10.209,10.45,9.8741,8.7417,9.7548,13.009,14.377,15.84,16.088,15.238,15.504,13.869,14.377,13.076,13.076,14.203,13.827,14.966,13.527,15.923,15.476,15.39,16.233,15.923,16.519,16.554,17.559,17.987,17.617,17.889,18.011,17.196,16.314,14.519
12.285,14.064,14.799,14.799,14.532,14.714,13.247,12.764,13.247,11.811,11.029,9.8249,10.091,10.091,8.2675,10.256,9.5221,9.5221,10.458,10.049,10.256,10.256,10.146,9.5659,9.7393,9.5221,8.663,8.0451,6.9473,6.3821,11.378,12.895,13.774,13.331,14.368,14.647,13.58,14.064,14.417,14.958,13.743,13.824,13.824,13.774,13.631,13.824,13.12,12.688,12.786,12.949,12.775,11.378,10.695,10.564,11.205,11.229,11.811,11.341,10.876,9.5221,10.773,14.034,14.939,16.16,17.755,17.755,17.558,16.408,16.399,16.064,15.354,14.733,16.168,16.902,17.269,17.755,18.051,18.213,18.236,18.912,19.197,19.081,19.55,19.421,20.099,19.826,19.798,19.139,17.582,16.314
13.217,14.107,15.028,15.396,14.546,14.963,13.908,13.644,12.171,12.056,11.153,9.8341,9.7485,9.9752,9.413,9.531,9.3534,9.5163,9.7198,10.101,10.101,9.5163,9.7198,10.626,10.265,9.7198,9.1265,8.2583,7.3637,6.0279,11.388,13.479,13.877,14.746,14.727,14.43,13.877,13.715,14.382,14.661,14.048,13.958,14.048,13.058,13.458,13.259,12.732,12.787,12.798,12.863,12.477,11.302,10.886,10.705,11.595,12.206,12.171,11.643,10.705,9.5749,11.314,14.186,16.389,17.511,18.329,18.099,17.574,16.423,15.719,16.398,15.368,15.896,16.926,17.213,16.287,18.045,17.952,17.598,18.87,19.36,19.908,19.223,20.53,19.796,20.774,20.619,20.68,19.569,19.223,16.918
12.763,14.99,14.581,15.286,14.397,14.62,13.87,13.249,12.235,11.671,11.329,10.452,9.7432,9.9005,11.028,9.2554,9.9571,9.9571,9.9005,9.8578,10.194,10.18,10.083,10.519,9.772,9.4802,8.7724,8.1068,6.7453,5.533,11.992,13.511,13.584,14.999,14.465,13.574,13.511,13.82,14.581,14.475,13.991,14.27,14.552,13.344,13.543,13.511,12.905,12.642,12.895,12.417,12.189,11.342,10.809,11.142,11.142,11.416,11.909,11.85,10.612,9.7432,10.925,13.511,15.451,17.36,17.617,17.617,16.901,15.451,16.222,15.908,14.848,15.433,15.65,16.59,16.463,18.236,17.775,17.815,18.639,18.019,19.673,19.152,19.203,19.544,20.45,20.457,20.18,19.999,18.556,16.118
12.842,14.49,14.939,14.334,14.797,14.711,13.305,12.919,12.831,11.743,11.153,10.246,9.5639,8.8294,8.5542,10.205,9.9107,9.49,9.7533,9.5639,10.246,9.9673,9.7533,10.463,9.7821,9.3857,8.6361,8.3038,7.2157,5.9313,11.477,13.049,14.363,13.588,14.673,14.016,14.284,14.284,14.284,14.431,14.567,14.006,13.885,13.588,12.919,14.006,13.305,12.61,12.339,12.61,13.103,11.452,11.353,10.663,10.885,11.153,12.097,11.586,10.937,9.4006,11.141,13.763,15.827,16.056,17.794,16.851,17.378,16.343,16.135,15.924,14.939,15.421,16.65,16.274,16.918,17.051,17.321,17.635,18.254,18.316,19.864,18.316,19.289,19.362,20.478,20.187,20.381,19.463,18.146,15.773
12.83,14.777,15.753,15.31,15.273,14.566,13.954,13.133,12.246,11.277,11.152,10.19,10.092,9.781,8.0795,10.245,10.065,9.4889,9.9096,10.462,10.741,9.279,9.6068,10.134,9.6068,9.9662,9.279,8.4871,7.1167,6.4532,11.34,13.419,14.633,14.154,14.283,14.014,13.924,13.555,13.954,14.124,13.883,14.273,14.478,14.004,13.101,13.419,12.819,12.753,12.819,12.246,13.047,11.24,11.389,10.569,11.389,11.426,11.967,11.634,10.935,9.7521,11.252,13.261,15.392,16.478,17.106,16.478,16.883,16.656,15.745,15.61,14.566,15.31,16.341,15.529,16.648,16.229,16.774,17.705,18.144,18.754,19.221,19.103,19.883,20.22,19.862,19.627,20.476,19.634,19.17,16.133
12.896,14.309,14.878,14.962,15.063,14.587,13.977,12.938,12.503,11.294,10.481,10.361,10.375,10.213,10.118,9.6993,8.9423,8.9886,9.4097,9.4097,9.6708,9.883,10.159,10.159,10.118,9.0805,8.563,8.3171,7.1546,6.6537,10.984,13.15,14.134,14.444,14.615,13.977,13.897,13.656,14.164,14.036,13.717,14.036,13.887,13.837,13.646,13.307,12.992,12.938,12.809,12.269,11.762,11.584,11.096,11.159,10.573,11.537,12.635,11.548,11.294,9.483,10.105,13.193,15.255,16.341,17.486,17.486,16.634,16.517,16.102,15.578,14.444,14.813,15.145,15.336,15.264,16.841,17.39,17.174,18.008,17.954,19.147,18.403,18.797,19.406,18.775,19.061,19.996,19.696,17.643,15.781
12.667,14.471,14.811,14.951,15.316,14.162,13.645,12.894,11.583,11.095,10.44,10.572,10.103,9.5978,9.6696,8.3161,9.0794,9.6553,9.6982,9.7834,9.8257,9.4086,10.158,10.65,9.4818,9.4818,9.6553,8.0284,6.8577,6.1337,11.583,13.191,13.836,14.951,14.67,13.886,13.675,13.675,13.645,13.975,13.886,14.811,14.614,13.655,12.797,13.065,12.721,12.324,12.721,12.324,12.2,10.519,11.583,11.157,11.095,11.256,12.502,11.994,11.182,9.4818,11.095,13.715,16.632,16.44,16.994,16.339,16.381,15.253,15.262,15.253,14.727,15.253,15.787,15.996,15.823,17.196,16.313,17.196,17.633,16.937,18.295,17.883,19.651,20.573,19,20.458,20.939,19.145,18.655,15.469
13.1,14.615,14.82,15.005,14.53,13.834,14.417,12.673,11.949,11.717,10.802,10.321,10.335,9.6618,9.7466,8.9538,9.151,9.6333,9.4462,9.8447,9.7888,9.166,10.295,10.079,9.8447,9.151,8.9231,7.3545,7.5023,5.3436,11.492,13.873,13.714,14.388,14.06,14.109,13.593,13.754,13.843,15.005,13.952,14.388,14.568,13.141,12.673,13.141,12.76,12.673,12.846,12.792,12.097,10.751,11.016,10.802,10.597,10.903,12.097,11.54,10.941,9.2702,10.48,13.359,14.672,16.718,16.652,16.971,15.841,15.859,14.894,14.82,14.06,15.087,15.277,16.184,15.277,16.874,16.898,16.718,17.283,18.526,18.585,18.045,19.267,19.073,19.564,19.953,20.083,19.281,17.923,16.303
12.75,14.377,14.975,14.098,14.604,13.349,13.623,12.675,12.144,11.205,11.193,9.7392,10.003,9.6259,9.3661,9.8372,9.6259,9.439,9.6259,9.144,10.112,9.3661,10.432,10.166,9.4825,9.7392,8.947,8.0093,6.7051,5.3395,11.766,13.183,14.67,14.585,14.098,13.823,13.773,13.823,13.703,14.146,13.703,14.482,13.653,13.743,13.583,13.246,12.664,12.953,12.664,11.435,11.495,11.303,10.895,11.107,10.472,11.303,12.178,11.495,11.519,9.3661,10.327,13.38,15.265,16.557,16.441,16.265,16.441,15.62,15.002,14.604,15.541,15.111,15.829,17.047,16.99,16.129,17.151,17.047,18.445,17.663,18.153,18.593,19.059,20.006,19.252,19.485,20.851,19.436,18.325,16.265
12.795,14.737,15.451,15.351,14.822,14.244,13.724,13.225,12.075,10.541,10.272,10.107,10.107,9.537,8.0577,9.8403,9.1322,9.0088,10.107,9.3592,10.065,9.3592,10.065,10.107,9.5223,9.254,9.0398,7.5744,6.7333,5.3949,11.935,13.066,14.708,14.283,14.293,14.006,13.886,13.795,13.886,13.765,13.467,13.795,14.391,13.394,12.795,13.14,12.74,11.97,12.213,12.485,12.575,11.614,11.122,11.21,10.712,11.046,12.305,11.829,11.16,9.9393,10.855,13.886,16.089,16.124,17.45,16.812,17.093,15.729,15.378,15.378,14.391,14.972,15.906,15.341,16.603,17.296,16.331,17.077,18.964,18.786,19.581,19.227,20.324,20.276,19.581,19.921,20.352,19.886,18.546,15.853
12.724,14.953,15.138,14.803,14.613,14.226,13.948,12.768,12.368,11.814,11.695,10.407,10.892,10.204,10.149,10.038,9.4068,9.6412,9.8276,9.6412,10.487,9.5247,9.7134,10.038,9.4068,9.0282,8.6007,7.8543,6.5352,6.024,11.635,13.501,14.226,14.304,14.575,13.898,14.068,13.988,14.068,13.988,14.068,13.988,14.068,14.098,13.948,13.07,12.779,13.07,13.049,11.873,11.814,11.539,10.407,11.108,10.527,11.587,11.873,11.095,11.43,9.5247,10.879,13.898,15.894,16.816,16.276,17.563,16.782,16.276,16.412,14.878,14.887,14.737,15.832,16.915,17.038,17.563,17.467,17.594,17.995,17.948,20.139,18.917,19.662,19.655,19.484,19.613,20.578,19.556,18.033,16.915
10.671,13.031,13.008,13.396,13.165,12.362,12.362,12.207,11.154,10.337,9.5724,9.214,8.8079,8.657,8.9562,7.5361,8.9562,8.3996,9.0051,8.3996,9.0051,8.6739,8.8079,8.7244,8.9562,8.469,8.134,7.0546,6.3098,4.8394,10.064,11.567,12.491,12.678,12.55,12.62,12.338,12.099,12.362,12.491,12.099,12.338,12.456,12.099,11.298,11.705,11.977,10.889,10.956,10.45,10.658,9.2457,10.166,9.4493,9.6788,9.9767,10.74,10.506,9.7542,8.3996,9.5877,12.243,14.284,14.649,15.033,15.728,14.965,15.043,14.068,14.161,13.527,12.631,14.649,14.559,14.047,16.518,15.922,15.475,16.376,16.456,15.7,16.851,17.524,18.01,17.11,17.624,17.666,17.524,16.947,14.376
11.303,12.637,12.867,12.867,13.104,12.497,11.921,11.483,10.51,10.51,9.7587,8.812,8.812,9.2659,8.7452,8.7452,8.7452,9.4537,9.0741,8.9604,8.7452,8.7452,8.2451,9.0741,8.2628,8.1378,7.807,7.2625,5.4132,4.8417,10.412,11.921,12.672,12.344,12.344,12.462,12.249,12.462,12.637,12.497,12.272,12.497,11.921,11.921,11.983,11.623,11.303,11.146,11.16,10.826,10.88,9.6379,9.2183,9.5769,9.2183,10.342,10.412,10.17,9.6379,8.2451,9.4537,11.381,14.301,14.414,15.708,15.921,15.244,14.043,14.074,14.043,13.533,13.37,13.801,14.414,14.332,14.575,16.149,15.32,16.031,16.72,17.474,17.271,17.203,17.566,17.457,17.624,18.067,17.432,16.24,13.875
11.365,13.078,13.033,13.167,13.078,12.909,12.634,11.48,11.416,10.824,9.2634,8.8759,8.1357,8.4534,7.3608,9.2,8.8097,8.2607,8.9253,8.4534,8.7262,9.1841,8.6757,9.007,8.743,8.2784,7.6916,6.8454,5.9775,4.8404,10.339,11.869,12.269,12.101,12.587,12.101,12.669,12.161,12.634,12.772,12.016,12.269,12.552,12.245,11.869,12.364,11.467,10.891,11.3,10.891,10.783,9.7562,9.5897,9.4667,9.5897,10.066,10.297,10.211,9.7562,8.4707,8.5567,12.209,13.089,14.41,15.007,15.307,14.541,15.307,13.966,14.771,13.089,14.05,14.298,14.572,14.722,15.731,15.326,16.244,15.694,16.811,17.326,16.459,17.267,17.292,17.199,17.267,18.408,17.727,16.361,14.071
13.033,14.846,14.931,14.931,14.987,14.258,13.258,13.509,13.342,11.765,10.611,10.491,10.082,10.123,10.438,8.8825,9.9979,9.7706,10.289,9.7706,10.598,9.6695,10.729,10.558,9.7418,9.7274,9.008,8.3782,6.6394,5.7316,11.633,13.777,14.218,14.218,14.656,13.989,13.868,14.317,13.939,14.414,14.55,14.55,14.55,13.374,13.374,12.816,12.827,12.233,11.99,12.187,12.739,11.14,11.34,10.808,11.178,11.328,12.761,11.765,10.924,9.5966,10.438,13.247,14.922,16.596,18.001,17.031,17.195,16.211,15.728,16.731,15.584,14.922,16.898,15.932,16.358,17.812,18.024,17.812,18.794,18.727,19.288,18.508,19.288,20.666,20.392,19.149,21.439,19.193,18.508,15.449
11.473,13.04,13.018,12.87,13.04,12.559,12.916,11.473,10.964,10.173,9.4562,8.2473,8.7476,8.2473,7.3646,8.6803,8.8143,8.6803,8.8143,8.6803,8.8806,8.93,9.2048,9.4562,8.4057,8.4231,8.2827,6.6975,6.1259,4.9031,10.115,12.252,12.501,12.87,12.347,12.454,12.276,12.501,12.779,12.022,12.168,12.216,11.714,11.986,11.588,12.022,11.512,10.883,11.512,10.883,9.984,9.7613,9.2207,9.7613,9.5794,9.7613,10.513,10.457,9.8063,8.4752,8.93,12.107,14.047,14.417,15.171,14.729,14.213,15.083,13.805,13.698,13.096,14.057,15.257,15.248,14.171,15.618,15.248,15.515,15.41,15.786,17.122,16.794,17.495,17.999,16.37,17.901,18.193,17.703,15.74,14.305
11.168,12.646,13.379,13.225,13.001,12.693,12.028,11.719,11.168,10.221,9.8853,8.8184,8.6673,8.4618,6.7876,9.0807,8.4791,8.2865,9.0158,8.8184,9.225,8.8184,9.3199,9.0807,8.7516,8.2688,8.1437,6.9373,6.5455,5.4171,10.349,11.58,12.506,12.471,13.012,12.257,12.471,12.257,11.93,12.693,11.967,11.881,12.646,11.272,11.719,11.58,11.593,10.955,10.753,10.848,11.115,9.7658,9.7658,9.3513,9.476,9.8853,10.406,10.307,9.6904,8.1437,9.5991,12.257,12.876,14.342,15.398,14.736,15.051,14.219,13.811,14.586,13.102,13.28,14.636,14.126,15.022,15.255,15.747,15.597,16.233,16.502,16.802,16.233,16.802,17.216,17.216,17.486,18.202,16.287,16.233,14.095
13.254,14.471,15.302,15.014,15.08,14.226,13.784,12.91,12.205,11.961,10.003,10.294,10.294,10.294,10.416,9.4394,9.6747,9.8617,10.198,10.294,10.416,9.4839,10.239,10.059,10.184,9.543,9.0129,7.8278,6.3841,6.4715,11.627,13.631,13.631,14.265,13.947,14.275,13.116,13.754,13.916,13.997,14.087,13.784,13.754,13.589,13.297,13.496,12.768,12.768,12.768,12.422,11.712,10.878,10.603,10.878,11.146,11.676,12.602,12.24,11.272,10.059,10.93,13.169,16.124,17.496,16.375,17.073,16.098,15.905,16.512,15.014,15.411,16.648,16.571,16.563,15.914,18.281,18.518,17.624,18.312,18.258,19.115,19.211,19.809,20.292,19.731,19.494,21.22,19.616,18.744,15.949
12.38,14.977,15.263,14.93,14.24,14.435,13.545,13.263,12.346,11.647,10.159,10.695,9.9782,9.0369,9.6505,9.0059,9.5338,9.7514,10.104,10.268,10.268,9.837,10.172,10.159,10.062,9.5338,9.0369,8.2098,6.7311,6.0297,10.902,13.462,13.73,14.24,13.972,14.002,13.972,13.73,13.972,13.73,13.483,14.24,13.263,14.19,12.175,14.289,13.316,12.615,13.221,12.071,11.884,11.392,10.89,10.786,11.004,11.305,12.071,11.61,11.682,9.936,10.214,14.367,15.988,16.084,16.53,16.832,15.874,15.336,15.9,15.336,15.336,16.291,15.563,16.188,16.145,17.738,17.769,18.105,18.832,18.577,18.697,19.046,19.445,20.103,20.207,19.745,20.138,19.872,17.484,15.848
12.919,14.255,15.099,15.191,14.673,14.412,14.567,12.754,12.339,12.419,10.45,10.742,9.9673,10.246,10.53,9.158,9.868,10.135,10.191,10.663,10.53,10.08,10.53,10.729,10.01,8.7815,9.6079,8.2868,6.6472,5.9313,11.452,13.525,14.096,14.284,14.334,14.324,13.925,13.305,13.925,14.412,13.925,14.412,14.431,13.358,12.951,13.421,13.103,12.61,12.577,12.61,12.373,11.077,11.153,10.937,11.153,11.586,12.52,12.248,11.39,9.6079,10.937,13.305,14.48,16.386,17.051,16.926,16.616,15.773,15.666,15.603,15.675,15.421,16.86,16.161,15.924,17.635,18.107,17.667,18.068,18.416,18.689,18.254,19.362,19.427,19.311,19.807,20.601,19.164,18.53,16.658
12.931,14.29,15.219,15.398,14.744,13.613,13.613,13.245,11.95,11.766,10.313,10.071,9.654,9.7388,10.112,9.8368,9.6255,9.4386,10.071,9.7809,9.8785,9.654,9.6113,9.7809,9.6255,9.1586,8.4422,7.8534,6.6226,5.5655,11.95,13.214,14.146,13.512,13.461,13.582,14.097,13.653,13.348,13.822,14.29,13.743,13.653,14.068,13.131,13.245,13.379,12.323,13.089,12.087,11.87,10.995,11.205,11.302,10.781,11.302,12.356,11.53,11.495,9.9614,10.588,12.931,14.882,16.44,16.163,16.171,16.639,15.984,15.505,15.461,15.246,15.264,15.219,17.553,16.129,16.018,17.87,17.909,18.053,17.716,18.287,18.084,19.058,19.937,19.058,19.868,20.331,19.902,17.87,15.219
13.22,14.749,15.031,14.891,14.749,14.702,13.314,12.713,12.735,11.988,10.628,10.102,11.104,10.102,9.7071,10.416,9.4591,10.033,10.416,10.212,10.641,10.033,10.033,9.977,10.061,9.0975,9.37,7.6992,6.3674,5.3925,11.883,13.481,14.625,14.05,13.88,14.08,13.728,13.346,14,14.08,14.52,13.96,13.839,14.08,13.512,13.22,12.909,13.081,12.789,11.93,11.741,10.785,10.576,11.645,10.901,11.304,12.536,12.07,11.681,9.9349,10.576,13.718,15.371,16.108,17.159,16.401,16.863,15.48,14.815,14.956,14.815,15.659,15.371,17.126,16.143,16.418,17.514,17.321,18.5,17.577,18.233,17.955,19.799,20.791,18.755,20.156,20.683,19.168,19.043,16.797
12.626,15.266,15.158,15.121,14.421,14.854,13.984,12.778,12.395,12.778,10.928,10.464,10.569,10.814,11.141,9.6838,10.197,10.102,10.464,10.143,9.6553,10.634,10.143,10.345,10.464,9.0355,8.4193,8.3038,6.8475,5.988,11.337,13.369,13.129,13.655,14.335,14.014,14.092,13.954,14.564,14.344,14.141,14.092,14.141,13.695,13.389,13.42,13.286,12.483,12.483,12.483,12.527,11.661,11.141,9.9922,10.827,11.141,12.26,12.091,10.569,9.4678,10.827,13.296,14.421,15.999,17.529,17.099,16.281,15.615,15.764,15.668,14.335,14.141,16.449,15.738,15.973,17.339,18.583,17.458,18.071,17.615,19.375,18.109,18.56,18.767,19.495,19.881,20.108,19.984,18.321,15.764
11.168,12.751,13.047,14.064,12.877,12.635,12.565,11.168,11.389,10.35,9.2254,8.8188,8.8188,8.126,7.7565,8.1441,9.0163,8.8188,8.8851,8.8188,8.8851,8.9345,9.4765,9.0811,8.5656,8.4622,8.7352,7.2681,6.6127,5.3355,9.7663,11.492,12.353,12.507,12.377,12.365,12.507,12.365,12.353,11.894,12.353,12.843,11.832,12.365,10.835,11.967,11.168,10.848,11.517,10.848,10.35,9.7512,9.2254,9.8858,9.3204,9.8113,10.35,10.12,9.7663,8.41,8.8851,11.894,13.554,14.787,14.787,15.207,15.323,14.717,13.875,13.013,13.875,14.096,14.179,14.627,13.886,14.796,15.294,15.513,16.107,15.265,16.107,16.006,16.803,17.504,16.724,18.275,18.008,17.638,16.618,14.587
12.7,14.141,14.296,15.563,14.498,14.431,13.885,12.98,12.635,11.538,10.834,10.641,9.8178,9.1931,8.3095,10.719,9.6476,9.3125,9.6476,9.3125,10.15,10.109,10.204,10.04,9.999,8.9341,9.0417,7.9006,7.3199,5.3594,11.633,13.378,13.471,14.023,14.141,14.277,13.875,13.399,14.151,15.304,14.102,13.964,14.151,13.18,13.755,13.233,13.138,12.269,13.138,12.884,12.099,10.974,10.821,10.325,10.821,11.633,11.984,11.526,10.325,9.2977,10.471,13.825,14.344,16.326,16.891,17.627,17.183,15.678,15.457,15.984,15.031,14.864,15.678,16.368,17.118,17.183,17.398,17.619,17.406,18.243,18.949,19.101,19.043,18.401,19.381,19.783,19.943,20.122,18.484,16.727
12.82,14.865,15.057,14.975,14.81,13.637,13.806,12.937,12.397,11.289,11.031,10.154,9.7273,9.4275,9.6142,10.1,9.3547,9.6142,9.6142,9.8252,10.1,8.936,10.301,10.274,9.7273,9.4275,9.4275,7.7212,6.8183,5.8467,11.093,12.767,13.806,13.954,13.727,13.607,14.051,13.607,13.687,14.652,14.051,14.129,14.426,13.607,13.404,13.566,12.572,12.916,12.937,12.474,12.43,10.882,10.576,10.354,10.472,11.118,12.309,11.752,10.459,9.3547,10.059,13.637,15.201,16.84,16.245,16.685,16.379,15.451,15.246,15.451,14.726,14.984,15.879,16.11,17.13,16.537,17.641,18.13,18.665,18.422,18.665,18.724,18.775,20.016,19.525,19.982,20.043,20.125,18.422,16.619
13.113,14.271,15.27,15.225,14.76,14.029,13.892,12.86,12.071,11.467,10.299,10.417,10.587,9.9888,10.057,8.6545,9.7674,9.7253,9.9888,9.9888,9.9477,9.2499,9.9888,9.9888,9.9477,9.4256,8.9343,8.1166,7.0341,5.4586,11.934,13.113,14.126,14.223,13.803,13.401,14.029,13.724,13.361,14.271,14.126,14.155,14.049,13.684,12.071,12.657,12.127,12.206,12.559,12.25,12.306,10.766,11.467,11.287,10.587,11.691,12.195,11.262,11.287,9.2647,10.057,12.913,15.763,17.07,16.861,16.509,16.242,15.386,15.081,15.377,14.972,15.439,16.616,16.417,15.377,18.006,16.893,17.692,17.776,17.753,18.418,17.968,19.626,19.895,19.978,20.039,21.614,19.709,19.281,16.376
13.096,14.355,15.889,15.459,14.884,14.267,13.827,13.684,12.378,11.347,10.723,9.7769,10.605,10.498,8.0936,9.9055,9.2752,9.26,9.7337,10.295,9.8628,9.7769,11.185,10.736,10.24,9.1224,9.0139,8.0936,7.1138,5.459,11.347,13.351,14.277,14.277,14.931,14.627,13.827,13.518,14.355,14.742,13.877,13.918,14.997,13.382,13.382,13.518,12.945,11.773,12.424,12.737,12.748,11.147,10.931,10.723,11.471,11.773,12.378,11.713,10.931,9.076,10.444,13.497,15.091,16.1,17.626,17.489,17.206,15.951,15.183,16.607,15.006,15.303,16.767,17.506,16.641,16.976,17.312,17.441,17.824,18.806,19.007,19.007,19.301,19.496,19.924,20.072,20.652,19.733,18.314,15.986
13.25,15.452,15.406,15.406,14.659,14.112,13.942,13.574,12.373,12.097,11.067,10.236,9.8584,10.125,8.7729,10.732,9.7438,9.9999,9.7726,9.7726,10.613,10.52,10.613,10.493,10.084,9.8584,9.0565,7.7168,6.7457,5.5333,11.624,13.418,13.992,14.697,14.417,14.27,13.759,13.749,13.78,14.417,13.82,13.942,14.32,13.78,13.585,13.749,12.993,13.25,13.25,12.764,12.201,11.028,10.56,10.56,10.913,10.926,12.097,11.851,10.81,9.9011,10.56,13.491,15.084,16.6,17.385,16.96,17.239,15.909,15.74,14.925,15.287,16.093,16.361,16.119,17.034,17.198,17.482,18.252,18.999,18.783,18.542,19.545,19.204,19.674,19.95,19.866,20.181,19.915,18.82,15.944
12.604,14.277,14.653,15.684,14.355,14.198,13.738,12.726,12.256,11.234,10.581,11.209,10.053,9.7432,10.164,9.3632,9.5258,9.6424,10.15,9.5258,10.462,10.053,10.488,10.26,9.7001,9.2281,9.0447,7.8552,6.6838,5.617,11.732,13.252,13.95,14.422,13.99,13.95,13.83,13.95,13.83,14.07,13.472,14.07,14.738,12.78,13.636,12.726,13.083,12.153,13.083,12.199,12.049,11.209,11.345,11.197,11.109,11.197,12.324,11.732,10.995,9.5697,11.197,13.83,15.71,16.917,17.934,17.636,16.709,15.896,15.405,16.166,14.691,14.805,17.565,16.389,16.389,17.252,17.762,17.966,18.726,18.682,18.584,18.941,18.86,19.94,19.386,20.121,20.668,19.139,18.614,16.414
12.563,14.618,14.921,14.883,15.023,14.231,13.963,13.053,12.372,11.348,10.531,10.424,10.028,9.2453,9.093,9.5133,10.491,10.097,9.9721,10.166,10.702,9.7454,10.636,10.411,9.7454,9.7167,9.8735,8.2048,7.1105,6.026,11.212,13.537,14.182,13.833,13.833,13.903,13.953,13.903,14.513,14.231,14.426,14.377,13.711,13.547,12.728,13.782,13.454,13.224,13.454,12.156,11.591,11.111,10.844,11.099,10.491,11.099,11.735,11.385,10.623,9.93,10.636,13.752,15.9,16.461,17.044,16.797,16.797,15.9,16.281,15.033,15.116,16.596,16.587,16.688,16.688,17.766,17.719,17.97,19.056,17.727,18.887,18.558,19.158,19.39,19.354,19.619,19.895,19.923,17.569,15.838
12.955,14.952,14.337,14.753,14.801,14.009,13.797,13.424,13.052,11.925,10.939,10.452,9.9132,9.7413,9.6103,8.7837,9.403,9.9699,10.679,10.068,10.207,10.248,9.9699,9.9699,9.9132,9.4478,9.0365,7.3719,6.6489,5.9328,11.194,13.56,13.807,14.009,14.159,14.019,13.776,14.019,14.159,14.129,14.049,14.337,13.888,13.529,12.922,13.424,13.529,12.757,13.106,12.388,12.216,11.257,10.888,10.732,10.613,11.257,11.638,12.308,10.939,10.138,10.666,13.797,15.777,16.755,16.381,16.39,16.347,15.607,15.715,15.471,15.777,16.654,16.381,17.455,15.831,18.166,18.073,17.798,18.565,18.018,18.298,19.316,19.461,19.468,19.483,19.691,20.317,20.414,17.35,16.527
12.82,14.321,15.178,15.589,14.85,14.113,14.143,13.283,12.599,11.143,10.732,10.732,10.732,9.7301,8.497,10.601,10.085,9.7733,10.071,9.7445,9.5552,9.3772,10.653,10.291,10.237,9.7733,9.3772,7.8795,6.7044,6.0433,11.466,12.732,14.271,14.554,14.321,14.262,13.821,13.575,13.513,14.321,14.033,14.271,14.554,13.678,12.599,13.678,12.896,12.202,12.896,12.202,11.958,11.029,11.067,11.181,11.231,11.466,12.294,11.673,10.927,9.119,10.44,13.913,15.759,16.643,18.46,17.265,16.146,15.883,14.926,15.187,14.926,15.652,17.619,16.362,17.619,17.093,17.386,17.619,18.238,18.822,19.846,18.513,20.287,19.952,20.183,20.644,20.914,20.036,18.513,15.589
11.923,13.095,13.095,13.005,13.039,13.173,12.166,11.687,10.962,10.414,9.3145,9.2196,9.2196,8.7297,8.2818,9.0106,8.1928,8.4569,8.6792,8.8133,9.2037,8.8133,9.2037,8.8133,8.6792,8.4742,8.4742,6.5864,6.5193,4.9025,9.8051,11.382,12.166,12.499,12.25,11.923,11.874,11.911,11.874,12.499,12.346,12.639,12.464,12.214,11.485,11.51,11.369,11.51,11.421,10.828,10.414,9.4706,9.2514,9.7601,9.2037,10.272,10.664,10.512,9.7601,8.4742,9.6393,11.687,13.535,15.332,15.246,15.043,15.408,13.803,13.578,13.095,13.803,13.217,14.242,15.313,15.082,14.787,15.255,16.097,16.251,16.033,16.368,17,16.914,17.997,16.368,17.206,18.415,17.734,16.251,15.043
13.089,14.999,14.848,15.185,14.22,14.552,14.319,13.26,12.763,11.142,10.874,10.613,10.519,9.554,8.7724,9.9993,10.235,9.7288,10.235,9.4803,10.412,10.439,10.439,10.925,9.554,9.554,9.2706,8.0895,6.8895,6.0425,11.142,13.376,13.87,14.001,13.779,13.911,13.089,14.27,14.111,14.27,14.111,14.552,13.82,13.511,12.895,13.376,13.511,12.201,12.372,12.015,12.292,11.342,10.652,10.874,11.129,11.267,11.575,11.909,10.925,9.554,10.718,14.581,15.405,16.759,18.128,18.003,17.489,16.222,16.214,16.222,14.397,15.478,16.437,16.557,16.934,17.775,17.768,18.019,18.782,18.737,19.291,19.723,19.152,19.716,19.342,19.115,20.388,20.471,18.797,16.257
12.927,14.684,15.393,15.465,15.163,14.921,14.07,13.98,12.396,11.84,11.565,10.59,10.061,9.7352,9.2477,10.403,10.186,10.186,9.4279,10.075,10.484,10.643,10.117,10.075,9.8497,8.7331,9.0485,8.6848,6.9648,5.7277,11.625,13.078,13.808,13.899,14.02,13.365,14.02,13.665,14.453,14.996,13.778,13.859,14.385,13.899,13.665,13.93,12.497,12.753,13.11,12.807,12.818,11.233,10.656,10.227,11.22,11.84,12.316,11.84,10.865,9.3832,10.117,13.5,15.052,16.551,17.538,17.313,16.745,16.355,15.797,16.131,14.921,15.42,16.745,16.492,18.236,18.259,17.8,18.012,18.419,19.253,19.65,19.535,19.94,19.092,19.94,19.707,20.766,19.136,19.1,15.93
11.269,12.643,13.7,13.87,13.008,12.467,11.828,11.385,10.965,10.667,9.7629,8.9642,9.078,8.4765,9.2063,7.5234,8.8157,8.1232,8.8157,8.7322,9.4577,8.882,8.8157,8.8157,8.7322,8.2663,7.5234,7.0609,6.3155,4.8739,9.9856,11.577,12.503,12.349,12.456,11.926,11.963,11.926,12.561,12.349,12.503,12.689,12.561,12.689,11.828,11.877,11.828,11.385,11.475,10.667,10.459,9.4577,9.6875,9.5962,9.4732,10.275,10.275,10.073,9.7629,8.5626,9.5962,11.926,14.297,14.712,14.732,15.086,14.791,14.307,13.7,12.838,12.872,14.791,13.807,15.288,14.572,15.714,15.705,15.714,16.47,15.173,15.705,16.797,16.866,16.788,16.918,17.739,17.498,17.439,16.866,14.42
12.312,15.047,14.945,14.138,14.797,14.294,13.56,13.178,12.633,12.097,10.832,11.084,10.832,10.627,10.832,10.202,10.934,9.6889,9.774,10.039,10.094,9.4581,10.202,9.8163,9.4727,9.4727,8.9943,8.0035,6.7291,5.3586,11.147,13.136,13.303,13.052,14.148,13.872,13.872,13.793,14.148,14.533,14.609,14.226,13.793,14.197,13.662,12.978,13.631,12.633,12.978,11.982,11.994,11.233,10.202,10.202,10.64,11.084,11.171,11.134,10.627,10.148,10.717,13.136,15.454,14.862,17.18,17.236,16.847,17.108,16.5,15.454,15.165,14.722,14.945,16.491,16.323,16.921,17.896,18.21,17.935,18.637,18.458,18.511,18.865,18.799,19.527,18.865,20.807,19.633,17.624,17.18
13.309,14.551,15.32,14.815,14.627,14.214,13.769,12.724,12.416,12.202,10.845,11.098,10.794,9.9955,10.985,9.4841,9.4841,9.4108,10.482,9.2027,10.336,10.376,10.482,10.16,10.215,9.0051,9.7005,8.3181,7.0188,6.1576,11.357,13.025,13.978,14.165,13.889,13.719,13.889,13.769,13.809,13.839,14.155,14.243,14.311,13.769,13.152,13.184,13.412,12.843,12.897,11.997,11.622,10.794,10.009,10.794,10.574,11.16,11.622,11.098,10.833,9.6576,11.332,12.724,15.338,16.511,17.393,16.941,16.095,16.511,15.826,15.615,14.551,14.008,14.815,16.104,16.477,16.711,16.982,16.711,17.637,17.887,18.659,17.895,18.659,19.578,19.656,18.733,20.517,19.265,18.353,16.061
13.001,14.222,14.625,14.377,14.045,14.635,13.42,12.85,12.288,11.829,11.496,10.852,10.839,10.645,10.839,9.7059,9.4894,9.4161,9.8335,10.22,10.125,9.7059,10.056,9.7911,9.6054,10.125,8.7131,7.5365,7.0817,6.5109,11.191,13.254,14.124,14.124,13.665,14.016,13.986,13.686,13.686,13.817,14.173,14.173,13.897,13.726,13.686,13.42,13.159,13.001,12.807,11.911,11.166,10.953,10.342,10.368,10.593,10.658,11.544,11.556,11.104,9.6773,10.488,13.032,15.156,15.835,16.444,16.326,16.753,16.318,16.044,14.823,15.183,14.682,15.346,16.72,15.87,17.081,17.242,17.186,17.647,17.314,18.692,18.788,18.423,19.131,18.543,19.821,20.25,19.304,18.543,16.52
12.744,14.665,14.302,14.965,14.684,14.175,13.688,13.318,12.016,10.993,11.303,10.66,10.595,10.37,10.582,9.3139,9.7073,9.7926,10.222,10.126,9.8349,10.383,10.222,10.113,9.4761,9.7926,8.996,7.5376,7.0827,5.3688,11.389,13.657,13.728,13.899,13.535,13.909,13.667,13.657,13.819,14.175,13.819,13.728,14.561,13.287,13.939,12.733,13.024,12.016,12.324,12.324,12.245,10.66,10.383,10.222,10.955,10.738,12.016,11.772,10.542,9.4175,10.542,13.422,14.909,15.412,17.907,16.978,16.731,15.706,15.303,15.794,14.175,14.627,16.648,16.011,14.909,16.32,16.396,16.846,17.5,17.93,18.672,17.93,18.746,19.507,20.116,19.486,20.314,20.012,18.546,16.011
11.366,12.441,13.247,12.973,12.918,12.16,11.466,11.045,10.177,10.317,9.3674,8.8786,9.1656,8.8786,8.0635,9.1026,8.0456,8.344,8.0635,8.7972,9.1813,8.4808,8.8461,8.3956,8.6488,8.1168,8.0456,6.9729,5.9245,4.7975,9.8611,11.812,12.054,12.716,11.994,11.764,11.8,12.522,12.383,12.568,12.441,12.795,12.101,12.795,11.994,11.812,11.378,11.479,11.315,10.247,10.205,9.4894,9.1813,9.5499,9.1813,10.247,10.848,9.8611,9.5499,8.1698,9.3827,11.479,13.675,14.442,14.797,14.835,14.874,14.161,12.895,12.973,13.062,12.973,13.409,15.114,15.341,14.11,15.028,14.728,15.921,15.359,16.1,15.775,16.558,17.046,16.654,16.843,18.308,17.273,16.523,13.946
12.721,14.823,14.319,14.861,14.682,14.635,13.727,13.42,12.633,11.934,11.166,10.112,9.8338,10.382,9.3128,10.541,9.3128,9.4751,9.7062,9.4897,10.112,9.5334,9.6776,10.015,10.112,8.995,8.323,7.8254,6.9236,5.5956,10.839,12.644,13.727,13.686,14.174,13.727,13.533,13.451,14.174,14.368,14.319,14.125,14.174,13.492,13.033,13.696,13.42,12.732,12.423,12.39,12.556,10.991,10.369,10.125,9.9876,11.067,11.545,11.77,10.449,8.6815,10.125,13.585,14.454,16.147,16.853,17.371,16.394,15.871,15.374,15.347,14.144,15.265,15.651,16.104,16.344,16.521,17.138,17.812,17.656,18.424,18.544,18.273,18.979,20.155,19.132,20.044,20.529,19.023,17.866,16.216
11.151,12.468,13.321,12.918,13.55,12.781,12.349,12.11,10.966,10.175,9.9565,8.7492,8.7492,8.4768,7.6012,8.5628,8.6819,8.816,8.665,8.4247,8.7324,8.8823,8.816,9.2065,8.2488,8.2843,7.6588,7.0403,6.0548,4.8439,10.218,11.424,11.877,12.17,12.503,11.877,11.963,12.349,12.561,12.689,12.11,12.025,12.643,12.17,11.577,11.716,11.488,11.165,10.952,10.831,10.952,9.3174,9.3488,9.7631,9.5965,10.074,10.845,10.218,9.4734,8.2666,9.9565,11.514,13.539,14.339,15.705,14.979,15.018,14.049,13.397,13.807,13.188,14.308,14.9,13.321,15.394,14.782,15.057,15.318,15.817,15.854,17.574,16.292,17.74,17.814,17.498,17.937,17.88,17.279,16.471,14.782
13.295,14.907,15.102,14.794,14.944,14.709,14.168,12.551,12.551,11.374,10.873,10.019,9.9628,10.088,9.0845,10.401,9.6933,9.2216,10.198,9.9207,9.8644,10.157,9.3567,10.157,8.9765,9.1152,8.5957,7.6882,6.6791,5.3849,11.288,12.858,13.86,13.769,14.794,13.576,14.364,13.89,14.364,14.344,14.267,14.344,13.441,13.729,12.858,13.462,13.358,13.232,13.063,12.462,12.19,11.581,10.574,10.886,10.77,11.3,12.156,11.629,10.692,9.3418,11.201,13.201,14.935,15.841,18.207,18.046,17.711,16.905,15.673,16.198,15.349,15.885,16.394,15.85,16.673,17.004,18.23,18.023,19.082,18.421,19.221,19.141,18.728,18.891,20.382,20.375,20.701,19.877,18.541,16.094
13.515,14.846,15.419,15.126,14.818,14.24,14.387,13.264,12.781,11.885,10.643,10.903,9.9367,10.214,9.5345,9.3568,9.0065,10.104,9.5345,9.752,9.5345,10.159,9.752,10.173,10.173,9.6511,9.0065,8.0556,6.9563,5.4451,11.647,12.792,13.882,13.963,13.761,14.289,13.39,13.649,14.112,14.522,14.003,14.24,14.387,14.24,13.842,13.546,13.317,12.803,12.21,12.737,11.683,10.578,11.306,11.157,11.157,11.244,12.176,12.335,10.643,9.2516,11.392,14.231,16.404,17.056,17.771,18.075,17.089,17.056,16.293,15.989,16.293,16.8,15.778,17.324,17.162,17.219,19.069,17.958,18.781,17.958,18.503,19.113,20.346,20.069,20.069,20.687,21.182,20.243,19.418,17.056
13.243,14.39,15.252,14.841,14.341,14.613,13.783,13.158,12.757,12.009,11.124,10.12,10.12,9.5495,9.7242,9.5495,9.7674,10.078,9.7386,10.12,9.7674,10.189,9.8532,10.078,9.7386,9.7674,9.0051,7.8211,6.9066,6.6372,11.237,13.619,14.075,14.105,14.458,13.904,13.934,13.567,14.025,14.545,14.651,14.458,13.578,13.985,13.115,13.813,13.505,13.285,12.932,12.079,12.321,11.41,10.726,10.726,10.285,11.023,11.726,11.41,10.92,9.251,10.92,13.505,16.137,17.68,16.859,17.156,16.751,16.726,16.901,15.588,16.145,16.43,16.893,16.455,16.959,18.265,18.119,17.189,18.288,17.64,19.099,19.106,19.099,20.24,19.606,20.686,20.814,19.477,19.606,16.137
12.777,14.798,14.798,15.006,14.674,14.712,14.007,13.264,13.103,11.453,10.925,10.301,9.968,9.2655,8.5052,10.136,9.5497,9.3862,10.094,10.136,10.094,9.7827,10.205,10.01,9.9113,9.4012,8.6366,8.5547,6.7109,6.0491,11.279,13.422,13.956,14.256,13.886,13.557,13.774,14.017,13.926,14.481,13.926,13.763,14.285,13.763,13.359,13.588,13.306,12.843,12.832,12.214,12.386,11.354,10.301,10.01,10.571,11.192,11.78,11.354,10.45,9.5645,10.205,12.952,15.303,16.986,18.294,17.564,17.5,16.481,16.057,15.604,14.481,16.481,16.344,15.916,16.659,17.795,16.651,18.417,18.256,18.757,19.573,19.048,18.84,20.133,19.457,19.936,20.86,19.224,18.132,16.575
13.828,14.278,15.748,15.441,15.092,14.327,14.327,13.257,12.242,11.642,10.061,10.241,10.241,9.9627,9.0301,9.7776,10.131,9.0301,9.6764,10.005,9.9061,9.2606,10.671,10.296,9.7488,9.7776,9.0611,8.249,6.7074,5.6368,11.336,12.748,14.248,13.766,14.089,13.828,13.878,13.519,13.797,14.248,13.878,14.119,14.998,13.828,12.825,13.257,13.267,12.748,12.726,12.379,12.242,11.034,11.186,10.296,11.249,10.737,11.857,11.678,10.737,9.0145,10.932,13.415,15.387,16.844,17.825,17.507,17.394,15.819,16.153,16.447,14.589,16.37,16.768,15.658,16.566,17.264,17.37,17.442,18.499,18.62,19.62,19.008,20.192,19.214,20.213,20.045,20.68,19.798,18.68,15.917
13.311,14.756,15.198,15.282,15.309,14.37,13.891,13.279,12.66,11.785,10.615,10.14,10.508,10.098,8.8971,10.455,9.2692,9.7434,9.5683,9.972,10.575,9.972,10.681,10.07,9.4498,9.085,9.0228,7.5992,6.8998,5.4644,11.082,13.141,14.162,14.291,13.84,14.052,13.697,13.438,13.594,14.487,13.594,14.419,14.012,13.646,13.646,14.291,12.616,13.109,13.012,12.66,11.868,10.942,10.628,10.89,11.158,11.284,11.868,11.64,10.615,9.0228,10.428,13.646,15.923,16.859,16.488,16.992,16.064,16.046,15.967,15.474,14.162,16.046,15.718,17.643,17.133,16.488,18.155,17.386,18.022,18.116,18.967,18.516,19.32,19.137,19.702,20.266,21.395,19.239,18.576,16.168
12.838,14.607,15.187,14.812,15.005,14.409,14.052,12.448,12.181,12.09,11.047,10.591,10.005,9.4844,9.2798,10.783,9.6564,9.324,10.005,9.6279,10.487,10.395,10.487,9.6279,9.9639,9.0099,9.1459,7.625,6.3061,5.6403,11.281,12.955,13.331,13.706,13.656,14.101,13.217,13.259,13.826,14.178,14.072,13.656,14.149,13.352,12.742,13.826,12.666,12.59,12.579,12.27,11.195,11.047,10.114,10.289,10.604,10.796,11.497,11.485,10.591,8.9488,10.395,13.134,15.223,16.444,16.734,16.065,15.693,16.26,15.464,15.268,14.588,15.464,15.509,16.766,16.734,16.643,17.604,17.721,18.322,18.292,18.751,18.396,19.27,19.384,19.384,20.147,20.658,19.461,17.408,15.754
13.058,14.889,14.964,14.441,14.518,14.585,13.747,13.133,12.263,11.644,11.116,10.101,10.588,10.495,10.428,10.706,10.17,9.8772,9.9758,9.749,10.428,9.8772,10.17,10.414,9.8772,9.5315,9.0501,7.8064,6.8936,5.9112,11.153,12.689,13.511,13.716,13.593,13.645,13.48,13.645,14.518,14.383,14.518,14.078,13.48,14.078,13.645,13.998,13.645,12.788,12.799,11.68,11.596,11.103,10.495,11.216,10.574,10.627,11.596,11.413,11.203,10.266,10.428,13.344,15.26,16.56,17.343,16.952,16.518,16.694,16.594,15.14,15.122,15.478,14.585,16.952,16.803,16.594,18.467,17.391,18.685,17.984,18.069,18.953,19.441,19.74,19.627,19.296,20.566,19.818,18.391,16.416
13.907,15.548,15.718,15.718,14.746,14.205,14.283,13.216,12.443,11.152,10.533,9.9325,10.898,10.704,9.7479,10.493,9.0026,9.7479,9.5158,10.1,10.1,9.4124,10.386,10.413,9.9746,9.0491,8.7986,7.8055,6.8928,5.4428,11.546,13.478,14.283,14.727,13.725,13.216,13.478,13.877,13.227,13.836,14.283,14.283,14.361,14.283,13.877,13.343,13.384,12.906,12.786,11.985,11.152,10.898,10.691,11.314,10.626,11.214,12.262,11.594,11.314,9.2325,10.467,13.745,14.812,17.081,17.26,16.95,16.6,15.258,15.138,14.234,15.367,15.413,14.66,16.892,16.078,15.868,17.668,17.122,18.623,17.834,19.061,18.736,19.624,21.106,19.617,19.567,21.252,20.096,18.503,15.718
13.098,14.545,15.262,15.19,14.881,14.479,13.581,12.255,11.961,11.764,10.792,10.6,10.779,9.7798,10.792,8.6338,9.3646,9.2764,9.8356,9.6244,9.8356,10.11,10.535,9.7798,9.6528,8.9149,9.6102,7.4954,6.8256,5.6382,11.043,12.876,13.939,13.611,13.741,13.347,13.408,13.254,13.087,13.651,13.347,14.173,14.479,13.621,12.876,13.129,13.244,12.662,12.748,12.21,11.938,10.6,11.006,10.741,10.47,11.13,12.142,11.706,11.043,8.8995,10.792,13.254,15.109,17.028,16.396,16.637,16.637,16.127,14.545,14.241,14.096,15.922,16.059,16.43,15.405,16.858,16.955,17.714,17.559,18.15,18.795,17.868,19.706,20.037,19.622,20.003,20.477,20.139,19.313,15.922
13.001,14.625,15.346,15.073,14.173,13.726,13.777,13.327,12.556,12.003,10.382,10.342,10.953,10.342,8.6332,10.645,9.7059,10.125,9.3125,10.015,10.056,10.015,9.7059,9.7059,9.6773,9.2078,8.4876,7.5366,6.8631,5.4955,11.066,13.285,13.254,13.42,13.907,13.847,13.584,13.201,14.163,13.696,13.777,13.696,14.163,13.726,13.42,13.666,12.731,12.512,12.556,12.389,12.118,10.736,11.104,10.342,10.658,10.645,11.911,11.363,10.852,8.8237,10.015,13.316,15.301,16.52,16.453,16.445,16.62,15.8,15.156,15.301,14.377,14.597,15.65,16.72,17.442,16.753,16.852,17.498,17.966,18.333,18.543,18.543,18.788,19.073,19.16,19.16,20.857,20.339,18.31,16.343
12.814,14.554,14.958,14.818,15.151,14.621,13.842,13.155,12.673,11.261,10.642,10.379,9.9842,9.4132,9.0533,9.0073,9.6743,9.6025,10.108,9.6025,9.4864,9.7029,9.7881,10.053,10.053,9.0073,9.1899,8.0323,6.861,5.4177,11.063,13.197,13.892,13.812,13.681,13.892,13.312,13.681,14.169,13.982,13.892,14.478,13.187,14.314,12.738,13.416,13.281,13.018,12.727,12.318,11.541,10.848,10.338,11.1,11.1,10.95,11.648,11.15,10.524,9.6743,10.217,13.447,15.296,15.342,16.715,16.448,17.132,15.786,15.645,15.296,15.698,14.967,15.795,16.21,15.926,17.261,16.913,17.492,18.417,17.524,17.899,18.619,19.534,19.724,19.477,19.406,20.434,19.836,19.154,15.645
13.111,15.015,15.721,14.822,14.303,14.532,14.11,13.226,12.674,11.88,10.481,10.803,10.533,10.066,10.79,9.1517,9.6198,9.7896,10.08,9.447,10.08,9.8455,10.942,9.7474,9.447,8.9238,8.9546,6.8925,7.1275,5.344,11.576,12.664,13.755,13.715,13.665,13.432,13.36,13.835,13.755,13.835,13.257,13.845,14.255,12.674,13.101,12.75,13.226,12.233,12.793,12.233,12.367,10.688,10.402,10.08,10.066,10.688,11.718,11.505,11.017,8.7215,10.175,13.36,14.822,16.371,17.348,16.654,16.777,15.206,14.456,16.253,15.197,14.158,15.972,15.729,15.006,17.419,16.875,16.744,17.817,18.228,18.527,18.303,19.24,19.125,19.282,19.502,20.221,19.954,18.872,15.554
12.655,14.51,14.66,15.183,15.282,13.962,14.088,13.584,12.204,11.805,11.198,10.478,10.386,10.065,11.295,8.7083,9.4327,9.6195,9.4327,9.3159,10.065,9.002,10.065,10.051,9.9552,9.6479,9.1379,7.2878,6.7007,6.1243,10.787,12.923,13.401,13.614,13.734,13.694,13.734,13.614,14.079,14.214,14.547,13.764,14.088,13.452,13.694,12.955,13.614,12.666,12.215,12.204,11.758,10.787,10.32,10.065,10.386,11.038,11.618,11.087,10.787,9.2717,10.359,12.437,14.281,14.799,17.139,16.62,16.229,16.153,16.229,15.819,14.367,13.734,16.296,16.279,15.914,17.393,18.042,18.065,18.313,18.321,19.253,18.313,19.296,20.433,20.034,19.89,20.102,19.55,18.276,16.752
13.248,14.696,15.756,15.595,14.961,13.748,12.894,13.121,12.2,12.015,10.717,10.18,11.767,9.5536,9.0556,9.4353,10.925,9.7428,9.6705,9.2701,10.412,10.492,10.612,9.4353,9.3905,9.7428,8.9933,8.2268,7.0702,5.2193,11.329,13.088,13.87,13.94,13.748,13.991,13.406,13.542,14.14,14.998,13.87,12.828,14.031,13.511,13.991,13.406,13.583,13.088,11.731,12.596,12.905,10.194,10.235,9.9566,10.73,11.179,11.242,11.671,10.665,9.1174,11.027,13.625,16.505,15.898,17.775,17.032,16.505,16.437,16.556,18.212,14.848,14.657,15.81,15.45,16.178,17.262,17.254,18.578,17.616,19.722,20.29,19.341,20.776,19.864,19.722,21.578,21.362,20.776,18.026,15.729
11.592,13.11,12.764,13.468,14.055,13.077,12.257,10.371,10.807,10.089,9.6809,8.8889,8.8889,9.129,6.8349,10.74,9.5005,7.0016,8.7417,7.5372,9.1448,9.1448,8.3538,8.2145,8.1794,7.4603,8.2145,6.1227,5.5288,4.8031,10.259,11.174,12.49,12.115,11.777,11.328,11.826,11.392,11.923,12.933,11.923,13.941,13.263,12.115,11.174,12.008,11.492,10.427,11.923,11.213,10.315,10.217,10.329,10.7,10.089,9.9018,10.315,10.427,10.371,8.2145,9.3783,11.29,13.962,15.208,15.573,15.387,14.959,13.585,14.003,15.377,13.208,15.189,14.409,13.263,14.499,13.263,14.657,14.814,15.72,15.573,18.54,18.787,17.318,18.052,16.155,16.656,18.242,17.184,15.867,13.596
13.087,15.342,15.729,15.559,15.131,14.323,13.846,13.236,12.35,11.122,10.855,10.699,10.272,9.7547,9.7547,9.3594,9.5225,9.7547,10.107,10.272,10.176,9.8404,9.6538,10.162,9.5371,9.2542,8.5467,7.7027,6.3703,5.395,11.222,13.55,14.057,13.734,13.795,13.916,13.795,13.488,13.519,13.886,13.724,14.737,13.967,13.488,12.708,13.967,13.321,12.915,13.601,12.339,11.554,10.217,10.893,11.309,10.272,11.309,12.075,11.602,10.79,9.5371,10.421,13.795,15.88,16.603,16.434,16.838,16.434,15.451,14.963,15.038,15.342,15.378,15.487,16.297,15.994,17.134,17.466,18.111,18.764,17.466,18.704,19.052,19.83,20.639,19.466,19.752,20.605,19.66,17.586,16.116
12.848,14.45,15.109,14.615,14.352,13.903,13.709,13.438,12.627,11.878,10.079,10.938,10.079,9.5764,11.054,9.17,9.8809,9.7949,9.7516,10.079,10.463,10.218,10.436,9.7949,9.6205,9.2922,8.5654,7.5123,6.4185,4.8974,11.65,13.605,13.657,13.12,14.024,13.821,13.903,13.852,14.024,14.586,13.709,14.303,14.499,13.12,13.903,13.291,13.943,12.793,12.859,12.401,11.937,10.951,10.314,10.314,11.054,11.256,11.759,11.65,10.951,9.3979,9.6935,13.657,14.769,16.156,16.476,17.682,16.13,15.794,15.686,15.331,15.487,14.959,16.06,16.544,16.13,18.317,17.473,17.368,18.294,19.654,19.042,19.387,19.02,19.683,19.996,19.712,20.158,19.19,17.809,15.794
13.329,14.902,15.925,15.292,14.745,14.406,14.243,12.61,11.848,11.519,9.6547,10.072,10.743,9.4393,9.8793,8.9473,9.612,8.9473,9.8793,9.9346,9.7395,9.4393,10.058,10.485,9.612,9.612,8.9166,7.2741,6.5607,5.1569,11.132,12.932,14.292,14.147,13.593,13.349,13.349,13.246,12.664,13.744,13.654,13.863,15.292,13.774,12.75,12.879,12.257,11.708,12.446,11.963,11.708,10.602,11.095,10.314,10.602,11.095,12.357,11.045,11.008,9.4828,10.679,13.09,14.819,16.886,16.24,16.706,16.307,15.568,14.224,15.292,14.81,15.959,17.405,16.441,16.13,16.433,17.151,16.763,18.445,17.833,19.38,18.915,19.924,20.211,19.563,19.938,21.061,18.966,18.505,14.893
12.972,14.712,14.443,14.901,14.712,14.759,13.491,13.271,12.721,11.617,10.396,9.9839,8.8701,9.7138,9.1037,9.5832,9.4211,9.0575,9.011,9.656,10.165,9.656,10.436,9.7282,9.7569,9.3615,8.6138,7.8663,6.7349,5.699,11.162,13.355,13.522,13.798,13.889,13.92,13.553,13.92,14.702,14.248,13.98,14.559,12.798,14.559,13.144,13.798,13.849,13.239,13.101,11.653,11.653,10.636,10.503,11.225,10.583,11.125,11.997,11.557,10.909,9.5393,10.649,12.699,14.901,15.733,16.093,15.918,16.335,16.573,15.997,15.152,15.134,16.189,16.154,16.816,16.015,17.613,18.246,17.991,17.905,18.708,18.998,19.643,19.756,20.582,19.692,19.756,20.26,19.261,18.368,15.733
13.217,14.585,15.047,14.888,14.699,14.275,13.541,12.864,12.171,11.739,11.001,10.059,10.468,10.059,8.8625,10.64,9.3684,9.7055,9.2332,9.5311,9.8767,9.9753,9.5311,10.211,9.7055,9.0497,8.6712,7.3638,6.4318,5.5197,11.302,13.132,13.551,13.726,14.382,14.314,13.132,13.259,14.284,14.888,13.958,14.517,14.699,13.998,13.593,13.787,13.479,12.907,12.787,12.056,12.263,10.848,10.587,10.156,10.627,11.314,11.643,11.881,10.64,9.8342,9.7198,13.756,14.963,15.414,16.389,16.183,16.694,16.079,16.053,15.149,15.477,15.121,15.477,18.007,18.39,17.262,16.893,18.207,18.39,18.952,19.739,18.685,20.236,19.866,20.263,19.668,20.626,19.223,18.444,15.692
12.752,14.811,15.267,14.894,14.484,14.484,13.585,13.133,12.447,11.497,10.288,10.168,9.6558,9.1603,8.9022,10.073,9.7406,9.1453,9.6131,9.9357,10.328,9.6273,9.9357,9.7406,8.9176,9.1603,7.9933,7.8723,6.8277,5.784,11.304,13.007,13.615,14.293,13.33,13.775,13.745,13.351,13.381,13.595,14.55,13.914,13.825,13.615,12.59,13.655,13.007,12.666,13.091,11.627,11.207,11.108,10.795,10.59,10.394,10.681,11.485,11.328,11.009,9.7406,10.114,12.741,15.463,15.71,16.368,15.952,17.121,15.901,15.543,14.995,14.977,15.788,16.56,15.849,16.259,17.603,16.92,17.812,18.735,18.573,18.507,19.061,19.04,20.53,18.514,19.628,20.63,20.043,18.395,15.622
13.191,14.586,15.361,15.334,14.886,14.162,13.675,12.937,11.994,11.293,10.65,11.058,10.585,10.334,10.65,10.117,9.2007,9.8259,9.9239,9.8259,9.9239,9.1856,9.9239,9.5257,9.3053,9.598,9.1856,6.8578,6.3116,5.4152,11.244,13.482,14.548,13.766,14.005,13.306,13.275,13.523,13.44,13.926,14.005,14.035,14.005,13.926,13.896,12.502,12.937,12.313,12.711,11.761,10.983,10.83,10.212,10.945,10.572,10.843,11.994,11.535,10.843,9.882,10.049,13.012,14.356,16.1,15.971,16.474,16.245,16.33,15.171,15.316,14.821,14.969,15.823,16.507,15.788,16.773,16.905,17.516,18.942,18.655,19.289,19.468,19.117,20.88,18.942,20.486,21.052,19.145,18.318,16.023
12.341,14.335,15.469,14.865,14.865,14.569,13.927,13.104,12.578,12.249,10.206,10.067,9.7544,10.067,9.5503,10.192,10.137,9.4465,9.609,9.8692,10.822,9.4911,10.572,10.247,9.8692,8.5552,8.5552,7.8338,6.9178,5.739,10.743,13.307,13.795,13.692,13.805,13.927,13.836,13.391,14.048,14.286,14.675,14.018,13.927,13.764,13.359,13.886,12.745,13.136,12.745,11.636,11.685,10.532,10.625,10.192,10.095,10.886,12.386,11.636,11.04,9.7544,9.9685,12.778,15.961,16.753,16.172,16.778,16.652,16.609,15.961,15.748,15.828,15.304,14.675,17.835,17.827,17.274,18.395,18.661,18.759,19.13,18.982,19.233,19.631,20.665,19.746,19.888,20.501,19.313,17.827,16.456
12.681,15.404,15.404,14.803,15.019,15.249,13.959,13.209,12.526,11.196,10.88,10.381,10.149,9.569,8.3541,10.163,10.407,9.9269,9.8705,9.6994,10.259,10.259,10.025,10.407,9.4516,9.6416,8.9976,7.693,6.6833,5.3882,11.146,12.996,14.069,13.778,13.828,13.304,13.471,13.251,14.217,13.747,13.828,13.747,13.869,13.778,13.071,13.959,13.209,12.603,12.953,11.979,12.164,11.208,10.685,10.567,10.381,10.994,11.672,11.979,11.196,10.094,9.828,12.779,16.208,16.069,17.039,16.783,16.208,16.095,15.404,16.311,15.709,16.319,16.591,16.591,17.055,17.039,17.21,17.972,18.553,18.74,18.94,18.94,20.409,20.119,20.223,19.663,20.714,20.23,18.553,15.762
13.104,15.081,15.604,14.941,15.007,14.941,13.692,13.527,12.822,11.429,10.938,9.9683,9.7398,9.5648,9.3866,9.7831,10.136,9.6089,9.7542,10.081,10.136,10.136,10.192,9.7831,9.5648,9.5648,8.5055,7.8336,6.4763,5.7143,11.078,13.136,13.599,13.641,13.589,13.795,13.136,14.325,14.276,14.364,14.335,13.957,13.589,13.957,13.296,13.641,13.391,12.488,12.522,11.864,11.192,10.938,10.464,10.424,10.206,10.938,11.28,11.78,11.242,9.6818,10.302,13.007,15.748,16.197,16.482,16.344,16.861,16.379,16.651,15.676,15.676,16.651,15.775,16.163,16.524,17.637,18.109,18.07,19.218,18.478,19.166,20.168,20.084,19.695,19.508,20.48,19.972,19.809,17.953,16.861
12.649,15.257,14.815,15.473,15.047,14.731,13.77,12.627,12.67,12.112,10.416,10.575,9.7862,9.8286,9.0821,10.051,9.4846,9.3079,9.47,10.051,9.6006,10.522,10.01,10.051,9.5283,8.7562,8.4996,7.9615,6.7375,5.9986,11.16,13.068,13.485,13.659,13.577,13.84,13.278,13.526,14.447,14.166,13.9,14.166,13.485,13.89,13.195,13.413,13.195,12.417,12.801,12.009,11.823,10.846,10.588,10.336,10.522,10.731,11.296,11.539,11.098,9.1881,9.8847,12.801,13.9,15.293,15.862,17.129,16.343,15.783,16.386,15.642,15.293,14.881,16.967,15.906,16.52,17.04,17.37,17.489,18.414,18.969,19.345,18.947,18.976,19.473,19.402,20.24,20.034,19.551,18.481,15.545
12.906,14.56,15.075,14.824,14.964,14.047,13.908,13.002,13.002,12.244,10.659,10.853,9.8907,9.9883,9.4904,10.016,9.7069,9.4904,10.057,9.4904,10.057,9.4904,9.7069,9.6065,9.6783,9.2088,8.9493,7.1602,6.5962,5.6942,11.105,12.852,13.421,13.778,13.778,13.255,13.818,13.255,14.32,13.848,14.32,14.047,13.728,14.175,13.586,12.809,13.586,12.809,13.161,11.254,11.105,10.343,10.383,10.489,10.126,11.364,11.935,11.629,11.068,10.057,10.369,12.645,14.378,15.375,16.977,16.722,16.522,15.837,15.802,15.483,15.348,14.824,14.598,16.647,15.872,16.755,17.499,17.268,18.545,17.268,18.493,19.162,19.306,20.046,19.977,19.314,20.443,19.017,18.129,16.396
12.515,14.966,15.494,15.556,14.836,14.049,14.019,13.423,12.426,11.879,11.107,10.169,10.169,10.384,9.3297,10.53,9.1951,10.128,10.491,9.8922,10.596,9.9898,10.371,10.169,9.836,9.0584,8.4241,7.7738,6.5971,5.2651,11.879,13.036,14.049,13.9,13.9,13.82,13.205,13.205,14.177,14.128,13.82,14.457,13.536,14.323,13.669,13.91,13.004,13.004,12.724,11.879,10.956,10.583,10.424,10.648,10.53,11.255,11.937,11.631,10.596,9.4771,9.9898,12.515,14.91,15.654,15.839,15.707,16.457,14.966,15.83,14.225,14.686,14.901,14.486,17.012,16.381,16.922,17.597,17.053,18.984,17.761,17.66,19.316,18.367,19.847,19.078,19.538,19.819,20.035,17.901,15.83
13.038,14.441,15.23,15.499,14.413,14.21,13.545,12.963,11.842,11.654,10.028,10.769,11.072,9.7632,10.821,9.6782,8.9844,8.9383,10.096,10.191,9.9588,9.9588,10.191,10.511,9.1815,9.1815,8.4633,7.9946,6.3203,5.3527,11.511,12.963,13.657,13.867,13.153,13.164,13.361,13.216,13.413,13.946,13.777,13.857,14.259,12.995,13.777,13.153,12.867,11.969,12.597,11.877,11.654,10.628,10.312,9.8615,10.628,11.33,11.877,11.463,10.615,9.3892,9.8054,13.247,14.181,15.79,16.927,16.398,16.598,16.101,15.012,14.781,13.737,14.706,15.606,15.658,16.067,16.87,16.804,17.605,17.644,17.938,18.756,18.06,18.49,19.356,19.106,19.256,20.443,18.968,18.557,15.499
12.738,13.914,15.191,15.309,14.84,14.374,13.854,13.406,12.158,11.598,11.172,9.7961,9.7108,9.0607,8.0561,9.9366,9.0912,9.3766,9.5379,9.6822,10.02,9.7961,10.226,10.374,9.4942,9.5379,8.2432,7.5953,6.8666,5.2664,11.059,12.738,13.591,13.733,13.914,14.18,13.993,13.458,13.427,14.461,14.307,14.17,14.755,13.427,13.007,13.198,12.396,12.124,11.776,11.835,11.693,10.454,10.741,10.454,10.651,10.806,11.776,11.344,10.427,9.3321,9.4942,13.26,14.053,15.309,16.828,16.224,16.402,16.36,14.326,15.417,14.461,14.689,16.36,16.351,16.537,16.885,16.762,17.387,17.937,18.552,19.719,18.664,19.789,19.314,20.451,19.824,20.867,19.364,17.937,16.495
12.47,14.472,14.434,13.998,14.857,14.203,13.436,12.861,12.957,12.47,10.622,10.7,9.3403,10.022,10.557,9.9536,9.6447,9.6447,9.4574,9.1618,9.9536,10.132,10.091,9.056,9.3403,8.9336,8.4589,7.7456,6.317,5.8652,10.815,12.699,13.447,12.978,13.538,13.68,13.375,13.65,14.857,14.726,14.472,14.174,13.031,14.174,13.939,13.146,13.271,12.436,11.963,11.349,11.215,10.916,10.022,10.022,10.492,11.153,11.73,11.505,10.916,10.333,10.132,13.209,13.609,14.847,17.344,16.589,16.161,15.491,15.929,15.295,14.773,14.576,14.921,16.296,16.564,16.464,17.697,17.635,17.08,17.906,18.592,18.805,18.958,19.516,19.587,19.664,19.664,19.495,17.627,15.981
12.795,14.555,14.215,14.897,14.897,14.234,13.754,13.14,12.451,12.075,10.54,11.358,10.712,9.4633,11.222,8.9776,9.5222,9.7258,10.051,10.501,10.107,10.272,9.5369,9.5369,9.5369,9.0087,8.5301,7.3493,6.4357,5.2901,11.309,12.718,13.487,13.225,13.56,13.795,13.487,13.966,14.322,14.981,13.754,14.293,13.795,13.652,14.006,13.352,13.32,12.806,12.27,12.063,11.829,10.474,10.107,9.7545,10.593,11.602,11.309,11.888,10.854,9.3741,9.7545,13.225,14.822,15.423,17.329,17.457,16.87,16.297,16.34,16.063,15.149,15.056,16.089,16.115,16.089,17.457,18.425,17.06,17.609,19.401,19.963,19.256,19.659,19.687,19.401,20.214,19.921,19.942,17.971,16.569
12.792,14.847,15.145,15.42,15.347,14.978,13.842,12.912,13.084,11.885,10.903,10.578,10.063,10.104,9.8805,9.8805,9.7236,9.5348,10.418,9.5348,9.4611,9.0377,10.418,9.937,9.6514,9.3571,8.7227,7.5726,6.3687,5.6964,11.006,12.792,13.751,13.792,13.39,13.842,13.792,13.484,14.319,13.883,14.319,14.231,13.317,14.29,12.781,13.084,13.063,12.966,12.616,11.22,10.852,10.591,10.104,11.157,10.16,11.119,11.991,12.061,11.207,9.7523,9.7236,12.803,15.402,16.293,16.472,16.472,16.43,15.911,15.849,15.265,16.43,16.181,15.034,16.007,16.808,17.073,17.517,18.237,18.922,18.398,19.874,18.9,19.874,20.416,19.958,19.683,20.956,19.113,18.237,16.293
13.377,14.85,15.909,15.177,14.659,13.993,14.033,13.25,11.851,11.466,10.56,10.926,10.291,10.195,8.7731,10.236,9.5548,10,9.7728,9.1185,10.126,10.181,10.653,9.7728,9.6717,9.2713,8.7731,6.9711,6.043,5.405,11.343,12.819,13.749,14.271,13.912,13.544,13.585,13.292,13.513,14.418,13.821,13.942,14.736,13.78,13.585,13.282,12.598,12.086,12.764,11.993,11.708,11.029,10.732,10.732,10.913,11.441,12.098,11.851,11.243,9.5548,10.926,13.575,16.041,18.113,16.642,17.562,16.558,15.979,15.407,16.041,14.934,15.452,16.439,17.361,17.166,17.642,17.109,18.512,18.999,19.788,19.724,19.029,20.035,20.839,20.286,19.667,20.397,20.147,18.671,16.146
11.825,13.476,13.497,13.973,13.562,12.949,12.938,12.282,10.893,10.772,9.1721,9.1721,9.1563,9.5289,8.9155,9.0287,8.2215,8.3614,9.7099,8.7679,8.8338,8.8829,9.2665,8.5161,8.7015,8.5161,8.097,6.8975,5.5453,4.3424,9.7099,11.862,12.528,13.248,12.677,12.62,12.493,12.282,13.027,12.712,12.574,12.282,12.677,12.104,11.959,11.426,11.862,10.826,11.051,10.772,11.051,10.248,9.2665,9.4064,9.4218,10.458,10.772,10.826,9.8875,8.6177,9.6349,12.282,13.732,14.819,16.014,15.657,15.731,15.32,14.502,14.701,13.594,14.632,16.014,14.552,14.502,16.408,16.904,16.627,17.544,18.065,18.225,18.065,18.423,17.61,18.813,17.904,19.285,17.311,17.344,15.091
12.879,14.745,15.46,15.36,14.64,14.448,14.094,12.459,12.186,11.657,10.861,11.166,10.718,9.3797,9.5865,9.7603,9.5865,9.5425,9.3797,9.7315,9.9451,10.043,10.44,11.053,9.7315,9.2594,8.5351,7.869,6.6955,5.24,11.316,13.073,13.66,14.292,13.854,13.773,13.105,13.803,13.557,14.015,13.526,14.564,14.679,13.732,13.401,12.922,12.726,12.792,12.548,11.561,11.451,10.6,10.912,10.796,10.718,11.216,12.626,11.166,10.861,9.7603,10.861,14.124,15.924,16.88,17.07,17.177,16.822,16.613,16.099,15.791,16.947,15.88,16.306,17.619,17.363,17.468,18.375,18.557,19.592,19.004,19.18,19.763,20.644,20.596,19.763,20.446,21.338,19.763,19.521,17.144
13.788,14.744,14.562,14.971,15.009,14.475,14.001,13.3,12.38,12.209,10.933,10.725,10.738,9.3973,10.62,9.7786,9.5457,9.3823,9.6045,9.5604,9.6774,10.187,10.132,10.132,10.09,9.5604,8.7783,7.4998,6.7914,5.4082,11.073,12.772,13.634,13.52,14.23,13.768,13.758,13.92,14.475,14.279,14.485,13.788,14.091,13.52,13.829,13.258,12.827,12.947,12.38,12.105,11.917,10.933,10.459,10.419,10.606,11.337,12.105,11.386,10.62,9.2616,10.132,12.606,14.744,15.767,17.492,16.568,16.474,16.129,16.448,16.164,15.461,15.597,16.337,16.77,16.337,18.101,18.884,18.155,18.47,18.569,20.25,19.622,20.25,20.18,19.514,20.326,20.194,19.449,18.591,16.602
12.861,14.809,13.965,14.311,15.546,14.379,13.743,13.246,12.441,12.065,10.263,10.999,9.7464,8.9857,9.529,9.5143,9.832,9.5728,9.9731,9.6455,10.263,9.8745,9.931,10.167,9.7464,8.9702,8.8605,7.568,5.9801,5.3904,11.15,12.904,13.965,13.753,13.538,13.476,14.074,13.723,14.232,13.874,14.658,14.724,13.001,13.548,12.708,13.214,13.087,12.697,12.34,11.113,11.592,10.585,10.098,10.585,10.897,11.1,11.736,11.7,11.213,9.7177,9.7177,13.743,15.716,16.445,17.046,16.589,16.547,16.555,16.715,15.653,15.546,16.076,17.152,16.597,16.171,17.768,18.386,18.439,18.889,17.768,19.392,19.435,20.093,20.127,20.231,20.114,20.307,19.435,18.62,16.317
13.133,14.606,14.645,15.1,14.49,14.987,13.608,13.058,12.763,11.871,10.944,10.457,10.017,9.6877,9.025,10.578,9.7457,9.2714,9.0717,9.9744,10.073,9.4967,9.9177,9.9744,9.2714,9.0872,8.2926,7.2208,6.7152,5.3353,11.085,13.272,13.144,13.894,13.844,13.935,13.399,13.649,14.136,14.577,14.016,13.367,13.935,13.803,13.608,13.314,12.763,12.84,12.917,11.361,11.728,10.511,10.671,10.308,10.944,10.75,12.314,12.036,11.085,9.3922,10.511,12.763,14.95,16.181,17.153,16.12,16.397,16.354,15.935,15.459,15.686,16.172,16.788,16.938,17.806,17.527,18.027,18.573,19.185,18.306,19.141,19.47,19.821,19.52,19.835,20.485,20.347,19.899,17.798,15.784
13.073,14.229,15.021,14.881,15.04,14.071,14.307,13.084,12.2,11.638,10.622,10.151,10.054,10.096,9.8721,9.5266,9.5266,9.9285,9.7153,10.206,9.5266,9.7009,10.894,10.26,9.5266,9.244,8.5373,7.417,6.4505,5.3891,11.034,12.438,13.871,14.101,13.74,13.961,13.719,13.504,13.991,13.78,14.101,14.375,13.901,13.638,12.325,12.705,13.052,12.438,12.325,11.408,11.432,10.778,10.26,10.622,10.151,11.21,12.062,11.602,11.11,9.7009,11.235,13.253,15.853,16.786,16.322,16.416,16.441,16.458,15.434,14.881,16.593,17.115,16.176,16.416,16.313,17.213,18.488,18.586,18.943,18.728,19.214,19.488,20.521,20.192,19.808,20.852,20.798,19.666,19.031,15.685
12.735,15.265,15.375,14.93,14.422,14.664,14.845,12.943,12.09,11.383,10.735,11.42,10.669,10.563,10.617,8.8237,9.075,10.003,9.6746,9.7326,10.239,9.3946,9.7326,10.617,9.4393,9.5577,8.11,7.5351,6.643,5.4584,11.247,12.602,13.876,13.631,14.087,13.548,14.037,13.517,14.314,14.246,14.403,14.117,14.147,13.754,13.296,13.169,13.265,12.377,12.24,12.02,11.772,11.032,10.722,10.294,10.722,11.855,11.64,11.676,10.917,9.5577,10.184,13.116,14.354,15.736,17.097,17.04,15.07,15.949,15.887,15.763,14.967,15.665,17.439,16.124,16.469,18.22,18.281,18.281,18.804,19.298,20.622,19.851,20.485,20.622,20.258,20.649,20.188,19.093,19.005,17.04
12.782,14.807,15.615,15.244,15.335,14.693,13.992,12.782,12.705,11.817,10.53,10.635,9.7446,10.57,8.5214,10.882,10.165,9.5272,9.2294,9.5272,9.2294,9.8302,10.165,10.097,9.6438,8.9841,8.5214,7.3987,6.163,5.3894,11.433,12.694,13.254,13.505,14.308,14.2,13.751,13.832,14.279,14.579,13.781,13.474,13.74,13.832,13.052,13.474,13.369,12.771,12.371,12.562,11.817,11.198,10.882,9.8727,11.148,11.035,11.876,11.734,11.148,8.7956,9.9291,12.793,14.376,15.253,17.206,17.311,16.862,16.391,15.615,15.713,14.434,15.713,17.255,16.28,17.757,17.512,17.662,17.639,18.699,19.054,20.583,19.582,19.432,19.054,19.977,20.124,20.611,20.228,18.092,16.594
12.698,14.862,15.028,14.955,14.457,14.6,14.148,13.168,12.49,11.994,10.47,10.64,10.364,10.832,11.047,9.5886,9.6603,9.8723,9.6603,9.9142,9.6888,10.094,9.6888,10.364,9.9697,8.9789,8.4726,6.851,6.851,5.2807,10.574,12.709,13.458,13.641,13.396,13.662,13.631,14.294,14.148,14.021,14.294,14.342,14.138,13.672,13.662,13.396,12.633,12.534,12.785,11.524,11.608,11.245,10.717,10.364,10.148,10.832,11.982,11.667,11.084,9.9142,10.64,13.396,14.797,16.23,16.699,16.591,16.616,16.187,15.886,14.797,14.806,14.834,15.165,16.616,16.076,17.403,17.973,17.156,18.945,18.637,19.505,19.498,19.555,18.989,19.555,19.807,20.112,20.112,18.945,16.616
13.183,14.983,16.001,15.179,15.105,13.799,14.486,13.437,12.218,11.867,10.746,10.07,11.395,10.575,10.628,9.5678,9.5678,10.14,10.084,9.7862,10.098,9.7862,10.14,10.305,9.5678,9.0691,8.2902,7.5056,6.7132,4.8931,11.481,12.826,13.84,13.931,14.573,14.022,13.931,14.241,14.102,13.768,13.426,14.012,14.437,13.531,13.279,12.782,12.913,12.848,12.837,11.481,11.591,10.746,10.746,10.454,10.746,11.158,11.974,11.258,11.457,9.7573,10.14,12.66,15.179,16.141,17.091,16.657,16.758,16.58,15.428,15.309,13.89,14.87,16.115,16.202,16.35,17.115,17.091,18.324,17.833,18.644,20.063,18.764,20.063,20.61,19.751,19.515,20.854,19.922,19.572,16.529
12.495,14.297,14.751,14.45,14.899,13.829,13.589,13.467,12.68,12.15,10.748,9.4867,10.062,10.007,9.282,10.799,9.6159,9.9387,9.6159,9.7856,10.171,9.4867,9.6586,10.007,9.8833,8.6706,8.3974,7.277,6.1087,5.6416,11.21,12.745,13.749,13.749,13.71,13.659,13.599,13.829,13.829,14.412,14.055,14.249,13.948,13.355,13.869,13.385,12.593,12.669,12.451,11.488,11.283,10.318,10.606,10.331,10.606,10.606,11.21,11.571,10.542,9.4867,10.117,13.71,14.788,16.272,16.272,15.931,16.77,15.627,14.704,15.191,14.704,14.834,15.227,17.038,17.561,17.569,17.917,18.161,18.601,17.917,18.923,18.52,18.865,19.317,19.317,19.466,20.489,19.445,18.296,16.373
12.957,14.718,15.428,14.87,14.946,14.603,14.022,12.914,11.784,11.868,11.196,10.575,10.681,10.25,9.6122,10.535,9.0383,9.7865,9.6122,9.7865,10.098,9.3898,10.084,9.7865,9.1621,9.0227,8.558,7.4304,6.1895,5.3339,11.196,12.837,13.84,13.594,13.645,14.241,13.604,13.531,13.931,14.241,13.931,14.022,14.102,14.022,13.891,13.269,13.011,12.66,12.76,12.114,11.457,10.681,10.942,10.575,10.929,11.246,11.749,11.358,11.158,9.5681,10.084,14.012,15.18,17.19,16.615,16.657,16.758,15.428,14.946,15.61,15.198,15.309,15.834,17.329,16.992,17.587,17.675,18.077,18.825,19.107,18.485,19.173,19.894,20.76,19.873,19.695,20.21,20.175,19.173,16.046
13.47,14.669,15.575,14.894,14.669,14.161,13.895,12.796,12.278,11.618,10.791,10.532,10.048,9.5249,9.1849,10.157,9.408,9.669,9.408,9.4812,10.584,9.0789,9.3638,9.9926,9.0483,9.1849,8.5614,7.4748,6.3548,4.9616,11.534,12.501,14.033,14.132,13.835,13.644,13.805,13.674,13.644,13.974,13.644,13.521,14.441,12.893,12.796,13.439,12.501,12.72,12.501,12.004,12.142,10.584,10.333,10.649,10.649,11.329,12.004,11.057,10.373,8.9562,10.479,13.805,15.288,16.304,16.464,16.464,17.123,15.69,15.288,14.875,14.735,15.252,16.338,16.739,16.631,16.706,17.3,17.679,19.006,18.097,18.594,18.999,20.013,19.713,19.194,19.992,20.945,19.523,19.122,16.83
12.86,15.043,14.581,14.619,14.182,14.922,13.722,13.054,12.339,11.878,10.384,10.167,9.0319,9.2307,9.351,9.0473,9.8316,9.746,9.5286,9.746,9.7029,9.746,9.5286,10.098,8.9698,9.0473,8.2731,7.1891,6.8915,5.2855,11.41,12.707,13.874,13.382,14.074,13.722,13.964,13.722,14.427,14.232,14.686,14.619,13.34,13.382,12.608,13.722,13.245,12.707,12.773,12.076,11.7,11.348,10.263,10.571,10.624,11.311,11.41,11.878,10.896,9.7173,10.465,13.214,15.473,16.282,17.386,16.889,16.864,16.171,16.597,14.884,16.282,15.545,16.588,16.588,16.947,18.687,17.45,18.702,19.057,18.499,19.812,19.564,20.196,19.896,19.585,19.896,20.008,19.924,18.079,16.394
13.414,14.844,15.447,15.374,14.844,14.078,14.078,13.086,12.289,12.082,10.649,10.178,10.191,9.8552,9.7262,9.3884,9.2529,9.3884,9.4777,9.5515,10.436,9.4777,10.409,9.8552,9.0691,9.0069,8.3772,6.908,5.9236,5.3246,11.177,12.935,13.539,13.816,13.57,13.622,13.372,13.907,13.988,14.266,14.266,14.217,12.902,13.745,12.826,13.341,12.504,12.891,12.197,11.239,11.339,10.715,10.287,10.715,10.287,10.923,11.413,11.462,10.649,9.8552,10.923,14.344,15.939,16.501,16.963,16.929,17.298,16.838,16.963,14.986,16.218,16.637,16.218,16.987,16.253,17.771,18.792,19.103,19.198,18.43,19.668,19.147,19.993,20.771,20.231,20.383,21.574,20.724,19.718,17.379
13.275,15.63,15.568,14.83,15.268,15.064,13.974,13.275,13.275,11.402,10.426,9.7313,10.181,10.181,8.8095,9.8883,9.9448,9.0449,9.9448,9.7313,10.223,9.7313,9.7313,9.8883,9.1066,8.4855,9.1066,7.3724,6.4393,5.0215,11.228,13.019,13.66,13.243,13.894,13.853,13.974,13.924,13.974,13.275,13.557,13.803,13.853,13.243,13.275,13.495,12.89,12.346,12.582,11.753,11.693,11.253,10.599,10.861,10.639,10.861,11.693,11.014,11.128,9.8458,11.753,13.495,17.086,17.217,17.143,17.754,17.793,16.913,16.57,15.639,15.639,16.612,16.946,16.159,16.545,17.619,17.973,18.351,19.267,20.363,20.26,19.649,19.925,21.337,19.777,20.335,20.643,20.555,19.187,16.443
12.1,13.024,13.504,13.375,13.504,13.494,12.605,11.919,11.822,10.579,9.8847,9.2011,9.1537,8.8804,8.6823,9.5263,8.6823,8.4109,8.6823,8.5137,8.7654,8.6823,9.2011,8.699,8.2192,8.0948,7.4805,6.7468,5.923,4.632,9.5869,11.956,12.799,12.708,12.384,12.279,12.57,12.396,12.799,13.299,12.945,12.559,12.605,12.765,12.396,11.858,12.396,11.448,11.32,10.688,10.231,10.287,9.7518,10.016,9.2169,9.9286,10.287,10.606,9.7071,9.1537,10.117,12.57,13.622,15.763,15.726,16.009,15.503,14.697,14.648,14.337,14.498,14.498,14.368,15.699,15.4,16.831,16.727,17.002,18.1,16.865,17.826,17.899,18.315,18.315,18.807,17.663,18.315,18.315,16.727,15.91
12.838,14.67,15.11,14.402,14.924,14.812,14.256,13.286,12.453,12.239,10.474,10.553,10.081,9.5562,9.8573,9.8149,10.15,9.7294,9.4977,9.7007,10.025,9.7007,9.5123,10.136,9.6287,8.9701,8.0542,7.4059,6.4408,4.7781,11.131,13.107,13.719,13.191,13.617,13.759,13.514,13.88,14.354,14.594,14.05,13.97,13.94,13.349,13.202,13.432,13.202,12.363,12.239,12.307,12.182,11.329,10.394,10.011,10.407,10.245,11.572,11.131,11.093,9.6864,10.619,13.759,15.812,16.835,17.948,17.228,17.016,16.255,15.626,16.827,15.447,15.302,16.391,17.228,17.737,17.917,18.737,18.833,18.294,19.637,20.203,19.637,20.203,20.161,19.53,20.49,20.306,19.911,18.995,16.835
13.098,14.91,14.994,15.418,14.91,14.403,13.279,13.109,12.224,12.004,11.169,10.864,10.074,10.483,10.046,9.4714,9.7342,9.2468,9.5451,9.9478,9.5451,9.7197,10.28,9.7629,9.5304,9.001,8.5538,7.4314,6.1746,5.2947,11.43,12.729,13.109,13.613,13.978,13.988,13.746,13.807,14.128,14.539,14.018,13.664,14.539,13.363,13.363,12.98,12.63,12.585,12.349,12.462,12.189,11.319,11.331,10.185,11.331,11.319,11.368,11.624,10.603,9.2619,11.257,13.898,15.391,16.164,18.257,17.6,16.473,16.951,15.572,16.49,14.644,15.391,16.49,16.951,18.234,17.916,18.257,18.111,18.524,19.134,20.71,19.846,20.438,20.231,20.231,20.293,21.086,20.622,19.597,16.743
13.08,15.147,15.285,15.422,14.998,14.022,13.533,12.798,12.077,11.457,10.645,10.173,10.118,10.173,9.0031,9.5474,9.5474,9.4736,10.048,9.722,9.6642,9.7652,9.5474,9.2641,9.2489,8.5394,8.3736,7.8193,6.9657,5.2959,11.371,13.24,14.022,14.072,14.724,14.299,13.861,13.408,13.533,14.26,13.502,13.502,14.571,13.272,12.82,12.809,12.352,12.227,11.842,12.588,12.397,11.134,10.723,10.187,10.405,11.334,11.663,11.627,10.445,9.4736,10.605,14.072,15.467,17.054,17.485,17.803,17.112,15.932,15.719,16.722,15.576,15.504,17.7,15.504,16.922,18.784,18.724,18.498,18.536,19.183,19.879,19.624,20.762,20.166,20.607,20.715,21.19,21.164,19.985,16.133
13.023,15.572,15.5,14.682,14.711,14.335,14.227,13.279,12.406,11.756,10.589,10.074,9.8485,10.074,9.9476,10.429,9.734,9.734,9.9476,9.4713,10.226,9.545,9.7196,9.7628,9.0164,8.0992,8.7641,7.3555,6.4412,4.8814,11.131,13.236,13.405,13.735,13.978,13.612,13.807,13.499,14.098,14.128,14.403,13.928,13.807,13.331,13.098,13.53,13.098,12.189,12.585,11.756,11.756,11.331,10.115,10.115,10.589,10.915,11.429,11.405,10.171,9.545,11.169,13.978,15.742,16.422,17.464,17.6,16.951,16.625,16.024,16.207,14.975,15.884,17.472,17.632,17.6,18.002,19.59,19.185,19.273,19.439,19.425,20.431,19.647,20.437,20.757,20.231,20.458,19.959,19.185,16.918
12.468,13.276,14.312,14.068,13.704,13.276,13.078,11.789,10.804,11.081,9.9113,9.6902,10.042,9.4027,8.6672,9.1536,8.6672,8.7501,8.617,8.7501,8.7501,8.946,9.0104,9.6902,8.8159,7.5444,7.9363,6.5612,6.0096,4.9556,10.227,11.339,12.822,12.375,12.537,12.777,12.583,12.537,11.491,12.822,12.41,12.923,12.9,11.789,11.578,11.541,11.081,11.339,10.963,10.437,10.871,10.325,9.8087,9.9113,9.7348,10.642,10.963,10.71,9.8821,7.8263,10.099,12.945,13.955,15.279,16.672,15.918,15.279,15.597,14.191,14.602,13.872,14.231,16.559,15.653,16.125,16.698,15.963,17.234,17.632,18.029,18.805,18.021,18.752,19.231,18.775,19.004,19.713,18.37,17.868,14.993
13.492,15.061,16.094,15.455,15.564,14.56,13.971,13.091,12.183,11.939,10.715,10.702,10.179,9.54,9.5253,9.7289,10.068,9.3622,10.054,9.7576,9.5253,9.4218,10.068,10.275,9.7289,8.7275,8.2661,7.4838,5.6995,5.3182,11.325,12.722,14.011,14.239,13.738,13.728,13.605,13.523,13.89,13.728,13.738,13.971,13.89,14.249,13.324,13.554,12.876,12.919,12.876,11.75,11.423,11.362,11.213,11.399,10.715,10.65,11.833,11.606,10.702,9.4218,11.833,14.713,15.884,17.535,17.278,17.278,16.233,16.608,15.492,15.264,15.787,16.439,15.564,17.278,15.875,17.591,19.087,18.709,18.209,19.233,19.92,19.694,20.004,21.068,20.358,21.332,21.306,20.262,19.637,17.229
12.428,13.317,13.724,13.84,13.965,13.724,12.601,12.037,11.406,10.9,9.401,9.0236,8.9591,8.6799,8.4258,8.6799,8.8779,8.5113,8.6799,8.8288,9.167,8.8288,9.167,9.167,8.7629,8.2168,8.1992,6.5487,5.383,4.9629,10.396,11.62,11.806,13.02,12.841,12.275,12.393,12.037,12.704,13.02,12.942,12.428,12.567,12.567,12.145,11.952,11.355,11.419,11.317,10.685,10.354,10.157,9.8966,9.5387,9.4164,9.9258,10.833,10.603,9.8231,8.5113,10.284,12.287,14.574,15.396,15.499,16.005,15.168,14.643,14.212,13.501,14.494,15.235,15.311,15.611,14.494,16.398,16.131,16.513,16.894,17.108,17.772,17.967,19.093,19.386,18.748,18.963,18.963,18.802,17.301,15.499
12.238,14.321,14.087,14.087,13.577,13.102,12.39,11.41,11.283,10.653,9.1237,9.1394,8.7366,9.2335,8.4858,8.6538,8.8023,8.0682,8.3833,8.6037,9.1394,8.6538,8.8023,9.3728,8.8837,8.6538,7.5328,6.5511,5.5255,4.6168,10.183,11.473,12.575,12.632,12.97,12.483,12.061,12.483,12.39,12.262,11.88,12.483,13.255,11.561,11.77,11.283,11.012,10.787,11.486,11.385,11.064,9.896,10.323,9.5101,9.8669,9.5101,10.867,10.211,10.126,8.0682,9.9829,12.564,14.5,15.647,15.848,16.775,15.564,15.037,13.288,14.5,12.925,15.113,16.101,15.49,15.18,16.533,15.894,15.93,16.533,17.283,17.913,18.16,18.975,18.467,18.506,18.967,19.705,18.318,18.607,14.53
13.093,14.928,15.437,15.41,15.6,14.701,13.996,13.629,12.089,11.771,10.602,10.655,9.8608,9.6009,9.7462,9.2734,9.9035,9.4831,10.058,9.5569,10.197,9.9035,9.5569,9.5569,9.4386,9.0587,8.2297,7.1321,5.7096,5.3012,11.345,12.898,13.783,13.996,13.824,13.824,13.516,13.547,13.915,14.701,13.783,14.274,14.225,13.588,13.295,13.168,13.348,13.253,12.898,12.364,11.96,11.031,11.333,10.602,10.293,11.639,12.33,11.246,10.602,9.6009,10.929,13.495,16.149,16.997,17.202,17.129,16.972,15.735,15.983,15.41,14.401,15.591,16.044,16.972,17.071,17.773,17.82,18.257,18.117,19.003,19.158,18.825,20.394,19.622,20.145,20.463,20.972,20.484,18.675,17.038
11.835,12.547,13.011,12.922,13.022,12.137,12.547,11.399,10.596,10.389,9.623,9.0176,8.5056,8.6741,9.623,8.3511,8.9045,8.6907,8.6907,7.9426,8.6907,8.9045,8.6907,8.5056,7.7583,7.6077,7.6456,5.7938,5.4063,5.1034,9.6979,11.348,12.279,11.847,12.933,11.884,12.196,11.847,12.196,11.835,12.196,12.384,12.558,11.835,12.089,11.55,11.908,11.077,11.613,10.334,10.813,10.006,9.1608,9.1608,9.2081,9.5172,10.221,9.6979,9.3948,8.5056,9.6979,11.412,13.308,14.475,15.215,14.918,14.485,14.294,13.715,13.715,13.1,13.232,13.308,14.485,14.354,14.947,15.404,15.414,15.005,16.361,16.883,16.12,16.883,17.088,17.882,17.011,17.76,18.203,16.607,14.771
12.784,15.037,15.268,15.559,15.037,14.371,13.795,13.225,12.304,11.395,10.906,9.7257,10.42,9.7257,8.6764,9.5808,9.7257,8.9932,10.107,10.065,10.501,9.6535,9.9813,9.5369,9.3741,7.8643,8.6117,7.1953,6.3701,5.523,10.712,12.74,14.006,13.886,13.652,13.795,13.846,13.764,13.886,14.322,14.293,13.916,13.966,14.006,12.179,13.601,13.352,12.871,12.485,11.829,12.063,10.699,11.008,11.222,10.272,11.159,11.993,11.046,10.906,9.3741,10.906,12.574,16.433,16.089,17.06,16.937,17.076,15.63,15.853,14.935,15.149,15.559,16.228,15.914,16.408,17.223,17.06,18.095,18.703,18.095,19.401,18.241,18.748,20.841,19.659,20.441,20.948,19.509,19.256,16.729
12.633,14.721,15.516,15.24,14.969,14.534,13.681,12.942,12.034,11.465,11.027,10.455,9.263,9.3511,8.902,10.468,9.6105,9.4672,9.9869,9.4672,9.7235,10.055,9.6389,9.4238,9.6389,8.6213,7.7711,7.4295,5.7739,5.2274,11.224,12.589,13.49,13.89,13.89,13.811,13.399,14.027,13.721,14.278,13.399,13.89,14.027,13.571,13.069,13.235,12.762,12.425,12.643,12.068,12.159,10.99,10.915,10.585,10.662,11.607,11.571,11.26,10.455,9.3511,10.31,13.561,15.717,16.137,17.688,17.781,16.638,16.213,15.159,15.691,14.859,15.303,16.001,16.373,17.322,17.067,17.322,17.758,17.781,18.116,18.826,18.884,19.405,19.622,20.394,20.414,21.046,19.705,18.614,17.091
13.456,14.788,15.343,15.224,14.778,14.674,14.084,12.766,12.546,11.576,10.622,10.516,9.2177,9.2177,9.5151,9.7035,9.5151,8.9571,10.042,9.7035,9.5589,9.8177,9.7322,9.2177,9.2328,8.4613,7.917,7.3514,5.8298,4.5095,11.332,13.723,13.944,14.665,13.363,13.814,13.733,13.814,13.763,13.934,13.884,14.054,13.456,13.621,13.456,13.621,12.842,13.036,12.842,11.719,11.196,10.983,10.765,11.134,10.248,10.983,11.624,11.861,10.622,9.5151,11.134,14.054,15.878,17.409,16.799,17.289,17.021,15.595,16.37,14.872,15.693,16.565,15.878,16.997,16.087,17.953,17.64,18.541,19.952,18.661,19.212,19.357,19.472,20.699,20.793,20.367,21.698,20.496,18.883,17.289
12.714,14.876,14.791,15.319,15.419,14.215,13.948,13.857,12.985,11.686,10.69,10.155,10.141,10.086,10.196,10.196,9.5173,9.2349,9.7344,9.5173,9.6337,9.82,9.7344,9.5173,9.2198,8.8496,8.2464,6.8833,5.9024,4.7806,11.137,12.515,13.767,13.767,14.205,14.342,13.459,13.736,13.817,14.264,14.185,13.767,14.057,13.817,13.459,13.198,12.845,13.113,12.681,11.969,11.722,11.298,11.286,10.624,10.399,11.099,11.53,11.626,11.199,9.5173,10.985,13.978,15.237,16.056,18.073,17.477,16.869,16.297,15.882,15.346,13.857,15.228,15.917,16.902,16.694,17.549,18.538,17.746,18.44,18.568,19.767,19.725,19.922,20.378,20.65,20.704,21.038,20.378,19.188,17
11.819,13.469,13.501,13.893,13.501,12.841,12.276,12.037,11.318,10.9,9.897,8.6969,8.6969,8.9109,8.6132,9.1357,8.63,8.7633,8.6132,8.7633,9.1673,8.7633,8.6802,8.9595,8.0028,7.7076,8.0028,6.8093,5.4899,4.4391,9.7048,11.318,12.037,12.097,12.965,12.942,12.393,12.613,13.555,13.372,12.567,12.393,11.953,12.097,12.037,12.097,12.037,11.646,11.098,11.085,11.098,10.9,10.057,9.6298,10.057,9.8823,10.82,10.285,9.1989,8.8292,9.1515,12.276,14.13,15.015,16.408,16.195,15.415,15.415,14.889,14.928,14.13,13.965,15.198,15.5,15.611,16.688,16.818,16.23,17.235,17.838,17.576,18.056,18.088,18.279,18.539,18.539,19.647,18.687,17.201,15.396
11.2,13.15,13.323,13.269,13.452,13.193,12.75,11.604,11.058,10.579,9.5047,9.1657,8.8787,8.481,8.7973,8.8463,8.3957,8.481,8.6655,9.1185,8.9914,8.3957,8.481,8.8787,8.6489,8.117,6.8691,6.5254,5.6,4.4231,9.8613,11.467,12.522,12.625,12.511,12.383,11.994,12.231,13.248,13.051,13.095,12.441,12.522,12.383,11.554,12.476,11.873,11.315,11.058,11.058,10.205,10.62,9.1814,9.9773,9.3675,10.415,10.848,10.62,9.8904,8.7317,9.6698,12.716,14.482,15.181,17.047,16.654,15.472,15.885,15.341,14.591,14.903,13.749,15.266,15.592,15.702,16.524,16.843,17.114,16.654,17.047,17.537,18.527,17.991,18.735,18.527,19.19,19.576,18.979,16.936,15.19
12.125,13.912,14.187,13.641,13.256,13.235,12.243,11.703,10.85,11.047,9.9675,9.3583,9.2192,9.4953,8.7231,8.3703,9.1253,8.3703,8.6404,8.7231,8.6404,9.2192,9.1723,8.87,8.1619,7.5781,7.6159,6.272,5.4647,4.5783,10.237,11.567,12.089,12.51,12.429,12.782,12.612,12.498,12.883,12.498,12.219,12.703,12.883,12.042,11.898,12.219,11.837,11.468,11.367,11.592,10.929,10.11,10.011,9.3736,10.167,9.6602,10.771,10.636,10.167,8.0378,10.528,12.905,14.378,15.549,16.818,17.03,15.604,15.326,14.626,14.428,14.298,14.428,15.76,15.577,16.403,16.218,16.507,16.92,17.388,17.885,18.877,18.077,18.132,18.991,18.227,18.219,18.945,18.96,17.314,15.65
13.6,14.394,14.841,14.98,15.091,14.384,13.833,13.913,12.337,11.784,11.376,10.123,9.5444,9.3236,9.4273,9.8452,9.2188,9.7174,9.0669,9.5007,9.6888,9.5444,9.3236,9.5444,9.383,8.6915,7.8344,7.4901,6.4113,5.27,11.401,13.436,13.343,14.161,14.268,13.913,13.793,13.498,14.268,14.538,14.268,13.913,13.953,13.301,13.175,13.217,13.09,12.659,12.438,12.303,12.132,11.004,10.864,10.394,11.376,11.401,11.51,11.167,10.54,9.4273,10.593,13.207,15.642,16.872,18.271,18.332,16.748,16.346,15.854,16.665,15.201,15.95,16.872,16.864,17.715,17.918,18.505,18.438,19.556,19.299,19.613,20.526,21.106,20.58,20.088,21.504,20.708,20.356,18.766,16.54
12.539,15.257,14.96,15.146,15.155,14.437,14.232,12.705,12.393,11.684,10.499,10.105,10.499,10.631,10.036,9.4618,9.3727,9.7099,9.8812,10.174,9.8812,9.9377,9.2374,9.5354,9.1001,8.4794,8.3631,6.8964,5.3157,5.4457,11.12,13.35,14.369,13.974,13.722,14.388,13.516,13.732,14.242,14.242,14.437,13.732,13.793,13.732,13.914,13.547,13.793,12.738,12.705,12.348,11.684,10.853,10.579,10.904,10.697,10.499,11.684,11.158,10.645,9.5354,10.697,14.553,16.087,17.398,17.447,17.269,16.405,16.524,16.533,16.191,15.868,16.456,15.868,18.015,17.269,18.573,18.96,19.253,19.398,19.253,19.449,19.656,20.628,20.106,20.784,20.736,21.164,20.864,18.7,16.6
12.102,13.73,13.804,13.73,13.73,13.464,12.526,12.042,10.984,10.771,9.2968,9.1712,8.6839,8.5153,8.6839,9.0278,8.7006,8.7006,8.7006,8.9146,9.2028,8.6839,8.6839,8.0061,8.2383,6.8122,7.3251,6.5518,5.6226,4.441,10.218,11.811,11.921,12.676,12.573,13.026,12.281,12.042,12.102,12.948,12.293,12.102,12.801,12.304,11.811,11.897,11.526,10.892,10.905,11.762,10.905,10.061,9.7089,9.4054,9.8865,9.7089,10.731,10.69,9.4054,8.767,9.4054,12.492,14.228,15.242,15.166,15.903,15.701,14.818,15.089,14.7,14.34,14.7,15.403,15.233,15.166,16.859,17.343,16.704,16.902,18.287,17.476,17.975,18.695,18.319,18.849,18.223,19.086,18.757,17.242,15.233
13.103,14.695,15.443,15.335,15.362,14.893,14.155,13.563,12.583,11.521,10.404,11.015,9.4366,9.2128,8.9834,9.3329,9.5101,9.3923,10.147,9.0759,9.5539,9.3923,9.5101,10.078,8.5875,8.9679,8.0523,6.8578,6.1519,4.7769,11.29,12.539,13.05,13.449,13.877,13.756,13.563,13.756,13.563,14.046,13.563,14.046,13.05,13.927,12.932,13.48,12.683,12.506,13.029,12.053,11.363,10.682,10.616,10.243,9.9533,10.364,11.57,11.582,11.091,9.6841,11.277,14.204,15.658,17.416,17.012,17.944,17.352,16.105,16.251,15.658,15.87,15.808,17.045,17.248,16.823,17.944,19.397,17.967,19.397,18.471,19.773,18.991,20.143,21.635,20.681,20.383,21.48,20.809,19.518,16.556
12.231,13.674,13.842,13.914,13.505,12.521,12.521,12.242,11.365,10.565,10.317,9.5041,9.1651,8.665,8.5816,9.1021,8.5983,8.7311,9.1808,8.4804,8.7311,8.6483,9.3669,8.9908,7.6229,8.1164,7.6793,6.4585,5.3902,4.189,9.6691,11.466,12.231,12.556,12.624,12.231,12.383,12.16,11.812,12.917,12.44,12.658,12.521,12.794,12.101,11.909,11.378,11.478,11.314,10.646,10.247,9.8898,9.6691,10.303,9.6691,10.247,10.847,10.565,10.303,8.665,10.303,12.475,14.521,15.142,15.665,15.17,15.774,15.104,14.649,14.442,14.649,15.847,14.442,15.847,15.591,16.171,17.272,16.765,18.03,16.653,17.297,17.643,18.734,19.67,19.046,18.618,19.494,18.734,17.104,15.104
11.317,13.455,13.918,14.174,14.113,12.898,12.386,12.234,11.469,9.9795,9.1834,8.7992,9.1205,8.346,7.9756,7.8116,8.3975,8.7336,8.4828,8.7336,8.9291,8.4828,8.9291,8.6674,8.4828,7.2972,7.5873,6.7223,5.0613,4.3254,10.123,11.266,12.513,12.965,12.234,13.098,12.525,12.234,11.912,12.351,12.628,12.351,12.104,12.513,11.912,11.852,11.766,11.815,11.766,10.743,10.25,10.25,10.417,9.8926,9.1205,10.023,10.73,10.208,10.581,9.1205,10.08,12.987,14.839,15.779,15.344,15.595,16.095,15.175,14.594,13.678,13.845,15.06,14.416,16.131,16.343,16.343,17.335,16.562,16.966,17.302,17.987,17.769,18.351,19.916,18.531,18.5,19.529,18.273,17.517,15.568
12.703,13.018,14.036,13.963,14.22,13.499,12.565,11.354,11.2,9.9247,9.7033,8.8769,8.9581,8.7619,8.9581,8.7619,8.5103,8.7619,8.8278,8.6287,9.1343,8.6119,9.5225,9.4,8.0015,8.0736,7.6119,6.5036,5.3824,4.5987,10.156,11.354,12.38,12.554,12.519,12.143,12.554,12.035,12.274,13.096,12.611,12.426,13.326,12.426,11.594,11.805,11.594,11.405,11.316,11.405,11.083,10.212,10.113,9.8955,10.113,10.055,10.339,10.241,9.4,8.6287,9.7033,12.297,14.848,15.535,16.581,16.003,15.646,14.78,13.974,13.754,13.723,14.332,15.413,15.08,15.309,16.147,16.72,16.763,17.257,17.892,18.308,17.165,18.371,18.521,19.075,18.723,20.46,18.908,16.893,15.309
12.923,15.287,14.882,15.214,15.287,14.242,14.184,13.273,13.178,11.787,11.207,9.5469,10.071,10.029,9.5031,9.946,10.357,9.3854,9.5469,10.126,9.5469,8.9768,9.6194,9.5031,9.5031,8.3348,7.8365,6.9334,5.8936,4.86,11.269,12.695,13.512,13.336,14.34,13.797,13.604,13.867,14.475,14.066,14.475,14.194,13.439,13.837,13.189,13.419,13.178,13.051,12.662,11.404,12.407,11.12,11.17,10.854,11.561,11.355,11.17,11.281,10.595,9.3854,10.867,13.273,15.566,16.032,17.992,17.291,16.418,17.404,16.552,16.468,14.844,16.067,16.942,17.618,18.442,17.673,19.354,18.682,17.72,19.159,20.252,19.618,19.927,19.759,20.774,20.204,20.361,20.176,19.094,18.138
13.301,14.906,16.167,15.67,15.509,14.85,14.395,13.682,12.571,11.377,10.233,10.233,10.395,9.7178,9.0212,9.5011,9.5448,9.0673,9.7178,9.9439,9.2041,10.138,10.179,9.7178,8.9749,9.0212,8.0274,6.8716,6.8716,5.2702,11.205,12.823,14.003,14.239,14.269,13.601,13.437,13.301,13.176,13.301,13.333,14.142,14.841,13.218,13.186,13.049,12.66,11.948,12.122,12.304,12.133,11.205,11.118,11.205,10.593,10.814,12.224,11.316,10.967,8.7238,10.865,13.437,15.855,16.939,17.95,17.833,17.519,16.996,14.99,15.643,14.472,15.643,16.749,17.102,17.4,17.896,16.54,17.012,18.633,20.068,19.328,19.677,20.762,21.453,21.219,21.819,22.291,20.527,20.034,16.54
12.236,13.458,13.458,13.744,13.415,13.253,12.755,12.561,11.521,10.865,9.1694,8.8823,8.8498,9.232,8.8498,8.3991,8.669,9.3713,8.8823,8.9951,8.1733,9.1694,8.8823,8.3991,8.8498,8.382,6.9964,6.7236,5.0623,4.7995,9.9813,11.559,11.854,12.527,12.979,12.353,12.106,12.353,12.527,12.99,12.388,12.166,12.342,12.142,12.059,11.72,11.781,11.584,11.608,11.854,11.062,10.195,9.8944,9.2632,9.6737,9.8944,10.732,10.786,9.3867,8.0669,9.6737,12.979,13.848,15.063,16.32,17.053,14.764,15.846,14.597,14.88,13.754,14.764,15.644,14.735,15.478,16.294,15.927,15.954,17.045,17.338,18.534,18.038,18.157,18.743,18.743,18.503,19.213,18.244,17.305,15.561
13.107,14.897,15.839,15.953,14.897,14.718,13.618,12.708,12.319,11.621,10.447,10.567,10.081,9.4981,9.7012,9.6868,9.5128,9.4393,9.8577,9.6868,9.5128,8.7345,9.9141,9.7298,9.3355,9.1091,8.5248,6.88,6.354,5.7077,11.293,12.979,13.234,13.618,13.699,13.72,13.234,13.72,13.689,13.525,13.689,14.354,13.689,13.192,12.763,13.515,12.763,12.033,12.182,12.033,12.182,11.218,10.567,10.474,10.553,10.827,11.799,11.573,10.553,9.0169,11.094,13.484,16.828,16.569,17.738,17.855,17.541,16.795,16.366,16.417,14.257,15.303,16.96,17.572,17.941,17.357,18.226,17.949,18.355,18.716,19.891,19.12,19.701,20.362,20.389,21.35,21.212,20.059,19.631,17.253
13.232,15.102,15.753,14.869,15.313,14.09,13.232,13.462,12.327,11.724,10.613,10.143,10.046,9.7364,9.023,9.023,9.5192,8.9765,9.8644,9.5192,9.6357,8.5957,9.563,9.9629,8.7405,8.5142,7.9205,6.6162,5.3066,4.7229,11.101,12.891,13.462,13.358,14.267,14.296,13.462,12.945,13.493,14.605,13.94,13.698,14.528,13.493,13.201,13.462,12.595,12.695,12.518,12.361,12.551,11.101,10.692,9.9208,11.026,10.988,11.629,11.139,11.139,9.4457,11.201,13.534,15.009,14.879,17.457,17.489,16.872,16.538,16.847,16.581,15.009,14.823,16.905,17.497,18.238,17.369,18.928,18.847,18.803,18.549,19.821,19.038,20.217,19.473,20.546,20.566,21.707,20.211,19.199,16.53
12.849,15.008,14.934,14.896,15.626,14.943,14.256,13.515,12.838,11.716,10.762,10.684,9.5562,9.7295,9.0166,9.7008,8.5245,9.7008,9.5124,9.439,9.7008,8.9701,9.3501,9.815,8.9857,7.61,7.3494,6.9402,5.7075,4.7781,11.366,12.838,13.515,13.349,13.349,13.617,13.566,14.05,13.88,14.354,13.88,13.931,12.838,13.931,13.032,13.191,13.484,13.053,13.032,11.904,11.292,11.193,10.553,10.081,10.474,11.193,11.858,11.093,10.606,9.9137,10.553,13.94,16.434,16.769,17.122,16.893,17.54,16.493,16.686,15.11,15.952,15.909,16.893,17.54,17.016,18.355,19.185,18.195,19.373,18.856,19.12,19.58,19.637,19.974,20.272,20.606,21.368,20.579,19.637,17.252
12.233,12.897,14.414,13.677,13.443,12.964,12.751,11.995,12.055,10.079,9.5962,8.9924,8.9282,8.6499,8.3967,8.1709,8.4819,8.6499,8.8472,8.4819,8.7327,8.3795,8.6499,8.4819,8.3278,7.4718,7.2964,5.9009,5.3644,3.7551,10.178,11.875,11.765,12.385,12.35,12.103,12.35,12.523,12.233,12.385,12.523,12.35,12.523,12.443,11.716,12.661,11.911,11.38,11.802,11.405,10.782,10.416,9.5058,9.8624,10.079,9.6709,10.36,10.58,9.6709,8.8797,9.8915,12.751,14.04,16.004,15.267,16.138,15.361,14.944,14.394,14.944,14.081,14.642,14.837,16.759,15.267,16.836,16.836,16.964,17.515,17.316,17.856,17.993,18.776,18.435,18.898,19.26,19.192,18.768,17.735,15.371
12.044,13.313,13.915,13.915,13.728,13.399,12.908,11.901,10.853,10.31,9.6624,8.725,9.4823,8.6423,8.8719,7.9678,8.6589,8.6589,8.6589,8.1637,8.8719,8.6589,9.1115,8.8395,8.725,7.5798,7.674,6.2505,5.3865,4.3211,10.169,11.804,12.615,12.74,12.501,12.512,12.649,11.901,11.804,12.092,12.649,12.432,13.085,12.512,11.57,12.044,11.458,11.47,11.901,11.47,10.839,10.296,9.6475,9.8537,9.1273,10.24,10.773,10.31,10.113,8.6423,9.4975,12.74,14.58,16.124,16.159,15.58,15.69,14.271,14.302,14.717,15.16,15.329,15.69,16.693,15.432,16.301,15.763,17.499,16.949,17.499,18.644,17.744,19.325,18.949,19.131,18.605,19.896,18.949,17.557,15.103
12.437,13.319,14.437,14.307,13.405,12.869,12.913,11.273,10.643,10.244,9.5467,8.8432,8.8756,9.3642,8.0429,8.7942,8.2022,8.3928,8.478,8.8756,8.8756,8.6625,8.3928,8.478,8.324,7.6208,7.5259,6.5451,5.2809,4.1878,10.244,11.808,13.057,13.057,12.79,12.621,12.506,12.049,12.472,12.251,12.379,12.969,12.518,12.227,11.196,12.472,11.55,11.362,11.772,10.936,10.643,9.6515,9.8869,10.411,9.8432,9.5014,11.6,10.244,10.3,8.8432,9.5917,11.845,15.364,15.834,15.099,16.308,15.559,15.185,15.023,13.67,14.723,14.898,14.586,15.438,15.185,16.631,16.413,16.404,18.144,17.465,18.239,18.024,18.52,19.437,18.325,18.489,20.418,18.836,17.588,15.697
13.787,15.34,15.204,14.899,14.834,14.378,13.502,12.828,12.252,11.347,10.666,10.601,9.8409,9.6702,9.5402,9.4965,9.5402,9.2147,9.1997,8.9551,9.1997,9.4965,9.6127,9.7132,8.4284,8.6397,8.7196,6.8683,6.0061,4.7409,10.43,12.521,13.676,13.907,14.233,13.43,12.741,13.907,13.857,14.532,14.262,14.174,14.233,13.43,13.211,13.01,12.73,12.331,12.488,12.521,12.286,11.505,11.273,10.653,10.808,11.112,11.838,12.035,11.175,9.1997,11.371,13.492,15.555,16.89,18.018,18.164,17.708,16.963,16.499,16.533,14.871,14.992,17.708,17.004,17.941,18.624,19.175,18.103,18.861,19.319,19.913,19.668,20.759,21.307,20.571,20.544,21.923,20.544,19.604,16.741
13.525,14.925,14.999,15.11,15.11,13.689,13.525,12.762,12.352,12.056,9.9139,10.514,10.136,10.026,9.0167,9.6866,9.7297,8.9858,9.5126,9.701,9.5126,9.3353,8.9858,9.7297,9.5126,9.0783,7.6829,7.0399,5.6091,4.7196,10.878,12.318,13.453,13.881,14.05,13.566,14.05,13.359,13.931,13.719,13.81,13.729,13.931,12.839,13.359,13.453,12.664,13.107,12.708,12.044,12.352,11.573,10.407,10.762,10.878,11.094,11.621,12.033,10.684,9.629,10.245,12.979,15.83,15.662,17.738,17.357,17.477,16.686,16.519,16.519,15.689,16.392,16.434,16.083,16.186,18.355,19.12,19.069,19.466,20.114,20.148,20.051,19.807,20.162,20.272,20.058,21.014,20.874,19.524,16.048
12.665,14.478,14.478,14.246,14.987,14.707,13.678,12.676,12.742,11.357,10.399,9.7221,9.5053,10.142,9.9063,9.5053,8.7277,9.6935,9.6935,9.6935,9.6935,8.8384,8.9634,9.2081,8.5831,8.9634,7.6042,6.8543,5.2989,4.5049,11.085,13.022,12.753,13.349,13.8,13.719,13.8,13.192,14.187,14.763,14.187,13.8,13.84,13.276,13.84,13.473,13.556,12.577,12.829,12.023,11.707,10.87,10.558,10.128,10.598,11.612,12.138,11.707,10.87,9.7221,10.857,13.8,16.01,16.88,17.004,17.724,17.02,16.548,16.548,16.548,15.676,15.826,16.648,17.622,16.01,19.358,18.303,19.105,19.011,18.634,20.181,20.751,20.352,20.043,21.618,21.514,20.57,20.778,18.864,18.28
11.997,13.413,13.196,13.959,13.413,13.065,12.753,12.056,11.997,10.73,9.2615,8.7993,8.6509,8.9292,8.0475,8.8482,8.6509,8.4829,8.1894,8.4829,8.8807,8.3976,8.9934,8.7993,8.0654,7.4533,7.6816,5.9259,5.365,4.8582,10.32,11.482,11.766,11.912,12.525,12.444,12.351,12.104,12.513,12.234,12.513,12.753,12.479,12.965,12.525,11.815,11.766,11.318,11.406,10.743,10.25,10.208,9.8926,9.672,8.7336,9.7165,10.32,10.32,10.208,8.6509,9.672,11.803,14.446,15.25,15.642,16.077,15.596,15.108,14.732,14.732,14.594,15.175,15.032,15.706,15.779,16.571,18.336,17.05,17.277,17.541,18.249,18.5,18.241,19.149,17.931,19.381,19.507,18.241,17.176,15.184
11.871,13.321,14.439,13.245,13.092,13.45,12.134,12.346,11.401,10.739,9.1008,9.2574,8.7955,8.2033,8.7298,7.9722,8.6471,8.3424,8.5803,8.3424,8.597,9.1008,9.1166,8.3768,7.6782,8.1682,6.9921,5.3894,5.0591,4.2901,9.6677,11.401,12.519,11.991,11.761,12.229,12.241,11.712,12.241,12.554,12.473,12.747,12.554,11.991,11.847,11.81,11.907,11.907,11.576,10.315,10.859,10.076,9.3655,10.175,9.6677,9.8883,10.563,10.577,10.739,9.1166,9.8883,12.229,14.158,15.139,16.133,15.998,15.552,14.794,15.025,15.187,14.489,14.489,15.881,16.213,15.662,16.407,18.019,17.369,17.509,17.705,18.585,18.265,18.217,18.838,18.677,19.572,19.432,18.592,17.705,15.468
12.095,13.783,13.316,13.918,13.918,13.402,12.33,11.806,11.372,10.855,9.7828,9.5449,8.6443,9.2233,7.9696,9.1136,8.3225,8.6443,8.3225,8.1832,9.2545,7.9696,8.5943,8.7926,8.3225,7.6757,6.8654,5.9214,5.597,3.9028,10.015,11.709,11.758,12.743,12.469,12.237,11.867,12.342,12.618,12.652,11.987,12.225,12.515,11.806,11.51,11.709,11.987,11.194,11.51,11.709,10.789,10.172,9.8414,9.4997,9.59,10.354,10.682,10.298,9.7828,8.727,9.856,12.55,13.98,14.721,16.092,16.225,15.921,15.097,14.275,15.097,14.153,14.633,16.083,15.584,15.912,16.645,16.654,16.927,16.834,17.821,18.671,18.771,18.969,19.307,19.09,19.374,19.836,18.259,17.981,15.921
13.013,15.424,15.806,15.17,14.696,14.762,13.86,12.754,12.129,12.015,10.655,10.537,9.715,10.176,8.9723,10.024,9.3213,9.0952,9.0646,8.6894,9.4983,9.715,10.537,9.542,8.9723,8.4464,7.7792,6.8696,5.7956,4.9705,11.312,12.221,13.172,13.83,12.959,13.433,13.699,13.505,13.214,13.172,13.668,13.83,13.739,13.546,13.298,13.172,12.743,12.334,13.214,11.781,11.507,11.398,10.23,11.201,10.551,11.177,12.164,11.567,10.849,9.4983,10.668,13.464,15.841,17.202,17.914,17.064,17.395,16.893,16.46,16.024,15.496,17.379,17.202,16.341,16.409,17.898,18.967,18.289,18.997,19.917,20.358,19.601,20.876,21.193,20.269,21.265,22.229,20.982,20.982,17.202
11.946,13.749,14.567,13.958,13.234,13.622,12.198,11.299,11.092,10.774,9.5795,9.2097,9.1308,9.1624,8.6922,8.9061,8.6922,8.4216,8.9061,8.6922,8.9061,8.2304,8.9547,9.2879,7.9985,7.1783,7.3181,6.4788,5.4072,3.8045,10.152,11.312,12.375,12.387,12.595,12.422,12.514,11.91,12.281,12.422,11.812,12.269,12.549,12.269,12.031,12.269,11.413,11.639,11.413,11.196,10.881,10.008,10.279,9.9209,9.1624,10.008,11.092,10.894,10.335,8.6922,9.6996,13.234,13.78,15.668,15.151,16.141,15.64,14.477,14.537,14.123,14.537,15.237,15.075,15.997,15.407,16.886,16.688,16.123,17.885,17.091,18.404,18.824,18.793,18.824,18.325,18.677,19.842,19.083,17.567,16.186
11.345,13.052,13.328,13.588,12.996,12.598,12.305,11.536,11.384,10.38,9.6078,8.6509,8.4293,8.7013,9.2212,8.0944,8.7013,8.0222,8.1124,8.3947,8.6509,8.8506,8.6509,8.0222,8.1661,6.7615,6.3162,5.6339,4.9751,4.1097,9.1737,11.384,11.586,12.066,12.234,11.884,11.884,11.982,11.982,12.066,11.847,11.786,12.066,11.835,11.345,11.884,11.384,11.229,11.006,10.643,10.239,9.7283,9.6532,9.3155,9.2841,9.7731,10.478,10.422,9.4242,8.3773,9.4397,11.982,13.328,14.68,14.072,14.994,14.195,14.072,14.287,13.174,14.072,14.5,14.58,15.434,15.565,15.981,16.314,16.867,17.277,16.807,17.569,17.344,17.175,17.84,17.569,18.419,18.568,18.26,17.039,14.338
12.07,13.598,14.005,13.693,14.22,13.298,12.365,11.828,10.862,9.9034,9.2715,9.1147,9.1934,9.1462,9.0032,8.6769,8.6769,8.6769,8.4921,8.8904,8.6769,8.4067,8.4921,8.4921,8.0563,7.746,7.2058,6.6434,5.3169,4.4289,9.6825,11.393,11.925,11.889,12.573,12.259,12.117,12.365,12.01,12.365,12.538,13.001,12.01,12.365,11.791,12.117,11.619,12.01,12.07,10.954,10.428,10.331,9.5625,10.219,9.502,9.8009,10.593,11.072,10.261,8.8904,9.5625,12.259,14.005,15.38,15.659,15.585,15.612,14.22,14.301,13.523,14.511,14.66,14.816,16.148,15.163,16.308,16.095,16.984,18.054,17.162,17.06,17.337,18.054,18.76,18.798,18.798,19.668,18.355,17.395,15.38
11.99,13.15,13.831,14.082,12.881,12.641,12.326,11.276,10.867,9.9573,8.9875,8.657,8.7907,8.1718,8.2606,8.9875,7.5794,8.0278,8.1181,8.0278,8.657,8.4352,8.7907,8.4352,7.5794,6.9155,7.0201,5.8161,4.9786,4.1126,9.4309,10.934,12.432,11.892,11.892,11.929,11.843,11.34,11.843,11.929,11.99,12.607,12.135,12.641,11.892,11.843,11.392,11.557,11.544,10.485,10.246,9.928,9.9133,9.322,9.2907,9.8542,10.189,9.569,9.569,8.7907,9.9573,11.794,13.359,14.51,14.936,15.464,15.062,13.768,13.661,12.802,13.672,13.831,14.082,15.697,15.216,14.69,15.576,15.891,16.2,16.236,16.801,16.775,16.818,18.487,17.221,17.894,19.567,17.951,17.432,15.062
13.233,14.696,15.256,15.338,15.256,14.053,14.241,13.009,12.381,11.356,10.035,10.418,9.9372,8.866,8.2278,9.2369,9.3573,8.5283,9.0069,9.1303,9.8382,9.1303,9.4169,9.5203,9.0996,7.8627,8.2108,6.7733,5.9133,4.4879,11.107,12.336,13.516,13.792,13.883,13.317,13.547,13.843,14.083,13.843,13.963,14.523,13.963,13.843,13.009,13.38,13.009,12.211,13.009,12.084,12.381,11.12,10.904,11.356,10.788,10.891,12.084,11.551,10.852,9.8807,10.432,12.869,14.894,16.086,16.532,16.809,17.293,16.725,14.903,14.932,15.849,15.911,16.225,16.599,15.876,17.582,17.983,18.715,19.048,18.36,19.223,19.462,20.126,20.209,20.161,20.105,21.582,19.91,19.077,16.933
13.125,14.88,15.55,15.432,15.541,14.88,13.95,13.252,12.336,11.637,10.095,9.5697,9.7432,9.0447,8.3547,9.0293,9.0909,8.7145,9.4078,9.0447,9.3483,8.9983,9.3483,9.3632,9.2281,7.926,8.5201,6.8692,6.4499,4.5146,10.842,12.704,13.472,13.829,13.99,13.708,13.544,13.544,13.503,13.368,14.228,13.9,14.374,13.9,13.072,13.708,12.867,12.769,12.769,11.874,12.072,11.197,10.699,10.528,10.408,11.033,11.98,11.296,11.197,9.2281,10.026,12.381,14.681,16.457,17.04,16.784,17.114,15.71,15.333,15.324,15.469,16.174,17.445,16.592,17.381,17.88,17.723,18.074,18.562,18.741,20.614,19.486,20.716,20.957,20.396,20.722,21.786,19.728,19.429,16.406
13.327,15.593,15.322,15.13,14.907,14.729,13.77,12.772,12.327,12.191,10.886,9.0387,9.6936,9.8647,9.5195,9.7367,8.5145,9.3421,8.9768,8.9612,9.5195,9.708,9.0387,8.596,8.7088,8.043,7.5049,5.8085,5.2006,5.385,10.415,12.518,12.684,12.783,13.201,13.463,13.359,12.988,14.031,14.169,14.031,13.699,13.576,13.951,13.369,13.627,13.369,12.783,12.429,12.596,12.552,10.873,10.198,9.708,11.102,10.886,11.026,11.629,10.679,9.4016,10.047,12.761,14.267,15.458,16.782,18.023,16.155,16.906,16.93,16.581,15.019,16.403,17.045,16.773,16.84,18.512,18.907,18.602,18.803,19.076,20.177,20.128,20.963,19.793,21.24,20.89,20.89,20.702,19.884,17.648
11.819,13.46,13.964,13.714,13.449,12.981,12.529,11.385,10.734,10.323,9.6751,9.1865,9.2334,8.3315,8.8022,8.1214,8.8022,8.6537,8.0502,8.0681,8.3488,8.0681,8.3832,8.8511,7.6841,7.2996,6.9974,6.0003,5.3668,4.5854,9.9828,11.283,12.355,12.355,12.563,12.06,12.001,12.108,12.355,12.001,12.992,12.925,13.331,12.355,11.56,12.563,11.283,11.372,11.783,11.206,11.051,10.026,10.323,10.026,9.1235,9.8959,10.653,10.42,10.026,8.8511,9.7197,12.355,14.169,14.737,15.647,15.255,15.037,15.255,14.209,14.5,14.737,13.995,15.18,15.93,15.893,16.428,17.249,16.358,17.182,17.457,18.814,18.033,18.529,19.513,18.342,19.395,19.864,18.443,18.16,15.628
14.034,14.852,15.847,14.917,14.005,14.502,13.469,12.921,11.703,11.378,10.234,10.355,9.4285,8.7245,8.9756,8.9756,8.9756,8.6445,8.58,8.7721,9.2048,8.7721,9.5456,8.9756,8.9756,7.6015,8.515,6.5195,6.0095,5.375,11.118,12.495,13.219,13.438,13.438,13.469,13.551,13.469,13.039,13.602,13.551,13.744,14.473,13.177,13.177,13.438,12.835,12.737,12.528,12.672,12.042,11.005,10.672,10.138,10.866,11.181,11.571,11.081,11.181,9.5018,10.554,14.386,15.501,15.891,17.92,16.973,18.028,16.817,16.125,16.279,15.856,16.271,18.205,17.449,17.905,19.004,19.04,18.477,19.394,20.139,20.249,20.091,21.507,21.142,20.884,21.109,21.201,20.764,20.201,16.75
11.483,13.589,14.099,13.429,13.429,12.54,12.528,11.595,10.876,9.6835,9.1472,9.1472,8.1991,8.493,7.5391,7.9852,8.1284,8.493,8.3387,8.6778,8.6778,8.493,7.9308,7.8209,7.6907,7.9308,7.065,5.7099,4.9522,4.5578,9.3808,11.57,11.926,12.401,12.154,11.829,11.829,11.926,12.366,12.249,12.494,12.768,12.401,12.366,12.011,11.793,12.071,11.57,11.793,11.073,10.662,10.22,9.9914,10.035,9.3961,9.6835,11.06,10.429,9.8752,9.0041,9.8752,12.768,13.945,14.857,14.592,14.749,15.807,15.05,14.661,14.181,14.513,14.513,14.749,16.337,15.688,16.15,17.096,17.928,17.734,16.547,18.271,18.271,18.861,19.464,18.056,18.553,19.939,19.285,17.472,15.642
11.772,13.955,13.758,13.332,13.684,12.758,12.251,11.386,11.013,9.6761,9.2344,9.1874,8.9331,8.8521,8.4865,8.6546,8.7374,8.0689,8.3841,8.2105,7.9248,8.1753,7.9792,8.051,7.5335,7.4566,6.9982,6.0009,5.0919,4.5859,9.6014,11.857,12.002,12.062,12.357,12.357,12.109,11.524,12.263,12.565,12.519,12.53,12.926,12.357,12.263,12.062,11.784,11.722,11.065,11.284,11.013,10.212,9.4958,9.6761,9.5563,9.8969,10.184,10.654,9.3737,8.7374,9.2344,13.256,13.418,15.37,15.786,15.648,15.63,14.923,15.038,14.442,14.532,14.502,15.37,16.227,15.181,17.184,16.111,17.524,17.475,18.249,18.539,18.162,18.508,19.158,18.976,19.158,19.037,19.037,17.326,15.958
13.048,14.25,15.103,14.853,14.937,14.074,13.683,12.973,12.027,11.579,11.013,10.145,9.5084,9.2112,8.9508,9.5084,8.5859,8.9818,8.9508,9.5084,9.3906,9.2112,9.5084,9.0127,8.8413,8.2387,7.5516,6.8566,6.3511,4.5064,10.873,12.358,13.027,13.048,13.844,13.713,13.447,13.28,13.509,14.328,13.925,13.875,14.044,13.447,14.044,12.93,13.186,12.833,12.581,12.234,12.448,10.601,10.975,10.241,10.975,10.601,12.313,11.275,10.68,9.6247,10.68,13.228,14.862,16.384,17.94,17.277,15.867,17.042,16.041,16.679,15.867,16.067,17.461,17.042,18.056,18.707,18.729,18.46,19.77,19.622,20.38,20.084,20.215,20.758,21.476,21.11,21.644,20.291,19.854,16.886
13.85,15.007,14.517,15.41,14.783,14.353,13.565,12.147,12.419,11.414,10.149,10.135,9.4974,9.0777,8.9697,9.2147,9.2298,9.1083,9.8145,9.4974,9.3348,8.9852,8.9852,8.5078,9.512,7.8438,7.6824,6.757,4.8645,4.4771,10.473,12.762,13.348,13.759,13.88,13.809,13.285,13.617,13.88,14.353,13.97,13.759,14.353,12.978,13.452,13.191,12.685,12.181,12.363,12.838,12.147,10.877,10.393,9.9133,10.513,10.865,11.857,11.68,10.08,9.7004,10.513,13.452,14.353,16.254,17.178,17.089,17.308,16.382,16.391,16.66,15.741,15.31,17.178,16.917,17.854,18.655,19.714,19.184,19.351,19.206,20.298,19.946,20.161,19.862,21.341,21.536,21.367,21.118,19.415,17.404
13.197,15.113,15.405,14.853,15.104,14.153,13.693,12.877,11.711,11.288,10.667,9.7258,10.241,9.2267,9.0747,9.0286,8.7786,9.0286,9.0747,9.0286,9.2267,8.8417,9.4354,10.187,8.699,7.8412,8.0685,7.1741,6.3514,4.5066,10.562,12.974,13.312,13.197,13.186,13.561,13.218,12.681,12.974,12.844,13.683,14.202,13.447,14.015,13.447,12.67,13.059,12.67,13.059,11.616,11.616,10.602,10.47,10.667,9.8112,11.189,11.189,11.276,11.177,9.3465,10.68,12.834,15.36,16.427,17.278,16.854,17.47,16.655,16.249,15.002,15.513,17.083,17.278,17.691,17.533,17.557,19.573,18.908,20.188,18.908,19.855,20.523,21.184,21.548,21.262,20.813,22.378,20.598,20.36,17.683
13.243,14.907,14.953,14.709,14.604,14.935,13.243,12.891,12.361,11.374,10.157,9.8642,9.4455,9.0228,8.5955,9.0844,9.2215,8.788,9.3565,9.2215,9.7075,9.0228,9.519,8.9919,8.788,8.0426,8.0772,7.1818,5.2004,4.257,10.088,12.361,12.327,13.062,13.534,12.891,12.945,13.2,13.739,13.82,13.769,13.627,13.062,14.06,13.368,13.462,13.2,12.694,12.716,12.462,11.807,10.692,10.252,10.56,9.8642,10.626,11.592,11.616,10.414,10.046,10.252,13.062,14.869,16.403,16.403,16.897,16.445,16.154,16.309,16.872,16.572,16.781,16.197,17.028,19.038,18.847,19.651,18.728,19.415,19.601,19.22,19.771,20.238,21.285,21.285,21.494,20.781,21.655,18.661,17.552
13.055,14.886,14.96,15.137,14.428,14.204,13.754,12.796,12.34,11.435,10.385,10.154,9.0482,9.0018,8.861,9.0327,9.2316,8.5398,9.2316,9.2316,9.7182,9.2316,9.3668,9.0944,9.0018,7.929,7.8582,6.5384,5.7177,5.3907,10.412,12.34,12.609,12.708,13.549,13.508,13.077,12.905,12.959,13.784,13.477,14.075,14.105,12.905,13.341,13.383,13.055,11.82,12.169,12.861,12.609,11.411,10.897,10.099,10.466,10.585,11.435,11.593,10.168,9.2316,10.154,13.002,14.81,15.867,17.761,17.444,16.857,15.556,16.284,16.172,15.77,15.893,17.667,16.989,17.508,17.388,18.689,19.241,18.949,19.241,20.588,19.494,20.397,20.425,21.465,20.622,20.965,21.045,19.096,16.791
13.08,14.382,14.954,14.954,14.898,14.728,13.552,12.777,12.377,11.389,10.428,9.7489,9.0036,8.9881,7.57,9.5314,9.2335,9.0963,9.05,9.0036,9.5168,8.9725,8.9881,9.7489,8.4759,7.6252,8.5416,6.9541,6.3665,5.5199,10.534,12.875,13.133,13.228,13.218,13.908,13.133,13.313,13.838,13.787,13.479,14.363,14.078,13.998,13.313,13.878,13.746,13.09,12.733,11.881,12.056,11.352,10.414,10.534,10.266,11.303,11.153,11.352,10.692,9.7202,10.101,12.377,14.431,15.773,17.439,16.551,17.026,15.905,15.622,15.87,15.259,16.719,16.952,16.467,17.575,18.752,17.984,18.738,18.775,19.216,20.408,20.264,19.846,20.119,20.989,19.909,20.681,20.347,19.216,17.083
13.252,14.653,15.852,15.405,15.405,14.04,13.87,13.05,11.815,10.88,10.381,9.7001,9.5258,9.7001,8.6664,8.9983,8.9983,9.0447,9.7432,9.0447,9.7432,8.9983,10.095,9.5697,8.6664,8.0483,8.0829,7.1089,6.0247,5.2309,10.581,12.29,14.07,13.738,13.534,13.378,13.636,12.954,12.604,13.305,13.636,13.99,13.95,13.99,12.604,13.21,12.78,12.704,13.472,11.874,11.815,10.528,10.893,11.345,10.528,10.634,12.061,11.209,10.893,9.6424,10.568,12.437,15.541,16.851,16.592,17.016,17.252,15.896,15.405,14.538,14.681,16.209,17.493,17.762,16.389,18.342,17.469,17.95,19.579,18.741,19.558,19.834,20.608,22.123,19.728,20.843,21.997,20.328,19.891,16.516
13.129,14.743,15.219,15.546,14.809,14.222,12.73,13.129,11.64,11.213,10.624,9.5289,9.3662,9.4553,10.098,8.5229,9.5289,9.3662,9.4553,9.231,9.5289,9.4553,9.0322,9.7176,9.4553,8.2056,7.5123,6.8917,5.4419,4.7571,10.465,12.861,12.564,13.246,13.382,13.955,13.076,13.055,13.874,14.437,13.955,13.874,13.965,13.309,13.34,13.548,13.476,13.001,12.564,12.904,12.26,11.237,10.624,10.263,10.897,10.884,11.41,11.237,10.624,9.5289,9.231,13.455,13.874,16.411,16.823,16.462,16.18,16.462,15.715,15.328,15.117,15.255,17.046,16.889,16.922,18.348,18.568,18.5,18.462,19.671,19.897,19.16,20.614,20.56,21.043,20.823,22.438,20.307,19.671,16.597
12.899,14.681,15.332,14.227,14.917,14.227,14.069,12.856,11.979,11.208,10.488,9.6419,9.4518,8.8571,8.9978,8.9978,9.5107,8.9978,8.9978,8.9978,8.9823,9.3478,8.9823,8.9978,8.8571,8.2703,8.0652,6.8891,5.9074,5.2837,10.421,12.526,12.692,13.209,13.209,12.996,13.367,13.471,13.543,14.178,13.717,14.178,14.039,13.959,13.829,13.636,13.377,13.778,12.953,12.164,11.921,11.146,10.699,10.699,10.408,10.699,11.54,11.308,10.62,9.5254,10.039,12.996,15.019,15.468,16.792,17.5,16.792,15.432,15.93,15.432,16.165,16.13,15.763,17.761,17.332,18.561,19.146,18.089,19.89,19.087,19.146,19.614,19.833,20.251,20.518,21.41,21.586,20.822,19.664,18.073
13.345,14.519,15.397,15.333,15.141,14.442,13.717,12.445,12.057,10.628,10.495,10.06,9.7495,9.0506,8.8633,8.2761,8.5421,8.9886,9.2341,9.2341,9.7208,8.8633,9.0968,9.532,9.3544,8.8633,8.2083,7.4775,6.0286,4.4865,10.575,12.344,12.712,13.542,13.229,13.345,13.594,13.25,13.376,14.188,13.059,13.747,13.717,13.376,12.789,13.134,13.387,12.479,12.865,12.612,11.548,10.428,10.9,10.266,10.388,10.887,11.823,11.68,10.266,10.102,9.7208,13.46,14.729,17.051,16.72,17.084,17.223,15.551,16.003,15.774,15.56,16.425,15.941,17.263,17.504,18.754,17.891,18.468,19.398,19.159,19.499,19.362,19.819,20.648,19.571,20.837,21.601,20.864,19.246,17.456
11.64,13.494,14.696,13.289,13.494,12.561,12.48,11.35,10.571,9.5798,9.2882,8.7589,8.6089,7.9987,8.1954,7.8342,8.213,8.2306,8.4047,8.6257,8.0708,8.2306,8.5074,8.3528,7.7038,7.4749,7.0154,6.1348,5.1044,4.2023,10.008,10.815,12.755,12.755,12.789,11.947,12.031,11.515,11.414,12.387,12.139,12.835,12.27,12.549,11.196,12.387,11.439,11.849,11.439,10.775,10.28,9.7446,10.008,10.052,8.6759,9.3967,10.336,9.685,9.6999,8.6257,9.3967,12.27,14.246,15.008,14.537,14.031,15.389,15.304,14.327,13.091,14.123,14.031,14.478,15.613,15.313,16.61,16.505,17.567,17.015,16.887,17.886,17.625,18.678,19.288,18.553,18.584,20.147,18.302,17.625,15.604
12.904,14.837,14.657,14.894,13.994,14.695,13.382,12.795,12.86,11.15,10.208,9.5286,9.5286,9.6452,9.2459,9.2307,9.366,9.0935,9.0473,9.0009,9.0009,9.4106,9.0473,9.0009,9.0009,7.8575,7.4748,7.0913,6.1639,5.4418,10.571,12.696,12.608,13.054,13.054,13.001,13.475,13.371,13.783,13.475,13.874,13.742,13.129,13.382,13.076,13.954,13.256,12.729,12.729,12.474,11.544,11.112,10.411,10.167,10.571,10.624,10.896,11.299,9.9306,9.0009,10.637,13.64,14.95,16.317,16.864,17.119,16.282,16.075,15.688,15.768,15.545,15.865,15.554,18.317,17.885,19.24,18.461,19.24,19.355,19.812,20.237,20.092,19.449,20.196,20.586,21.149,20.943,21.155,19.435,17.57
12.691,15.005,13.458,14.79,14.408,14.213,11.909,13.323,12.713,10.831,10.557,10.085,8.4624,8.5931,9.7047,9.0202,9.3538,9.0202,8.3463,8.7378,8.7058,9.2339,10.043,10.085,9.5163,7.9881,8.5931,6.5294,5.6853,5.0078,10.249,12.713,13.694,13.291,13.069,12.941,12.458,13.059,13.694,13.037,13.197,14.638,14.865,13.694,12.778,13.976,12.887,13.458,13.489,11.862,12.514,11.577,9.9177,10.623,9.9177,10.869,10.675,11.625,10.882,9.3984,9.8614,13.365,14.874,16.9,16.389,17.259,16.999,16.389,15.748,14.818,13.458,15.845,18.723,18.483,17.547,19.033,18.468,19.878,19.765,19.709,20.499,20.587,20.614,22.327,20.775,20.101,22.227,19.871,19.409,17.571
12.126,12.501,13.565,15.058,13.274,11.738,13.469,12.775,11.8,10.869,9.5086,9.1525,8.3609,8.2215,8.6161,9.1525,9.7337,8.4979,7.8255,8.2039,8.4979,9.1368,8.4125,8.0618,9.881,8.0618,7.6008,5.7132,5.481,4.5605,9.9102,11.08,11.08,11.287,12.547,12.361,12.161,12.373,13.01,12.921,12.373,11.388,12.408,12.268,11.873,11.338,12.256,12.018,10.816,10.436,10.668,9.1525,9.1209,9.5237,8.4979,9.6891,9.9973,10.226,9.5691,8.3436,8.7492,11.49,13.436,14.865,15.816,14.67,14.991,14.933,14.991,16.381,13.533,12.185,15.39,14.904,16.249,16.133,17.744,17.199,16.876,15.734,17.801,16.834,18.994,16.168,20.43,18.532,20.739,19.085,18.493,15.202
13.884,14.949,15.178,14.809,14.949,13.683,14.209,13.315,12.266,11.353,9.9226,9.8245,8.6253,9.0019,8.7051,9.3189,8.7051,8.9865,9.1844,8.4961,9.4075,9.1844,9.1994,8.4798,8.561,7.4373,8.0102,7.153,5.8797,5.259,10.157,12.322,12.892,12.989,13.179,12.892,13.273,12.796,13.572,13.408,13.572,13.714,13.147,13.764,13.01,12.545,13.01,12.72,12.643,11.677,12.378,11.377,10.211,10.211,10.047,10.943,10.981,11.144,10.439,9.3189,10.636,12.643,14.546,15.759,17.122,16.738,17.363,15.689,16.201,15.689,15.476,16.837,16.337,16.837,16.63,18.346,18.369,18.852,19.908,19.121,20.156,20.571,19.803,21.356,20.012,20.537,21.683,20.957,20.081,16.976
13.187,15.834,14.242,15.737,14.016,12.932,14.349,13.355,12.315,11.128,9.812,10.078,8.9674,7.1747,6.8777,9.7266,10.147,9.3918,10.036,8.3405,9.106,10.133,9.6259,8.3405,7.9825,7.7884,6.7553,8.0692,6.6095,5.275,10.977,12.052,13.755,13.511,13.562,13.028,12.845,13.219,13.521,12.505,14.203,13.219,13.715,14.398,13.23,13.187,13.355,14.046,13.355,13.755,11.014,9.5096,12.416,12.538,11.177,10.147,12.416,10.875,10.147,9.812,10.036,14.203,15.379,16.913,16.043,16.83,16.656,16.888,15.86,13.48,15.334,15.834,17.085,19.179,19.201,19.772,17.415,20.293,19.751,20.073,18.043,20.218,22.086,21.205,20.921,22.186,19.885,19.8,19.346,17.174
13.198,14.41,14.707,14.678,15.319,14.361,13.573,13.039,12.188,11.59,10.372,9.8201,9.5174,9.3996,9.5174,8.529,8.9749,8.7069,9.5174,9.1135,9.5174,9.2199,9.235,9.355,8.7388,8.3473,7.919,6.7608,5.4354,4.9805,10.884,12.245,13.039,13.767,13.366,13.114,12.714,13.114,13.293,13.624,13.888,14.057,13.573,13.324,12.888,13.817,13.46,13.24,12.692,11.615,11.578,11.099,10.559,10.768,10.412,10.372,11.298,11.087,10.69,9.5174,9.7059,13.817,15.527,16.263,17.188,16.968,16.695,15.374,16.4,16.056,15.838,15.346,16.056,17.95,17.549,18.925,19.412,18.925,19.369,19.13,19.873,19.598,20.535,21.742,20.589,21.703,21.542,20.616,20.562,17.43
13.704,14.431,15.277,15.845,15.241,14.344,13.562,12.492,11.996,11.235,9.7755,9.5179,9.2977,9.5179,8.1585,8.7467,8.5551,8.9495,9.4596,9.2977,9.4742,9.2977,9.4742,10.04,8.474,8.474,8.0047,6.3934,5.992,5.3594,10.511,12.099,12.7,12.884,13.138,12.711,13.138,12.711,13.138,12.884,13.429,13.511,13.399,13.295,13.664,13.012,13.18,12.314,13.305,11.996,12.133,11.284,10.352,10.641,11.086,10.325,11.284,11.284,10.628,9.1781,10.109,13.149,15.528,16.694,16.85,17.159,16.078,16.619,16.078,15.241,15.385,15.984,17.47,16.502,16.044,18.484,18.839,19.18,18.817,18.985,20.863,20.081,20.863,20.523,20.929,20.737,22.104,20.218,19.998,17.159
13.215,14.658,15.365,15.136,14.514,13.753,13.538,12.958,12.065,11.386,9.7179,10.029,9.7179,9.4556,9.3516,9.5145,8.6047,8.5231,8.6694,9.1247,9.4111,8.8607,9.2313,8.7974,8.5231,7.9287,7.5681,7.4753,5.4421,4.2616,10.999,12.531,13.225,12.785,13.246,12.958,12.609,12.785,13.476,13.215,13.087,13.225,13.875,12.785,13.055,13.59,13.215,12.26,12.385,12.697,11.984,11.113,10.846,10.057,10.492,10.624,11.605,12.065,10.572,9.2464,9.1247,13.001,14.62,16.556,16.69,16.824,16.42,15.689,15.393,16.076,14.885,15.618,16.89,18.44,17.451,19.45,19.146,19.357,19.102,20.335,19.735,20.615,20.804,20.642,20.642,21.17,21.308,21.051,19.622,16.598
12.904,13.834,15.41,15.857,14.8,13.955,13.723,12.077,11.878,10.637,10.208,9.529,9.8746,8.9858,8.6046,8.523,8.8605,8.7495,9.529,9.0323,8.8605,9.2312,9.0323,9.8321,8.523,7.9286,7.8578,7.0521,5.9802,4.3587,10.897,12.203,13.001,13.784,13.309,12.73,12.686,13.087,12.157,13.13,12.73,13.874,14.885,12.34,12.294,12.708,12.531,12.053,12.785,12.34,12.328,10.897,10.999,10.69,10.897,10.624,11.605,10.897,10.69,9.0323,9.931,12.73,15.392,15.901,16.823,17.046,17.046,16.89,14.427,15.901,14.427,15.136,18.188,17.729,16.865,18.462,18.326,18.867,19.946,19.614,21.262,19.211,20.964,21.308,20.238,21.697,22.432,21.523,20.148,17.021
13.246,14.608,15.398,15.542,15.012,14.269,13.823,12.159,11.583,11.103,9.7384,10.159,9.2235,8.5159,8.4667,8.6621,8.7102,8.7422,9.9228,9.5211,9.2386,9.3586,9.2386,8.8532,9.2235,8.5323,8.0789,7.1053,6.0217,4.9824,11.103,12.464,13.537,13.361,12.893,12.947,13.044,12.193,12.99,13.246,13.361,13.953,13.983,13.527,12.697,13.246,12.52,12.554,12.893,12.329,11.974,11.103,11.631,11.401,10.416,10.376,11.425,11.141,10.888,9.7384,10.629,13.742,15.853,17.957,16.063,16.809,16.381,15.685,14.788,14.608,15.64,17.007,16.201,16.876,17.179,18.605,18.806,18.961,20.379,20.041,20.325,20.111,20.893,21.505,19.909,20.893,22.213,20.705,20.29,16.584
13.302,15.21,15.356,14.506,14.886,14.65,13.715,12.468,11.293,11.144,10.257,9.6979,9.5237,8.5346,8.9962,9.0426,8.9962,9.0426,9.0888,9.1195,9.4057,9.1195,9.0888,9.509,9.3462,7.9943,8.0465,6.3613,5.835,4.8705,10.775,12.367,12.468,13.217,13.207,12.701,13.047,12.434,12.777,13.987,13.333,13.897,14.506,13.302,12.777,13.207,12.524,12.557,12.766,12.557,12.07,10.891,11.538,10.697,10.379,10.878,11.106,11.538,10.839,9.3611,10.486,12.854,15.644,16.504,17.208,16.88,16.317,16.274,15.238,14.735,14.914,15.707,16.789,17.069,19.025,17.593,19.025,18.737,19.575,20.549,21.138,19.055,21.138,21.666,20.63,20.392,21.89,21.269,19.802,16.789
14.232,14.894,15.484,15.034,15.053,14.054,13.65,13.265,11.6,11.648,10.105,10.063,8.9759,9.5351,10.174,7.8093,9.038,9.038,9.9373,9.7239,9.4614,9.237,9.8383,9.5351,9.007,8.8662,7.5728,7.1158,6.1907,4.488,11.22,12.716,12.966,13.464,13.598,12.539,12.88,12.302,12.572,13.063,12.572,13.557,13.516,13.085,12.449,13.138,12.869,12.483,12.449,12.793,12.572,11.356,10.904,11.157,10.391,10.644,11.827,11.157,10.578,9.0535,10.035,13.547,14.904,16.405,16.328,16.336,15.565,15.375,15.348,15.375,15.348,16.524,16.925,16.867,16.328,18.692,18.238,19.634,19.114,19.512,19.303,19.505,21.262,21.321,20.21,20.688,22.246,19.684,19.804,16.396
12.912,14.847,15.228,14.819,14.819,14.29,13.843,13.223,12.449,11.442,10.27,10.16,9.535,9.3573,9.9794,9.038,9.2521,9.1303,9.4169,9.6516,9.4169,9.535,9.8382,9.237,8.755,8.5447,8.0038,6.3689,6.1907,5.2891,10.27,12.211,12.782,13.516,12.869,12.738,12.869,12.912,13.391,13.649,13.598,13.792,13.223,13.974,13.547,13.265,13.485,13.233,13.095,12.176,12.061,11.22,10.71,11.044,10.174,10.904,11.442,11.107,11.006,9.5789,9.7238,12.738,15.556,16.086,16.473,16.532,16.19,15.565,15.256,14.004,15.127,15.375,16.086,17.991,17.228,18.474,18.572,18.923,19.404,18.504,20.022,19.231,20.022,21.321,20.573,20.244,21.136,20.634,19.231,17.991
13.082,14.389,15.721,15.641,14.389,14.252,13.933,12.556,11.725,11.135,10.229,9.4749,9.3856,8.8153,8.0152,9.5486,8.5405,8.8153,8.5405,9.1126,9.5486,8.9887,10.064,9.8523,8.8787,8.3747,7.874,6.9666,6.1995,5.0248,11.135,12.228,12.931,12.8,13.618,13.242,13.337,13.157,13.252,13.566,13.242,13.863,14.311,13.504,13.082,13.273,12.734,13.273,12.734,12.8,12.734,11.173,11.06,10.447,10.553,10.725,11.76,10.593,10.725,9.0198,9.8523,12.811,14.389,15.65,16.957,16.454,16.013,15.934,14.688,15.424,14.688,15.748,17.081,16.589,17.374,17.511,17.993,18.008,19.105,18.538,20.349,19.185,20.349,20.169,20.376,20.134,22.03,19.938,19.28,16.632
13.088,14.847,15.657,14.998,14.875,14.657,13.29,12.828,11.766,11.622,9.5532,9.3752,9.1478,8.8196,7.8778,10.082,9.0242,9.0707,9.3752,9.0242,9.7712,9.0707,9.3752,9.0086,8.2776,8.7396,8.0715,7.2077,6.381,5.2992,10.289,12.234,13.034,13.034,13.416,13.248,13.109,12.64,13.624,14,13.406,13.51,13.778,13.583,13.91,13.29,13.163,12.893,12.64,12.473,12.563,11.229,10.925,9.728,10.559,10.912,11.73,10.73,10.519,9.0552,9.9562,12.937,14.464,15.431,16.487,16.504,16.152,15.45,15.156,14.875,15.007,14.847,16.555,17.358,17.358,17.639,17.876,17.495,18.735,18.547,20.165,19.891,20.144,19.485,19.863,20.578,21.117,20.283,19.143,17.931
13.163,14.923,15.45,14.724,14.464,14.318,13.94,12.507,11.766,10.912,9.7426,10.055,9.5534,9.5387,9.8999,8.5448,8.5448,8.6266,9.0244,9.5534,9.7714,9.7282,8.8832,9.0088,8.7398,8.6915,7.9666,6.4686,6.2027,4.8857,10.519,12.234,13.291,13.291,12.74,12.563,12.806,12.74,13.088,13.343,13.573,13.788,13.91,13.511,13.511,13.163,12.729,12.828,12.894,11.85,11.85,11.44,10.925,11.141,10.519,11.241,11.341,11.141,10.599,9.0709,10.055,13.12,14.781,15.432,16.325,16.505,16.221,15.513,15.477,15.082,14.269,14.932,16.564,16.9,16.632,16.758,18.273,19.543,18.668,19.085,19.543,19.786,20.283,20.476,20.179,20.179,21.519,20.674,19.55,16.505
11.579,13.075,13.086,13.439,12.735,12.584,11.866,10.955,10.165,9.4488,9.0694,8.2586,7.6514,7.3589,7.3589,7.7465,7.9883,7.8776,8.5546,8.2763,7.6896,8.1874,8.0431,8.2763,7.9883,7.5358,6.582,5.7513,4.9881,4.2256,9.3084,10.657,11.477,11.477,11.413,11.579,11.477,11.154,11.915,11.866,11.952,12.266,11.477,12.013,10.955,11.477,11.579,11.915,11.477,10.834,10.739,9.873,9.4643,9.0694,8.9558,9.2452,9.6784,9.873,9.2135,8.3992,8.724,11.413,12.619,14.109,14.109,14.202,14.518,14.777,13.363,13.175,13.086,13.794,14.618,14.698,14.284,15.912,16.482,17.423,16.597,16.711,16.798,17.723,17.194,18.009,17.846,17.665,18.874,17.928,16.903,15.303
11.914,12.86,13.536,13.654,12.86,12.86,11.878,10.941,10.711,9.213,8.4161,8.6561,8.1151,7.2179,8.3987,6.9283,7.651,7.6891,7.746,8.1151,8.1869,7.8025,8.5541,8.4681,7.5159,7.5934,7.2785,6.3323,4.9878,3.9386,9.213,11.153,11.413,11.914,11.816,11.374,11.297,11.374,11.654,11.865,12.158,12.361,12.361,11.616,11.374,11.502,11.361,11.101,10.834,10.711,10.874,9.5714,9.798,8.8732,9.213,9.213,9.7381,9.7531,9.6778,8.5541,9.3392,10.955,12.905,14.767,14.375,14.108,13.263,12.676,13.029,13.029,13.568,13.962,13.793,15.312,14.283,16.275,15.502,16.275,16.936,16.085,17.664,17.622,18.402,18.186,17.845,18.307,18.402,18.307,16.936,14.767
13.215,14.798,16.064,15.023,14.957,14.416,13.63,12.948,11.426,11.204,9.7389,8.9944,9.7389,9.1176,9.0408,8.2502,8.4672,8.9944,9.5655,9.0869,9.1176,9.5217,9.1176,8.9944,8.4672,8.2502,8.0794,7.3565,6.022,4.7241,10.577,12.599,12.764,13.466,12.786,12.72,12.465,12.33,13.045,13.579,13.466,14.034,13.466,13.702,13.215,13.944,12.948,13.045,13.204,12.521,11.869,11.192,10.695,10.682,10.99,10.091,11.727,11.192,10.695,10.255,10.876,13.215,15.854,16.702,16.382,17.008,16.509,15.845,15.462,14.957,14.798,16.064,16.064,18.212,17.008,18.674,18.807,19.021,19.435,20.077,20.167,19.606,21.448,21.815,20.223,21.186,21.127,20.894,20.243,17.557
12.082,13.77,13.18,12.779,13.278,13.451,12.551,11.405,11.187,9.8108,9.5722,8.1358,7.6032,8.6188,7.9924,8.4152,7.9924,7.938,7.9924,8.4152,7.9924,7.938,8.1889,7.828,7.7538,7.5268,7.0098,6.7365,4.8684,4.3345,9.3893,11.506,10.873,11.303,12.272,12.129,11.803,11.606,12.824,12.654,12.272,12.26,12.082,12.129,12.129,12.597,12.022,11.506,11.405,11.506,10.806,10.327,9.6922,9.5116,9.6922,9.5116,10.271,10.101,8.9479,8.4152,9.2027,12.412,14.112,14.792,14.763,15.591,14.556,14.625,14.674,14.194,13.484,14.446,14.526,16.744,14.977,17.872,17.512,17.799,18.192,18.279,18.538,17.807,18.39,18.35,18.033,18.632,18.939,19.235,17.635,15.674
12.367,14.574,15.035,14.506,14.612,14.371,13.048,12.778,11.813,10.891,10.093,10.148,9.5677,9.089,9.2413,9.0274,8.9809,8.5348,8.5348,9.2262,8.8557,9.089,9.5239,8.5999,8.7128,8.353,7.5084,7.0483,6.0234,5.203,10.526,11.977,12.865,12.557,13.122,13.249,12.789,13.375,13.048,14.225,13.705,13.736,13.736,13.469,13.469,13.249,13.333,12.434,11.872,13.069,12.524,11.194,10.632,10.203,10.406,10.878,11.144,11.232,10.406,9.4059,10.258,14.097,13.776,15.238,17.505,17.037,16.58,16.041,15.537,16.589,15.238,15.546,17.012,17.11,18.723,18.67,18.678,18.723,19.048,19.281,21.039,20.103,20.549,20.772,21.112,21.782,21.973,21.322,19.914,17.751
11.403,13.351,13.019,12.539,13.296,13.064,11.966,10.946,11.026,10.055,8.8,8.7165,7.3526,7.5294,6.9228,7.7399,8.4094,7.5874,7.683,7.6449,7.7963,8.1804,8.4441,8.1267,7.7963,6.8378,6.6866,6.1159,5.1284,4.5869,9.2532,10.648,11.144,11.352,11.569,11.144,10.946,11.669,12.148,12.088,12.003,12.196,11.144,12.003,10.946,11.966,11.868,11.288,10.879,10.946,10.44,9.9384,9.2374,9.6701,8.392,9.1898,10.157,9.9677,9.2057,8.2692,8.4441,11.669,13.153,13.846,14.555,14.363,14.024,13.898,13.951,14.034,13.814,14.363,14.555,14.363,15.146,16.836,16.793,16.836,16.793,17.205,17.298,17.6,17.847,18.067,17.97,18.172,18.388,18.577,16.547,15.29
13.479,15.413,15.413,14.963,14.727,14.546,13.957,12.71,12.067,10.899,10.031,9.7052,9.5747,8.9719,9.034,8.8622,8.7989,9.003,9.003,8.9875,9.003,9.1263,9.4128,9.0494,8.6062,8.7191,7.8058,6.8728,5.8394,5.0154,10.899,11.88,13.217,12.798,13.079,12.787,12.863,12.798,13.259,13.837,13.756,13.541,14.43,13.249,12.798,12.732,12.732,12.732,12.056,12.566,12.533,10.899,10.705,10.705,11.215,10.573,11.302,11.152,10.886,9.5308,10.169,12.776,13.837,16.525,17.502,16.802,15.719,16.55,15.413,15.719,14.517,15.477,16.465,17.454,18.068,17.732,18.892,17.318,20.013,19.668,20.645,19.816,20.117,20.201,21.701,21.734,21.989,20.854,19.41,17.049
11.417,13.889,14.219,13.498,13.368,12.793,12.553,11.238,10.601,9.8946,9.1493,8.5096,8.5096,7.7058,7.762,7.8362,7.9464,7.9464,8.0008,8.1975,8.6948,8.1975,8.6948,8.355,8.0729,7.6112,7.4768,6.503,5.4088,4.4381,9.2124,10.764,11.804,12.034,11.804,11.853,11.804,11.315,12.178,12.39,11.804,11.889,12.61,11.95,11.404,11.353,11.754,11.199,11.618,11.199,10.884,9.5823,9.7471,9.5216,9.1651,9.5216,10.352,9.8799,9.6275,8.0729,9.6275,11.315,13.721,15.079,14.69,14.954,13.837,14.69,13.615,14.219,13.194,14.331,15.308,16.404,15.156,17.629,17.104,17.096,17.752,17.915,18.929,17.356,18.044,18.829,18.581,18.682,19.979,18.659,17.629,15.691
13.205,14.504,15.244,15.318,14.609,14.426,14.417,12.331,11.229,10.616,10.091,10.049,8.5983,8.5168,8.8541,8.7431,9.3595,9.2395,9.0257,9.2244,9.4485,9.3595,9.2395,9.5221,8.9947,8.3514,8.3514,6.7228,6.0223,4.8697,10.889,12.432,13.205,13.466,12.72,12.895,13.067,12.775,12.365,12.992,13.539,13.733,13.236,13.539,12.775,12.376,12.775,13.205,12.331,11.728,11.917,10.418,10.773,10.991,10.773,10.876,11.105,11.142,10.564,9.5659,10.201,12.72,15.399,17.558,16.408,16.786,16.038,15.235,14.827,15.426,15.544,16.585,17.462,17.197,17.755,19.044,19.628,19.139,21.048,19.932,20.32,19.65,21.364,21.318,20.707,21.552,21.778,20.768,19.342,17.462
13.248,14.84,15.148,15.148,14.953,14.205,13.217,12.732,12.262,11.239,10.045,9.0028,9.0028,9.0954,9.0954,9.5744,9.0028,9.0492,9.7193,9.5306,9.353,9.5306,9.353,9.0028,8.7987,9.0338,8.087,6.7287,6.0277,5.2335,10.427,12.699,12.787,12.566,13.217,13.343,12.96,12.787,13.217,13.715,13.374,13.478,14.047,12.566,13.457,12.732,12.387,12.787,12.477,12.96,12.171,10.783,10.413,9.9326,10.21,10.21,11.351,11.215,10.494,9.2327,10.427,13.786,14.953,15.62,16.6,16.388,16.465,14.887,15.718,15.869,14.971,15.368,18.006,17.317,17.438,19.359,18.98,19.244,19.816,19.795,20.947,20.096,20.726,19.795,19.618,20.591,21.752,21.383,19.156,17.732
13.226,14.659,15.119,15.412,15.147,14.439,12.96,12.797,11.642,11.239,9.53,9.412,10.099,9.0023,9.4565,8.5403,9.2473,9.3674,8.9867,8.5403,9.2322,9.4565,9.8757,9.53,9.0023,8.3584,8.0519,6.8925,6.4528,5.3127,10.586,12.532,13.056,12.698,13.216,13.078,13.003,12.873,13.258,13.056,13.744,13.744,13.55,13.247,12.731,13.258,12.797,12.862,12.476,11.738,11.738,11.301,10.573,11.152,10.493,10.782,11.387,11.436,11.114,9.53,10.426,12.786,15.771,15.771,15.655,15.903,16.717,15.894,15.367,14.429,15.027,15.412,16.285,18.532,17.219,19.162,18.95,19.06,20.095,20.06,20.59,19.815,20.966,20.725,20.59,20.785,21.751,20.966,19.588,16.599
13.49,14.853,15.426,15.381,15.05,14.635,13.27,12.352,11.653,10.857,10.053,9.4207,9.8847,9.9412,10.109,9.5388,8.2651,9.057,9.1033,9.2407,9.8422,9.134,9.5388,9.134,8.6134,8.5318,7.8123,6.6298,6.437,4.7326,10.895,12.216,13.068,13.562,13.068,13.068,13.562,13.015,12.885,13.562,13.49,14.059,13.521,13.889,13.655,13.396,13.068,12.721,12.544,12.577,11.713,10.895,11.422,11.01,10.701,10.908,11.422,11.398,11.447,9.4652,10.436,12.917,15.05,15.918,16.153,16.437,16.462,15.882,14.966,14.325,15.133,15.05,16.606,17.08,16.965,17.227,18.587,18.337,19.585,18.722,20.218,20.259,20.218,20.965,20.113,20.259,20.965,20.845,19.684,16.816
13.632,14.904,15.42,15.268,15.241,14.718,13.763,12.463,12.195,10.616,10.085,9.4521,9.1717,8.5351,7.7944,8.789,9.0206,8.1395,8.5993,9.1567,9.6251,8.9747,9.276,9.9757,9.0206,7.9861,8.0204,7.0539,6.1369,4.8339,10.447,12.285,12.854,12.768,12.949,12.681,12.692,12.681,12.981,13.202,13.367,14.166,13.367,13.118,12.274,13.842,13.15,12.463,12.671,11.979,11.782,11.294,10.616,10.809,10.447,10.809,11.511,11.023,11.06,8.9287,9.6678,12.341,14.69,15.241,16.908,15.642,15.349,16.006,14.765,15.738,14.263,15.738,17.07,16.455,16.981,17.857,18.418,18.17,19.399,18.912,18.904,19.279,19.951,20.475,19.136,19.709,20.88,20.508,19.513,17.302
12.811,14.466,15.056,15.396,15.148,14.408,13.74,12.59,12.399,10.725,10.188,9.1432,9.0196,7.9448,7.3772,9.2651,9.25,9.1125,8.6221,9.0196,9.5924,9.0196,9.5337,9.8521,8.5404,8.7673,7.8202,6.3778,6.0389,4.7962,10.803,12.101,12.93,13.252,13.503,13.336,13.503,12.723,13.114,12.811,13.566,13.933,14.103,13.617,12.811,13.566,12.756,12.734,12.712,12.078,12.365,11.458,10.553,10.659,10.659,10.725,11.902,11.173,11.123,9.2651,10.119,12.228,15.065,15.36,16.204,16.581,15.934,15.649,14.953,15.176,14.649,15.277,17.511,16.891,16.833,18.294,18.016,18.927,19.192,19.016,20.717,19.533,20.022,20.986,19.54,20.812,21.146,20.273,19.604,16.899
13.242,15.397,14.954,15.587,15,14.545,13.812,12.899,11.41,10.92,9.7381,9.2505,9.9518,9.549,10.175,8.1026,9.113,9.1437,9.549,9.2505,9.549,9.6658,9.4307,9.5343,9.113,8.0679,8.375,6.7832,5.922,5.2436,11.323,12.411,13.082,13.618,13.157,13.253,12.734,12.723,13.114,13.772,13.483,14.311,14.252,12.723,13.504,13.082,12.32,12.59,12.8,12.59,12.102,10.92,11.224,10.447,10.554,11.136,11.617,11.174,10.92,9.0667,9.549,12.811,14.457,16.36,16.983,16.454,15.288,15.397,15.168,15.168,15.075,15.641,17.098,16.9,15.506,17.703,18.04,18.387,18.569,19.105,19.627,19.491,20.658,20.239,19.854,20.439,21.352,20.377,18.965,16.556
13.251,14.766,15.742,15.086,14.785,13.913,13.782,12.831,11.577,10.667,9.5558,9.0576,9.3927,8.774,9.1502,8.2798,9.0266,8.6936,9.0731,9.5558,9.2571,9.482,9.745,9.1502,9.3777,8.6287,8.0736,6.7881,6.0436,5.2473,10.654,12.599,13.124,12.995,13.091,13.091,13.113,13.091,12.82,13.514,13.251,13.514,13.873,13.913,13.113,13.378,13.347,12.42,12.732,12.374,11.661,10.876,11.144,10.876,10.196,10.733,11.912,11.331,10.601,9.6727,9.8597,13.251,14.468,16.466,15.733,16.44,16.156,14.468,14.728,14.584,14.936,16.26,15.408,16.44,16.871,18.146,18.552,18.514,18.74,18.613,18.964,19.001,19.953,21.023,20.699,19.953,21.123,20.584,20.037,17.036
13.294,14.555,15.001,14.851,14.851,14.584,13.514,12.809,12.087,10.914,9.9021,10.196,8.7739,9.0575,10.876,8.5468,9.4373,9.1501,9.1193,9.073,9.4373,9.073,9.3775,9.0108,9.1193,7.8797,7.5892,7.1311,6.0435,5.3005,10.085,12.644,12.566,12.82,13.514,13.42,12.765,13.294,13.576,14.399,13.913,13.873,13.994,13.294,13.545,13.409,13.545,12.743,11.852,12.743,11.852,10.927,10.237,9.7304,10.561,11.144,11.144,11.244,10.182,9.1501,10.196,12.374,14.084,15.408,16.329,16.845,15.453,14.926,15.408,15.946,15.178,14.936,15.453,16.845,16.466,18.4,18.552,18.369,18.022,19.868,19.64,19.504,20.142,19.148,19.79,21.182,21.367,20.481,19.294,16.568
11.472,13.069,13.956,13.52,12.332,13.258,12.153,10.625,10.666,9.8687,9.3043,8.13,8.4476,7.8742,7.5712,8.4476,7.5712,7.3557,8.1838,8.255,8.3955,7.7431,8.3955,7.9848,7.7431,7.2757,6.5791,6.3068,5.3263,4.9859,9.257,11.149,11.253,11.408,11.861,11.37,11.861,11.37,11.574,12.201,11.873,11.971,11.861,12.093,11.947,11.91,11.149,11.136,11.459,10.653,9.9425,9.583,9.6287,9.1936,8.8036,9.2095,10.332,10.402,8.9518,8.13,9.2095,11.674,13.002,14.958,14.154,14.4,13.904,13.82,13.379,12.671,13.52,14.154,13.617,14.561,15.306,15.832,15.72,16.26,17.591,16.843,16.895,16.368,17.549,18.243,17.855,18.585,18.742,18.05,16.93,14.691
12.206,13.297,14.091,14.132,13.842,12.797,12.557,11.242,10.158,9.9273,8.9605,8.0036,8.2004,7.7085,8.0757,8.0757,7.6139,7.6518,8.7642,8.0757,7.7085,8.4098,8.1472,8.7642,8.0937,7.4794,7.0196,6.483,5.3838,4.3406,9.5856,11.597,12.039,11.808,12.43,11.647,11.622,12.099,12.146,11.954,12.039,11.954,12.488,11.647,11.509,11.086,11.758,11.086,11.242,10.901,10.901,9.8834,9.8834,9.0249,9.4178,9.5402,10.398,10.014,9.1683,8.5126,9.2939,11.954,13.758,14.008,15.696,15.199,15.161,14.336,13.631,13.967,12.944,13.726,15.696,14.496,14.091,16.16,16.751,17.237,17.528,17.799,18.658,17.767,19.05,19.389,18.337,18.805,19.516,18.525,18.337,15.529
13.329,15.132,15.922,15.604,15.104,14.787,13.862,12.947,12.52,10.693,9.9223,10.02,9.4471,9.0243,9.3432,8.9934,8.9623,8.9934,8.9623,8.9934,9.3432,8.597,9.2382,9.7092,9.1166,8.597,7.5614,6.6801,6.7217,5.5136,10.693,12.52,13.297,13.234,13.464,12.947,13.629,12.849,13.075,13.245,13.075,13.771,13.822,13.822,12.318,12.947,12.893,12.249,12.784,11.203,11.726,10.615,10.887,10.09,10.887,11.09,12.158,11.376,11.203,8.7418,10.575,12.762,15.315,16.541,17.42,16.431,17.031,15.966,15.379,14.947,16.036,15.132,16.269,18.187,17.555,17.925,17.987,19.136,18.85,19.041,20.406,20.11,20.711,21.387,20.378,21.184,22.518,20.892,20.704,17.243
13.123,14.717,15.466,14.689,14.613,14.43,14.176,12.702,12.323,11.405,9.6988,9.7131,8.8563,8.7931,8.519,9.8274,8.519,8.7931,9.2268,8.9815,9.8699,8.7931,9.3619,9.0896,8.4532,8.2527,7.8541,7.4716,5.9773,4.8709,10.892,12.866,12.435,13.828,12.724,13.208,12.855,12.898,12.855,13.532,13.828,13.868,13.303,14.216,13.542,13.47,13.049,12.558,12.768,11.695,11.814,10.892,10.698,10.052,10.487,10.685,11.599,11.587,10.258,9.5245,10.685,14.226,15.138,16.906,16.412,16.79,16.882,16.318,15.708,15.358,15.403,16.207,15.601,16.548,16.915,18.679,19.086,19.137,19.555,19.202,19.347,20.249,20.298,21.297,20.55,21.192,21.687,21.994,19.662,17.721
13.51,15.121,15.657,14.728,14.699,15.341,13.541,12.567,11.822,10.705,9.9332,9.8768,9.7055,9.3684,7.806,9.6477,8.6065,9.0497,9.0033,8.4756,9.3535,9.0033,10.156,8.7194,9.0343,8.0701,8.0006,7.0931,5.7187,5.0156,11.115,12.478,12.787,13.004,13.249,13.479,13.217,12.787,13.479,14.314,13.837,13.746,14.585,13.756,13.479,13.375,12.787,12.711,12.787,12.056,11.881,10.783,10.886,10.705,10.705,11.302,11.963,11.302,10.534,9.2332,10.17,13.058,14.972,15.905,16.001,16.827,15.558,15.87,15.549,15.368,15.047,15.149,16.218,18.23,18.007,18.322,18.512,18.707,19.099,19.902,19.676,19.796,20.531,20.339,20.619,20.646,22.085,21.048,18.737,17.066
12.959,14.97,14.726,14.516,14.224,14.283,13.539,12.786,12.61,11.301,9.833,9.0486,9.3523,9.0021,9.0331,8.3583,9.1255,9.0948,8.5238,9.0021,9.0486,8.6701,9.0486,9.0948,8.3583,8.3583,7.8586,6.8924,5.9102,5.3126,10.264,12.731,12.709,13.373,13.642,13.384,13.342,13.384,14.076,14.516,13.966,13.724,13.785,13.876,13.835,13.835,13.258,13.088,12.158,11.961,11.678,11,10.898,10.413,10.533,10.885,11.926,10.846,10.691,9.4119,10.03,13.31,14.429,15.868,16.387,15.859,15.999,15.547,15.475,15.859,15.894,16.464,15.339,17.667,17.259,19.06,18.441,19.104,19.408,19.104,20.677,20.129,20.398,20.129,21.046,21.31,21.674,20.643,20.129,17.211
13.514,14.846,15.91,15.446,14.367,14.968,13.556,12.571,11.611,10.903,9.9784,9.2361,8.7541,8.8652,9.0526,8.6092,9.0061,8.261,8.5275,8.6092,9.0061,9.0988,9.1295,9.7229,8.9906,8.4617,7.6273,6.8751,5.8174,5.4449,10.431,12.704,12.78,12.791,13.232,13.483,13.232,13.137,13.39,13.545,12.965,14.082,14.627,13.062,13.39,13.545,12.791,12.06,12.175,12.391,12.21,11.244,10.63,10.159,10.695,11.244,11.743,11.355,10.709,8.9906,10.173,13.483,14.893,15.777,16.865,16.807,16.807,15.626,15.401,15.373,13.882,15.617,16.564,17.267,17.218,18.105,17.77,18.877,20.242,19.503,20.138,19.746,20.103,20.835,20.414,21.154,22.237,20.814,20.103,17.291
11.303,13.875,13.612,13.948,13.004,13.181,12.378,11.877,11.431,9.7372,8.8181,8.7523,8.6693,8.8996,8.0826,7.9927,8.0826,8.5009,8.8671,8.6693,9.0126,7.4692,8.3465,8.3983,8.1361,7.2333,7.1731,6.293,5.7153,4.5937,9.8845,10.753,12.471,12.082,12.413,12.082,12.082,11.792,12.586,12.54,12.926,12.54,12.551,12.825,12.13,11.804,11.606,11.071,11.084,10.887,10.82,10.201,9.5725,9.2812,10.272,9.7372,10.439,9.8845,9.8111,8.5009,8.3465,11.901,12.948,13.441,15.813,15.216,14.606,14.467,14.02,14.626,13.082,15.15,15.675,15.178,14.447,16.138,16.728,16.165,16.882,17.413,18.065,18.351,18.818,18.94,18.818,18.818,20.324,18.879,18.137,16.174
12.972,15.572,15.041,14.74,14.01,14.297,13.239,12.809,12.353,11.749,9.7569,9.1037,9.011,9.4211,9.2411,8.7589,8.87,9.2411,9.042,8.7589,8.87,9.5392,9.1344,9.011,9.011,8.6786,8.0596,7.4269,6.459,4.7916,10.543,12.455,13.144,13.09,13.563,13.522,12.721,12.918,14.01,13.798,13.491,13.656,13.92,13.553,13.26,13.09,12.544,11.713,12.078,12.578,11.617,10.714,10.274,10.274,10.583,10.396,11.125,11.324,10.636,8.6786,9.3615,13.563,13.768,15.883,17.171,16.438,17.228,16.015,15.134,15.382,15.134,16.015,16.197,16.412,16.565,18.246,18.512,18.753,19.521,20.149,20.329,20.356,20.329,20.643,20.953,20.218,21.066,21.284,19.166,18.099
11.998,12.844,13.422,13.014,13.346,12.322,12.083,11.45,10.436,10.253,8.7131,8.9119,8.4407,8.1054,8.7298,8.0331,7.8678,7.7932,8.1772,8.4407,8.6627,8.0331,8.1234,8.4407,7.7368,7.507,7.2497,6.0414,5.8449,4.8932,9.437,11.14,11.244,11.348,11.851,11.9,11.9,11.36,12.227,11.937,12.251,11.998,12.44,11.998,11.665,11.244,11.399,11.14,11.348,10.38,10.492,9.4525,9.2337,8.9446,9.1862,9.437,9.7415,9.7415,9.1862,8.2483,8.4407,10.616,13.681,13.379,14.838,14.266,14.049,13.552,13.851,13.07,13.368,12.753,14.06,14.54,15.379,16.066,16.681,16.066,16.69,16.532,17.088,17.593,17.725,18.57,18.285,18.483,19.166,18.593,17.865,14.838
13.254,15.408,15.863,14.425,14.948,14.579,13.781,13.212,12.051,11.148,10.779,9.5275,9.0463,9.4095,9.5275,8.7481,8.8591,8.9843,8.8591,8.7481,9.0308,8.9843,9.2297,9.5275,8.9999,9.0925,7.5668,7.0509,6.451,5.3113,10.41,12.258,12.902,13.546,13.074,13.639,13.474,12.902,13.902,13.953,14.425,14.279,13.38,14.22,12.999,13.872,12.999,12.87,12.782,11.542,11.148,10.895,10.997,10.779,10.49,10.688,11.111,11.347,11.098,9.7018,10.57,13.505,14.948,15.713,16.177,16.417,15.855,15.471,15.244,14.617,14.694,15.934,15.022,17.472,16.315,18.588,19.216,18.974,19.497,18.863,19.668,20.006,20.4,20.672,21.304,21.726,22.026,20.8,19.561,18.038
12.979,14.643,15.142,15.16,14.974,14.604,14.017,13.734,12.314,11.719,9.7187,9.7619,9.5441,9.2458,9.7619,8.2697,9.1391,9.2609,9.7619,9.7187,9.0466,9.5441,8.5365,9.0621,9.0156,8.8746,7.58,7.1225,5.7019,5.2941,10.401,12.584,12.405,12.892,13.744,13.235,12.75,12.728,13.246,13.896,13.856,14.402,13.744,14.45,13.246,13.497,13.246,12.359,12.75,12.495,11.318,10.72,10.798,10.588,10.279,10.654,11.623,11.659,10.72,9.5294,10.114,13.278,14.304,16.128,15.142,15.962,15.57,14.566,15.642,14.681,15.243,15.642,15.741,16.573,15.794,18.278,18.978,18.109,18.71,19.191,19.423,18.978,20.367,20.27,20.674,20.708,22.74,21.203,19.437,17.543
13.56,14.748,15.39,15.142,14.402,14.748,13.529,12.805,12.003,11.231,10.279,9.1391,9.0001,8.7314,8.0985,9.3663,9.0622,8.9845,9.0156,9.3663,10.059,9.3663,9.5881,9.5442,8.7314,8.8746,8.3708,7.4871,6.1967,5.9191,10.588,12.314,13.33,13.498,12.979,13.529,13.393,13.022,13.393,13.529,13.393,13.987,14.767,13.267,12.805,13.977,12.28,12.188,12.28,12.348,12.461,11.453,10.549,10.654,10.72,11.13,11.318,10.863,10.401,8.9845,10.073,11.838,15.142,15.58,16.817,16.102,15.58,15.882,14.861,14.984,14.017,15.271,17.245,16.352,17.237,17.599,18.439,18.07,18.439,18.65,19.524,19.766,20.436,21.077,20.429,21.44,21.828,20.229,20.291,16.85
13.503,15.074,16.316,15.747,15.396,14.408,13.933,13.367,11.949,11.021,9.5922,9.3703,9.665,8.3743,8.5402,8.4908,8.9883,8.5402,9.43,8.735,9.4745,8.8784,9.4745,9.5482,9.0039,8.4908,7.8737,7.7117,6.1993,5.4013,10.593,12.228,13.75,13.565,13.781,13.113,13.283,13.241,13.409,13.081,13.902,13.993,13.771,13.902,12.755,13.283,12.93,12.589,12.81,11.616,11.567,10.724,10.646,10.486,10.119,10.867,11.652,11.335,11.223,9.3703,10.119,12.193,14.456,15.898,15.801,15.801,15.721,15.167,15.176,14.339,13.902,15.369,16.012,16.957,16.982,18.116,17.023,18.355,19.074,18.446,19.944,20.133,20.168,21.166,19.424,20.764,22.27,21.026,19.775,16.89
13.29,14.997,15.285,14.847,15.062,14.268,13.51,13.087,11.414,12.107,10.924,10.054,9.7276,9.2542,9.7276,9.0704,9.2694,9.3898,8.7714,9.0549,9.0082,9.3898,9.2694,9.2542,9.0238,9.0238,7.8238,6.909,6.3588,4.7395,10.598,12.64,14,13.342,13.51,13.818,13.12,13.342,13.51,13.258,13.909,14.346,14.238,13.787,13.99,12.904,12.595,12.595,12.405,11.634,12.084,10.73,10.716,11.34,10.651,10.924,11.573,11.14,11.026,9.0549,9.9981,11.706,14.415,15.367,16.116,15.404,16.631,14.761,15.648,14.219,14.08,14.219,15.594,16.631,16.116,16.757,17.773,17.638,18.735,18.371,20.178,20.454,19.862,20.358,20.199,20.983,21.616,20.666,19.947,16.932
12.596,14.923,15.007,14.923,14.269,14.58,13.51,12.74,12.096,11.229,9.8571,9.0242,8.6265,9.1479,7.7158,9.0242,9.0242,8.6265,9.1479,9.1171,9.3902,9.4795,9.3902,9.0087,8.7397,8.6914,7.9665,6.9093,6.4031,5.732,11.065,12.74,13.51,13.248,13.573,13.343,13.51,13.259,13.869,13.869,13.99,14.03,13.747,14.08,13.259,13.91,13.29,12.641,12.74,12.107,11.634,10.925,10.598,10.082,10.519,10.651,11.266,11.849,9.9563,9.5533,9.435,12.596,13.343,15.063,16.598,16.143,15.942,15.258,14.96,15.285,14.551,15.007,15.977,15.898,16.758,18.818,17.806,18.578,17.986,19.671,19.714,19.434,19.997,20.179,20.903,21.097,21.037,20.775,19.434,17.495
11.502,12.859,12.734,13.006,13.263,12.097,11.975,11.153,10.164,9.9461,8.9551,8.4679,8.2757,8.4506,7.7459,8.5539,8.0425,8.2402,8.2402,7.5352,8.4679,7.877,7.7459,7.7459,7.7459,7.2784,7.6509,6.7787,5.41,4.8388,9.5712,10.629,11.816,11.914,11.902,11.578,11.951,11.865,11.951,12.63,12.455,12.241,12.455,12.265,12.583,11.464,11.877,11.816,11.14,9.8723,10.063,9.2604,9.181,9.2129,9.181,9.738,9.9755,9.9755,9.0688,8.8068,8.2757,11.257,13.085,14.066,14.107,13.867,13.568,13.074,13.174,12.859,12.825,13.174,12.905,14.855,14.405,15.09,15.773,16.797,17.185,16.275,17.193,16.595,17.421,18.37,17.555,17.984,19.513,18.057,17.463,15.492
13.271,14.723,15.164,15.071,15.466,14.337,13.981,13.1,11.614,10.917,9.7357,9.2483,9.9494,9.5467,9.1108,8.4729,8.2719,9.018,9.3688,8.4729,8.9868,8.5388,9.1108,9.2483,8.5552,7.9433,7.9609,7.1047,5.6292,5.5287,11.133,12.498,13.407,13.768,13.532,13.334,13.563,13.809,13.501,13.249,13.86,14.337,13.86,14.021,13.532,13.1,13.079,12.464,12.928,11.841,11.456,10.801,10.723,10.801,10.282,10.71,11.614,10.917,11.057,9.3837,10.186,12.982,15.146,15.394,16.106,15.466,15.682,15.439,14.685,14.209,13.9,14.95,15.798,16.106,16.45,17.241,18.013,17.635,19.708,19.189,19.772,20.269,20.68,21.314,20.862,21.195,21.718,20.68,20.046,17.467
13.546,15.145,15.228,15.034,14.28,14.387,13.484,13.973,11.708,10.891,9.2367,9.0994,9.52,9.0067,7.809,10.035,8.5281,8.7227,9.0994,9.0532,9.0067,9.0532,9.5347,9.2367,8.9912,8.2785,8.0036,7.517,6.1905,4.8761,10.498,12.347,13.557,13.515,13.842,13.484,13.265,13.484,13.842,13.963,14.003,14.083,14.241,13.515,13.546,13.317,12.803,12.176,11.967,12.176,11.991,11.219,10.709,10.215,10.418,11.044,12.176,11.119,10.709,9.0532,10.538,12.715,14.446,15.564,16.523,16.808,15.876,14.894,14.667,15.663,14.083,14.959,15.707,16.472,17.397,17.517,17.397,18.699,19.252,18.959,20.14,20.14,21.056,21.136,21.076,21.536,22.501,21.215,19.958,17.485
12.859,15.244,15.606,14.807,14.807,14.042,14.23,12.782,12.439,11.433,10.261,9.4095,9.3648,9.4539,8.2552,9.5713,8.6678,8.5216,9.4095,9.2296,9.9715,8.8591,8.748,9.4539,8.716,8.2552,7.6949,7.1882,5.9792,4.8724,10.688,12.167,13.254,13.38,14.201,13.307,13.212,13.474,13.781,14.617,14.23,13.872,14.425,13.72,13.536,13.751,12.338,12.695,12.728,12.695,12.338,10.57,10.895,10.622,11.236,11.098,11.639,11.384,10.688,9.0308,10.423,13.223,15.216,16.46,17.432,17.076,15.837,15.032,14.072,14.617,13.781,15.651,16.417,16.212,18.093,17.336,18.767,19.404,18.587,20.331,20.055,20.338,20.124,20.055,20.672,21.166,22.127,20.557,19.732,16.796
13.074,14.87,14.728,14.935,14.935,14.218,13.201,13.233,12.361,10.873,10.198,8.7883,9.5193,8.5958,9.5193,9.5193,8.7406,8.7086,9.0847,9.1153,8.6604,9.6358,9.822,9.3568,8.9766,8.5307,8.0774,7.5048,6.6792,5.2273,11.226,12.695,13.576,13.524,13.739,13.82,12.684,13.442,13.739,14.605,13.296,13.941,14.499,13.327,13.327,13.296,12.891,12.717,11.948,12.684,12.041,11.201,10.692,10.521,11.101,11.189,12.156,11.101,10.561,9.0385,10.157,12.462,14.671,16.446,17.004,17.045,16.301,15.885,14.643,15.377,15.102,15.395,16.429,16.403,17.703,18.421,18.729,18.421,19.221,19.387,20.749,19.926,20.505,21.102,20.889,21.501,22.434,21.227,20.072,17.457
13.041,14.822,14.422,14.681,14.794,14.794,13.708,12.282,12.282,11.532,10.414,10.521,9.2216,8.5306,8.992,8.992,8.992,8.992,9.5045,8.9609,9.5192,9.4013,9.0384,9.2367,8.3489,8.7085,8.6603,7.182,6.5313,5.9035,10.692,12.248,12.988,13.493,13.243,13.441,13.201,12.717,13.211,13.94,14.296,14.267,13.89,13.627,13.462,13.493,13.063,12.595,12.551,11.866,11.288,11.139,10.886,11.101,11.026,11.423,11.139,10.988,10.401,8.992,9.9207,14.208,15.028,16.673,15.699,16.538,16.059,14.907,15.395,14.422,15.601,15.53,15.601,17.369,17.922,18.511,19.046,19.016,19.43,19.601,19.961,20.403,20.505,21.022,21.726,21.771,21.962,21.442,19.905,18.169
13.378,14.976,14.892,14.55,14.386,14.318,13.545,12.692,11.966,10.629,9.7511,9.0521,8.9901,9.9358,9.5189,8.6734,8.5271,9.0983,8.7217,9.5336,8.8648,9.2356,9.3709,9.5336,8.5271,8.6087,7.4788,7.095,6.8951,5.9125,10.537,11.989,12.964,12.78,13.483,13.729,13.007,13.555,13.961,14.665,13.555,13.719,14.111,13.061,13.389,13.514,13.221,12.3,12.38,12.38,12.071,11.416,10.902,10.629,10.851,10.59,12.059,11.042,10.537,8.6087,10.708,12.867,15.254,15.625,17.84,16.865,15.345,16.453,15.336,14.627,14.001,15.874,15.723,16.402,16.47,17.523,18.327,18.539,18.757,19.3,20.974,19.394,21.133,20.536,21.272,21.259,22.486,21.166,19.402,17.84
13.225,15.341,15.423,15.047,14.594,14.439,14.086,13.734,12.087,11.395,9.9393,9.7258,9.7114,9.2389,8.2635,9.3742,9.254,8.6117,8.8046,9.1322,8.8046,9.1322,9.4189,10.051,8.6765,8.8679,7.8644,6.7333,6.6916,5.237,10.906,12.35,13.383,13.734,13.966,13.765,13.14,13.765,13.846,14.293,13.846,13.765,14.215,13.754,13.066,13.56,12.784,12.384,12.784,11.602,11.71,11.358,10.541,10.434,10.394,10.646,11.358,11.309,10.162,9.6536,10.037,12.74,15.378,16.297,16.408,16.434,15.782,14.439,15.423,14.439,14.056,15.631,16.704,15.993,16.704,18.095,18.18,18.425,18.546,19.509,19.688,20.255,20.165,20.577,20.74,20.248,21.812,20.961,19.914,17.585
13.308,15.135,15.545,15.337,14.695,14.619,14.231,12.707,11.818,11.036,9.9724,9.5283,9.717,8.9851,9.0316,8.6686,9.0006,8.6039,9.5283,9.0006,9.0006,9.3508,9.124,8.6039,8.4566,8.0678,8.3569,7.5675,6.4516,5.5181,11.212,12.293,13.783,13.256,13.475,13.742,13.086,13.742,13.086,12.957,13.537,13.904,14.685,13.722,13.256,12.729,12.696,12.052,12.259,12.064,12.202,10.637,10.424,10.896,10.571,10.78,11.348,11.112,10.689,8.8599,10.896,12.957,15.135,16.444,17.045,17.257,16.213,14.921,14.884,15.545,13.994,14.619,16.419,17.257,18.04,17.434,17.02,18.248,18.408,19.584,20.586,20.091,20.586,21.141,20.929,21.773,22.136,22.085,19.903,17.767
13.062,15.312,15.027,15.239,14.604,14.295,13.2,12.944,11.806,11.532,9.6927,9.8638,9.4007,9.1146,9.2361,8.8508,9.4451,8.53,9.221,9.7071,9.4451,9.5186,9.4451,9.221,8.9914,8.4644,8.2644,8.0595,6.3579,5.436,10.769,12.694,13.357,13.2,13.768,13.819,13.115,13.242,13.115,13.295,13.115,13.768,14.266,13.738,12.858,13.232,13.2,12.77,12.55,11.865,11.723,10.691,10.613,10.885,11.1,10.885,11.532,11.188,10.48,9.0224,11.025,13.295,15.849,16.402,16.402,16.265,15.752,15.394,15.027,14.363,14.089,15.529,15.919,16.579,17.702,18.206,18.712,18.927,19.875,20.071,20.747,20.374,20.619,21.238,20.7,20.908,22.163,22.463,20.619,18.045
11.386,14.063,13.476,13.604,12.94,12.918,12.498,12.265,10.959,10.746,9.1502,8.7469,9.1974,8.3932,8.664,7.9878,8.4104,7.484,8.4958,8.4104,8.4958,8.4958,8.7469,8.3932,7.6932,7.484,7.6367,7.0673,5.7871,5.0975,9.5213,11.398,12.075,12.253,12.182,11.87,11.499,11.599,12.532,12.405,12.015,12.276,12.578,12.015,12.253,11.93,11.624,10.959,10.88,11.22,10.813,9.6867,9.6119,9.6867,9.8785,9.6119,10.336,9.9077,9.3839,8.0598,9.6867,12.544,13.699,14.617,15.198,15.169,14.676,14.104,13.867,13.699,13.118,13.699,15.055,15.283,15.803,17.303,16.821,16.483,17.328,18.652,18.182,18.34,18.253,18.814,19.373,19.881,19.939,20.141,17.568,16.12
13.205,14.636,15.415,14.816,14.938,14.211,14.024,12.982,11.908,11.134,10.37,9.4415,9.019,9.7034,9.3971,8.988,8.988,9.1111,9.3971,9.1111,9.515,9.0344,9.3376,9.515,9.3376,9.1111,8.3452,7.5014,7.0417,5.6105,10.569,12.512,12.885,13.733,13.518,13.456,13.321,13.456,13.036,13.974,14.358,13.884,13.934,13.884,13.487,13.195,12.512,12.689,12.755,12.355,12.276,11.369,10.687,10.41,11.021,11.332,11.575,11.196,9.7321,9.2175,10.139,13.456,14.211,16.798,16.531,17.361,16.565,14.598,14.665,16.387,15.114,15.196,16.565,17.021,17.021,17.976,18.48,19.125,19.118,19.812,20.591,20.53,21.138,20.153,21.665,21.23,22.368,21.25,19.812,17.703
13.229,14.91,15.427,14.674,14.976,14.854,13.849,12.875,12.342,11.212,9.9418,9.3765,9.2563,8.3666,8.6139,9.1345,9.757,9.0576,8.6139,9.5394,9.3616,9.1345,9.5394,9.2412,8.7269,8.6787,8.0075,7.5763,6.3718,6.0332,10.714,12.078,13.239,13.26,13.491,13.09,13.355,13.491,14.297,13.849,13.89,14.297,13.47,13.799,12.787,13.563,13.069,12.578,12.622,11.423,11.891,11.312,10.583,11.225,10.714,11.162,12.066,11.212,10.701,9.0421,10.068,13.069,15.345,14.74,15.786,15.715,16.015,15.563,15.272,14.248,14.394,15.706,15.786,16.607,16.708,17.975,18.52,18.338,19.167,18.723,19.693,20.853,20.149,19.884,20.846,21.179,21.331,20.792,20.357,17.905
13.098,15.268,14.755,14.593,14.439,14.244,14.755,13.012,11.888,12.086,10.712,10.176,9.7544,9.5368,9.8827,8.53,9.5368,9.9392,9.7257,9.2387,9.9392,9.0397,9.2387,9.9392,8.7246,9.0087,8.0053,7.8107,6.7746,5.4465,10.474,12.451,12.718,12.806,13.764,13.487,13.225,13.845,14.293,14.593,13.764,14.214,14.322,13.14,13.724,13.225,13.724,13.087,12.338,12.969,12.806,11.222,10.854,10.051,10.854,11.122,10.906,10.54,10.54,9.1321,10.271,12.806,13.976,15.423,16.433,16.408,15.378,15.63,14.555,14.755,14.244,14.244,15.13,15.949,15.879,17.736,18.703,18.576,18.703,19.074,20.144,19.573,19.878,19.751,21.14,22.098,22.073,20.961,19.408,17.449
13.742,14.64,15.139,14.457,15.056,14.223,13.275,12.922,12.22,10.652,10.223,9.9451,8.5515,9.7171,9.0606,8.5351,9.5865,8.6168,9.0141,9.3647,8.9985,8.6168,9.5425,9.5425,8.7619,8.8731,8.6168,7.1996,6.9622,5.2132,10.718,12.977,13.557,13.391,13.742,13.975,13.401,12.748,13.275,13.854,13.773,14.243,13.803,13.495,12.726,13.732,13.233,12.803,13.095,12.346,11.942,11.166,10.547,11.128,10.278,10.912,11.657,11.166,10.182,9.5425,10.168,12.803,14.972,16.579,15.387,15.496,15.139,14.906,14.679,13.894,14.707,15.924,16.349,16.306,16.203,17.476,17.966,18.526,18.774,19.085,19.869,20.288,19.82,21.312,20.37,20.88,21.863,21.599,19.89,17.619
12.189,12.659,13.539,13.011,13.289,12.081,12.716,11.461,10.392,9.7397,9.0564,8.7115,9.0564,7.9769,7.6405,8.7948,7.5829,8.0316,7.7354,8.2467,8.5423,7.525,8.2467,8.6611,8.1039,7.7354,8.1756,6.1599,5.8438,4.8322,9.3264,11.242,12.081,11.898,11.688,11.638,11.638,11.6,11.663,11.996,12.473,12.613,12.473,12.32,11.663,11.562,11.397,11.085,10.819,10.805,9.8588,9.7397,9.4353,9.9179,9.232,9.7397,10.378,9.7846,9.232,7.7354,8.9429,10.805,13.507,14.943,13.848,14.212,13.774,12.438,12.751,12.716,12.887,12.842,13.539,15.555,14.537,14.627,15.452,16.118,17.639,15.963,17.263,17.531,17.959,18.723,18.032,18.606,20.106,18.94,17.959,15.593
13.092,14.24,14.455,14.969,14.299,14.121,13.982,12.546,12.218,10.897,10.545,9.467,9.2424,9.2424,8.2667,10.055,8.6151,9.0123,8.9812,9.0123,9.7584,9.0588,9.5407,9.5407,9.2424,8.6799,7.4843,7.3522,6.9002,6.034,10.794,11.998,13.273,13.493,13.851,13.241,13.555,13.922,13.658,13.922,14.092,13.493,14.532,13.606,13.658,13.399,12.811,12.8,12.49,11.751,12.4,11.164,11.326,10.703,11.326,10.637,11.607,11.05,10.398,8.7281,9.9432,12.701,14.25,15.877,16.71,15.859,15.859,14.761,14.25,15.411,13.982,14.396,15.384,16.609,16.943,17.624,17.592,18.845,18.187,18.949,20.034,18.971,20.667,20.829,20.849,21.698,22.83,21.182,19.921,18.613
12.888,15.057,15.397,14.65,14.65,14.311,14.311,12.888,12.079,11.844,10.175,9.5491,9.3711,8.541,9.3861,8.274,9.0668,9.0203,9.5491,9.3711,9.593,8.6227,9.5491,8.9891,9.0668,8.8158,8.2909,7.584,6.3783,5.5301,10.647,12.931,13.284,13.751,13.242,13.337,13.242,13.411,13.67,13.618,13.274,13.751,13.741,13.284,13.253,13.504,12.757,12.501,12.888,12.501,11.434,10.907,10.92,11.06,10.907,10.554,11.41,10.725,10.078,8.7679,9.7238,12.229,14.689,16.014,15.899,15.891,15.588,14.717,14.134,13.984,14.831,15.47,15.443,16.214,15.722,18.203,18.539,18.66,18.862,18.607,19.854,19.627,19.854,20.658,21.379,20.827,22.746,21.095,19.606,17.294
11.142,12.663,13.37,12.993,13.083,12.982,12.324,11.667,11.128,10.768,8.9948,8.5452,7.9796,8.39,9.2034,7.2104,8.2495,8.39,7.9796,8.2672,8.2495,7.738,8.1067,8.1247,7.6812,7.869,7.5275,6.5078,5.6424,4.9826,9.5767,11.142,11.553,11.642,11.692,11.939,11.902,11.362,11.853,12.477,12.253,11.902,12.229,11.902,11.853,11.604,11.452,10.876,10.438,10.646,10.646,10.154,9.743,9.1876,9.0595,9.4385,9.9212,9.7879,8.8639,7.643,8.39,11.667,12.755,14.02,14.602,14.268,13.249,13.543,12.993,13.543,12.721,13.64,13.895,14.268,14.421,15.296,16.005,16.649,16.357,17.303,17.37,16.832,17.908,17.965,18.446,18.737,19.591,18.573,17.728,15.171
13.456,14.816,15.224,15.342,14.722,14.358,13.974,12.711,12.151,11.624,10.152,9.8176,9.8601,10.193,8.5919,10.084,9.0806,9.2176,9.2327,9.3526,9.2327,8.8475,8.9725,9.2176,9.2327,8.5105,8.6565,7.5569,6.9421,5.5104,10.868,12.678,13.763,13.723,13.528,13.227,13.352,13.456,13.528,13.528,12.982,14.024,13.487,13.57,13.321,13.057,12.766,12.853,13.237,12.047,11.527,11.418,10.152,10.476,10.042,10.829,11.196,10.868,10.152,9.515,10.622,13.195,15.746,16.865,16.69,16.37,15.306,15.315,14.928,14.493,14.358,15.746,15.878,16.37,16.37,17.976,18.541,18.794,19.706,18.742,20.098,21.374,20.611,22.105,20.611,21.851,22.174,22.72,21.013,18.299
11.613,13.452,13.463,13.452,13.203,12.635,11.919,11.822,11.066,10.749,9.1097,8.0698,8.7384,9.1413,8.4874,8.6555,8.9983,8.4021,7.8158,7.9257,8.4874,8.4021,8.4021,8.6722,8.6555,7.5342,7.3012,6.4861,5.9047,5.0641,9.39,11.525,11.809,12.358,12.264,12.566,12.003,11.882,12.726,12.759,12.726,12.905,12.253,12.905,11.919,12.577,11.919,11.412,10.789,10.736,10.255,9.898,9.7217,9.1097,9.6772,9.898,9.898,9.8688,9.5573,7.6857,9.1255,12.264,13.665,14.973,15.493,15.202,15.03,14.424,14.533,14.049,13.431,14.049,13.998,15.353,15.851,16.813,17.06,17.152,18.045,18.045,18.541,17.771,19.182,18.971,18.749,20.149,19.977,20.171,18.361,16.847
12.528,14.307,15.142,15.133,14.74,13.638,12.782,13.126,11.674,10.996,10.165,9.2441,9.7155,8.8585,8.6672,9.1225,8.7952,8.8585,9.7011,9.4532,9.0302,9.4532,9.3642,9.4532,8.5374,9.3642,8.6026,6.9507,7.0899,5.9083,10.881,12.727,13.338,13.74,13.052,13.709,13.052,13.253,13.253,13.211,13.504,14.229,13.638,13.901,12.782,12.869,12.561,12.528,13.211,11.432,11.734,10.894,11.097,10.894,10.261,10.996,11.638,10.894,10.382,9.3493,11.11,13.211,16.168,16.711,17.148,16.382,16.442,15.862,14.966,14.424,14.424,15.252,15.898,15.614,16.416,18.184,19.207,18.321,19.488,19.617,20.053,20.123,20.61,21.999,20.227,21.511,21.98,22.126,20.906,17.567
13.191,14.158,15.864,15.829,14.698,14.858,13.317,12.762,11.218,10.605,10.135,10.245,9.8144,9.2146,9.1083,8.5891,9.0315,8.9852,9.5119,8.5891,9.5557,9.5119,9.5557,9.4385,9.0161,8.8446,8.9541,7.0394,7.0394,5.0055,10.979,12.751,14.256,13.191,14.207,13.452,13.233,13.718,13.718,13.688,13.718,14.207,14.207,13.233,12.674,13.063,13.233,12.707,12.707,12.452,12.707,11.62,10.762,10.684,11.017,10.979,11.62,10.979,10.684,9.0776,10.039,12.978,14.67,15.625,17.539,16.559,15.908,16.047,14.774,15.091,14.334,14.049,17.404,17.42,17.42,17.283,17.854,18.217,18.892,19.777,20.813,20.091,21.658,22.034,21.965,21.71,22.841,21.013,20.577,16.685
12.244,13.206,13.97,13.929,13.261,12.897,12.149,11.861,10.59,10.03,9.6046,8.178,8.404,8.4894,8.3869,8.5906,8.3524,8.0537,8.3869,8.0716,8.936,7.8176,8.404,8.6575,8.7403,7.9818,7.4784,6.4653,5.8076,5.3691,9.9872,11.288,12.349,12.523,12.488,12.113,12.361,12.454,11.775,12.361,12.149,12.396,13.423,11.921,12.361,11.478,11.615,10.858,11.824,11.288,11.39,10.752,10.258,9.6645,9.9002,9.7978,10.088,10.13,9.1433,7.7435,9.1433,12.728,14.052,14.606,14.743,15.571,14.586,13.261,13.583,13.689,12.908,13.689,15.459,14.918,14.507,17.089,16.679,16.774,18.112,17.315,19.187,18.049,19.247,19.187,19.224,19.895,21.179,19.247,18.8,15.487
13.065,14.519,15.111,15.303,14.596,14.16,13.932,12.687,11.859,11.019,10.62,10.012,9.2159,8.9709,8.509,8.655,9.1096,8.655,9.6297,8.9709,9.6297,8.655,9.6297,10.082,9.5133,8.655,8.0377,7.4067,6.4414,5.8287,11.219,12.687,13.454,13.811,14.336,13.193,13.454,13.319,13.454,13.852,13.972,14.785,14.336,13.516,13.852,13.69,13.35,12.51,12.85,13.033,12.353,10.685,11.132,10.514,10.408,10.514,11.859,10.246,10.567,9.231,10.607,13.618,15.663,15.34,17.018,16.771,16.528,16.393,14.719,15.111,14.021,14.898,16.771,16.687,17.573,17.973,18.379,18.012,19.864,19.18,20.553,20.08,20.688,21.167,21.272,20.823,22.42,22.264,20.06,17.565
13.032,14.661,15.384,15.192,14.784,14.256,13.85,12.542,11.799,11.181,10.394,9.7008,9.439,8.8451,8.9856,8.9701,9.7008,8.4425,9.3946,9.5562,9.3946,9.6288,9.6864,9.7008,9.2151,8.9856,8.5896,7.3494,6.7159,5.3029,11.131,12.587,13.81,13.453,13.94,13.359,13.107,13.234,13.064,13.191,13.064,13.81,14.67,13.286,13.317,12.936,12.773,12.318,13.191,12.708,12.363,11.093,11.218,10.566,10.081,11.093,11.584,11.093,10.039,8.5245,9.5562,13.349,15.741,16.86,16.493,16.827,16.255,16.298,14.518,14.632,14.859,15.838,16.86,16.518,16.893,17.909,18.498,18.049,19.778,20.49,20.734,19.834,21.864,21.556,21.27,21.692,22.585,20.787,20.639,17.476
12.974,15.085,15.002,14.406,15.113,14.919,13.509,13.186,12.313,11.604,10.443,9.6251,9.391,9.1052,9.7257,9.391,8.9822,9.3316,9.4941,9.3316,10.562,10.077,10.035,8.9822,9.1052,8.7309,8.9667,7.9118,6.609,5.8971,10.68,12.768,12.757,13.683,12.974,13.186,12.757,13.186,13.683,13.845,13.228,13.714,13.714,13.447,13.197,13.447,13.228,12.359,12.757,12.028,11.711,11.127,10.874,10.615,10.68,10.615,11.794,10.47,10.146,9.0746,10.509,12.537,15.332,16.854,16.763,16.821,15.824,14.919,15.859,14.919,15.902,15.405,15.522,17.557,17.302,18.057,18.581,19.693,19.622,19.171,19.855,20.679,21.419,21.856,21.36,22.184,22.184,21.683,19.862,17.964
13.558,14.248,14.623,13.802,14.248,14.709,13.225,13.215,12.412,12.14,10.143,10.239,10.36,9.0726,9.5066,9.1032,9.5066,9.1032,9.5066,8.8397,9.2246,9.5066,10.005,9.9497,9.0265,9.0726,9.0111,7.5503,6.8756,5.2996,10.756,12.765,13.225,13.872,13.056,13.351,13.609,12.928,13.475,13.046,13.932,13.842,13.444,13.922,13.444,13.183,13.444,12.7,13.099,12.174,11.955,11.124,10.871,10.665,10.547,10.507,10.871,10.678,10.033,9.5066,10.871,13.751,15.183,16.038,16.651,16.038,16.759,16.883,15.211,14.709,15.943,14.999,15.572,17.274,17.687,18.903,19.195,19.34,19.195,19.815,19.597,20.184,21.466,21.511,21.678,22.204,21.978,21.8,20.101,17.624
12.069,13.001,13.692,13.469,12.732,13.597,12.176,11.827,11.019,10.218,9.1456,8.7425,8.6596,8.8572,8.0736,8.3545,8.127,7.9838,8.6596,8.0557,8.6596,8.389,8.6596,8.8082,8.0736,8.1977,7.9838,7.6894,6.4669,5.4768,9.5165,11.418,11.924,12.258,12.491,12.572,11.531,11.729,12.009,12.27,12.27,12.27,12.572,12.009,11.329,12.364,12.009,11.175,11.729,11.059,10.701,10.579,9.8735,10.19,9.1298,9.5165,10.874,9.6818,9.1456,7.6894,9.5165,12.009,14.097,15.658,14.219,14.854,14.51,12.912,13.426,13.692,12.989,14.178,14.854,16.094,14.854,15.658,15.968,17.194,17.852,17.731,17.852,18.268,19.46,19.878,19.762,20.584,20.897,19.46,18.827,15.859
12.953,14.69,14.888,14.353,15.359,14.373,13.737,12.768,11.539,11.6,9.7424,9.9689,9.7424,8.7458,8.9975,9.5689,9.4071,9.1208,9.0901,9.1208,9.525,9.2273,8.982,9.7137,9.2273,8.601,8.0822,7.3591,6.7248,5.3882,10.685,12.47,12.996,13.828,13.828,13.377,12.899,13.377,13.501,13.584,13.959,14.373,13.959,13.366,13.081,13.251,13.081,12.691,12.702,12.152,11.955,11.095,10.461,11.095,10.461,11.146,10.698,10.892,10.163,9.2273,10.163,12.724,15.404,16.069,15.404,16.311,15.833,16.043,15.24,14.226,14.508,15.13,15.359,15.895,16.981,17.753,18.68,18.762,19.606,19.663,20.25,20.084,20.606,22.222,21.114,22.291,22.615,20.721,21.24,17.972
13.243,15.142,14.797,15.243,14.434,14.229,13.504,12.337,11.432,10.894,9.9708,9.5268,9.7155,9.4533,9.1225,9.7442,9.229,8.7475,9.0302,8.9837,9.0302,9.4533,9.7155,9.4533,8.6026,8.9992,9.0457,8.0492,7.6215,5.6916,11.383,12.606,13.78,14.071,14.375,12.998,13.052,12.998,13.211,13.638,13.211,13.78,14.356,13.211,13.719,12.998,12.371,13.052,12.528,12.438,12.166,11.408,11.309,10.622,10.843,10.569,10.996,10.382,10.027,8.6026,10.165,11.698,14.578,15.389,17.383,17.148,15.994,16.107,14.307,14.956,13.586,14.891,16.585,16.408,16.509,17.116,17.017,17.116,18.616,19.61,20.123,20.254,20.562,21.923,21.846,22.42,23.168,22.302,20.906,17.431
13.213,14.579,15.217,14.512,14.201,14.425,13.782,12.706,12.293,10.895,10.207,9.5277,9.7021,9.3651,8.7961,10.097,9.0927,9.1234,9.4098,9.1234,9.3502,9.5277,9.7164,9.5716,9.2451,9.4542,8.7163,7.9276,7.0906,5.285,11.298,13.085,13.547,13.721,13.832,13.751,13.085,13.255,13.128,13.832,13.128,13.307,14.694,13.782,13.963,13.074,12.783,12.706,12.783,12.562,11.877,11.543,10.883,10.207,10.883,10.383,11.31,11.111,9.7021,8.4561,9.9297,13.255,15.143,16.281,16.595,16.788,16.212,14.92,14.181,15.041,14.435,14.92,15.899,17.255,16.986,18.316,17.977,18.316,18.505,18.316,20.111,19.838,21.727,21.047,21.278,21.305,21.848,21.675,20.332,16.986
12.726,14.539,14.355,14.375,14.433,15.03,13.83,13.253,12.165,11.034,10.164,9.7437,10.164,9.0297,9.3488,9.0452,9.3488,9.0452,9.4083,9.5702,9.7006,9.715,9.2285,9.9703,9.0452,9.4083,8.2712,7.944,6.6211,5.8366,10.842,12.868,13.305,13.637,13.871,14.041,13.78,13.305,13.871,13.78,13.83,13.749,13.871,12.954,13.337,13.379,13.126,12.165,12.704,12.154,11.637,11.147,10.26,10.778,10.26,10.206,10.529,11.21,9.8718,9.3488,9.6429,13.337,16.175,14.739,16.71,15.853,16.943,15.853,15.764,15.406,15.039,14.179,16.045,17.074,16.943,17.204,18.615,19.053,19.487,18.942,19.387,20.905,20.581,20.938,21.328,21.373,21.588,21.788,19.609,17.253
13.258,14.688,14.076,14.273,14.38,14.046,13.258,12.786,11.926,11.151,10.03,9.7043,8.5403,9.2321,8.6054,9.0487,8.9711,9.0487,9.0022,8.4746,9.3524,8.4581,8.9711,9.5739,9.2472,8.7504,8.5239,7.9294,6.8722,6.1648,11.101,13.247,13.785,13.755,13.876,13.477,13.785,13.078,14.234,13.591,14.234,13.591,13.056,13.724,13.539,12.862,13.342,12.786,13.342,12.442,11.879,11.301,10.426,10.898,10.426,10.264,11,10.586,10.168,9.0022,9.9741,13.311,15.394,15.367,16.8,17.389,16.792,15.771,15.691,14.745,14.961,16.052,14.659,16.052,15.412,17.211,18.57,17.668,19.097,19.097,20.116,19.983,20.261,21.264,21.421,22.284,22.583,21.7,19.864,18.622
12.907,14.44,15.414,14.972,14.43,13.786,13.217,13.004,12.206,10.427,9.3682,9.834,9.0031,9.7484,8.9876,8.6063,9.5309,9.0495,9.0031,9.5309,9.4129,9.0031,9.4129,9.5748,8.6063,9.1264,8.9876,7.3447,6.3662,5.9108,10.705,13.479,13.837,13.837,13.259,13.958,13.312,13.877,13.259,13.479,13.312,13.958,12.863,13.343,13.217,13.312,13.479,12.699,13.132,12.263,11.437,11.039,10.886,10.899,9.8766,10.169,10.899,11.039,10.494,8.7512,10.587,13.479,15.121,16.466,16.423,16.802,16.105,15.414,14.661,14.382,14.963,15.368,15.332,15.86,15.414,17.049,18.594,17.598,19.295,19.098,19.568,21.312,21.147,21.682,21.174,22.211,22.078,22.236,20.591,17.082
12.585,14.206,14.284,14.866,14.866,13.451,13.19,13.2,12.317,11.079,10.472,9.5113,9.077,9.0309,9.7283,9.5113,9.1076,9.077,9.0309,9.3935,9.214,8.7809,9.214,9.4378,9.4378,8.5886,8.2074,7.6818,6.5259,5.0052,11.13,13.482,13.728,13.316,13.451,13.19,12.977,13.052,13.482,14.352,14.157,14.352,13.939,14.018,13.808,13.849,13.232,12.684,12.673,12.362,12.135,10.825,10.565,10.552,10.038,10.877,11.092,10.406,9.9125,9.077,10.08,14.206,14.941,16.525,16.141,16.792,15.863,15.3,15.863,15.336,15.837,14.554,14.81,17.306,17.282,17.538,18.653,19.066,18.912,18.854,21.011,20.522,21.004,21.554,22.19,22.39,23.214,21.811,20.297,18.458
13.21,14.845,15.396,15.003,14.685,13.746,13.553,13.305,11.787,10.855,10.181,10.002,9.4299,9.0999,8.9615,9.0079,9.0079,8.5,9.2062,9.0694,10.14,8.6458,9.5033,9.3856,9.7201,8.0465,8.5,7.9772,6.7508,5.3759,11.318,12.695,13.917,13.837,14.194,13.44,13.221,12.837,13.21,14.066,13.502,14.272,14.243,13.189,13.336,12.75,12.408,12.021,12.662,12.306,12.124,10.867,10.867,10.609,10.674,10.867,11.669,10.674,10.556,8.5163,11.318,13.179,15.369,17.452,17.268,17.073,16.136,14.798,15.077,15.611,14.398,15.566,17.016,17.106,16.239,17.211,18.016,18.412,19.568,20.204,20.177,20.471,21.824,22.82,21.639,22.52,23.885,21.066,21.086,17.46
13.045,14.696,15.207,14.921,14.313,14.187,12.524,12.524,12.255,10.669,10.378,10.603,9.3364,9.0648,8.4957,9.2167,8.577,8.957,9.3364,9.6723,8.8321,9.2167,9.843,9.3809,9.4985,8.7691,8.8321,8.1794,7.4512,5.8907,11.177,13.034,13.679,13.83,13.739,13.597,13.267,13.91,13.267,13.433,13.214,13.91,13.79,14.177,13.329,13.91,13.013,12.83,12.733,12.164,11.781,11.164,10.849,10.746,10.23,10.862,10.603,10.849,10.551,8.957,10.746,13.91,16.494,17.395,15.929,17.331,16.342,15.789,15.998,15.568,15.361,16.162,16.274,17.162,17.202,17.586,18.441,18.191,19.917,19.945,20.338,20.79,21.499,22.229,22.366,22.809,22.416,21.207,19.559,17.538
13.222,14.883,14.543,14.995,14.505,14.341,13.222,13.095,12.307,11.282,9.8487,9.0701,10.141,9.8063,8.6946,8.9622,9.7209,9.5041,9.1007,8.9777,9.5041,8.9467,9.5041,9.5041,9.5041,8.6946,9.3269,8.3356,6.8737,5.8942,11.27,13.513,13.798,13.441,13.918,13.928,13.042,12.87,13.868,14.038,13.798,13.838,14.244,13.053,12.838,13.222,13.337,12.498,12.531,12.751,12.307,11.405,10.868,10.236,10.753,10.868,11.084,10.398,9.947,8.5007,10.817,13.687,15.325,16.377,18.179,17.429,16.47,16.419,15.078,16.034,14.921,15.216,16.241,16.129,16.671,17.596,17.714,18.048,19.385,20.04,20.929,20.729,21.826,21.363,21.737,22.242,22.167,21.518,20.472,17.237
13.19,14.476,14.648,14.846,14.93,14.476,13.928,13.18,12.262,11.67,10.141,10.141,9.3863,9.024,9.6779,9.3418,9.2069,8.7265,9.0086,9.4306,9.3418,9.4306,9.504,10.003,9.6779,9.024,8.9777,7.8372,7.0335,5.1922,10.557,12.575,13.676,14.322,14.166,13.717,13.838,13.798,13.503,13.707,14.166,14.244,14.185,13.717,12.838,12.967,12.674,12.498,12.674,12.442,11.705,10.97,11.083,10.868,10.017,10.464,10.753,10.398,9.9469,8.7741,11.121,12.751,15.674,16.068,17.429,17.269,16.845,15.37,15.577,15.325,15.674,15.37,15.956,16.977,17.172,18.391,18.338,17.924,19.341,19.384,19.683,20.749,21.672,21.972,21.615,22.148,22.767,21.518,19.62,17.682
12.678,13.962,14.775,14.69,14.586,14.548,13.752,12.874,12.535,11.323,10.006,10.144,9.3447,9.2248,9.1035,9.0729,9.0268,8.9804,8.4541,9.3298,9.4923,8.9494,9.5507,9.5069,9.5069,8.84,8.5846,7.6783,6.9362,6.1499,10.872,12.311,13.184,13.517,14.199,13.922,13.802,13.445,13.711,13.802,13.752,14.19,14.248,13.609,13.341,13.215,13.046,12.3,12.311,11.851,12.412,10.547,10.239,10.239,10.872,10.13,10.547,10.678,10.144,8.5033,10.13,12.502,14.999,15.581,17.844,17.411,15.943,15.864,15.803,15.864,15.329,15.732,16.551,17.177,17.719,18.054,18.276,18.992,19.767,20.046,21.641,20.288,21.518,22.023,21.953,21.525,22.155,21.074,19.9,17.93
11.627,12.741,13.974,13.437,13.088,12.582,12.268,11.602,10.436,9.9104,9.4018,8.4981,7.99,8.6664,8.1334,8.4981,7.8256,7.9356,7.8256,8.4127,8.4981,8.4127,8.3437,8.2041,8.8641,8.361,7.6009,7.3103,6.0808,5.6113,9.8666,11.338,11.824,12.685,12.775,12.268,11.897,12.501,12.582,12.536,12.775,12.373,12.547,12.078,11.602,11.54,11.389,11.08,11.08,10.883,10.816,10.198,8.9452,8.7493,9.5693,9.6893,10.141,9.1842,8.8641,7.8256,9.2,11.788,13.35,14.139,16.169,15.4,14.866,14.19,14.067,13.734,13.703,13.703,14.472,14.472,14.462,16.204,16.791,16.267,17.308,17.606,18.634,18.556,19.828,19.535,19.894,20.424,19.995,19.379,18.47,16.169
12.014,12.771,12.94,13.432,12.917,12.252,12.358,11.423,10.335,9.5661,9.8046,9.2438,8.6134,8.3582,7.9873,8.6801,9.0066,7.6928,8.4953,7.6928,8.3409,7.7489,8.1306,8.3927,8.0772,8.6635,7.9329,7.0054,6.4921,4.8653,9.5208,11.076,12.181,12.917,12.074,12.074,12.122,11.93,12.014,12.68,12.462,12.589,11.833,12.589,12.264,11.574,11.784,12.074,11.296,10.377,10.377,9.8779,9.6113,9.6861,8.8937,9.3833,9.3833,9.9071,8.7464,8.3582,9.5661,12.014,13.969,15.14,14.753,15.054,15.618,14.134,14.306,13.172,14.185,14.011,13.866,15.197,15.948,15.507,16.863,17.493,17.884,17.402,18.378,18.299,19.409,19.909,19.558,20.459,19.88,19.38,18.378,16.341
12.767,14.055,14.637,14.407,14.183,13.764,13.322,12.424,12.152,11.284,10.249,10.029,9.3384,9.0351,8.8482,8.785,8.5926,8.6572,9.5157,9.3384,9.5011,9.7042,9.5011,9.7329,9.6321,8.9732,8.5111,7.9351,6.8822,5.8062,11.085,13.037,12.513,13.457,13.855,13.734,13.437,13.196,13.457,13.291,13.622,13.571,14.055,13.058,12.843,12.712,12.712,12.69,11.66,11.624,11.66,10.557,10.37,10.194,10.194,9.9172,10.882,10.557,10.043,9.2334,10.411,13.291,15.115,17.427,17.49,17.128,16.775,15.844,15.524,15.958,15.914,14.948,16.371,17.578,16.767,18.055,18.662,18.565,19.473,20.395,19.953,20.306,21.538,22.394,21.376,22.201,22.868,21.021,20.231,17.641
12.967,14.476,14.911,15.37,14.195,14.273,13.441,12.228,12.137,11.27,10.675,9.5478,9.0701,9.5478,8.9623,8.6947,8.9623,8.517,9.207,9.3419,9.678,9.8488,9.2221,9.5478,8.5821,9.1007,8.8373,7.4556,7.0336,5.6041,10.868,12.762,13.347,13.441,13.677,13.441,13.605,13.274,13.503,13.347,13.838,14.273,13.838,13.717,13.513,13.441,13.021,12.045,12.531,12.296,12.171,10.868,10.504,10.856,9.8488,10.61,11.084,10.662,10.127,9.1007,10.236,13.554,16.554,16.351,16.554,16.402,16.419,16.094,16.241,15.816,14.581,14.921,17.001,17.293,17.172,18.898,18.033,18.572,18.928,19.894,20.802,21.088,21.775,22.743,21.147,21.641,23.124,21.673,20.35,17.429
13.32,14.937,14.337,14.702,14.259,13.732,13.32,12.545,11.86,10.867,10.369,8.9719,9.2169,9.232,9.5143,9.6307,9.4409,8.8469,9.4409,9.2169,9.5143,9.5143,9.0338,9.337,9.7314,9.0184,8.9874,8.193,6.4205,5.4336,10.409,13.32,13.362,13.722,13.62,13.732,13.435,13.236,13.933,14.492,13.943,13.701,13.933,13.455,13.455,13.236,12.884,12.841,12.309,12.184,12.275,10.88,10.396,9.9157,10.686,10.686,11.096,10.686,9.6884,8.5099,10.608,13.528,14.259,15.113,17.416,17.126,16.53,14.521,15.585,15.877,15.122,14.597,16.839,15.745,16.772,17.741,19.029,19.029,18.882,20.228,20.372,20.643,21.275,21.216,22.718,22.191,22.322,21.535,19.915,18.411
12.687,14.647,14.685,15.023,14.173,13.466,13.205,12.466,12.251,10.889,9.6384,9.5219,9.8672,9.2394,8.6628,8.9946,9.404,8.9946,8.9635,8.9946,9.404,9.6384,9.8247,10.022,9.7105,8.7907,8.9946,8.045,7.184,5.6887,11.204,12.862,13.864,13.299,13.331,14.034,13.466,13.045,13.733,13.733,13.466,13.247,13.247,13.733,13.077,13.205,12.698,13.205,13.077,11.632,10.837,11.104,10.484,11.142,10.146,10.616,10.837,10.377,10.022,9.3594,9.7392,12.698,15.543,16.271,16.877,16.786,16.703,15.986,15.704,14.939,14.609,15.642,15.134,16.677,15.757,17.139,18.335,18.479,19.478,19.342,19.994,20.835,21.213,22.687,21.292,22.29,23.168,21.655,19.882,17.708
13.256,14.696,14.885,14.686,14.437,13.874,13.246,12.564,11.878,10.703,10.167,9.2311,9.2311,9.832,9.3663,9.4554,8.5393,9.0322,9.7033,9.2311,9.5289,9.6455,9.7464,10.098,8.7972,9.2311,9.1245,7.5124,5.9096,5.6188,11.2,12.053,13.309,13.965,13.372,13.955,13.372,13.246,13.722,13.341,13.905,13.874,13.783,13.476,12.374,13.874,12.784,12.441,12.475,12.26,11.592,10.571,10.897,10.897,9.7033,10.385,10.999,10.585,10.154,9.2311,10.385,13.722,15.698,16.411,16.715,16.42,16.076,15.438,14.885,14.96,15.043,15.41,15.365,17.209,16.137,17.721,17.971,19.24,19.435,19.862,20.058,20.587,20.526,20.85,20.91,21.794,22.949,20.675,19.664,17.642
12.344,14.05,15.48,14.587,14.11,13.481,13.06,12.713,11.883,11.415,9.977,10.536,9.7215,8.7528,9.0048,9.4146,8.477,9.0974,9.6493,9.4146,9.6493,9.7502,9.5327,8.6079,9.1281,8.5263,8.2767,8.4604,6.6256,5.2878,10.901,12.877,13.314,13.839,13.91,13.512,13.595,13.512,13.88,13.97,13.595,14.238,13.081,14.238,13.388,13.346,12.866,12.909,12.963,11.883,11.415,10.429,10.033,9.9348,10.212,10.416,10.901,10.102,9.6493,9.0048,10.589,13.512,15.151,15.899,16.797,16.797,15.775,15.695,15.561,15.252,14.891,15.624,14.928,16.324,16.863,17.978,18.71,18.507,19.443,19.572,19.82,19.593,20.649,21.316,21.27,21.738,22.24,20.992,19.5,17.947
12.877,14.396,15.164,14.828,14.092,13.972,12.723,12.811,11.126,10.505,9.526,8.9812,10.055,9.0123,8.0609,9.7296,8.3677,8.2836,8.3677,8.5334,8.7281,9.5407,9.5407,9.7584,9.3778,8.7281,9.0123,8.2157,6.9608,5.0206,11.164,12.624,14.704,14.818,13.658,13.231,13.273,13.071,12.887,13.262,13.092,14.396,13.851,13.555,12.789,13.388,12.789,12.091,12.579,11.834,11.558,10.897,10.398,10.897,9.7584,9.8441,11.114,9.9853,10.438,8.808,10.897,13.273,15.921,17.592,16.07,15.921,16.303,15.912,14.969,13.241,14.24,15.357,15.717,15.912,16.346,16.943,16.885,17.751,19.177,19.118,20.263,19.588,21.756,22.012,21.301,21.543,22.812,22.025,20.612,17.279
12.799,14.531,14.376,14.2,14.444,13.325,13.657,11.69,11.998,10.597,10.11,9.5841,9.0118,8.7277,9.0583,9.0118,9.0118,9.3624,8.9963,8.6146,9.5402,9.0118,9.5255,9.8436,8.7277,8.2832,8.3673,7.4087,6.6938,5.8451,10.91,12.489,13.325,13.728,13.759,13.739,13.262,13.891,13.981,13.891,13.262,13.388,13.492,13.564,13.24,13.102,12.712,12.354,12.712,11.654,11.833,11.325,10.275,10.275,9.8862,10.897,11.226,10.478,9.8862,8.6146,10.275,12.887,15.383,15.734,17.237,16.482,15.885,16.095,15.911,15.716,13.8,15.043,15.787,16.439,17.907,17.335,18.642,18.186,18.522,20.358,20.666,19.758,20.255,20.666,21.541,21.3,21.819,21.359,20.427,16.843
12.57,14.385,14.957,14.966,14.051,13.961,13.961,12.877,11.118,10.902,9.5333,9.5333,9.5333,8.2603,8.7534,8.6084,8.6732,8.4775,9.7221,9.0053,8.6732,9.1287,9.2504,9.1287,8.6732,9.0053,8.6732,6.8745,6.4333,5.521,11.205,12.39,13.79,14.521,13.729,13.971,13.881,13.513,13.482,13.482,13.231,13.482,14.366,12.91,13.347,13.315,12.39,12.163,12.39,12.447,12.334,11.205,10.536,9.9776,10.172,10.158,10.268,10.642,9.7077,8.6732,10.536,13.082,15.705,15.66,17.29,16.083,15.776,15.417,14.891,14.731,14.693,14.957,16.083,16.393,16.897,16.597,17.07,18.508,19.103,20.569,21.179,20.94,21.212,21.739,21.739,22.065,22.436,21.532,20.406,16.798
11.582,12.552,13.302,12.413,12.69,12.413,11.792,11.878,11.085,9.6933,9.1565,8.603,8.8187,8.1367,8.5016,8.0653,8.1367,8.0653,8.6198,7.9933,9.1565,7.9933,8.0832,8.5016,8.225,8.1898,7.7546,7.0106,6.0115,5.4037,9.3903,11.792,11.743,12.587,12.273,12.552,11.939,12.413,12.826,12.781,12.541,12.781,12.747,12.261,11.878,12.19,11.343,11.032,10.754,11.085,10.272,9.5732,8.8678,8.9489,9.0133,9.1407,9.2037,9.8853,9.3903,7.9933,9.0133,11.343,13.28,13.949,16.273,15.227,15.141,14.527,13.613,14.114,12.949,13.312,14.236,15.284,15.676,15.923,16.415,16.978,17.155,17.946,19.252,18.781,19.387,19.952,19.741,19.771,19.829,19.394,18.027,15.593
11.621,14.174,14.959,13.985,14.427,13.774,12.95,12.721,12.161,11.304,9.5665,9.3452,8.9953,9.3452,9.0263,9.0263,9.5227,8.7436,9.868,9.225,9.5227,9.2401,9.6392,8.9642,9.6392,8.7436,8.3519,7.414,5.6891,5.3086,11.143,13.248,13.121,13.895,14.174,13.703,14.035,13.703,14.095,13.774,14.095,13.632,13.467,13.529,12.776,13.206,12.765,12.365,12.068,12.365,12.068,10.89,10.405,9.5227,10.405,10.405,10.378,10.092,9.3601,8.5988,10.092,13.067,14.504,16.272,17.487,17.63,16.065,16.383,15.758,15.355,14.959,14.8,16.1,16.383,16.578,17.874,19.206,18.578,19.933,20.321,21.554,21.188,21.32,21.76,21.554,21.888,21.779,21.293,19.045,16.911
11.924,13.264,13.755,12.934,13.264,12.27,11.778,11.291,10.874,10.09,8.4913,7.9836,8.1975,8.2151,8.4913,8.337,7.9292,8.4913,8.1799,8.8895,8.6761,8.4059,8.4913,8.4913,7.7452,8.0734,7.7452,7.3045,6.0042,4.5884,9.3789,12.068,12.246,12.9,12.363,12.398,12.068,12.116,12.068,13.166,12.246,12.398,12.246,12.398,11.79,12.068,11.071,11.291,11.214,11.531,10.7,10.133,9.8,9.1138,9.1454,9.1138,9.7261,9.8587,8.4059,7.6327,9.5011,11.888,13.692,15.685,14.96,15.284,15.657,14.33,13.264,13.942,13.469,13.963,13.765,15.49,15.275,16.236,16.544,17.319,17.714,18.053,19.033,19.251,19.548,19.986,20.13,19.761,21.054,18.987,18.259,15.388
12.952,14.737,15.431,13.737,14.098,13.081,12.691,12.603,12.198,10.892,10.025,9.4512,9.5248,8.9818,8.4535,10.094,8.9818,9.3473,8.9818,8.9973,9.1206,8.6654,9.8702,9.7134,8.7933,8.9973,8.0648,7.5647,6.3401,6.024,10.527,12.855,13.209,14.038,13.584,13.124,13.377,13.828,13.747,14.275,13.828,14.372,13.47,13.777,12.855,13.532,12.724,12.379,12.691,11.587,11.624,10.841,10.58,10.461,9.5687,9.8277,11.032,11.032,9.7134,8.7136,10.094,13.251,14.803,17.379,16.173,17.563,16.276,15.386,15.602,14.916,14.431,15.709,15.139,16.582,17.202,18.499,19.145,19.203,19.05,20.632,21.298,20.901,20.72,21.565,21.298,21.72,22.571,20.901,19.086,17.202
12.377,14.734,14.611,14.611,14.223,13.248,13.238,12.95,11.305,11.143,9.4051,9.5669,9.0883,9.2254,8.5992,8.6639,8.855,8.7917,8.855,8.9802,9.7117,9.2254,9.2254,9.7404,8.9957,8.4684,8.9802,7.6185,6.4264,6.0229,11.206,13.068,13.581,13.447,13.374,13.238,13.54,13.248,13.734,13.54,13.248,13.866,13.956,13.364,12.777,13.206,12.332,12.467,12.777,11.871,11.403,10.419,10.774,10.147,10.257,9.9669,10.696,10.257,10.459,8.712,10.774,13.206,15.401,16.384,16.78,17.247,16.273,15.428,14.829,14.572,14.876,16.273,15.988,16.912,16.307,17.207,18.192,19.228,19.913,21.031,21.555,21.294,21.548,22.61,21.13,22.193,22.387,21.658,19.228,17.109
13.227,13.934,15.012,14.211,14.054,13.29,13.435,12.766,12.151,11.283,10.248,9.6314,8.988,10.084,8.9725,9.019,9.689,9.019,9.689,9.019,9.689,9.2176,9.9584,9.515,9.7034,8.7046,9.3526,7.8463,6.5285,5.6105,10.687,12.777,12.939,14.162,14.211,13.884,13.934,13.237,13.456,13.763,14.202,13.733,14.182,13.195,12.755,13.456,12.546,12.755,11.861,12.059,11.802,10.881,10.516,9.689,10.193,10.396,10.868,10.609,10.556,9.1112,10.765,13.57,15.342,16.293,17.545,16.087,15.451,15.224,14.722,14.938,15.63,15.523,15.63,17.576,16.259,18.66,18.563,19.03,20.496,19.212,21.276,20.953,21.665,22.793,21.276,21.736,22.424,21.171,19.19,16.889
12.717,14.218,14.728,14.566,14.499,13.698,13.041,12.361,11.593,11.689,10.626,9.3568,9.5193,9.2368,9.0385,9.0846,9.0385,8.6604,9.1153,9.0846,9.6357,8.9921,10.047,9.7078,9.5631,8.5143,8.9766,7.4113,6.8644,5.3067,11.226,13.201,13.576,13.442,13.89,13.769,13.462,13.493,13.063,13.769,13.576,14.218,13.576,13.627,13.462,12.891,12.428,12.316,12.191,11.593,11.532,10.873,10.692,10.198,9.5193,10.157,10.374,10.481,10.157,8.7882,9.7365,12.891,15.13,16.905,16.773,16.781,16.033,15.395,15.24,14.879,15.7,16.301,16.572,16.572,16.806,17.984,18.684,19.017,20.218,20.072,20.909,20.654,22.452,22.278,20.654,21.707,22.209,20.962,19.884,17.553
12.325,14.361,14.932,14.087,14.64,14.41,13.06,12.593,12.245,10.69,9.8625,8.7387,8.8497,9.0212,8.9592,9.5612,9.3995,9.0366,9.82,9.6338,9.6914,9.1134,9.3995,9.5173,9.34,9.2198,8.5289,7.9189,6.4225,5.6119,10.883,13.198,12.692,13.46,14.166,13.726,13.46,13.532,13.938,14.525,13.696,13.706,13.491,13.198,13.522,13.366,12.888,12.426,12.313,12.549,12.05,11.023,10.399,9.4438,10.017,10.155,10.883,10.25,9.7345,8.7068,9.7345,13.532,14.932,15.961,17.001,16.902,16.695,15.978,15.419,15.392,14.496,15.373,16.769,16.569,16.366,18.665,18.508,19.042,19.54,20.158,21.117,21.281,22.179,21.308,21.805,22.273,21.977,21.13,19.13,17.099
13.359,14.05,14.489,14.812,14.868,13.688,13.452,12.707,11.62,10.878,10.081,9.3945,9.5561,9.3945,9.215,9.2301,9.1086,8.3429,9.0319,9.3351,9.4977,9.3351,9.6287,9.9557,8.97,9.0319,8.7818,7.3303,6.3537,5.7074,11.093,12.762,13.759,14.286,14.207,13.233,13.525,13.688,13.452,13.617,13.88,13.85,13.729,13.432,13.032,12.978,13.191,12.762,12.419,11.716,11.193,10.878,10.606,10.878,10.081,10.081,10.762,10.684,10.553,8.845,10.393,12.707,15.365,17.228,16.86,17.09,16.569,15.311,14.594,14.859,14.999,15.528,15.829,17.016,16.835,18.133,17.971,19.025,20.524,20.113,21.013,20.49,22.193,22.448,21.634,22.042,22.467,21.192,20.161,16.893
12.537,14.386,14.958,14.93,13.972,13.911,13.093,12.209,11.646,10.629,10.103,9.0057,9.356,10.103,8.7217,8.8015,9.2356,8.8015,9.0521,9.0984,9.2356,9.5336,9.7512,9.46,8.7537,8.6087,9.0057,7.3658,6.5413,5.2084,11.206,12.391,13.483,13.483,14.19,13.729,14.081,12.964,13.648,13.596,13.648,13.596,13.972,12.964,12.867,12.91,12.346,12.391,12.266,11.989,12.175,10.902,10.59,10.497,9.5775,10.103,10.629,10.43,9.708,8.5271,10.268,12.57,15.445,15.723,17.323,16.084,16.47,15.865,14.521,14.588,14.318,15.336,16.428,15.777,16.11,17.579,18.212,18.742,19.872,20.137,21.533,21.804,21.318,22.96,21.292,21.475,22.236,20.345,19.416,16.798
12.392,13.963,14.818,14.192,14.241,14.319,12.715,12.792,12.072,11.044,9.9369,10.035,8.9911,8.7227,9.4166,8.5281,9.357,8.4622,8.9756,9.5347,9.357,9.6513,9.7091,9.7235,9.2367,8.9756,8.7227,7.0563,6.7731,5.3936,10.709,13.254,13.761,13.254,13.973,13.39,13.349,13.264,13.463,14.809,13.095,13.39,13.222,13.842,13.349,12.868,12.482,12.21,12.392,12.176,11.991,10.578,10.852,10.063,9.7522,10.104,10.431,10.644,9.52,8.9911,9.5347,13.009,14.211,16.059,16.607,15.725,16.086,15.256,15.052,14.667,14.552,15.154,16.224,16.336,16.957,17.581,18.519,19.106,19.825,20.688,20.654,21.063,21.807,21.915,21.896,21.691,21.274,21.287,19.576,16.875
12.708,14.543,14.36,14.62,14.744,14.233,13.257,12.708,11.878,10.532,9.4556,9.7179,9.5292,9.7035,9.1248,9.4112,9.0479,9.5292,9.573,9.0941,9.8747,9.5292,10.167,9.3516,9.5292,8.7974,9.0324,8.0858,6.7692,5.9097,10.897,13.549,13.905,14.582,13.476,14.183,13.59,13.055,13.723,13.965,13.59,13.965,13.076,13.641,12.958,13.055,12.441,12.065,12.708,11.605,11.2,10.412,10.897,10.385,9.9312,10.029,10.897,10.425,10.043,8.9859,10.099,13.507,15.98,16.989,16.076,16.076,15.901,15.411,15.034,14.075,15.044,15.136,15.136,16.89,16.446,17.515,18.349,18.531,20.197,20.114,19.982,20.642,21.334,22.2,20.723,21.562,21.523,21.308,19.565,17.315
13.393,14.016,14.401,14.68,14.016,13.476,12.88,12.628,12.222,11.366,10.224,9.2605,9.3807,9.4699,9.1386,9.3658,9.0151,9.3658,8.9995,9.3658,9.0151,9.4254,9.7614,9.7182,8.9995,9.0616,8.3703,7.3545,6.3526,6.1736,10.719,12.804,13.235,13.764,14.126,13.15,13.245,13.476,13.805,13.559,13.855,13.976,12.978,13.361,13.403,12.924,12.804,12.924,12.804,11.658,11.658,10.862,10.072,10.169,9.5436,10.114,10.797,10.428,10.169,9.2453,9.8471,13.075,14.908,16.127,15.793,16.022,16.741,14.401,15.159,15.067,14.917,15.242,14.68,16.741,16.101,17.47,18.717,18.559,19.928,19.935,20.996,19.779,21.307,21.307,21.189,21.016,21.281,21.076,19.928,16.915
12.886,14.31,14.26,14.772,14.649,13.811,13.24,12.466,11.902,11.235,10.592,9.0035,9.3699,9.5478,9.3849,9.2646,9.2494,9.1119,9.6646,9.7657,9.5918,9.4296,9.6646,9.5478,8.878,9.0501,8.2729,8.0146,6.6361,5.3226,11.135,13.24,13.575,13.75,13.565,13.78,13.113,13.77,13.861,13.811,13.982,13.932,13.24,13.409,13.102,13.668,12.886,12.821,12.193,12.007,11.135,10.867,10.606,10.283,10.187,10.592,11.135,10.918,9.7657,8.9879,10.658,13.251,14.456,16.012,15.897,16.748,15.8,15.639,14.772,14.543,15.064,14.725,14.867,16.495,14.687,18.1,17.764,18.423,19.908,18.926,20.375,19.936,20.628,21.772,20.952,20.891,21.29,20.628,18.926,16.546
11.61,12.331,12.331,12.659,12.331,12.449,11.909,10.936,10.665,9.5821,8.4641,8.9183,8.2542,8.3947,8.7193,8.652,7.6855,7.6474,8.1113,8.183,8.4468,8.1293,8.0388,8.183,8.2542,7.9841,7.5705,6.6007,6.3062,4.6517,9.4438,11.573,12.2,12.152,12.152,12.484,11.86,11.909,12.26,12.449,12.67,12.007,11.909,12.092,11.872,11.029,11.407,11.029,11.252,10.102,9.9269,9.3348,8.55,9.3348,8.9999,9.3348,9.1768,9.3348,9.0646,7.7424,8.8028,11.673,13.356,13.551,14.101,14.61,13.903,13.551,13.861,13.068,12.853,12.819,13.377,14.76,14.153,15.466,15.691,16.824,16.772,17.211,17.918,18.17,18.362,18.623,18.393,18.362,18.771,17.713,16.268,14.56
12.222,14.537,13.987,14.908,14.643,13.404,12.805,12.584,12.084,10.914,10.279,9.5881,9.0156,9.0156,7.8703,9.5441,8.7313,9.0156,9.1391,9.3663,9.0156,9.4259,9.5441,9.8476,9.3812,8.7633,8.0811,7.4306,6.3969,5.2941,11.13,13.076,13.987,13.856,14.245,14.304,13.856,13.775,14.225,13.805,13.497,13.805,13.977,13.33,12.461,13.663,12.28,12.003,12.188,12.003,11.695,11.255,10.183,10.279,9.3812,9.9889,10.707,10.863,9.7619,8.683,9.7619,12.805,15.417,15.741,16.446,15.891,16.582,15.865,15.067,15.57,14.537,15.142,15.891,16.101,16.101,18.093,17.757,18.255,19.702,20.559,20.708,20.803,20.429,21.602,21.341,19.893,21.077,20.593,19.645,16.85
12.73,14.696,15.008,14.032,14.22,13.748,13.249,12.508,11.707,10.925,9.5541,9.025,9.0715,9.5541,9.4357,9.391,8.8204,8.7404,9.4357,9.0715,9.9993,9.056,9.9571,9.4803,8.7404,7.4948,8.2273,7.2083,5.9959,5.0277,11.18,13.089,13.911,13.344,13.543,13.779,14.27,13.291,13.911,13.511,13.911,14.001,13.759,14.001,13.574,12.818,12.829,13.418,12.508,11.767,11.671,10.718,10.29,10.125,9.4357,10.194,10.913,10.913,9.5541,8.7725,9.7721,13.111,14.99,16.463,16.144,16.326,15.478,15.405,15.369,14.348,14.26,14.319,15.478,16.463,16.599,17.091,18.274,18.998,19.487,18.998,19.978,21.119,20.45,20.999,20.25,21.304,20.905,20.621,18.549,16.909
13.255,14.436,14.808,14.28,14.073,13.371,12.783,12.202,11.591,10.531,9.7024,9.572,9.7455,9.0005,8.5386,8.7487,8.7167,8.7964,9.7455,9.4101,9.572,9.0931,9.6447,9.0931,8.8597,9.0314,8.3567,7.9455,6.8911,5.2853,11.212,13,13.213,14.28,13.64,13.381,13.537,13.255,13.873,13.752,13.475,14.28,14.221,13.255,12.87,13.054,12.44,12.384,12.259,11.959,12.156,11.591,10.623,10.571,9.8737,9.9722,10.166,10.097,9.7455,9.0005,10.896,12.957,15.135,15.327,17.208,17.077,15.616,15.9,15.838,15.607,14.377,13.963,15.865,16.855,17.569,17.978,18.461,18.559,19.62,20.768,21.121,21.417,21.048,22.23,21.747,21.306,21.67,21.306,18.975,17.208
13.22,14,14.549,14.228,13.91,13.97,12.877,12.379,11.609,11.041,10.171,9.5329,8.8641,9.4593,8.4606,9.4148,9.005,8.6081,9.005,9.3553,9.5768,9.3553,9.5329,9.0977,9.036,8.721,8.226,7.5711,6.0291,5.5207,10.85,12.866,13.22,13.88,13.759,13.22,13.482,13.346,14.11,13.789,13.595,13.97,13.22,13.718,12.79,13.22,12.79,12.48,12.79,12.058,11.155,11.003,10.171,10.267,9.7504,9.7504,10.047,10.707,9.7217,9.005,10.536,13.544,14.238,15.943,17.159,16.896,17.086,15.151,15.142,15.417,15.552,16.083,15.05,16.554,17.346,17.458,19.102,19.743,20.731,20.267,19.989,21.57,20.405,21.577,20.919,21.27,21.211,21.152,19.161,17.321
11.395,13.084,13.357,12.928,12.782,12.274,11.745,11.073,10.441,10.344,9.189,7.9942,8.2083,8.2259,8.5025,8.5025,8.9013,8.1907,7.9942,8.2083,8.3481,8.2083,8.3481,8.9013,8.1907,7.6993,6.8865,7.0113,6.0122,4.8397,9.8863,11.496,11.843,12.262,12.508,12.286,12.286,11.904,12.274,12.782,12.38,12.024,11.94,12.415,12.024,11.794,11.395,11.344,11.086,10.889,10.968,9.5743,9.1417,9.1575,9.2047,9.5743,9.2047,9.5137,8.8687,7.6428,9.1575,12.024,13.444,14.941,14.912,15.399,14.319,14.146,14.628,13.71,13.95,14.687,14.115,15.961,15.295,16.417,17.216,17.342,18.196,18.037,19.073,18.783,19.493,19.493,19.389,19.838,19.478,18.667,17.516,14.834
12.792,14.388,14.903,14.319,14.231,13.084,12.792,12.572,11.393,10.644,9.9371,8.866,8.9913,9.3721,9.0995,9.1302,9.0995,8.6098,9.5349,9.1302,9.5349,9.7524,9.4168,10.049,9.7524,8.7228,8.2107,7.5171,6.5421,5.6223,11.157,12.912,13.009,13.843,13.843,13.843,13.963,13.484,13.222,13.843,13.546,13.317,13.963,13.317,13.063,13.084,13.063,12.716,12.538,12.211,12.336,11.044,10.174,9.7237,9.7237,9.7237,10.432,10.631,9.5349,8.5282,11.119,13.265,15.145,15.867,17.653,17.268,16.404,16.224,15.155,15.725,15.145,15.627,15.911,16.086,15.374,18.421,18.579,19.165,19.598,20.6,20.634,20.957,21.182,21.063,21.057,20.836,21.588,20.735,18.632,16.404
12.773,13.752,13.954,14.281,13.783,13.964,13.054,12.373,11.878,10.689,10.098,10.098,8.6041,8.6041,8.86,9.2458,9.0318,9.0318,9.2306,9.3658,9.9305,9.1241,9.4105,9.5724,9.9726,8.273,7.9458,7.3428,6.1638,5.4417,10.883,13.214,13.256,13.783,13.752,13.64,13.475,13.783,14.044,14.436,13.475,13.874,13.964,13.722,13.475,13.054,12.707,12.064,12.707,12.373,11.592,10.531,10.883,9.874,9.9726,10.167,10.098,10.167,9.7172,8.717,10.167,12.795,14.378,16.17,16.282,16.588,16.214,15.41,15.997,15.715,15.997,15.437,16.419,17.601,17.281,17.57,19.391,18.947,19.492,19.98,20.258,20.929,21.773,21.997,21.062,21.567,22.13,20.423,19.101,17.061
12.342,14.53,14.375,15.162,13.727,13.604,13.553,12.182,11.25,10.068,9.7283,9.5833,9.4212,8.2146,8.7269,8.6139,8.5323,8.2656,9.5833,9.3616,9.5394,9.4212,9.5833,9.7139,9.5394,8.8701,8.2656,7.4833,6.1935,5.5245,11.125,12.918,13.271,13.98,13.563,13.89,13.26,13.229,13.98,14.06,13.799,13.738,13.26,12.886,12.744,13.101,13.239,12.353,12.17,11.997,12.216,10.909,10.636,9.8427,9.757,9.8427,10.596,10.583,9.5394,8.2656,10.109,13.069,14.985,15.409,17.236,16.197,15.91,16.463,14.816,14.967,14.297,15.041,17.228,16.941,17.788,16.817,17.788,19.123,19.521,20.88,21.721,20.933,21.073,21.429,20.846,21.331,21.225,20.329,19.664,17.04
13.102,14.061,14.376,13.8,13.759,14.011,13.23,12.183,11.654,11.226,10.275,9.1352,9.1045,9.1352,9.257,10.041,8.8075,9.2419,9.5401,9.6568,9.3623,9.0118,9.422,9.3773,9.0428,8.6794,8.4836,7.3708,6.0337,5.5249,10.91,13.07,13.272,13.23,14.061,13.388,12.799,13.492,14.396,14.011,13.891,13.759,13.102,13.8,13.016,12.723,12.343,12.579,12.183,11.939,11.325,10.637,9.8435,10.11,9.8435,9.5401,10.584,10.22,9.7578,9.0428,9.7578,13.07,14.827,15.672,17.099,17.471,15.885,15.787,16.19,15.456,15.672,15.707,16.095,16.608,16.016,17.471,19.08,18.37,19.058,19.864,21.273,20.988,20.794,21.332,21.075,21.332,21.008,20.935,19.117,17.278
13.342,14.336,15.091,14.384,13.793,13.342,13.301,12.017,11.315,10.354,9.5004,8.6913,9.0667,8.9743,8.2487,9.0052,9.0052,9.2035,9.0052,9.4271,9.3383,9.6886,10.178,9.5004,9.0667,8.4318,8.3324,7.3401,6.4111,5.1902,11.117,12.437,12.962,13.436,13.048,13.712,13.048,13.217,13.436,13.175,13.048,13.175,13.793,13.185,13.016,12.746,12.67,12.291,12.017,11.843,12.017,9.9432,10.658,10.068,10.068,10.123,10.232,10.605,9.5004,8.0442,10.605,13.702,15.091,16.548,16.413,16.995,16.362,14.878,15.364,15.571,14.699,15.818,16.123,16.464,16.234,17.918,17.668,18.854,20.342,19.809,20.498,20.741,20.848,20.613,21.185,21.244,20.794,20.505,19.298,16.497
12.17,13.786,12.953,13.13,12.59,12.134,11.942,10.77,10.275,10.275,9.1588,8.1388,7.9953,8.6052,8.6888,8.1919,8.4183,7.9953,8.4183,8.3493,8.5038,8.6722,8.821,8.6722,8.2095,7.491,8.1388,6.565,5.297,5.0738,9.5757,11.088,11.881,11.51,12.417,12.59,12.026,12.417,12.544,12.659,12.693,12.417,11.844,12.382,11.905,11.795,11.795,11.585,11.307,10.387,10.824,10.205,9.143,8.87,8.6722,9.3927,9.5151,9.2061,9.1904,7.7005,9.2843,12.382,13.775,14.24,14.982,15.708,15.145,14.837,14.148,14.076,13.542,14.63,14.561,14.531,15.145,15.41,17.51,17.008,17.951,17.91,19.429,19.015,18.893,19.841,19.219,19.219,19.488,19.015,16.845,15.001
11.796,13.443,13.698,12.995,12.462,12.181,11.832,11.076,10.432,10.321,9.1966,8.7461,8.5963,8.8119,8.4096,7.5982,8.495,8.077,8.8119,9.1494,8.8119,8.6632,8.8119,8.8609,7.464,7.9327,7.0667,6.4696,5.7866,4.9534,9.9938,11.832,12.014,12.263,12.543,12.589,11.869,12.589,12.404,12.252,12.462,12.369,13.171,12.263,12.252,11.929,11.832,11.295,11.024,11.283,11.397,9.6709,9.5658,8.7461,9.3984,9.383,9.5658,9.6858,9.1336,7.5218,9.383,12.68,13.432,14.615,15.581,15.728,14.306,14.336,14.466,14.665,12.939,12.906,15.581,15.053,15.802,15.865,16.828,16.862,17.722,18.338,19.814,18.797,19.416,19.222,19.26,19.711,19.988,18.835,17.066,15.13
12.795,14.555,15.037,13.733,13.885,13.652,13.267,12.718,11.686,10.905,10.106,9.8398,9.0084,9.7254,9.0394,9.2385,9.3738,9.4629,9.8824,9.981,9.8824,9.8398,9.5805,9.3588,9.1318,9.2385,8.3641,6.8972,6.3918,5.3947,10.905,12.063,12.718,12.871,13.754,13.976,13.733,14.086,13.916,14.086,13.32,13.14,13.845,13.097,13.966,12.882,12.574,12.574,12.213,12.784,12.383,11.121,10.711,10.175,10.217,10.433,10.175,10.106,9.5366,8.6761,10.474,13.885,15.905,16.089,17.328,17.489,16.837,14.962,15.258,15.567,14.526,15.567,16.296,15.423,15.879,17.585,18.785,18.363,19.256,20.8,20.658,20.638,20.96,20.351,21.324,20.631,21.579,20.254,18.575,17.035
12.884,14.71,14.118,14.246,14.088,13.918,13.227,12.742,12.397,11.224,10.163,9.1334,8.5312,9.0409,8.9944,9.3604,8.9944,9.42,9.0564,9.0099,9.7558,9.5381,9.0564,9.42,9.5235,9.1027,8.2136,6.8781,6.371,5.2108,10.542,12.397,12.453,13.014,14.197,13.736,13.489,13.385,14.197,14.246,14.246,14.246,14.393,13.489,13.395,13.551,13.395,12.917,12.453,12.543,12.385,10.907,10.422,9.3753,10.177,10.395,9.9405,10.648,9.5381,8.7579,10.542,13.888,14.393,15.425,17.226,16.126,15.881,16.091,15.881,15.38,15.38,14.824,15.916,16.152,18.02,17.492,19.084,19.054,19.084,20.661,20.661,20.661,19.86,20.133,21.712,21.223,20.416,20.823,18.02,16.806
12.901,14.424,14.247,14.277,14.088,13.683,12.824,12.378,11.677,10.879,9.5587,9.3805,9.5587,9.3805,10.199,8.566,9.4849,9.5587,9.4849,9.5587,9.5587,9.4849,9.3955,9.8627,9.544,8.6963,8.566,7.442,6.4722,5.3022,10.295,12.747,13.128,13.518,13.998,13.755,13.117,13.549,13.518,14.559,13.518,14.118,14.472,12.835,13.287,12.998,12.824,12.241,12.367,12.603,12.102,10.736,10.458,9.7768,10.295,10.06,10.931,10.736,9.6027,8.3835,9.748,13.095,14.326,15.738,16.917,17.529,15.747,14.931,14.856,14.997,14.742,13.826,15.376,15.413,15.889,17.132,18.027,18.283,18.55,19.811,21.029,20.487,20.467,20.176,20.996,20.398,21.109,20.59,18.746,16.975
13.257,14.218,15.006,14.78,14.414,13.571,13.257,12.083,11.064,10.192,10.234,8.771,9.5524,9.0545,9.0234,8.9923,9.147,9.1163,9.2539,9.4787,9.5524,9.5524,9.9976,9.5377,9.1163,9.0545,8.6257,7.5309,5.9242,5.2987,11.14,12.805,13.119,13.509,13.289,14.109,12.99,13.162,13.257,14.257,13.868,13.989,13.623,13.54,12.761,13.488,12.728,12.761,12.37,11.633,11.729,10.664,10.234,9.4787,9.9554,9.8989,10.518,10.65,10.234,8.6257,10.288,12.739,14.987,17.494,16.63,15.896,15.808,14.921,15.173,15.173,14.472,15.647,14.579,16.358,16.15,17.162,18.086,17.614,18.726,19.911,19.946,20.281,21.301,21.36,20.474,21.576,22.636,19.67,19.483,16.84
12.946,14.474,14.933,14.269,13.879,14.01,13.257,12.334,11.386,10.566,10.2,9.2611,9.5599,9.2763,8.6325,10.131,8.5507,9.0305,9.6039,9.0305,9.0305,9.3818,10.075,9.4415,8.7457,8.3846,8.2834,6.9141,5.7114,4.889,11.274,13.119,13.415,14.667,13.788,13.257,14.04,12.946,13.634,13.828,13.634,14.12,13.767,13.828,13.426,13.685,12.902,12.208,12.38,12.092,11.774,10.606,10.296,10.459,9.778,9.5599,10.724,10.187,10.062,8.6325,10.566,13.172,15.415,16.448,16.473,16.448,15.953,15.008,14.791,14.278,13.767,15.46,14.59,16.154,15.767,17.5,17.659,18.628,19.127,19.208,19.962,19.877,20.158,21.35,20.634,20.401,20.925,19.962,19.706,16.978
13.037,14.321,14.555,14.223,14.419,13.679,13.346,12.087,11.769,10.733,9.7735,8.7738,9.0107,8.7417,7.826,9.902,9.272,9.0574,8.5631,9.0107,9.5555,9.0107,9.3924,9.2568,9.2568,7.7176,8.2795,6.9109,6.1813,5.3269,11.029,12.732,13.378,13.586,14.084,13.751,13.761,13.514,13.091,14.084,13.751,14.143,13.822,13.42,12.82,13.251,12.809,12.329,12.599,12.363,11.958,10.733,10.601,10.521,10.126,10.182,10.614,10.521,9.7735,8.2455,10.441,13.251,14.467,16.845,16.644,15.981,16.491,15.408,14.262,14.399,14.419,14.926,15.661,16.363,16.466,16.328,17.362,18.822,19.669,19.676,20.46,19.676,21.654,21.809,20.969,20.733,21.367,20.364,18.785,16.87
12.936,14.219,14.875,14.723,13.99,13.624,12.936,11.766,12.371,11.14,10.179,9.0704,8.8192,8.3784,7.587,9.4345,9.0704,9.4345,9.1474,9.0238,9.5968,9.0238,9.2542,9.2694,8.0711,8.2262,7.4939,6.5545,6.2023,5.4039,10.911,12.816,12.718,13.818,14.08,14.268,13.51,13.909,14.219,13.582,13.51,13.909,13.777,13.405,12.729,13.51,13.29,12.762,12.199,11.99,12.199,10.873,10.082,10.124,10.193,9.7708,10.611,10.289,9.9558,8.8192,9.5528,12.806,15.755,15.294,17.26,17.382,15.932,16.116,14.847,14.618,14.317,14.656,15.594,15.897,16.757,17.479,18.086,18.508,18.735,19.663,20.727,20.454,20.855,21.361,21.116,21.016,21.732,20.577,18.249,16.631
13.109,14.257,14.769,14.645,14.306,13.664,12.752,12.496,11.756,10.59,9.5454,9.3675,9.1403,8.8124,8.3719,8.4883,8.9856,8.5377,9.849,9.7632,9.0012,9.5454,9.72,9.7632,8.6842,8.4883,7.5254,7.2018,5.528,5.3212,10.916,12.73,13.613,13.561,13.279,13.858,13.807,12.817,13.332,13.364,13.613,14.257,13.395,13.979,12.752,13.332,12.817,12.98,12.35,12.224,11.405,10.903,10.403,10.171,10.074,10.116,10.708,9.9903,10.226,8.6842,10.281,12.926,15.867,16.977,16.885,17.092,16.104,16.311,14.985,13.858,14.995,16.423,15.573,16.199,16.025,18.441,18.6,18.72,19.619,18.78,20.37,20.127,21.08,21.605,21.344,20.98,21.239,20.266,18.943,16.744
13.005,14.383,14.519,15.224,14.079,13.229,13.091,12.161,11.241,11.154,9.3545,9.5321,9.3545,9.1276,8.7203,9.0969,8.8634,9.5321,9.3694,9.0969,8.7203,9.2493,9.5321,9.2342,9.2493,8.0014,8.2593,7.6987,6.5402,5.3922,10.706,12.8,13.48,13.747,13.969,13.999,13.345,14.109,13.645,13.594,13.788,13.909,13.345,13.48,13.48,12.479,12.962,12.479,12.962,11.644,11.644,10.9,10.06,10.102,10.046,10.469,10.628,9.9764,9.9764,8.5258,10.171,13.219,15.551,17.084,18.171,17.215,16.468,15.985,15.774,15.03,14.955,16.185,16.928,15.703,15.845,17.892,18.263,18.07,19.649,19.247,21.05,20.83,21.413,21.057,21.163,21.471,22.264,20.594,19.064,16.795
13.476,15.044,14.311,14.379,14.045,13.59,13.214,12.697,11.593,10.585,9.411,9.5729,9.0013,9.0478,9.2463,9.0323,9.2463,8.7175,9.529,9.6456,9.411,9.5144,9.3515,9.2312,8.7495,8.3575,7.9988,7.8043,6.0267,4.7277,10.845,12.564,13.834,13.538,13.723,13.548,13.712,13.723,13.341,13.476,13.641,13.784,13.955,13.753,13.055,13.743,13.001,12.053,13.055,12.053,11.605,10.781,10.572,10.167,9.529,10.098,11.238,10.532,10.263,8.5394,10.167,13.955,16.598,17.12,17.282,17.021,16.923,16.111,15.474,14.62,14.514,15.025,15.936,16.715,17.435,17.451,17.515,18.349,20.093,19.813,20.642,21.143,21.044,21.985,20.342,20.944,21.691,21.281,19.291,16.798
12.699,14.533,14.571,13.713,13.733,13.774,12.949,12.786,12.194,10.564,10.16,9.5222,8.5333,8.9794,8.9638,9.5076,8.9949,9.5222,9.3448,9.5222,9.4043,8.9949,9.3448,9.5076,9.0874,8.0453,8.1998,7.5071,6.5334,5.6148,10.695,12.555,13.078,13.373,13.955,13.247,13.733,13.247,14.427,13.733,14.222,13.362,12.992,13.539,12.721,13.247,13.865,12.775,12.786,11.811,11.87,10.377,10.418,10.201,9.7108,10.201,11.142,10.091,9.825,9.0413,11.23,13.539,15.318,16.314,17.245,17.034,17.245,15.881,16.811,14.827,15.427,15.642,15.855,18.067,16.976,18.396,18.675,19.479,19.198,19.799,20.078,21.035,20.661,21.553,20.929,21.733,22.441,20.768,19.342,17.462
13.154,14.57,15.063,14.609,13.86,13.366,12.754,12.408,11.171,10.866,10.062,9.4287,9.384,8.7659,9.7648,8.539,8.8138,8.8772,9.0027,9.2485,9.384,9.2637,9.384,9.0027,9.2485,8.3732,7.6376,6.3769,6.4642,5.3221,10.723,12.896,13.501,13.564,13.25,14.249,13.809,13.901,13.931,14.259,13.239,14.21,14.464,13.101,12.82,13.101,13.271,12.588,12.588,12.554,12.363,10.917,10.591,10.173,10.186,10.282,10.71,10.173,9.5469,8.539,10.644,14.259,14.837,16.979,16.897,17.25,15.896,14.913,14.714,15.063,14.23,14.978,15.718,16.08,16.451,17.99,18.565,17.794,19.247,20.269,20.096,20.165,21.143,20.653,20.95,20.842,21.083,20.68,19.182,16.314
12.914,14.322,14.449,14.086,14.293,13.487,12.795,12.485,11.42,10.58,9.6533,9.8399,8.993,8.9774,8.993,9.2386,8.8043,9.1319,9.8399,9.055,9.4185,9.6533,9.1012,9.7542,8.7565,8.0748,7.9526,6.4572,6.877,5.29,10.906,12.74,12.784,13.976,13.845,13.886,13.267,13.487,13.795,13.966,13.845,13.225,14.439,12.914,13.065,13.32,12.485,12.795,12.35,12.707,12.395,10.593,10.162,9.6533,9.9811,10.271,10.5,10.633,9.463,8.464,10.906,13.845,14.897,16.296,17.585,17.845,16.602,15.782,15.377,15.148,14.821,15.377,16.089,16.476,15.558,17.986,18.079,19.168,19.913,19.637,20.927,21.061,20.927,20.358,21.811,21.298,21.901,20.8,18.926,16.433
12.736,14.24,14.977,14.522,14.24,14.082,12.867,11.99,11.635,11.243,9.5339,10.104,8.4616,8.2609,9.037,9.037,9.5339,9.037,8.8651,9.4603,9.5339,9.2511,9.5778,8.9748,9.0524,8.5274,8.2778,6.8953,5.9127,5.9127,10.63,12.571,13.094,13.316,14.19,13.483,13.555,13.253,13.083,14.24,13.483,13.962,13.912,13.221,13.514,12.878,12.537,12.209,12.083,11.884,12.083,10.708,10.173,10.034,10.173,9.7228,10.39,10.497,9.2359,8.609,9.8371,14.24,15.042,16.188,16.799,17.524,16.832,16.428,15.865,15.418,14.627,14.289,16.119,16.997,17.989,17.73,18.502,18.472,19.957,19.823,21.154,20.207,21.741,21.18,21.579,21.579,21.417,19.851,19.112,17.95
11.405,13.441,12.992,13.081,12.925,11.876,11.937,10.965,10.604,10.439,9.2496,9.1554,8.3634,8.6689,8.8667,8.5005,8.224,8.5005,8.6187,8.3979,8.6689,8.3979,9.1554,8.8176,7.6976,7.6976,7.3124,7.0097,5.5351,4.301,9.1554,10.886,11.791,12.129,11.84,12.412,12.189,11.828,11.84,12.412,12.377,13.18,11.937,12.129,12.551,12.189,11.84,11.405,11.303,11.031,10.229,9.5115,9.2808,9.1396,9.0122,8.8992,9.9132,9.5115,9.2808,8.0643,9.8694,12.377,13.473,15.376,15.092,14.938,14.87,13.947,13.822,14.625,14.674,14.466,14.526,15.591,16.111,16.325,17.553,17.871,17.611,18.255,18.809,18.255,18.639,19.95,19.008,19.069,19.429,18.662,16.448,15.628
12.795,14.821,15.423,14.821,14.821,13.559,13.559,11.888,11.222,10.711,10.271,9.4186,9.3739,9.0395,9.0085,9.5806,9.0085,9.055,9.4186,9.055,9.9811,8.7245,9.463,9.7255,8.7245,8.2632,8.7245,7.3681,5.9849,5.21,11.65,12.338,13.976,13.764,13.549,13.487,13.518,13.225,12.541,13.225,13.257,14.056,13.754,13.754,12.718,13.225,12.35,12.696,12.74,11.638,11.602,10.593,10.474,10.593,9.7255,10.065,11.008,10.42,10.175,8.5462,11.614,13.32,16.227,17.207,16.425,17.231,16.602,16.184,15.037,14.115,14.526,15.567,16.15,16.184,15.782,17.9,17.963,18.507,19.573,18.703,20.927,19.451,21.611,22.092,20.543,21.219,22.224,20.631,19.751,16.812
13.372,14.203,15.137,14.36,14.282,13.549,13.372,13.341,12.204,11.238,10.043,9.7181,10.057,9.3518,9.2315,9.9735,8.7178,9.0943,9.1249,9.4113,10.057,9.8324,9.7468,9.9314,9.2466,8.4575,8.5233,7.3434,5.8385,4.8734,10.385,12.34,13.549,14.428,13.835,13.383,13.246,13.549,13.549,13.477,13.723,13.784,13.905,14.223,13.477,12.774,12.565,13.477,12.708,11.879,11.737,11.238,10.625,10.846,10.043,10.492,11.037,10.897,10.466,9.2315,11.037,13.754,16.791,17.21,16.69,16.89,16.42,15.411,14.582,13.743,13.875,15.411,15.366,17.12,16.137,17.315,18.41,19.037,19.813,19.095,20.404,20.128,20.804,21.275,21.282,20.561,22.081,20.404,19.066,17.12
13.495,15.046,14.678,14.971,13.894,14.64,12.803,12.094,11.216,10.912,9.945,9.045,9.2593,8.873,7.9398,10.182,9.4243,9.1375,9.5424,9.5864,10.168,9.5424,9.3646,9.0605,9.1067,8.5514,7.5787,7.523,5.7009,4.8801,10.705,12.07,13.073,13.495,14.243,13.803,13.894,13.401,13.557,13.803,13.557,13.854,14.717,13.854,13.265,13.233,13.073,12.726,12.082,12.726,12.186,10.912,10.899,9.7314,10.426,10.547,11.014,10.586,9.717,8.4856,10.223,13.244,15.64,16.621,17.233,16.814,16.125,15.414,14.915,15.24,14.457,14.745,16.125,17.282,17.5,17.627,17.5,18.344,18.526,19.841,20.121,19.477,20.704,21.173,20.671,21.073,21.605,20.142,18.974,16.409
12.815,14.217,15.154,14.316,14.414,13.756,13.746,12.903,11.848,10.288,10.729,10.192,9.7412,9.0696,9.1467,9.552,9.0696,9.374,9.552,9.374,9.552,9.374,9.552,9.374,8.4942,8.6902,8.3777,6.5539,5.7312,5.2184,10.288,12.594,13.246,13.786,13.571,13.868,13.509,12.761,14.257,13.786,13.908,13.868,13.988,14.267,13.938,13.571,12.727,12.738,12.233,12.013,11.765,10.91,10.557,10.233,10.192,10.557,11.139,10.663,9.552,9.0541,10.123,13.246,15.071,15.754,16.451,15.94,16.93,15.448,14.958,14.217,14.549,14.731,15.402,17.251,17.063,17.12,17.811,17.477,19.104,19.258,19.945,20.197,20.287,21.254,20.453,20.473,21.101,20.141,18.575,17.324
12.814,14.327,14.697,14.413,14.336,14.006,13.248,12.118,11.512,11.035,9.6786,9.5063,9.7636,9.0611,9.5063,8.736,8.9848,8.9387,9.5063,8.9387,8.9848,8.736,9.1669,8.4637,8.48,7.5154,7.8031,6.4926,6.1438,5.3529,10.353,12.243,13.122,13.248,13.947,13.647,13.382,13.778,13.617,13.947,13.382,13.778,13.164,13.454,13.133,12.619,13.133,12.254,12.084,12.254,12.118,10.77,10.615,10.083,10.192,10.498,10.511,10.192,10.339,8.736,10.511,13.164,14.865,15.791,16.44,16.398,15.231,15.999,14.735,14.48,14.211,14.124,15.544,16.067,15.5,17.194,17.645,17.448,18.558,18.969,19.987,20.417,21.127,19.787,20.585,20.818,21.022,19.953,19.724,17.033
12.612,13.862,14.85,14.137,14.137,13.386,13.661,12.71,11.224,11.076,9.8086,8.9258,8.5471,9.0332,7.5175,9.4654,9.4508,8.9412,8.9258,8.9412,8.9873,8.6114,9.4654,9.6528,9.4654,7.8757,7.7522,7.0442,5.7993,5.2504,10.031,12.48,12.999,13.386,13.458,13.691,13.499,13.55,13.691,13.782,13.651,13.782,13.691,13.448,13.126,13.252,12.699,11.973,11.563,11.904,11.563,11.138,9.9758,10.031,9.9896,10.422,10.824,10.824,10.031,8.5471,10.824,13.126,14.711,16.217,17.477,16.81,16.003,15.549,15.262,15.442,13.862,15.117,15.969,15.442,16.744,16.834,17.143,17.524,18.496,18.74,20.26,19.603,20.281,19.993,20.287,20.048,21.527,19.924,18.967,16.578
13.569,14.137,14.919,15.364,14.919,13.815,12.901,12.593,11.412,10.922,9.2525,9.2525,9.3881,8.6893,8.1044,8.8176,8.3769,9.0066,9.0532,9.4773,9.3881,9.2677,9.3881,9.115,8.4768,7.6409,7.876,7.206,5.994,4.8845,10.871,12.988,13.907,13.245,13.245,13.907,13.866,13.569,13.34,13.16,13.287,13.907,13.413,13.907,13.403,13.031,12.593,12.593,13.085,11.619,11.906,10.728,10.909,10.287,9.5511,10.409,10.922,10.728,10.596,8.7697,11.847,13.569,16.355,17.555,17.061,16.929,15.938,14.692,13.907,13.987,14.47,15.582,16.113,16.087,16.551,17.77,18.044,17.159,18.543,19.336,19.61,19.781,20.771,21.78,20.608,20.831,21.818,20.382,19.61,16.628
12.809,13.848,14.452,14.529,14.966,13.848,13.767,12.743,11.653,10.857,10.178,9.2558,9.2406,8.8696,9.1033,8.2141,8.995,9.2406,9.2406,8.995,9.134,8.5317,8.7264,9.2558,8.8696,8.3661,8.0766,6.8988,5.7233,5.3176,10.503,12.216,12.787,13.015,14.119,13.655,13.604,13.521,13.889,14.247,14.442,13.737,13.354,13.323,13.521,13.068,13.27,13.015,12.577,12.488,12.352,10.857,10.067,9.8421,9.8847,10.895,10.792,11.249,10.109,8.8062,10.395,14.237,15.059,17.08,17.275,16.965,16.127,14.9,15.732,15.882,14.825,15.918,15.856,16.092,16.539,18.099,18.268,18.707,19.078,19.663,19.946,19.577,21.297,20.751,21.297,21.545,21.441,20.744,19.311,16.3
11.849,12.789,13.547,13.024,13.31,12.789,12.031,11.751,10.447,9.5338,8.9545,8.8733,8.1949,8.6753,7.6088,8.0703,8.1418,8.0703,8.2302,7.9438,8.2302,8.0703,8.1418,8.4042,7.5515,7.3179,7.7033,6.5453,5.3802,4.4366,10.008,11.8,11.946,12.957,12.56,12.549,12.421,12.281,12.269,12.091,12.664,12.091,12.138,12.834,12.138,11.552,11.614,11.552,11.4,10.827,10.208,10.109,9.6244,9.3962,9.1464,9.6993,10.598,10.008,9.1464,7.9438,9.6993,13.013,13.885,15.218,14.685,15.416,14.356,13.451,14.245,13.579,13.968,14.437,14.122,15.189,14.457,15.64,15.997,16.15,17.566,17.828,18.277,18.301,19.436,19.914,17.917,19.204,19.972,19.286,17.763,15.686
13.215,14.924,15.717,15.394,14.726,13.642,13.31,11.594,11.737,11,9.6464,9.4118,9.1254,9.002,9.3671,8.798,8.7182,8.7502,9.6464,9.0947,9.6464,9.002,8.9865,9.0947,8.2064,8.3582,7.4758,7.0526,6.0272,5.5189,10.691,12.565,13.876,13.906,13.477,13.002,13.55,13.056,12.341,13.642,13.906,13.876,13.785,13.539,12.775,13.55,13.056,12.775,13.55,11.82,11.545,11.151,10.898,10.885,9.8754,10.264,11.642,10.264,10.168,8.798,10.493,13.876,16.464,18.327,17.259,16.949,17.942,15.999,15.119,14.515,15.119,14.745,16.285,16.99,15.867,17.73,18.502,18.043,19.843,19.06,19.067,20.115,21.466,22.189,20.805,20.805,22.259,19.983,19.644,17.154
12.712,15.163,14.531,14.827,14.396,13.739,12.8,12.887,12.091,11.213,10.179,9.8862,8.3673,9.5842,9.2572,8.0605,9.5402,8.2832,9.0429,9.242,9.3774,9.2572,9.3774,9.242,8.7598,8.7277,7.484,6.5458,6.0338,5.3968,10.597,12.545,12.8,13.325,13.492,13.921,13.492,13.8,13.492,14.298,13.85,13.769,13.891,12.8,13.388,13.356,13.23,12.489,12.876,12.919,11.75,11.251,10.597,10.11,10.179,10.504,11.113,10.584,9.7292,9.0119,10.166,13.921,15.274,16.843,16.431,17.789,17.302,15.734,16.121,15.237,14.396,15.564,15.787,16.302,16.19,18.71,18.248,17.993,20.082,19.885,20.365,20.365,20.151,20.365,20.427,20.55,20.666,21.168,18.484,16.617
13.014,14.295,14.937,14.393,14.325,13.797,13.562,12.576,11.616,10.542,9.9829,9.3756,8.7581,9.2402,8.9946,8.979,9.0566,9.0102,9.5823,9.4203,9.1336,8.9946,9.3756,8.7581,9.2554,8.482,7.1965,6.6295,5.2909,4.7324,10.713,12.709,12.786,13.52,13.848,13.489,13.322,13.551,13.396,13.654,13.489,13.797,13.736,14.246,13.322,13.551,12.742,12.742,12.215,12.352,12.169,10.856,10.595,10.502,10.582,10.856,10.791,10.713,9.8417,8.7581,11.124,13.489,15.731,16.706,16.529,17.404,16.815,15.624,15.407,14.974,15.561,15.38,15.784,15.882,17.275,18.113,18.518,18.267,19.375,18.996,20.113,20.251,20.635,21.296,20.147,20.743,21.328,20.844,20.327,17.404
12.809,15.152,15.562,15.453,14.296,14.394,13.919,12.798,11.556,10.714,9.6555,9.4207,9.5241,9.361,8.995,9.376,9.1033,8.5318,8.6782,8.5318,9.0105,9.0105,9.4207,8.6134,8.5318,8.0593,7.5758,6.3714,5.9157,4.8782,11.249,12.352,13.562,13.969,13.798,13.469,13.767,13.1,13.798,13.969,12.798,14.089,13.848,13.068,13.354,13.323,12.809,12.71,12.743,11.124,11.996,11.162,11.01,10.395,9.9412,10.039,11.162,10.582,10.274,9.0105,10.792,14.296,16.606,17.064,16.127,16.816,16.882,16.572,15.381,14.119,14.825,15.05,15.344,17.469,16.732,17.747,17.589,17.99,19.26,19.52,19.513,20.252,20.791,20.872,20.932,21.125,21.329,20.663,18.945,17.493
12.723,14.925,15,15.066,14.688,13.535,13.618,12.079,11.665,11.236,9.5342,9.7668,9.0666,9.8526,9.8526,9.0511,8.5408,9.2504,9.0045,9.0511,9.2656,8.879,9.2504,9.0045,8.6225,7.8742,7.7122,6.7,5.6306,5.025,10.646,12.32,13.566,13.284,13.274,13.577,13.504,13.284,13.577,13.504,13.4,14.213,13.4,14.457,13.504,13.337,13.566,12.888,13.242,12.286,11.336,11.174,10.175,10.646,9.4306,10.189,10.907,10.66,9.5489,8.7677,10.514,13.104,16.031,17.188,16.136,16.11,16.958,15.899,15.361,14.831,15.361,14.831,15.47,16.497,16.75,17.535,18.017,17.805,19.684,19.967,19.476,19.939,19.911,20.9,20.281,20.718,21.45,19.903,19.605,17.082
13.235,15.16,15.058,15.048,14.067,14.126,13.559,12.188,11.33,10.183,9.7185,9.7617,9.7185,8.7311,9.5439,9.0154,8.618,8.4704,9.0154,9.0619,9.1082,8.7311,9.2456,8.9998,8.487,8.2695,8.0636,6.9026,4.9944,4.7939,10.508,12.584,13.497,13.856,12.978,13.277,13.497,13.235,13.662,13.403,13.559,14.304,13.856,13.856,13.267,12.978,12.628,12.881,13.15,12.222,11.611,11.13,10.508,10.641,10.169,10.279,10.914,10.588,10.279,9.3661,10.401,13.977,16.005,16.101,16.825,17.048,16.446,15.882,15.678,14.983,14.643,14.709,16.309,16.615,16.949,16.85,18.597,18.354,19.415,19.249,19.928,19.766,20.619,21.413,20.228,20.291,21.308,21.498,19.645,16.85
12.739,15.422,15.258,14.821,14.085,14.243,13.382,12.338,11.308,11.007,9.7538,9.7107,9.8821,8.9926,8.6758,9.0081,8.977,9.0081,8.6111,8.9926,9.0081,8.5295,9.5362,9.8821,8.5459,8.0745,7.9523,7.3488,6.1689,4.9903,10.593,12.54,13.065,13.235,13.139,13.393,13.065,13.224,13.256,13.224,13.723,13.733,13.723,13.382,12.394,13.267,12.739,12.739,12.739,11.685,11.745,11.121,10.58,10.698,9.9807,10.632,11.601,10.271,10.037,8.7241,10.58,12.871,16.296,16.123,16.935,16.728,17.327,16.01,16.192,15.046,14.525,15.148,16.33,17.327,17.059,17.352,17.655,18.055,19.919,19.679,20.542,19.636,21.297,21.765,21.06,21.172,22.072,20.96,19.255,17.075
13.255,14.694,15.472,15.143,14.181,14.23,13.339,12.859,11.735,11.298,9.7019,9.031,8.8592,9.2449,9.1233,8.796,9.031,9.031,8.7482,8.8592,8.9845,8.8592,8.9845,8.8592,9.031,8.796,8.0845,6.7681,6.0258,5.2319,11.035,12.473,12.783,13.505,13.546,13.741,13.053,13.953,13.37,14.072,12.956,13.339,13.782,13.128,13.37,13.053,12.999,12.052,12.607,12.783,12.794,11.211,10.844,10.097,10.57,10.688,11.236,10.583,9.9717,8.456,11.543,14.23,15.767,16.713,17.568,17.448,16.46,15.767,15.408,16.134,14.741,15.837,16.796,16.553,15.855,17.726,17.592,17.568,18.945,20.228,21.272,20.611,21.1,21.403,20.564,21.416,22.304,21.166,19.15,16.392
11.745,13.71,13.444,12.995,12.657,12.6,12.38,11.794,11.344,10.755,8.671,7.9943,8.0842,8.4,8.2085,8.3482,8.4172,7.6995,8.4172,7.4901,8.4172,8.5027,7.9943,7.9399,8.2261,7.2348,7.0731,6.0123,5.3776,4.5946,9.0144,11.609,11.508,11.745,12.589,12.085,12.263,11.806,12.657,12.543,12.132,11.19,12.263,12.085,11.94,11.94,12.38,11.408,11.19,11.408,11.508,10.274,9.5139,8.6209,9.9157,9.7392,10.146,9.8865,8.754,7.9943,10.33,12.995,13.54,15.181,15.706,15.595,14.835,15.096,14.197,14.678,13.444,14.023,14.835,14.529,15.181,16.382,17.09,16.496,17.803,18.883,18.783,18.543,18.543,18.26,19.575,18.829,18.821,18.574,17.819,15.399
13.209,14.738,14.945,15.13,15.139,14.227,13.869,12.78,11.54,10.408,10.163,9.5253,8.2534,8.9978,9.0288,8.7938,8.8571,8.6659,8.4704,8.6012,8.9823,9.3478,9.5107,8.9978,8.9978,9.0904,7.8548,7.0493,6.0243,4.3571,10.528,12.953,13.45,13.304,14.069,13.584,13.335,13.471,13.949,13.748,13.45,13.748,13.533,13.304,13.071,13.533,13.304,12.725,13.209,12.79,12.335,10.995,10.528,11.108,10.633,10.528,11.381,10.421,10.581,8.9823,11.43,13.241,14.804,16.13,17.564,17.056,17.761,16.916,16.13,16.208,14.227,16.13,16.591,16.104,15.71,17.564,18.25,18.379,18.432,19.896,20.634,20.775,20.634,21.371,21.042,20.936,21.266,21.042,19.051,17.308
13.245,14.708,15.269,15.361,14.718,13.743,13.763,12.313,11.718,10.9,9.8893,9.7323,9.245,8.8738,9.3654,8.5357,8.5357,8.7305,9.7178,9.245,9.2601,8.7305,9.1075,9.0613,8.6174,8.0107,7.816,6.9021,5.823,4.994,10.587,12.804,13.527,13.855,13.855,13.329,13.661,12.88,13.558,13.804,13.558,13.804,14.303,13.329,13.733,12.583,13.276,12.583,12.891,12.793,12.583,11.129,10.913,10.719,10.278,11.167,10.913,10.913,10.113,8.37,10.587,13.496,15.278,16.1,16.436,16.614,16.1,15.792,14.982,15.066,14.945,15.388,16.419,15.388,15.96,17.364,18.03,17.692,18.716,19.385,19.701,19.927,21.339,21.015,20.645,20.754,22.265,20.434,20.227,16.58
13.377,14.31,14.271,13.993,14.554,14.32,13.345,12.83,12.294,11.466,9.9014,9.4811,8.7733,9.1494,9.1187,8.0729,9.2563,9.7297,8.8846,9.1187,9.0723,8.628,9.0258,9.4366,8.1076,8.5462,7.7171,7.0712,5.9964,5.4051,9.8588,12.72,12.819,12.907,13.912,13.513,13.09,13.585,13.75,14.271,13.678,14.467,13.575,13.791,13.513,13.544,13.112,12.939,12.764,12.373,12.202,11.343,10.81,9.958,10.732,10.926,11.231,10.732,9.5549,9.2563,10.732,13.492,14.783,15.758,16.969,16.96,16.12,15.379,15.37,16.12,15,14.764,15.66,15.452,15.936,16.911,18.276,17.817,19.293,18.94,20.182,20.064,19.718,20.314,20.452,20.826,20.397,20.86,18.581,17.547
12.93,14.211,15.368,14.839,14.072,14.407,13.272,12.886,12.5,10.802,9.993,8.8781,9.0502,9.0036,9.1428,10.486,9.0657,8.6865,8.7348,8.8147,9.1428,9.548,9.1428,8.6217,8.4905,8.0844,7.2037,6.5511,5.63,5.5295,10.906,12.556,12.722,13.565,13.617,13.272,13.399,13.74,13.902,13.993,13.617,14.261,14.023,14.543,14.543,13.811,13.241,13.272,13.241,11.843,12.227,11.135,11.135,10.405,10.446,10.553,10.919,11.172,10.063,9.4742,10.645,13.575,14.999,16.444,16.923,16.748,16.555,15.055,14.914,14.725,15.064,14.839,15.286,17.292,16.546,16.956,17.976,18.015,19.103,18.537,19.488,19.66,20.237,20.662,20.764,20.985,20.382,20.628,19.074,16.622
13.28,14.848,15.073,15.258,14.318,14.348,13.163,12.473,11.378,10.73,9.4799,9.5536,9.2702,8.74,9.7716,7.9667,8.6917,8.545,9.0245,9.5536,9.7428,9.0245,9.7716,9.255,8.2949,8.82,8.4956,7.1099,6.1801,4.7399,10.665,13.248,13.344,13.511,13.819,13.344,13.573,13.291,13.49,13.778,13.49,13.789,13.91,13.819,13.542,13.248,13.089,12.597,12.2,12.372,12.507,10.717,11.464,10.809,10.599,10.652,10.873,10.809,9.9001,8.8834,10.717,13.625,14.848,15.881,17.52,17.806,16.454,15.405,15.45,15.658,14.269,13.991,15.258,15.881,14.876,17.648,18.049,17.648,18.616,18.871,19.722,19.29,20.823,20.145,20.145,20.579,21.734,21.211,19.026,16.256
13.762,15.459,15.055,14.943,14.707,13.853,13.474,12.704,11.609,10.586,10.113,9.6591,9.2592,8.2172,8.01,8.2342,8.469,8.6166,9.0604,9.0139,9.0139,9.0139,8.5349,9.3645,7.9573,8.0796,7.8152,7.0619,6.0351,5.398,11.052,12.402,13.328,13.732,13.762,13.742,13.265,12.726,13.974,14.064,13.275,13.974,13.974,13.495,12.715,13.148,12.802,13.233,12.976,12.626,11.426,11.166,10.718,10.718,9.9449,10.223,11.216,10.586,9.5423,8.8095,11.052,14.124,15.046,17.045,16.621,17.233,16.971,14.99,15.432,15.387,14.83,15.046,15.495,16.002,16.443,17.144,17.785,18.028,18.028,19.649,19.869,19.649,21.013,21.805,20.432,21.311,21.824,21.291,20.142,17.176
11.407,13.356,13.079,13.068,13.356,11.946,12.236,11.407,9.7486,9.4439,8.5501,7.8735,7.6856,7.7424,7.3551,7.5318,7.9841,7.7424,7.5124,7.7424,7.7989,7.7424,8.1113,7.5898,7.3551,7.3551,6.6888,5.7483,5.13,4.2234,9.6733,10.949,11.369,11.872,12.355,11.81,11.698,11.56,11.909,11.673,11.909,11.909,12.26,11.909,11.458,12.355,11.648,11.148,11.369,10.444,10.652,10.26,9.4439,9.9416,9.2404,9.0647,10.059,9.2087,9.1928,7.5898,9.8678,11.458,13.09,14.06,14.957,14.957,14.76,13.818,13.861,13.356,13.168,14.287,13.787,14.849,13.903,15.466,14.849,15.904,15.766,16.658,17.918,16.824,18.934,19.05,17.713,18.394,19.384,18.394,16.928,15.228
13.587,15.031,15.407,14.957,14.278,14.807,13.546,12.705,11.734,10.583,8.9995,9.5271,9.3495,7.9446,8.5377,9.0305,9.2444,8.3558,9.4091,8.472,8.9684,8.9995,9.4091,9.0305,8.7157,8.221,7.8562,6.5368,6.3636,4.7855,10.701,12.439,13.338,13.473,13.38,13.473,13.831,13.338,13.587,13.243,13.254,13.872,13.962,13.38,13.074,13.74,12.562,12.371,12.782,12.051,12.166,11.21,11.235,11.148,10.463,10.688,11.11,10.701,10.096,9.0921,11.638,13.962,16.795,16.919,17.599,16.552,17.075,16.417,15.407,15.435,14.278,14.966,16.911,16.51,17.075,17.149,18.161,17.999,19.025,19.446,20.779,19.942,20.399,21.725,20.96,21.145,21.847,21.119,19.617,17.599
12.018,12.922,14.067,13.437,13.275,12.821,11.873,11.401,10.226,9.9105,8.6163,8.3611,8.6163,7.9901,7.6954,7.8257,8.1865,7.3104,7.9356,7.9901,8.1865,8.4127,7.9901,8.6664,8.0799,7.2309,7.2109,6.6481,5.3747,4.5921,9.8079,10.883,12.185,12.018,12.268,12.28,12.078,12.018,11.897,12.018,12.256,13.469,12.256,12.373,11.934,12.547,11.627,11.49,11.184,10.87,10.883,9.9105,9.6894,10.436,9.247,9.3865,10.38,9.6894,9.6745,8.4981,10.268,12.989,14.551,15.67,16.106,15.734,15.962,15.135,14.19,13.608,13.703,13.985,14.067,15.087,14.972,15.807,16.347,16.32,17.548,17.174,17.802,18.25,18.494,18.88,19.018,19.468,20.677,19.828,18.345,15.807
12.691,14.949,15.235,15.39,14.79,14.292,13.458,12.713,11.577,11.085,9.3985,9.1125,9.234,9.4429,7.9357,9.0819,8.5117,9.0819,8.7059,9.234,9.0203,8.7379,8.3464,9.4429,8.5932,8.2118,7.558,7.0822,6.4435,4.98,10.518,11.968,12.941,13.694,13.936,13.856,12.984,14.213,13.239,13.936,13.354,13.489,14.085,13.489,12.941,13.765,13.059,12.049,11.862,12.187,12.768,11.395,10.984,10.676,10.882,10.043,11.297,11.185,10.249,8.7059,11.098,13.976,16.304,17.476,18.841,18.294,16.892,16.834,16.398,16.089,15.345,16.262,17.04,15.819,16.089,17.428,17.932,17.452,18.678,19.709,20.499,20.308,21.115,20.916,21.358,21.122,22.594,21.036,20.101,17.194
13.455,15.745,15.745,15.196,14.357,14.25,13.517,12.422,11.86,10.88,9.9579,9.217,9.3966,8.51,7.7924,8.7361,8.972,8.5263,9.441,9.0185,8.972,9.0185,8.972,9.0339,8.2101,8.0733,8.0387,6.7587,5.304,4.8658,10.88,12.776,12.765,13.933,13.691,13.455,13.62,13.362,13.517,13.813,13.62,14.405,14.259,13.289,13.194,13.943,12.852,12.511,13.194,12.511,12.355,11.096,10.88,10.982,10.88,10.152,11.575,11.282,10.083,8.7041,11.527,15.232,16.572,17.231,18.014,17.639,17.615,16.112,15.369,15.665,15.113,15.956,16.258,16.689,17.288,16.689,17.408,18.741,19.584,19.47,20.825,19.534,21.347,21.301,20.61,20.798,22.053,21.011,19.211,17.615
12.898,15.128,15.357,15.11,14.736,14.176,13.736,12.07,11.587,10.406,10.024,8.7928,8.9968,8.9657,8.2693,8.2016,8.7928,9.12,8.6649,9.5242,9.3467,8.9968,8.6002,8.4694,8.6649,8.2016,7.1858,6.8883,5.9067,4.9841,10.42,12.288,12.854,13.449,13.302,13.208,13.827,13.469,13.25,13.827,13.746,13.867,13.898,13.334,13.334,13.376,13.208,12.723,13.08,12.723,12.789,11.207,10.697,10.526,10.406,10.203,11.343,11.294,9.7415,8.7131,11.107,14.65,15.017,17.037,18.43,17.49,17.712,16.581,15.538,16.309,14.42,15.761,15.761,15.33,15.357,17.562,17.562,18.43,19.887,20.083,20.933,20.083,20.846,21.395,21.661,21.505,22.214,20.933,19.44,17.2
11.625,13.94,12.908,12.818,13.477,12.773,11.5,11.297,11.399,9.6726,9.5069,8.1318,7.3089,7.0679,7.1693,7.3089,8.1318,8.0605,8.0784,8.0605,8.1318,7.75,7.8241,8.2025,7.6939,7.6939,6.8395,6.0079,6.0079,4.9543,9.6875,11.297,11.834,11.931,12.773,12.499,12.277,12.076,12.986,12.499,12.986,12.277,12.579,12.579,12.371,12.919,11.871,11.399,11.285,11.078,11.297,10.639,9.7321,9.151,9.806,9.5675,9.6726,9.6875,8.895,7.75,9.7321,12.579,14.064,14.618,15.804,16.121,15.593,14.824,15.056,14.824,13.982,13.7,15.132,15.275,14.931,16.317,17.069,17.346,16.822,17.725,18.529,19.375,18.991,19.059,18.869,19.375,19.89,18.63,17.304,15.397
13.223,14.512,14.892,14.358,14.58,14.426,13.537,12.338,11.311,11.149,9.7166,9.5132,8.6682,8.5384,7.9453,8.6035,8.6035,8.6682,9.2301,8.7962,8.5384,8.5384,8.5384,9.2452,8.8595,8.2556,7.9277,7.1885,5.9089,5.2851,10.583,12.167,12.772,12.563,13.639,13.255,13.639,13.588,13.782,13.547,14.181,14.043,14.043,13.963,13.308,13.053,13.075,12.783,12.706,12.372,12.064,11.543,10.152,10.583,10.844,10.583,11.236,10.688,10.207,9.0467,11.311,14.358,15.042,16.596,18.566,17.884,16.596,16.863,16.409,15.363,15.363,15.363,17.118,15.687,16.418,18,17.954,17.977,18.701,19.669,20.828,19.81,20.394,21.559,20.673,21.772,22.052,20.332,19.433,18.247
13.244,14.957,15.408,14.435,14.684,13.902,13.536,12.684,11.591,10.055,9.35,8.9999,8.6679,8.8592,8.6033,8.2553,8.6033,8.9999,9.0464,8.9999,8.9999,8.6679,9.0464,9.8305,8.0498,8.3562,8.2553,6.8907,6.1859,5.3113,10.424,12.326,13.223,13.339,13.255,13.546,13.255,13.053,12.999,13.546,13.053,13.741,14.181,13.953,13.212,13.453,13.223,13.474,12.167,11.982,11.734,10.57,10.688,10.701,10.261,10.997,11.675,11.31,10.701,8.9999,10.688,14.541,16.074,17.883,17.432,16.46,16.945,16.821,15.864,15.363,15.335,16.46,15.89,16.595,15.606,16.92,18.49,17.945,19.15,18.974,20.228,19.49,21.765,21.565,21.402,21.12,22.422,20.719,20.414,17.336
13.719,15.338,15.109,14.933,14.783,14.049,13.524,12.542,12.307,10.366,9.5121,9.6285,8.5079,8.702,8.5079,8.242,8.5893,8.6539,9.1084,9.2299,9.5121,8.734,9.4387,9.3498,8.5893,8.0713,7.8439,6.7571,6.016,5.2233,10.618,12.181,13.317,13.452,13.88,13.064,13.191,13.106,13.359,13.617,13.97,14.488,14.353,13.688,13.201,14.197,13.201,13.452,13.233,12.453,11.798,11.415,11.715,10.979,10.245,10.865,10.878,11.131,10.245,8.9853,11.857,14.353,15.873,17.179,17.227,16.685,17.251,16.047,15.873,15.091,15.626,16.108,15.626,17.42,16.391,17.539,18.877,18.354,19.126,18.714,19.7,19.911,21.633,21.755,21.105,21.53,22.731,21.211,20.057,17.947
13.494,15.53,15.458,15.602,14.672,14.413,12.783,12.717,11.948,11.102,9.3422,9.0388,8.7885,8.3492,8.5146,8.596,8.9924,8.9613,8.4653,8.9924,8.9924,8.596,8.9924,8.9924,8.596,8.7408,7.5605,6.8849,5.7117,4.7817,10.627,12.316,13.201,13.327,13.359,13.729,13.042,13.243,13.243,13.941,13.535,14.169,14.218,14.218,13.243,13.525,12.717,13.201,12.848,12.462,11.399,11.423,11.189,10.401,10.198,10.401,11.913,10.886,10.253,9.0849,11.202,14.87,15.7,17.2,17.813,17.585,17.434,16.06,15.323,16.06,15.323,15.01,14.936,16.698,17.135,17.625,17.743,18.669,18.907,18.602,20.621,19.715,21.029,21.81,21.102,21.547,22.052,21.708,19.884,17.585
13.237,15.159,15.452,14.964,14.671,14.441,12.97,12.396,12.18,11.223,9.5378,8.6125,8.465,7.865,7.865,8.2132,8.994,9.0406,9.2396,9.2396,8.5472,8.994,9.2396,9.0096,7.9535,8.0758,8.5308,7.4257,5.9151,5.317,10.052,12.796,13.067,13.766,13.227,13.227,13.258,12.883,13.269,13.269,13.561,14.671,13.735,13.978,12.916,14.373,13.52,13.088,12.796,12.576,11.615,11.211,10.647,11.555,10.435,10.907,11.047,10.855,10.272,9.36,10.907,13.735,16.186,17.354,16.604,16.705,16.872,15.872,15.379,14.823,15.379,16.409,15.712,16.435,16.332,18.243,17.785,18.097,18.965,18.608,19.374,20.278,20.606,21.691,21.003,20.66,21.425,20.606,19.258,16.839
13.233,15.42,15.698,15.347,14.818,14.241,13.721,12.381,11.885,10.709,8.9911,9.13,9.4166,8.4787,8.2784,8.5445,9.0377,8.5281,8.7227,8.9911,8.8658,9.2518,8.7227,9.2367,8.0558,8.0905,7.8625,6.4342,5.9132,4.8761,10.591,11.885,13.254,13.842,13.842,13.233,13.095,13.222,12.737,13.233,13.484,14.29,14.628,13.792,12.715,13.721,13.084,13.349,12.966,11.743,12.176,11.244,10.591,10.852,10.696,10.903,11.648,10.709,10.418,9.4166,11.319,13.39,16.293,16.833,17.739,17.032,17.089,16.404,15.627,15.145,15.42,14.436,16.293,15.698,15.725,17.056,17.073,17.517,18.9,19.447,20.14,19.937,20.429,21.762,21.076,21.418,22.27,20.735,19.874,17.032
13.09,14.529,15.133,15.152,14.966,13.848,13.323,12.621,11.713,11.361,9.8848,8.8063,8.8697,8.3661,8.2142,8.8063,9.134,9.1033,9.2407,8.6782,9.0571,8.2651,9.0571,8.6135,9.134,7.8659,7.6311,6.9595,6.3934,5.9157,11.048,11.937,12.398,12.721,13.562,13.068,13.396,13.228,13.27,14.296,14.296,13.889,14.325,13.848,13.27,13.49,13.737,13.26,12.066,12.544,12.721,11.162,10.543,10.436,10.543,10.714,11.124,10.582,9.9413,9.1033,11.324,13.979,15.49,16.411,17.684,17.589,16.882,17.08,16.119,16.066,13.969,14.247,16.153,16.411,17.276,17.589,18.367,17.998,18.337,19.585,19.833,19.114,19.513,20.663,20.825,22.008,21.33,20.744,18.967,17.039
11.681,13.009,13.009,12.736,12.828,12.351,11.978,10.672,10.631,9.6795,8.5555,8.4695,7.5172,8.1883,7.7474,7.3597,7.7474,7.7474,8.2418,7.9892,7.8785,7.5172,8.044,7.2596,7.2596,6.693,6.8871,5.9766,5.3292,4.3625,9.4499,10.956,11.504,11.414,11.706,11.681,11.706,12.099,12.16,11.953,12.339,12.551,12.244,11.916,12.363,11.867,11.978,11.618,11.298,10.506,10.876,9.634,9.2146,8.8085,8.725,9.634,9.7398,8.8747,8.7417,8.044,9.634,11.867,13.527,14.11,15.495,15.617,15.16,14.234,13.527,13.912,13.364,13.177,13.364,13.309,14.11,15.16,15.923,15.16,15.617,16.215,17.799,17.425,17.483,17.922,18.141,18.181,19.51,17.749,16.484,14.719
13.486,14.895,15.566,14.98,14.895,13.884,13.256,12.45,11.601,10.632,9.7534,8.5291,8.8035,9.1311,9.0542,9.1004,9.0542,9.0077,9.1311,9.1004,9.2378,8.3635,8.2116,8.0568,8.0741,8.0045,7.8634,6.3914,5.9139,5.4459,10.853,12.573,13.086,13.486,13.392,13.517,13.086,12.794,13.382,14.193,13.884,13.965,14.242,14.447,14.282,13.844,13.234,13.096,13.763,12.394,12.212,11.246,10.579,10.905,10.592,10.499,11.308,10.905,10.161,9.2378,10.789,14.82,15.7,17.001,16.601,17.607,17.327,16.191,16.398,14.592,15.376,15.34,14.37,17.463,16.148,17.583,17.742,18.239,18.924,17.899,18.694,19.254,19.749,21.065,20.541,21.349,21.848,21.809,19.507,17.399
12.973,15.06,14.967,14.636,14.911,13.97,14.06,13.016,12.067,10.649,9.7286,8.7272,8.679,8.4832,7.8666,9.466,8.8705,9.2566,9.2415,9.8431,9.1348,9.1041,9.1348,8.3669,8.0947,7.0995,7.3514,6.372,6.1711,4.7918,10.909,12.387,13.144,12.7,13.656,13.491,13.656,13.397,13.97,14.854,13.85,13.769,14.636,13.85,13.738,13.799,13.491,13.229,12.744,12.399,11.642,10.858,10.702,10.437,10.909,11.163,11.312,10.858,9.6564,8.679,10.583,14.248,14.854,17.471,16.817,17.59,16.608,15.671,16.155,15.919,15.236,14.453,15.563,16.616,16.301,17.065,17.906,18.224,18.969,18.581,19.891,20.08,20.15,20.426,21.331,21.067,21.696,20.219,18.888,16.842
12.071,13.343,13.81,13.429,13.758,12.355,12.249,11.216,10.81,9.5184,9.1317,7.8211,7.747,7.5965,7.747,7.4817,7.6909,8.678,8.1817,7.4817,8.4078,7.8211,7.747,8.0752,7.5965,7.5965,6.983,6.1245,5.3984,4.5579,9.6837,11.074,12.011,12.273,12.261,12.011,12.249,11.927,12.586,12.992,13.003,12.459,13.343,12.401,12.071,12.734,11.89,11.781,11.382,11.293,11.074,10.092,10.192,9.3964,9.381,9.8609,10.81,9.7283,9.5638,7.6909,9.5184,12.459,13.557,15.862,16.195,15.688,15.382,14.896,14.779,14.671,13.945,14.191,14.463,15.494,15.382,16.24,16.434,16.399,16.961,17.734,18.334,17.888,19.457,18.991,18.869,19.817,19.962,19.991,17.62,15.615
11.859,13.686,14.294,13.957,12.995,12.76,12.063,11.724,10.326,9.8983,9.1415,8.7386,7.6295,7.1619,7.1619,8.0522,8.589,8.3508,8.07,8.3852,8.7386,8.0522,8.2116,8.0522,6.9991,6.8745,6.5306,5.7816,5.3681,4.5865,9.6775,11.324,11.785,12.003,12.17,11.81,12.578,12.393,11.919,12.532,12.805,12.76,12.984,13.258,12.358,12.532,11.822,11.822,12.003,10.87,10.696,10.086,9.375,9.8983,9.3903,9.8983,9.8545,10.086,9.2668,7.9803,10.655,13.591,14.603,16.719,16.326,16.326,16.3,15.381,14.954,13.998,13.591,14.809,13.967,15.567,14.662,16.015,16.229,16.95,17.609,17.723,17.844,17.715,18.979,19.333,18.634,20.121,20.179,19.243,17.253,15.651
11.858,12.972,13.749,13.463,12.983,12.264,11.588,11.053,10.423,9.6771,9.2665,8.4874,7.4766,7.6857,7.2218,7.5342,7.98,8.1231,8.7383,8.0697,8.3505,8.0519,8.3505,7.5342,8.0519,7.4766,6.6397,6.0731,5.2868,4.1925,9.7217,10.803,12.063,11.822,12.577,11.919,12.063,12.241,12.52,12.532,12.52,12.635,12.983,12.759,12.669,11.588,11.613,11.475,12.063,11.066,11.17,10.423,9.6024,9.1727,10.085,9.512,10.423,9.6771,9.1255,8.0697,11.066,13.58,14.74,15.96,16.466,16.299,16.536,14.533,13.686,15.116,13.548,14.323,15.192,15.493,15.714,16.014,16.184,16.718,17.211,18.282,18.447,18.164,18.978,19.354,18.88,19.242,20.845,19.926,17.771,16.246
12.25,13.696,14.304,13.696,12.993,12.938,11.484,11.534,9.8763,9.6845,8.2,8.3396,8.4085,7.4823,7.54,7.9861,7.0042,7.6351,8.1293,8.058,8.4939,7.6915,8.1824,8.2176,7.9861,6.5353,7.2073,5.7105,5.6085,4.5583,9.5192,11.075,12.179,12.25,11.733,12.367,12.402,12.179,12.356,12.179,12.402,13.43,12.769,12.993,12.993,11.782,11.867,12.155,11.831,10.663,10.864,9.9925,9.7291,9.9055,9.2735,10.333,10.582,9.7291,9.2424,8.0759,10.319,12.993,15.662,16.662,15.972,16.435,15.863,14.274,14.101,13.462,13.947,15.137,14.101,15.204,14.751,14.858,16.125,16.826,17.539,17.165,17.671,18.058,18.764,19.884,19.339,19.369,20.186,18.871,18.178,15.588
12.538,13.943,13.597,12.934,13.286,12.979,12.009,11.73,11.059,10.033,9.3948,7.984,8.1803,8.1803,7.5952,8.056,8.2155,8.1979,7.6896,8.1979,8.3375,8.4917,7.6896,8.3892,7.5381,7.7456,6.9818,6.5337,5.7091,4.8633,9.5016,11.072,11.594,11.494,12.364,11.925,11.925,11.494,12.457,13.001,12.934,13.34,12.399,12.584,11.73,12.732,12.247,12.009,11.888,10.808,11.072,10.091,9.6073,9.5168,9.1301,9.5168,10.19,9.6821,9.1459,8.4917,10.331,12.811,15.2,16.148,15.859,15.612,16.157,15.2,15.379,14.3,14.61,14.189,14.27,16.361,14.816,16.649,16.334,16.658,17.093,16.684,17.486,18.292,18.229,19.342,19.124,19.282,19.748,19.23,17.261,15.686
12.87,15.409,14.685,15.144,14.28,14.073,13.075,12.772,11.818,10.384,9.7024,9.2303,8.2727,8.0503,7.9455,8.6038,8.4729,8.2558,9.0469,8.6685,9.2303,8.5222,8.5386,8.3567,8.3567,8.4729,7.3425,6.8911,5.8378,4.9861,10.702,12.339,13.213,13.742,13.475,13.128,13.255,13.454,13.752,14.618,13.833,14.377,13.475,14.073,13.381,14.28,13.255,13.475,12.696,11.982,11.64,11.237,10.584,10.464,10.623,10.571,11.036,10.384,10.097,9.2303,11.149,15.245,15.767,16.921,17.208,17.433,18.438,16.101,15.9,15.688,15.391,16.325,15.9,16.863,16.418,17.118,18.946,18.975,19.405,18.385,21.042,20.565,20.401,20.673,20.721,20.982,21.417,20.64,19.151,17.118
13.475,14.723,14.884,14.695,14.884,14.231,13,13.075,11.149,10.896,8.985,8.3568,8.0503,7.8037,8.085,8.5223,8.7168,8.7487,8.7168,8.5223,8.8598,8.985,9.3656,8.7965,9.0006,8.2559,7.6955,6.8709,5.9796,5.2054,10.491,11.7,12.957,13.086,13.255,13.64,13.381,13.213,13.833,13.954,13.782,14.28,13.308,14.221,12.871,13.954,13.547,12.773,13.054,12.076,11.592,11.036,10.424,10.262,10.262,10.262,11.348,10.636,10.056,9.7169,11.112,14.685,16.282,18.619,17.256,18.438,17.061,16.135,16.596,14.958,14.742,16.075,15.9,16.101,16.075,17.45,18.347,17.513,19.239,19.21,19.98,20.195,20.721,22.255,21.306,21.247,22.028,20.802,19.563,17.505
13.087,14.632,14.708,14.935,14.439,13.845,13.236,12.619,11.71,11.358,10.037,8.7566,8.0923,8.8045,8.7246,8.8045,8.6116,9.1014,9.1321,9.0087,9.5368,8.9776,9.0087,9.1014,8.3644,8.0923,7.4813,7.1953,5.9145,5.0186,10.393,12.451,12.74,12.718,13.56,13.795,13.487,13.225,13.845,14.293,13.795,13.466,13.754,13.487,13.734,13.012,13.734,13.066,11.935,12.338,11.829,11.321,10.393,9.8401,10.271,10.906,10.593,11.159,9.9813,8.9931,10.906,13.976,14.963,16.331,18.095,18.11,17.166,16.425,16.812,16.228,14.935,15.914,16.331,15.405,15.729,17.489,18.703,18.546,18.718,19.638,21.068,20.144,19.687,19.751,21.081,21.279,20.638,20.867,19.372,17.783
12.282,13.439,13.705,13.482,13.277,12.469,11.79,11.302,10.27,9.6913,9.1229,8.2233,7.753,7.8272,7.0707,7.9916,7.526,8.3972,8.135,8.0636,8.135,8.0636,8.135,7.9916,8.0636,7.6404,6.9885,6.5399,5.3757,4.9562,9.6913,11.505,11.875,11.802,12.08,11.391,12.021,11.391,11.79,12.504,12.282,12.778,13.6,12.021,11.936,12.188,11.936,11.186,11.492,11.542,11.225,10.1,9.8832,9.1861,9.4037,9.6913,10.382,9.9995,9.1546,7.753,10.043,12.128,14.624,15.673,16.56,15.983,15.599,15.281,14.604,14.445,13.45,13.769,14.604,14.761,15.811,15.82,16.56,16.208,17.211,17.813,19.067,18.404,19.021,18.884,18.815,18.254,20.071,19.248,17.813,15.811
13.189,14.866,14.782,14.4,15.117,14.857,13.43,12.706,11.714,10.67,9.8135,9.0307,8.6529,7.9312,8.5069,8.7329,9.0152,8.5233,8.7329,8.3417,9.2288,8.701,8.7806,9.511,8.9843,8.8438,7.843,7.0978,6.0153,5.2227,10.683,11.571,13.232,13.615,13.347,13.347,13.451,13.347,13.482,13.697,14.048,13.968,14.048,13.808,13.697,13.221,13.347,12.977,13.03,12.76,12.18,11.571,10.683,11.092,10.512,10.876,11.583,10.565,10.405,8.9688,11.619,14.41,16.046,16.858,18.555,18.375,17.969,17.306,15.739,15.089,14.487,14.487,17.014,16.683,17.688,17.561,17.282,18.154,18.653,19.944,21.339,20.548,21.11,21.688,20.818,21.235,21.988,21.11,20.548,16.891
13.711,15.316,15.243,15.031,14.684,13.772,13.076,12.159,10.837,11.104,9.3439,8.9785,8.7901,9.2237,8.4668,8.216,8.4668,9.4034,9.0404,9.0866,9.2237,9.0866,8.5976,9.4034,8.9785,7.5064,8.3507,6.8659,6.3597,5.514,10.376,12.375,13.465,12.991,13.465,13.711,13.701,13.361,13.465,13.246,13.246,14.221,14.367,14.172,13.823,13.63,12.85,12.598,13.066,12.521,12.067,11.583,10.875,10.523,10.417,11.028,11.81,10.629,10.09,8.2668,11.191,14.348,16.313,16.534,18.605,17.195,16.975,16.584,15.542,15.316,14.798,15.685,16.584,14.948,15.234,17.628,18.485,17.988,19.138,20.07,20.927,20.625,20.571,21.66,21.712,21.544,21.967,21.033,19.549,17.008
13.045,14.609,15.381,14.874,14.571,14.349,13.528,12.045,12.056,11.029,9.9237,9.3595,8.0624,9.2244,8.5168,8.7111,9.2395,8.854,8.7908,8.5983,9.0873,9.1179,8.9947,8.9947,8.7908,7.8521,8.0797,7.106,6.1823,5.6147,10.695,12.786,12.949,13.247,13.331,13.373,13.528,13.299,13.864,14.3,14.212,14.271,14.958,13.733,13.945,13.539,13.702,13.539,12.522,12.555,12.522,11.029,10.404,10.404,10.889,10.889,10.991,10.577,10.16,8.9792,11.029,14.504,15.534,16.778,18.517,18.028,16.399,16.09,16.09,15.399,14.532,14.647,15.89,17.302,16.51,17.989,17.989,17.59,19.022,19.421,21.134,20.545,20.707,20.388,20.895,21.39,21.39,21.154,19.847,16.408
12.079,13.154,13.374,13.065,12.885,12.139,11.636,10.871,9.7383,9.2306,8.2278,7.7342,8.541,7.5818,6.8328,8.4552,7.2069,7.7906,7.7342,7.6774,8.7102,8.0304,8.1207,7.6774,7.6393,7.9757,7.2473,6.159,5.4018,4.3551,9.4339,10.938,11.56,11.896,12.318,11.994,11.896,11.459,12.247,11.896,11.847,12.471,13.009,12.529,12.318,12.139,11.459,11.136,11.896,11.084,10.278,9.9605,9.8574,9.9164,9.5721,9.1831,10.488,9.9605,9.2464,7.7906,9.199,12.342,14.086,15.019,14.545,15.591,15.009,13.772,13.634,13.505,12.342,13.548,14.414,15.135,14.545,14.744,15.048,15.468,16.676,17.261,16.91,16.919,18.158,19.144,18.118,18.658,19.394,17.989,17.056,14.595
12.201,13.314,13.194,13.325,13.194,11.803,11.803,11.404,10.154,9.2903,8.6778,8.3547,7.9461,7.4959,7.5536,8.0005,8.0905,8.0726,7.5536,8.0005,8.0905,8.372,8.0905,8.5093,7.4959,7.4959,7.32,6.5472,5.5408,4.8734,9.1331,10.977,11.237,12.201,12.39,12.272,12.034,12.094,12.142,13.454,12.792,12.552,13.194,12.552,11.505,12.61,11.889,11.517,11.353,11.949,11.505,10.011,9.9235,9.7021,9.5365,10.449,10.239,10.011,9.8942,8.0726,9.8208,12.39,14.64,15.107,15.644,16.154,15.411,14.208,13.497,14.208,13.094,13.784,15.011,14.778,14.963,15.307,15.718,15.755,17.019,17.431,17.768,18.051,18.658,19.232,19.088,19.292,19.978,18.408,17.817,15.078
13.145,14.697,14.781,15.021,13.997,13.849,12.687,12.291,11.028,10.814,9.1609,8.2106,8.4582,8.0241,7.745,9.2951,8.2106,8.6829,9.4565,8.4582,9.1609,9.0248,8.7931,8.9174,8.7931,7.7981,7.5652,7.4183,6.403,4.75,9.8973,12.076,12.38,13.114,13.445,13.145,13.156,13.445,13.374,13.769,13.967,14.404,14.269,13.679,14.075,13.769,12.956,13.145,12.977,12.076,11.729,11.152,10.491,10.491,10.608,10.915,11.127,10.763,9.6723,8.9328,10.333,14.173,16.159,17.437,17.127,16.27,16.695,15.772,15.596,15.221,14.508,14.404,15.49,16.193,16.295,16.388,16.916,17.75,18.449,18.352,18.913,19.238,20.572,20.665,19.409,21.411,21.217,19.69,19.094,17.437
12.882,14.91,14.606,14.768,13.766,13.53,13.499,12.406,11.648,10.509,9.1399,8.6838,8.2194,8.2874,7.9419,8.4714,8.2704,8.4714,9.0164,8.4879,9.3671,9.0629,9.1092,9.1399,8.7641,8.2874,7.4877,6.7804,5.7025,4.8814,10.184,12.224,13.109,13.331,13.53,13.394,13.499,13.898,14.207,13.077,13.978,14.256,13.978,14.256,13.109,13.236,13.109,13.776,12.729,11.232,11.66,11.169,10.171,11.319,10.28,10.708,11.232,10.799,10.226,9.6617,11.232,13.735,15.893,17.536,16.818,17.075,16.851,16.447,16.49,14.834,14.227,15.391,15.05,15.919,16.583,16.893,18.257,17.287,19.134,19.09,19.647,20.161,20.945,21.559,21.343,20.804,21.422,20.892,19.425,17.464
13.535,14.891,14.834,14.919,14.511,13.253,13.211,12.438,11.346,10.529,9.7154,9.0302,9.9287,8.3555,8.9992,8.4717,8.6025,8.4552,8.2547,8.4717,8.6672,8.7154,8.9837,9.229,8.6025,8.2208,7.6943,7.1877,6.0253,5.0133,10.996,11.817,13.74,13.052,12.771,13.719,13.78,13.379,13.871,13.78,13.831,14.307,14.278,14.424,13.052,13.991,13.211,12.782,13.084,12.2,11.957,11.097,11.235,11.11,10.489,11.21,11.59,11.309,10.687,9.4088,11.097,14.229,16.072,17.566,16.919,17.662,17.725,16.322,15.407,14.919,14.919,15.04,15.215,16.886,16.39,17.662,18.161,18.321,19.097,19.214,19.388,19.921,20.582,21.789,21.045,21.724,21.98,20.521,20.254,16.853
11.832,13.084,14.062,13.761,13.292,12.771,12.497,11.486,9.9939,9.3832,8.9421,7.6926,8.1836,7.9328,7.5411,8.0592,8.2188,7.4641,8.2188,7.7487,8.1305,8.2012,8.1305,7.9872,7.5411,7.7487,7.3078,6.0069,5.3188,4.4305,9.1495,11.219,11.486,11.783,11.869,11.93,12.014,11.93,12.014,12.369,12.543,12.816,12.543,12.68,12.646,12.531,11.734,12.264,11.893,10.813,10.377,10.095,9.1337,9.181,9.1337,9.6859,10.705,10.321,9.1967,7.7487,10.759,12.995,14.616,15.729,16.1,16.127,15.385,15.367,14.062,14.103,13.813,15.206,14.103,14.899,14.516,16.118,16.341,17.193,17.476,17.738,18.62,18.275,19.379,19.945,18.927,19.557,19.372,18.805,17.86,16.118
13.538,14.212,15.207,14.503,14.57,13.372,12.521,11.81,10.888,10.629,9.3592,8.7905,8.7108,8.2672,7.8518,8.4672,8.6626,8.5165,8.6626,8.7108,9.2392,8.3511,8.7428,8.5165,7.9927,8.2503,7.8518,6.947,6.4471,4.7828,10.021,12.375,12.554,12.862,13.63,13.215,13.445,13.246,13.944,13.894,14.503,14.732,13.702,14.034,13.824,13.732,13.824,13.246,13.119,11.668,11.974,11.204,10.888,11.204,10.563,11.029,11.869,11.303,10.682,8.9944,11.029,14.348,16.576,17.008,17.501,17.245,17.715,17.422,16.585,14.608,15.534,16.064,16.702,16.976,16.202,17.301,18.372,17.966,18.666,19.91,19.847,19.994,20.51,21.713,21.674,21.448,21.777,21.37,19.994,17.589
13.323,14.495,15.116,14.724,14.184,13.458,13.458,12.312,11.198,10.882,9.5163,8.5931,7.918,8.5931,8.1947,8.7378,8.5931,8.6577,8.9893,8.5931,8.9893,8.5116,8.8487,9.2188,8.9893,7.5579,7.8473,7.1018,6.3783,4.8667,10.689,12.049,12.767,13.458,13.765,13.735,13.816,13.365,13.228,14.36,14.026,13.946,14.6,13.52,13.228,13.458,13.354,13.037,12.844,12.778,12.187,10.831,10.571,10.882,10.766,11.098,11.42,11.085,10.398,9.0357,11.135,13.856,16.261,17.023,18.475,17.745,17.955,16.668,16.089,16.398,15.005,15.871,16.575,16.15,17.737,16.44,17.916,19.069,19.215,20.101,20.776,20.776,21.035,21.358,20.594,21.739,22.458,20.587,19.215,16.776
12.306,15.076,14.854,14.76,14.036,14.006,13.336,12.136,11.182,11.281,10.071,9.0692,8.6938,8.0464,8.4998,9.0998,9.2211,8.3348,9.5031,8.8364,8.4998,8.5161,9.206,8.7257,8.4342,8.6457,8.1834,7.5474,6.4345,5.2714,10.14,11.609,13.019,12.826,13.796,13.221,13.178,13.439,13.927,14.58,14.145,14.006,15.095,13.706,13.796,13.746,12.761,12.695,12.441,12.227,12.869,11.269,10.867,11.182,11.281,11.513,12.044,11.281,10.14,9.3854,11.318,14.272,15.504,17.162,19.561,18.015,17.267,17.523,16.067,16.942,15.673,15.369,16.811,16.877,18.177,17.235,18.015,18.697,18.63,20.673,21.066,20.368,21.204,20.585,21.25,21.503,22.221,20.993,19.759,16.418
11.916,13.995,13.714,13.46,12.925,12.529,12.06,10.544,10.323,9.51,8.9322,8.0681,8.3488,7.5136,6.9769,7.4558,7.8142,7.7402,8.2097,8.0502,8.2097,7.7402,8.1215,8.4857,7.6841,7.2997,7.4558,6.9975,6.0003,4.8301,9.6752,10.734,11.77,12.238,12.666,12.355,12.575,12.39,12.167,12.529,12.575,12.981,13.85,12.529,12.001,12.355,11.385,11.41,11.321,10.626,10.747,10.253,9.7935,10.42,9.8959,10.42,10.747,9.5554,9.6752,7.9784,9.6752,12.355,14.95,15.199,17.308,16.109,15.784,15.151,14.95,14.179,13.417,13.714,14.737,15.674,15.628,16.083,15.957,16.568,17.341,17.481,19.454,18.845,19.447,19.536,19.238,19.973,19.922,18.692,18.669,15.674
12.082,12.914,13.707,13.569,12.914,13.125,11.742,10.82,10.383,9.8841,8.6856,7.6976,8.2241,8.0644,7.6976,7.7537,8.3462,8.2065,7.6976,7.4689,8.2241,7.6411,8.7519,7.9924,7.5459,7.4689,7.0098,6.4515,5.5352,4.8684,9.6922,10.753,11.543,12.022,11.937,12.551,11.84,12.551,12.377,12.925,12.365,12.948,12.377,12.189,12.585,11.791,11.581,11.543,11.226,11.083,10.886,10.101,10.101,9.6922,9.6173,10.101,10.439,10.271,9.3892,8.3635,10.383,12.551,14.285,14.605,16.796,16.174,15.885,15.405,13.822,14.684,13.601,14.674,14.194,13.78,14.831,16.165,15.967,16.138,16.727,17.75,19.392,18.311,18.663,19.54,18.35,19.384,20.472,19.392,17.212,15.225
11.619,12.935,13.47,13.427,12.89,12.247,12.117,11.33,10.701,9.8594,9.0031,8.4919,8.074,7.5954,7.4806,7.9842,8.1805,7.9842,8.6601,7.9842,8.4066,7.9842,7.9299,8.1805,7.6898,7.5954,7.5954,6.4895,5.8094,4.5888,9.6823,10.755,12.259,12.732,12.009,12.176,12.538,12.176,12.364,12.176,12.99,13.001,12.399,12.247,12.259,11.73,11.791,11.072,12.069,10.954,10.428,10.261,9.9032,10.219,9.5019,10.261,10.593,10.091,9.2714,8.4919,11.072,12.538,14.961,16.255,16.023,15.501,16.335,15.162,14.461,13.265,13.933,14.098,13.555,14.855,14.748,14.981,16.684,16.675,17.136,16.822,18.519,18.371,19.253,20.224,19.049,19.879,20.856,18.859,18.387,15.869
12.776,14.357,12.939,14.56,15.877,14.863,12.035,11.575,10.621,11.527,9.0188,9.7032,8.5917,11.623,9.9162,8.345,10.516,9.7032,9.6889,8.345,9.9162,10.369,10.621,8.7045,8.7364,8.5103,8.7045,8.5917,5.6844,5.2779,10.138,12.355,13.362,13.067,13.763,13.456,13.763,13.518,13.813,13.067,13.722,12.689,14.289,13.518,13.456,13.195,13.456,12.545,13.763,12.185,11.295,11.196,9.3375,11.659,10.881,11.196,11.196,10.765,10.396,8.4611,11.084,14.211,14.664,16.897,19.356,18.742,16.026,15.842,15.113,14.521,15.387,13.854,17.702,13.884,15.095,17.921,17.313,17.544,19.642,19.706,20.063,20.698,20.201,20.792,21.952,21.952,25.969,22.67,19.03,17.021
13.572,14.36,15.696,15.015,14.409,13.531,12.985,12.358,11.578,10.518,9.691,9.6333,9.3395,8.5121,7.5584,8.6582,9.0362,8.9588,9.5022,8.6582,9.0362,9.0823,8.5936,8.6582,7.9886,8.2122,7.4656,7.0825,6.019,5.1992,9.862,11.863,12.779,13.198,13.521,13.292,13.816,13.208,14.185,14.791,13.937,14.409,14.056,13.857,13.816,13.459,13.208,13.521,12.768,12.459,12.188,11.098,11.098,10.767,10.985,11.396,11.59,11.371,10.25,9.3544,11.298,14.419,15.872,17.98,16.868,17.195,17,16.39,15.589,15.881,16.029,15.227,15.454,16.424,16.694,16.868,17.746,18.325,19.956,18.664,20.561,20.067,21.28,21.65,20.957,21.804,22.552,20.884,19.879,17.863
13.25,15.99,14.372,14.372,14.225,13.239,13.365,12.524,12.047,10.891,9.6985,8.6003,8.6003,8.9968,9.8697,9.0894,9.0432,8.9657,8.9813,9.3468,8.7131,9.4063,9.2266,9.2417,9.0432,8.2525,7.3964,6.6197,6.3836,4.8708,9.9261,11.813,12.723,13.303,13.958,13.716,13.634,13.898,14.274,14.83,14.574,13.827,13.948,13.583,13.988,14.215,13.746,13.123,12.854,12.163,11.695,10.891,10.879,10.162,10.993,11.145,11.73,11.195,10.024,9.6408,11.145,14.42,14.877,17.038,16.581,18.156,17.306,16.682,16.412,16.403,15.403,15.357,15.027,17.184,15.832,17.378,17.963,18.453,18.916,19.136,20.173,20.611,20.933,19.576,21.297,20.631,20.712,21.408,19.383,17.426
11.399,13.808,13.52,13.542,12.603,11.998,11.851,10.928,10.051,9.2496,8.5439,8.1772,8.1055,7.6419,7.7933,7.5264,8.2306,8.0331,8.4581,8.0331,7.9784,7.7369,7.7933,8.6627,7.6801,7.7369,7.5264,5.7442,5.5107,4.5852,8.7132,11.127,11.888,12.44,11.64,11.962,11.863,12.191,11.69,12.719,12.322,12.534,12.661,11.998,11.45,12.083,11.14,11.851,11.283,10.644,10.644,9.4371,10.253,9.6664,9.7416,9.9345,10.492,9.7416,9.4526,7.5844,9.3282,12.143,13.379,14.867,15.284,14.946,14.215,13.808,13.509,12.81,13.247,13.192,14.419,14.091,13.148,15.14,14.749,15.893,16.354,16.882,17.3,17.576,18.372,18.758,18.229,18.372,18.905,18.38,17.165,14.6
13.221,14.72,15.361,14.946,14.423,13.708,13.211,12.165,11.21,10.7,9.7436,9.0913,8.858,8.5369,8.9676,8.9987,8.9676,8.9987,8.9987,8.9987,9.3487,9.5263,9.3487,8.9987,9.0913,7.6939,8.2033,7.1092,6.185,5.2311,10.164,12.073,12.9,13.211,13.951,13.586,14.07,13.87,13.242,14.375,13.503,13.719,14.423,13.586,13.87,13.379,12.792,12.336,12.471,12.336,11.733,10.778,10.881,11.197,10.881,11.541,11.637,10.621,10.409,8.5206,10.462,14.375,15.993,17.017,18.252,18.075,17.334,16.39,15.711,15.888,14.375,15.55,17.309,16.278,16.593,17.334,17.637,18.075,18.16,20.301,20.329,19.053,20.938,20.581,20.554,21.723,21.562,20.636,19.856,17.566
11.498,13.786,12.953,12.919,13.13,12.784,11.548,11.088,11.075,9.9172,8.8211,8.0854,7.9955,7.7006,7.7006,7.9955,8.6054,7.9955,8.6723,8.9514,8.2273,8.2097,7.831,7.941,8.2273,7.3153,6.9919,6.2722,5.5373,4.3362,9.2845,10.89,11.192,11.307,12.556,12.417,12.556,12.908,13.316,13.617,12.693,12.659,12.75,12.417,12.382,12.556,11.845,11.088,11.61,10.824,11.088,10.387,9.8733,9.9172,9.9172,10.275,10.443,10.205,9.5305,8.3494,9.9172,12.417,14.076,14.118,16.568,15.891,16.117,14.798,14.69,14.432,13.097,13.88,14.531,14.472,14.432,15.523,16.26,16.278,16.393,17.219,18.639,18.318,17.975,17.781,19.076,18.832,19.577,19.732,17.361,16.18
12.451,14.755,14.234,15.056,14.244,13.795,13.487,12.063,11.686,10.906,9.5808,9.2539,8.3644,8.5464,7.8643,10.065,8.9776,9.1321,9.4188,9.0552,9.4188,9.0552,9.0087,8.4807,8.6117,8.2124,7.7025,6.7746,6.4357,4.9907,10.393,12.063,12.74,13.32,13.518,13.886,14.195,14.056,13.966,14.555,13.724,14.391,14.195,13.734,13.966,13.846,13.14,12.871,12.485,12.451,11.888,11.554,10.42,10.712,11.602,11.21,11.614,11.122,9.9813,9.0087,11.008,14.935,15.378,17.329,17.783,17.529,17.223,16.937,16.089,15.879,15.341,14.897,15.87,16.297,17.223,16.729,17.585,17.353,18.703,18.763,20.213,19.581,19.751,20.543,20.276,20.631,21.534,20.658,19.074,16.408
12.858,14.957,14.807,14.835,14.181,13.71,13.074,12.473,11.639,10.463,9.5126,8.603,8.9997,8.9997,8.5215,8.8589,8.9841,9.0307,8.356,8.5378,8.8589,8.9841,9.123,8.9997,8.4722,8.5215,8.5215,7.4176,6.1631,4.7856,10.097,12.326,12.528,13.223,13.536,13.587,13.962,13.546,14.434,13.952,13.872,14.23,13.587,14.072,14.072,13.474,13.962,13.212,12.771,11.876,11.347,11.384,11.111,11.198,10.635,11.347,11.211,11.236,10.41,9.4093,10.882,14.425,15.898,16.92,17.718,17.206,18.077,16.383,16.459,15.933,15.766,15.408,14.617,15.933,15.863,17.059,18.767,18.246,19.561,19.208,19.894,20.089,20.193,20.719,20.393,20.82,21.668,21.382,19.639,17.883
13.061,14.951,15.201,14.726,13.818,14.264,12.78,11.911,11.864,10.677,9.5178,9.5616,8.5944,8.5944,8.3476,8.7868,8.5944,9.2354,9.1138,9.0832,9.1138,9.0832,9.6342,8.7868,8.3476,7.8485,7.5036,6.9441,6.6152,5.2795,10.251,12.325,13.061,13.356,13.039,13.888,13.522,13.293,13.938,14.41,14.058,14.497,13.625,14.087,13.978,13.199,13.293,12.37,12.715,12.325,12.189,11.2,11.137,10.69,10.768,11.627,11.615,11.421,10.399,8.9907,10.884,14.792,16.057,17.574,17.981,17.574,16.392,17.237,15.697,15.127,15.635,15.007,16.057,16.837,17.7,17.478,17.059,18.725,18.658,19.218,20.104,20.207,20.799,21.38,21.543,22.111,22.726,20.806,19.412,16.695
11.296,13.443,14.417,13.56,12.906,12.252,11.893,10.879,10.095,9.6861,8.6801,8.1837,7.4835,7.9873,7.5412,8.3927,8.0593,7.5984,8.0593,8.7464,8.5966,8.0593,8.2189,8.6801,7.6928,7.5984,7.2284,6.9847,4.9535,4.5906,9.6113,11.296,12.074,12.014,12.122,12.589,12.358,12.181,12.462,12.94,12.543,12.68,13.073,12.264,11.869,11.832,11.93,11.423,12.404,11.498,11.296,10.638,9.7307,10.265,9.7307,9.8779,10.432,10.194,9.1496,7.9873,10.813,12.94,15.13,14.753,17.101,16.163,16.163,15.395,14.225,14.011,13.172,13.938,15.13,14.195,14.185,15.197,16.243,16.438,16.69,17.6,18.743,18.061,18.988,19.469,18.767,19.38,20.139,19.057,17.86,14.986
11.481,13.34,13.964,13.067,13.297,12.457,11.925,10.954,9.682,9.8004,8.4917,8.0738,7.984,8.1272,7.6895,7.7456,8.2155,7.3048,8.1272,8.7427,8.0738,7.2254,8.6097,8.3892,7.6895,7.2054,6.7294,7.0024,5.8092,4.8633,9.193,10.66,11.569,12.399,12.247,11.925,12.675,12.457,12.247,13.067,12.526,13.286,12.811,12.912,12.457,12.584,12.364,11.779,11.828,11.02,10.795,10.428,10.033,9.8591,9.9029,10.133,10.795,10.261,8.8574,8.3892,9.8591,13.437,14.669,16.864,15.658,16.121,16.308,14.893,14.777,13.459,14.854,13.427,14.128,15.575,13.964,15.379,16.361,16.983,17.295,17.336,18.789,19.549,19.252,18.889,18.268,19.461,20.131,19.003,17.194,15.575
11.586,13.332,13.924,12.926,12.576,12.903,11.284,10.572,10.027,9.1241,8.332,8.4009,8.175,8.175,7.2208,8.0686,8.3493,8.0686,8.8028,8.122,8.3837,8.2101,8.1926,7.9788,7.8147,7.3001,6.4629,6.725,5.5258,4.8005,9.7941,11.411,11.881,12.633,12.168,12.356,12.53,12.391,13.103,12.001,12.803,13.278,12.803,12.239,11.917,12.926,12.168,11.82,11.771,10.748,10.31,10.254,9.8965,10.212,9.8965,9.6758,10.868,10.366,9.2651,8.8842,10.324,12.892,15.453,15.94,15.794,15.858,16.324,14.845,14.6,13.514,14.17,14.21,14.451,15.491,15.266,16.673,16.012,16.385,18.225,18.248,18.358,19.455,19.24,20.053,18.907,18.816,19.537,19.537,17.309,15.602
12.685,14.593,14.998,14.207,14.517,13.031,13.053,12.306,11.715,10.979,9.3496,8.9697,8.7338,8.7019,9.2297,9.2146,9.2297,9.0161,8.9697,9.7003,9.2146,9.2146,9.2146,8.3425,8.0539,7.9845,7.4618,6.674,5.5086,5.3808,10.513,12.419,12.685,13.358,13.759,13.85,14.207,14.207,14.207,14.079,14.049,14.593,13.93,14.334,13.688,13.348,13.718,13.233,12.849,12.306,11.904,11.715,10.605,11.218,10.566,10.826,11.715,10.865,10.406,9.2297,11.414,14.66,16.917,17.468,17.476,18.132,17.97,16.433,16.826,15.527,15.518,16.142,15.581,15.688,16.365,17.227,17.97,18.788,19.177,19.322,20.605,20.489,20.906,21.426,20.685,20.605,21.735,21.237,20.36,17.227
12.066,13.52,13.721,12.729,12.454,12.173,11.862,10.872,10.549,9.3928,9.3774,8.4899,8.1255,8.3874,7.9823,8.4046,8.4899,7.928,7.8181,8.1962,8.3357,8.0542,8.2137,8.353,8.1255,7.001,7.4595,6.4657,5.0656,4.8325,9.3774,11.39,11.825,12.066,12.396,12.362,12.535,12.244,12.987,12.581,12.931,12.931,12.362,12.909,12.268,12.57,12.268,11.566,11.776,11.069,10.872,10.37,10.088,10.031,9.6052,9.8717,10.549,10.631,9.3774,8.3874,10.328,12.672,14.216,15.792,15.572,16.954,16.117,15.282,14.666,14.458,13.93,14.094,14.186,16.153,15.357,16.251,16.775,16.783,18.288,17.792,17.482,18.793,17.881,19.449,18.476,18.002,19.7,18.984,17.333,16.331
12.541,14.811,14.932,14.698,14.716,14.049,13.285,12.362,12.181,10.877,9.8566,9.4382,8.5238,8.7016,8.9849,8.1907,9.2294,8.3423,9.2143,9.0158,9.0158,8.7335,9.2143,9.0158,8.7812,8.1907,7.8435,6.9396,6.1755,5.3806,10.618,11.715,12.772,13.052,13.687,14.206,13.451,14.019,14.157,13.698,13.939,14.593,13.929,14.401,13.222,13.348,13.929,13.232,13.031,12.043,11.715,11.291,11.13,11.217,10.08,10.826,11.619,11.414,9.9129,9.5116,10.864,14.206,16.567,16.364,18.008,17.483,17.162,17.419,17.539,16.432,15.409,14.716,16.047,17.186,17.419,17.539,19.001,18.713,18.534,19.321,20.604,20.638,20.091,21.367,21.425,21.012,21.638,20.638,19.35,17.283
11.775,13.593,14.457,13.206,12.986,13.293,11.824,11.069,9.9,9.6792,8.2131,8.3867,8.0714,7.2233,7.6873,7.9817,7.6873,7.9817,8.8874,8.674,8.4039,8.4039,8.4892,8.4892,7.5358,7.2233,7.0619,6.1217,5.3151,4.95,9.6792,11.389,12.243,11.885,12.065,12.523,12.113,12.36,12.534,12.807,12.453,12.997,13.593,12.36,12.065,12.395,12.006,11.59,11.787,12.113,11.326,9.9,10.425,9.7976,9.987,9.7976,10.576,10.13,9.1274,7.9273,10.425,12.065,14.655,16.303,17.122,15.607,15.936,15.119,14.175,14.605,14.001,13.593,15.043,14.743,15.653,15.496,15.936,16.017,17.783,18.231,18.475,18.914,18.792,18.822,19.742,18.537,18.73,19.246,17.75,15.791
13.068,14.084,15.022,14.261,13.733,13.519,13.363,12.036,11.283,10.556,9.5154,8.9884,8.705,8.9729,8.2448,8.9729,8.2109,9.0348,9.0809,9.3529,9.9588,9.3529,8.9729,9.2179,9.5154,8.4616,7.6123,7.5572,6.5287,4.8662,10.084,12.243,12.546,13.036,13.975,13.935,13.814,13.935,13.457,14.212,13.855,14.163,14.901,13.529,13.855,13.29,12.886,13.057,12.277,12.546,12.059,11.097,11.394,10.248,11.197,11.296,11.802,10.153,9.9588,8.6568,11.719,14.358,16.079,17.49,19.126,18.054,16.841,17.193,15.586,15.975,15.003,15.343,16.832,16.26,16.148,17.735,18.322,18.383,19.031,20.168,21.119,20.168,21.172,20.914,21.119,21.66,22.567,20.306,19.472,16.303
12.86,14.937,14.797,14.22,14.607,13.464,13.213,12.719,11.141,10.887,9.5207,8.9624,8.5156,9.086,9.086,9.2231,8.7895,9.1166,9.086,9.1166,9.5207,8.5971,8.5156,9.0244,9.0244,8.0613,7.9217,7.3368,5.9045,4.9822,10.693,12.43,13.118,13.065,13.731,13.7,13.862,14.22,14.092,14.171,13.711,13.771,14.366,13.234,13.943,13.298,13.526,12.719,13.526,12.686,12.719,11.103,10.836,10.562,11.228,11.09,11.726,11.027,9.866,9.3582,10.989,14.415,16.062,16.303,18.484,18.552,17.323,16.583,15.966,16.583,15.424,15.922,16.097,15.315,15.826,17.713,18.664,19.224,18.664,20.399,21.025,20.04,21.256,20.752,20.946,20.096,20.623,20.385,18.672,16.7
13.716,14.78,15.106,14.78,14.253,13.937,13.188,11.855,11.128,10.759,9.0758,9.6263,9.0758,8.1893,8.0695,9.0758,9.727,8.7797,8.8429,9.2128,9.2128,9.0143,9.2278,9.5538,8.5874,8.3408,7.6808,7.0971,6.0147,4.8635,10.391,12.179,13.029,13.449,13.283,13.807,14.253,13.927,13.967,13.937,14.204,14.864,14.408,13.927,13.726,13.847,13.283,13.188,13.449,12.583,12.029,10.862,11.178,11.128,10.875,11.677,12.029,10.564,10.616,8.9834,11.581,14.995,16.522,17.607,16.682,18.029,16.856,16.682,15.38,16.079,14.855,16.251,16.43,17.567,17.045,17.733,18.643,18.873,19.71,19.461,19.864,19.857,21.635,20.942,21.114,20.782,21.808,20.074,19.122,16.489
13.483,14.783,15.383,14.783,14.783,13.191,13.285,11.857,11.524,10.684,9.7291,9.0777,8.9852,8.5892,9.0162,8.3426,9.2147,9.3497,8.5078,9.3497,9.2298,9.2147,9.4386,9.2147,8.7019,8.5892,7.9845,6.8795,5.8991,4.9777,10.684,12.147,13.483,13.94,13.452,13.85,13.88,13.514,13.759,14.256,14.285,14.594,14.285,14.353,13.222,14.207,13.032,12.935,13.317,12.318,12.032,11.656,11.218,11.62,10.826,11.13,11.414,11.524,10.245,9.3497,11.857,13.809,17.048,18.132,17.571,17.689,16.56,16.859,16.288,14.517,14.868,15.873,15.952,17.089,17.697,17.283,17.939,18.194,19.024,19.862,19.834,20.367,20.813,21.523,19.458,21.112,22.267,20.523,19.351,16.859
13.109,15.112,15.112,15.341,14.356,13.853,13.32,11.658,11.574,11.095,9.3368,9.5141,9.3368,8.9872,7.8455,9.2167,9.0182,8.0384,9.2167,9.5141,9.9575,9.6305,9.3963,8.4605,8.3444,7.8455,8.5911,7.1001,5.9004,5.2775,10.88,12.938,13.194,13.853,13.813,13.762,13.701,13.721,13.933,14.52,13.691,14.72,14.491,13.883,13.056,13.762,13.351,13.225,13.351,13.034,12.275,11.368,12.058,11.574,10.867,11.282,11.965,11.195,10.515,9.1104,11.393,14.673,15.841,18.013,17.255,17.733,17.543,16.437,15.386,14.673,15.386,15.691,16.437,16.487,16.896,18.013,17.287,18.052,18.136,19.462,19.591,20.555,21.215,21.372,20.528,20.697,21.11,20.751,19.704,16.386
12.772,14.907,15.7,14.935,14.672,14.422,13.358,11.593,11.533,10.415,9.8646,9.4459,9.6935,9.2218,9.9631,9.1154,9.2369,9.5194,9.2369,9.5194,9.4459,9.3569,9.6935,9.2218,8.6605,8.4651,8.3491,6.6792,5.9037,5.0094,10.157,12.064,13.524,13.739,13.941,13.576,14.364,13.462,13.77,13.981,14.795,15.019,14.267,14.935,14.672,13.86,13.462,13.042,13.729,12.282,12.695,11.338,11.399,11.423,10.157,11.423,11.533,11.189,10.143,9.4459,10.886,13.535,15.92,16.403,17.062,17.417,17.135,17.029,15.422,15.019,14.5,16.267,15.885,16.698,16.378,17.553,17.961,17.553,19.039,18.907,19.651,20.621,20.762,20.923,20.066,20.287,21.772,19.905,19.473,16.198
13.213,14.742,14.742,14.949,14.618,13.547,12.783,11.924,11.639,10.689,9.0004,9.0004,9.093,8.7166,8.6037,9.4101,9.3654,8.7963,9.2302,8.9849,9.0314,9.2302,9.93,9.1237,9.0004,7.998,7.8035,6.7684,5.8377,5.2852,10.896,11.924,13.371,14.28,13.308,13.537,13.475,13.475,13.873,14.436,14.043,14.231,14.426,14.542,13.782,14.28,13.381,13.213,12.957,12.607,12.052,11.603,11.409,10.998,10.896,10.883,11.348,11.149,10.262,9.1237,11.543,15.116,16.587,17.473,17.727,18.224,17.118,16.074,15.891,15.327,15.327,15.767,15.856,16.074,16.888,17.077,18.063,17.497,18.589,18.946,20.007,19.662,19.733,20.942,20.146,20.524,21.305,20.781,18.924,16.418
12.719,14.633,14.633,14.898,14.392,14.087,13.088,12.396,11.223,11.009,9.7552,8.7573,9.0404,9.2395,9.2546,9.0559,9.1021,9.3748,9.2546,9.0404,8.7573,9.0404,9.4639,8.7253,8.264,7.9358,7.9358,6.8777,6.544,5.2105,10.907,12.575,13.099,13.488,13.977,13.561,14.196,13.887,14.196,14.245,14.7,14.898,14.087,14.527,13.796,13.602,13.519,13.384,13.013,12.785,12.385,12.076,11.555,11.16,10.272,10.272,12.214,10.712,10.163,9.2395,11.16,14.245,15.488,16.604,16.88,17.531,16.46,17.004,15.73,14.964,14.709,14.898,16.341,15.783,15.951,16.528,17.996,17.972,19.053,18.72,19.689,19.112,20.166,20.579,20.104,20.66,21.063,20.633,18.839,16.604
13.154,14.57,14.865,14.987,14.464,13.615,13.239,12.72,11.233,10.061,8.9867,9.0023,8.2718,8.5387,7.7103,9.1107,8.7335,8.8134,9.2481,8.7656,9.5465,8.7656,9.2633,8.7335,7.9432,7.9608,8.0832,7.1046,6.3546,5.7279,10.511,11.9,12.884,13.86,14.02,13.98,14.07,13.768,14.209,14.258,14.209,14.77,13.738,14.258,13.407,13.98,13.615,13.365,13.1,12.191,12.884,11.456,10.801,11.456,10.709,10.723,11.407,10.282,10.511,9.1414,11.698,13.738,16.14,17.094,17.249,16.954,17.475,15.357,15.439,15.393,15.583,15.466,16.424,16.493,15.93,16.821,17.603,18.722,17.981,18.983,20.165,19.7,20.461,20.234,19.6,20.018,20.598,19.529,18.443,16.201
12.885,14.529,14.711,15.059,14.059,13.798,12.972,12.621,11.748,10.714,9.2407,9.9413,8.995,8.7265,9.7133,9.6555,8.995,8.5482,9.2407,9.2407,8.3661,9.7133,9.2407,8.7585,8.282,7.7041,7.8659,6.9595,5.6988,4.7914,10.219,12.577,13.49,13.49,13.979,14.059,13.979,14.247,14.442,14.119,14.529,14.529,14.296,14.442,14.198,13.889,13.49,13.27,13.562,12.798,11.831,11.748,11.162,10.503,10.596,11.224,11.124,10.714,9.9413,8.6782,10.274,14.089,16.188,17.3,16.882,17.006,17.276,15.953,16.127,14.966,15.262,14.9,15.426,16.907,16.932,17.276,18.021,17.684,18.64,19.078,20.148,19.967,20.03,20.547,20.03,19.513,20.642,19.812,18.459,16.437
13.056,15.231,15.744,14.861,14.72,13.619,12.677,12.71,11.195,10.138,9.0335,9.7024,8.9871,8.591,8.5259,9.018,8.7357,9.514,8.7357,9.018,9.514,8.9716,9.3516,9.514,7.9862,7.5006,7.3506,6.5278,5.9707,4.8655,10.88,12.688,13.066,13.973,13.455,14.21,14.21,13.486,13.701,14.663,14.082,14.052,15.112,14.491,13.762,13.701,13.034,12.544,12.764,13.455,12.764,11.02,11.133,10.88,11.133,11.02,11.859,10.686,10.041,8.3443,11.622,13.933,16.368,17.231,17.567,17.423,16.896,16.051,16.111,16.664,15.094,14.861,16.571,17.019,17.701,17.543,18.197,18.433,19.188,20.096,20.494,20.227,21.43,20.643,20.609,20.392,21.489,20.494,19.116,16.571
12.881,14.858,14.895,15.219,14.285,13.809,13.201,11.62,11.192,10.826,9.5117,8.6535,8.7017,9.4383,8.9539,9.5117,8.985,9.5555,9.5117,9.2144,9.5117,9.3494,8.5075,9.1081,8.3423,7.9318,7.6094,7.3488,5.5085,5.5085,10.244,12.147,12.978,13.452,14.206,14.049,13.565,13.939,14.206,14.867,14.019,14.411,14.631,13.849,13.849,13.809,13.316,13.565,13.483,12.848,12.75,11.572,11.523,10.683,10.761,10.244,11.39,10.877,9.955,8.7813,11.523,14.555,16.365,17.283,18.285,17.61,17.121,16.768,16.39,16.047,15.337,15.864,17.226,16.254,15.969,18.047,18.654,18.714,19.001,20.146,21.111,20.146,20.604,20.16,20.049,20.946,21.523,20.305,18.891,16.288
12.695,14.387,14.918,14.759,15.076,14.006,12.836,11.573,11.892,10.396,9.8473,8.9609,8.5158,8.7253,8.2338,8.9764,8.9764,8.9764,9.3256,8.4503,9.3256,9.5027,8.9764,8.5808,8.4995,7.5471,7.3984,6.8727,6.1697,4.9728,11.082,12.574,13.439,13.866,13.796,13.745,13.178,13.956,13.745,14.474,14.035,14.474,14.474,13.04,13.916,13.956,13.178,13.345,12.868,12.922,12.76,11.119,11.119,11.006,11.119,10.751,11.561,11.119,9.9036,9.0227,10.969,15.512,15.725,17.906,18.03,18.015,17.266,17.072,15.936,16.552,14.918,15.503,17.266,17.672,17.522,18.298,18.718,18.873,20.141,20.347,21.098,19.617,20.712,20.51,20.557,20.853,22.07,20.726,18.411,17.68
13.039,14.41,14.264,14.362,14.215,13.696,13.574,11.864,12.039,10.871,9.5178,8.3476,8.3476,8.5129,8.7868,8.7391,9.3553,9.2354,9.3553,9.0832,9.5178,8.9907,9.1138,8.659,8.7072,8.5129,7.7951,6.4228,6.0196,4.8675,10.884,12.426,12.693,13.293,13.491,14.215,13.948,13.574,14.679,14.933,14.206,13.727,14.186,14.294,14.028,14.215,13.574,13.522,13.241,12.715,12.682,11.579,11.2,10.413,10.884,10.871,11.397,10.884,9.5616,9.2354,11.137,14.215,15.347,17.95,17.747,17.621,17.43,17.026,16.4,16.152,16.298,15.599,15.527,16.4,17.189,18.471,18.569,19.598,19.534,19.412,20.543,19.874,20.311,19.369,20.543,20.104,20.886,20.617,19.189,16.695
12.919,14.5,14.906,15.346,14.68,13.301,12.822,12.757,11.606,10.864,9.5005,8.6434,8.6914,8.2488,8.9744,8.4484,8.9434,8.9744,8.9744,8.9744,9.7173,8.9744,9.3829,9.6168,8.9589,8.4975,7.9225,6.3459,5.6759,4.8587,10.749,12.527,13.498,14.268,14.336,14.336,14.384,14.003,14.141,14.5,14.614,14.68,14.614,14.999,13.436,13.217,13.793,13.742,13.048,12.224,12.438,11.701,10.966,11.784,10.54,11.179,11.558,10.658,10.381,8.4975,12.303,14.19,16.872,17.715,18.149,17.518,17.55,16.897,16.028,14.765,16.028,16.413,16.548,17.589,16.362,17.832,18.535,18.437,19.183,19.442,20.465,20.526,21.001,20.761,20.281,20.58,21.729,20.274,19.676,16.64
12.183,13.7,13.445,13.218,12.997,12.406,11.785,10.868,10.599,9.5222,8.4112,7.8242,8.2026,7.8242,7.7501,8.6648,7.9886,8.0784,8.3595,8.0605,8.394,8.2202,7.4654,8.6815,7.8242,7.2296,7.1694,7.309,5.3197,4.5913,9.5676,11.575,11.834,11.932,12.58,12.406,12.534,12.648,13.008,12.997,12.942,13.434,12.942,12.997,12.997,12.773,12.818,12.464,11.834,11.336,11.078,10.21,9.8794,9.6876,9.1195,9.8061,9.8648,9.8648,9.1511,8.4966,9.6876,12.986,14.824,15.472,15.914,15.621,16.44,14.469,14.278,13.941,14.469,13.972,14.785,14.969,15.056,16.736,17.33,16.246,17.602,17.602,18.381,18.77,18.506,18.9,17.204,18.816,18.342,18.506,16.693,14.618
13.459,15.025,15.309,15.237,14.361,13.766,13.459,12.153,11.662,10.141,9.0364,8.6584,8.8494,9.2196,8.2124,8.9745,8.959,8.99,9.3397,8.99,9.3992,9.5171,9.3397,9.1132,8.0583,8.347,7.5586,7.4658,6.0191,4.8671,10.883,12.856,13.459,14.409,13.49,14.027,13.947,14.027,13.937,13.857,13.695,14.215,14.165,15.025,13.857,13.817,13.857,13.24,13.113,12.245,12.153,11.91,10.689,10.883,10.155,10.372,10.985,10.571,10.412,8.99,11.224,14.419,16.374,17.949,17.949,18.019,18.057,15.873,15.678,14.791,15.696,16.399,15.526,16.151,16.391,18.303,18.326,17.863,19.879,19.767,20.172,20.068,20.5,21.741,20.206,19.034,21.379,20.088,19.382,16.901
11.922,13.064,13.805,13.668,13.283,12.976,11.776,11.479,9.9008,9.1439,8.3874,8.7409,8.0542,8.1255,7.8181,7.4595,7.8181,8.1961,7.9823,8.888,7.9279,8.3357,8.1961,8.1255,7.9823,7.6879,7.4788,6.4657,5.6059,4.9504,9.5601,11.327,12.57,12.672,12.931,12.361,12.638,12.256,12.066,12.489,13.262,13.076,14.186,12.909,12.006,12.672,12.006,11.788,11.591,11.529,11.378,10.577,10.872,10.328,9.6799,9.1753,11.173,9.665,9.3927,7.5173,10.872,13.337,15.608,16.654,16.09,16.331,15.272,14.094,13.971,14.428,13.467,14.053,15.044,15.965,15.159,15.856,15.792,16.585,17.711,17.132,18.327,18.24,19.33,19.045,18.01,18.256,19.248,18.264,17.531,15.073
13.732,14.348,15.235,14.426,14.608,13.864,13.215,12.698,11.142,10.837,8.9788,8.5979,9.1176,8.5164,8.5979,8.9944,8.9633,8.9788,8.9633,8.9944,9.3442,8.9788,9.3442,9.6381,8.6626,8.3511,8.1994,6.7225,6.4254,5.2817,10.404,12.251,13.204,14.368,14.221,13.954,13.864,13.954,14.532,13.944,14.368,14.647,14.221,14.647,14.57,13.773,14.192,13.246,13.466,12.775,12.044,11.727,10.99,11.028,10.629,10.524,10.99,10.563,10.417,9.5217,11.596,14.368,15.641,17.707,17.008,17.438,16.843,15.985,16.585,14.873,15.704,15.845,16.167,16.934,16.202,16.852,18.066,18.478,18.963,19.043,19.599,20.381,20.51,21.034,20.544,20.599,21.291,20.077,18.755,16.382
11.892,13.05,13.5,13.533,12.56,11.99,11.481,10.26,10.045,9.196,8.1002,8.1181,7.6369,8.1718,6.6796,8.7241,7.245,7.7318,7.5215,8.0278,7.9732,7.8627,8.5383,8.657,7.2651,7.5215,7.3449,6.1095,4.6138,3.8184,9.2907,11.133,11.929,12.314,12.314,12.338,11.843,12.467,11.856,12.836,12.595,12.314,13.936,13.768,12.314,12.56,11.954,11.595,11.954,11.353,11.632,9.7352,10.146,10.146,9.4309,9.2277,10.189,9.7202,8.5383,7.5794,9.1802,12.56,14.53,15.725,15.992,15.293,14.59,13.183,13.139,13.183,13.139,13.936,14.298,15.014,15.062,14.54,15.359,15.13,16.879,17.289,17.289,16.819,17.853,18.392,17.689,17.631,18.893,17.289,16.424,14.133
12.171,13.447,13.714,13.714,13.187,12.752,11.907,11.089,10.106,9.8891,8.69,8.4194,8.1398,7.607,7.9964,7.7015,7.7015,7.8319,8.4194,7.8319,8.6733,8.3504,8.4194,8.193,8.5049,7.3162,6.9926,6.1329,6.0138,4.9591,9.9183,11.612,12.135,12.603,12.954,12.603,12.383,12.603,12.954,13.318,12.372,12.557,13.458,13.021,12.752,12.932,12.278,12.028,11.809,12.028,11.943,10.347,10.276,9.1442,9.8891,9.6821,9.9183,9.8157,9.1916,7.607,9.7417,13.01,14.027,15.608,16.359,14.916,15.147,14.211,13.829,14.692,13.285,13.285,15.223,14.242,14.632,15.929,15.966,16.333,16.882,18.034,18.524,17.521,18.765,18.034,18.082,18.415,19.017,17.421,17.187,14.682
12.888,14.6,15.238,14.969,14.6,13.922,13.524,12.389,11.214,10.91,9.7298,9.0435,8.55,8.3679,8.2329,8.6153,9.3631,8.5336,9.0125,9.059,9.3631,8.4677,9.0125,8.5336,8.2838,8.0784,7.9561,7.1983,5.917,4.9928,10.545,11.975,13.231,13.389,13.972,13.77,13.851,14.289,13.851,13.801,14.638,14.377,14.299,14.903,13.801,14.122,14.092,14.012,14.092,12.877,12.184,11.751,11.449,11.314,10.276,10.703,11.252,10.276,10.221,9.136,11.4,13.273,16.819,17.473,16.969,17.067,17.1,15.565,15.886,14.25,15.164,15.789,16.338,16.415,15.886,17.279,17.537,18.432,17.664,18.103,20.97,18.971,20.153,20.367,19.667,20.153,20.263,19.837,19.416,16.711
13.665,14.682,14.766,14.831,14.304,13.36,13.143,11.881,11.055,9.6344,9.4473,9.6628,9.152,8.9087,8.9241,7.3366,8.8932,9.0463,9.6628,9.7899,9.8876,9.0463,9.167,8.5307,8.5949,8.401,7.9991,7.0307,6.3103,5.1612,10.905,12.588,13.391,13.835,14.11,13.665,13.473,13.665,14.11,14.532,13.924,14.794,15.006,13.755,13.36,13.715,13.101,13.36,13.391,13.101,12.943,11.6,11.288,10.791,10.296,10.611,11.6,10.441,10.066,8.2025,10.611,13.715,14.914,16.777,17.42,17.491,16.572,15.634,15.116,14.822,14.456,14.71,16.455,15.341,15.26,17.608,17.577,17.19,18.931,19.269,19.397,18.191,19.914,20.024,19.418,20.065,19.955,19.566,19.075,15.765
13.272,14.328,15.429,15.163,14.444,13.851,13.325,12.623,11.214,9.7149,8.7278,8.8077,8.6148,8.2664,9.1355,8.5495,8.7599,8.5495,9.2421,8.9965,8.8711,8.8077,8.7278,9.4222,8.4673,8.0779,8.5495,7.577,6.0338,5.3184,11.126,12.8,13.657,14.249,13.891,13.356,14.011,13.891,13.851,14.298,14.376,15.383,14.827,14.987,13.759,14.061,13.272,13.565,13.759,12.789,12.091,11.606,11.606,11.214,10.424,10.221,11.558,10.858,10.702,8.6796,11.833,14.298,16.943,18.102,17.592,17.23,16.609,15.411,15.429,14.742,15.383,15.061,15.885,16.303,15.708,17.592,16.533,17.592,19.176,18.59,19.117,19.059,20.207,20.646,18.844,20.283,20.935,18.844,19.314,16.617
13.566,14.639,15.575,14.942,14.446,13.494,12.491,11.752,11.327,10.181,9.2585,8.5507,8.8722,8.3685,9.0442,8.3685,8.5507,9.0442,8.761,9.3787,9.7162,8.8722,9.7162,8.8722,8.0617,8.079,7.9567,6.7366,6.195,5.2395,11.052,12.491,14.378,14.706,14.063,13.761,14.744,14.202,13.232,14.251,14.013,15.566,14.97,14.715,14.562,14.446,13.761,13.761,14.202,12.219,12.345,11.752,11.253,11.656,10.112,10.599,11.228,10.704,10.181,9.0132,10.717,13.494,16.305,17.305,17.337,16.879,16.937,16.132,14.829,14.639,14.446,14.829,15.566,16.097,16.097,16.97,17.361,17.142,19.382,18.615,18.713,19.002,21.078,20.938,19.244,20.451,21.012,18.645,19.411,16.484
11.451,13.015,13.511,12.993,12.663,12.477,11.566,10.493,10.197,9.4381,8.5449,7.7377,8.034,7.566,6.6847,8.2315,7.5273,7.9793,8.034,7.7377,8.034,8.2315,8.2315,7.8687,7.6809,7.5852,6.9208,6.53,5.4312,4.6174,9.7427,10.727,11.553,12.347,11.865,12.084,11.999,11.999,12.663,12.616,12.754,13.149,13.511,13.071,12.846,13.071,11.963,11.865,11.803,11.128,10.768,9.9209,9.965,10.052,9.3292,9.7427,10.437,8.9129,8.7975,7.8687,9.7427,11.999,14.751,15.295,15.132,15.457,15.475,13.778,13.16,14.02,12.846,13.543,13.778,14.701,14.947,14.84,15.371,15.142,16.648,16.788,17.064,17.403,17.428,18.406,17.302,16.883,17.826,17.09,16.05,13.369
12.61,14.429,15.257,14.583,14.745,13.876,12.786,12.341,11.594,11.101,9.3522,9.5298,8.6053,8.4744,8.7502,8.0517,9.9319,9.0331,8.798,9.1254,9.0947,9.0485,9.0021,9.0485,8.2742,8.069,6.9529,6.8924,5.4425,5.2063,10.704,12.731,13.056,13.642,13.835,14.076,13.996,13.966,14.726,14.726,14.659,14.745,14.811,14.621,14.234,14.688,14.438,13.258,13.477,13.077,12.329,11.545,11,10.386,10.572,11.114,11.642,10.533,10.264,8.8613,10.704,14.97,16.103,16.396,17.047,17.596,16.523,16.464,16.421,15.366,14.839,15.33,15.412,16.924,15.77,18.327,17.73,18.411,18.509,19.437,19.587,19.899,20.129,20.129,20.095,20.528,20.562,20.129,18.772,16.591
13.93,14.631,15.829,15.219,14.411,13.565,13.759,12.238,11.217,10.08,9.3346,9.6282,8.5077,7.8437,7.9319,8.2079,8.442,8.9541,8.442,8.5891,8.9851,8.9541,9.0315,9.0776,8.8446,8.0365,8.3425,6.8794,6.6111,5.2762,11.414,12.751,13.759,13.849,14.079,13.688,14.353,13.94,14.019,13.688,14.019,15.109,15.365,14.401,13.809,14.197,13.728,12.707,13.201,13.106,12.838,12.032,11.39,10.552,10.366,10.245,11.13,10.877,10.011,8.5891,11.62,13.93,17.178,16.892,18.527,17.728,17.089,16.793,15.301,15.337,14.783,14.256,17.178,15.951,17.121,17.404,17.121,18.216,19.465,19.868,20.489,19.973,21.085,20.367,20.53,21.012,21.341,20.906,20.022,17.227
13.223,14.812,15.519,14.897,14.208,13.76,13.359,12.453,11.193,10.684,9.5126,8.9702,8.3431,8.4591,8.0371,8.9702,8.8452,8.782,9.1089,8.6543,7.985,9.3353,9.5126,8.9858,8.5083,7.7908,8.0371,6.5268,5.6091,5.5089,11.585,12.708,13.931,13.699,14.402,14.208,13.689,14.354,14.208,14.402,14.354,14.402,14.943,15.311,14.02,14.159,13.566,13.318,13.453,12.686,12.675,11.573,11.28,11.131,10.684,10.619,11.524,10.98,10.566,9.2303,11.799,14.671,15.528,17.54,18.294,17.54,17.972,16.918,16.083,15.742,15.384,16.366,15.874,15.839,15.447,16.836,18.049,17.698,19.207,19.025,20.767,19.359,20.64,21.382,19.912,20.874,21.067,20.794,20.051,16.109
12.871,14.707,14.905,14.438,14.233,14.005,12.794,12.062,12.086,10.54,9.4626,8.6111,8.6111,9.0081,8.2119,9.4626,9.0391,9.2533,8.8672,9.2533,8.8672,8.9926,9.0391,8.5459,8.2798,8.0048,7.4808,7.0574,5.3945,5.3945,10.632,12.805,13.065,13.6,13.885,13.764,13.885,13.764,14.233,15.377,14.631,14.896,14.707,14.962,14.896,15.157,14.243,13.794,13.6,13.794,12.451,11.745,10.632,10.854,10.593,10.905,10.789,11.121,9.7107,8.8039,11.159,13.794,15.422,16.526,17.059,16.803,17.4,16.407,16.602,16.407,15.558,14.905,15.913,16.61,16.703,17.608,18.094,18.055,19.255,19.686,19.764,19.515,19.629,19.515,19.226,19.856,19.75,19.636,17.608,16.56
13.148,14.399,14.972,14.602,14.331,13.233,13.402,12.071,11.229,10.168,8.9987,9.0143,8.2175,8.0626,7.4859,8.73,8.8099,8.5517,9.2444,9.2444,9.2444,8.5353,9.2444,8.8099,8.5517,7.8691,7.6342,6.9017,6.0354,4.8802,11.328,12.89,13.233,14.095,13.328,13.894,14.015,14.095,14.253,14.204,14.253,14.944,14.448,14.641,14.095,14.765,14.448,13.763,14.253,12.803,12.357,11.657,11.129,11.657,10.705,10.718,11.229,10.861,10.182,9.107,10.64,13.803,15.889,16.947,17.363,17.087,16.613,16.435,15.889,15.496,14.641,15.889,16.444,16.435,15.433,17.628,17.476,17.982,19.173,18.797,18.916,19.435,19.763,20.371,19.763,19.898,20.556,19.926,18.647,16.203
12.787,14.235,14.284,13.967,13.715,13.385,13.217,12.262,11.215,10.626,9.7482,8.7191,8.5246,8.0525,7.9477,7.8593,8.6062,9.4127,8.5246,8.6709,9.1263,8.359,8.6062,9.3532,9.0494,8.0698,8.0525,6.4316,5.6199,4.8741,10.886,12.533,12.688,13.643,14.381,14.44,14.047,14.186,14.546,14.962,14.727,14.897,15.395,14.235,14.43,14.812,14.43,13.643,13.385,13.057,13.217,12.067,10.899,10.414,11.115,11.115,11.039,10.573,9.5747,8.359,10.692,13.877,15.368,16.217,18.083,17.669,16.951,16.079,16.397,16.516,15.368,14.381,17.123,16.423,17.764,17.212,17.669,18.099,18.504,19.098,20.201,19.149,19.496,19.625,21.147,20.407,20.827,20.53,18.571,17.155
11.494,12.481,13.374,13.087,12.446,11.857,11.404,11.145,10.286,9.2064,8.2698,7.5105,7.9821,7.2127,6.7739,8.5479,7.5299,7.7404,8.2698,8.4447,7.6455,8.0368,8.1092,7.6455,8.1272,6.5991,6.8383,6.164,4.9842,4.1172,9.6254,11.145,11.455,12.149,12.089,12.446,12.089,12.149,12.481,12.85,12.816,12.725,13.645,12.54,12.574,12.85,11.967,11.869,12.004,11.494,11.404,9.9391,9.8653,9.1905,9.4415,9.7461,9.9391,9.1905,8.7172,7.5299,9.2064,11.695,13.559,14.756,14.953,15.291,14.845,14.314,13.847,14.066,12.621,13.783,14.283,15.262,14.607,15.031,15.377,16.227,16.584,16.074,17.676,16.584,17.543,17.07,17.409,17.832,18.133,17.434,16.299,13.783
10.871,13.203,12.821,12.008,12.626,12.008,11.254,11.031,10.667,9.9725,8.5513,7.591,8.0401,7.1136,8.2732,7.0516,8.1305,8.0401,8.1305,8.0401,8.1125,7.6486,8.1125,7.6867,7.6486,7.9853,7.0308,6.0467,5.4083,4.8975,9.2101,11.254,11.15,11.675,12.333,12.486,12.333,12.093,12.764,13.159,13.203,12.855,12.821,12.486,13.081,12.672,13.025,12.262,11.898,11.498,10.938,10.06,9.3362,9.0013,9.2418,9.4607,9.4453,9.5683,8.1843,7.8,9.3049,11.911,12.661,13.434,15.721,14.851,15.392,14.278,14.562,14.103,13.38,13.852,13.532,14.196,14.062,15.572,15.768,15.572,16.207,16.661,17.103,17.315,16.511,17.315,17.441,17.281,17.458,16.896,15.916,14.959
13.228,15.152,15.041,14.938,14.635,13.552,12.71,11.996,10.792,11.01,8.7266,9.1034,9.1341,8.6135,9.3761,8.2821,9.4653,9.2408,9.7278,9.0417,9.3761,9.2559,8.7266,9.0107,9.0107,8.0767,8.2821,6.8989,6.4588,4.7621,11.048,12.972,13.49,13.604,13.757,13.727,13.737,14.089,14.009,14.529,14.009,14.711,15.49,13.889,14.673,13.889,14.452,13.757,13.27,12.885,13.068,11.124,11.124,10.714,10.423,10.648,11.422,10.857,9.8849,8.6135,11.01,13.969,15.381,16.816,17.357,16.94,16.94,15.408,15.625,16.3,14.975,15.05,16.732,15.785,16.3,17.453,17.684,17.137,18.428,19.166,20.259,19.578,20.204,19.115,20.424,20.079,21.085,20.218,17.453,16.463
13.221,14.956,15.406,15.361,14.616,13.991,12.605,12.561,11.147,10.165,9.4084,8.9988,8.2543,7.9966,7.694,9.7438,7.9966,8.9677,8.9988,8.9988,9.5264,9.3489,9.5264,9.3489,8.4714,8.7948,8.0488,7.566,6.3631,5.0131,11.11,12.605,13.472,12.955,13.951,13.78,13.534,13.306,13.951,14.616,14.51,15.251,15.361,14.228,13.78,14.577,13.749,13.452,13.749,12.901,12.438,11.432,11.034,11.346,10.894,10.409,11.697,10.569,10.582,8.7948,10.996,13.306,16.045,16.852,17.47,16.585,17.382,16.542,16.21,15.406,15.132,15.853,16.918,16.819,16.322,16.71,18.675,17.43,18.943,18.683,19.659,19.286,19.976,20.329,20.087,20.764,21.4,19.786,20.108,16.415
13.223,14.437,14.894,14.979,14.524,13.485,12.716,12.88,11.356,10.71,9.2523,9.0382,9.0382,8.5286,8.0909,9.7528,8.4792,9.4171,8.5286,9.0072,9.5352,8.6102,9.5352,9.4171,9.5352,8.3629,7.9338,7.0567,5.9135,5.3156,11.319,12.348,13.557,13.65,13.762,13.547,14.291,13.883,13.843,14.388,14.96,15.127,15.663,14.705,14.524,14.291,14.004,14.084,13.843,12.393,12.738,11.319,11.827,11.158,10.697,10.904,11.636,10.578,9.9375,9.0999,11.552,13.485,15.85,16.958,16.6,17.032,16.726,16.337,15.146,14.524,15.266,15.699,15.779,17.269,16.608,15.947,17.269,18.053,18.338,18.261,18.633,18.99,20.141,20.071,20.43,20.601,21.262,20.32,19.656,15.556
13.26,14.816,14.702,14.453,14.53,13.553,12.798,11.997,11.225,10.274,9.7571,8.5323,8.9956,8.2146,7.5763,9.3766,8.5323,9.7283,9.0421,9.4657,8.8702,9.7139,8.8702,9.0421,8.759,8.727,8.3666,6.4374,5.6991,5.3179,10.436,12.711,12.918,13.738,14.06,14.199,14.453,14.248,14.674,14.901,14.248,14.636,15.563,14.967,14.91,14.559,14.453,13.758,13.563,13.26,12.578,11.447,11.162,10.857,11.125,10.857,11.125,10.909,9.5394,8.614,10.178,13.89,15.572,16.412,17.357,17.462,16.48,15.883,15.345,15.883,14.394,16.094,15.883,16.607,15.883,16.842,18.022,17.47,18.887,18.79,18.611,18.708,19.771,20.357,19.771,20.419,20.17,20.003,19.079,16.842
12.592,14.308,14.394,14.163,13.958,13.436,12.947,11.721,11.449,10.794,9.2888,8.677,7.7397,8.4686,7.7927,8.2883,9.4501,9.049,9.333,9.049,9.333,8.9728,8.9267,8.9267,8.7244,7.9843,8.0187,7.0523,5.9768,5.1893,10.497,12.947,13.599,13.199,13.72,13.72,14.163,13.72,14.574,13.789,14.687,14.91,14.26,15.011,13.669,15.011,14.26,13.272,13.528,12.237,12.226,11.826,11.058,10.946,10.549,10.299,11.218,10.536,10.083,8.9267,10.794,13.789,15.129,16.326,16.782,17.738,16.651,16.148,15.417,15.129,15.559,15.638,15.735,15.917,15.761,17.519,16.848,17.115,17.946,17.457,19.424,18.994,19.649,20.504,19.586,20.444,19.961,19.395,18.075,16.782
11.069,13.064,12.808,12.909,12.569,11.788,11.211,10.59,9.3771,8.4043,7.6877,7.303,7.303,7.517,6.7277,7.7437,8.3354,7.7437,7.5933,7.6312,8.0718,7.982,8.0718,7.6312,7.5933,7.2037,6.9801,6.1219,5.3153,4.4276,9.3771,10.951,11.415,11.591,12.256,12.396,12.066,12.114,12.672,12.987,13.337,12.931,12.535,13.423,12.909,12.729,12.244,11.616,12.006,11.415,10.752,10.658,9.798,9.6796,9.0006,9.1278,9.3771,9.2377,8.6076,7.7437,8.9363,11.788,13.52,14.407,15.13,15.187,14.606,13.594,14.507,13.283,12.523,13.075,13.423,13.108,14.327,15.044,14.851,15.13,15.459,15.964,16.851,17.19,17.131,17.711,16.851,17.662,17.848,17.423,16.144,14.744
11.293,13.113,13.069,12.981,12.071,11.331,11.021,10.22,9.1473,8.5943,7.9852,8.1285,7.306,7.306,6.5347,7.9852,7.5392,7.6343,8.0751,8.0572,8.0751,8.493,8.1285,8.6612,7.4816,7.1664,6.8788,6.0055,5.7852,4.4294,9.3808,10.743,12.401,12.261,12.071,12.071,12.011,12.401,12.261,12.574,12.734,13.429,12.981,12.914,12.366,12.677,11.927,11.42,11.331,11.021,11.293,9.8753,9.6835,9.5031,9.1945,8.7441,10.22,9.3962,8.4077,7.7468,9.2726,11.731,14.181,14.181,15.278,15.577,14.543,14.612,13.599,13.342,12.011,13.003,14.007,14.058,14.181,13.966,14.463,14.779,15.382,15.798,16.337,16.477,17.297,17.562,17.163,17.595,18.271,17.297,16.582,13.557
12.908,13.655,14.13,14.179,14.257,12.961,12.285,11.617,10.626,10.19,9.4608,8.2977,8.9214,8.4783,8.413,9.7617,8.0278,8.6072,8.543,8.7343,9.4608,8.6868,8.9214,8.983,8.543,7.9415,8.2977,7.4587,5.9835,4.8383,11.07,12.595,13.614,13.865,13.162,13.735,13.685,14.276,13.38,14.41,14.13,14.788,15.3,14.815,14.694,14.179,13.214,13.12,13.895,12.518,12.116,11.268,10.958,10.626,10.311,10.561,11.522,10.496,10.19,8.3967,11.033,13.359,15.603,17.445,16.479,16.769,17.445,16.167,15.443,14.917,14.843,14.515,15.255,15.995,15.961,16.098,16.201,17.158,18.255,17.843,18.33,18.058,19.594,20.794,20.052,19.803,21.155,20.052,19.081,15.752
12.785,14.521,14.923,14.282,13.781,13.125,12.177,11.903,10.513,10.421,8.9865,9.0324,8.6585,9.1687,9.2882,7.8925,8.9404,8.9865,9.3473,9.5081,8.9404,8.4654,8.9404,8.925,8.6106,8.1502,7.0436,6.4084,5.7988,4.8403,10.63,12.357,12.998,13.9,13.62,13.457,14.087,13.95,14.136,14.445,14.559,14.625,14.559,14.282,14.126,14.33,13.781,13.219,13.447,13.292,12.817,11.223,11.272,10.63,10.565,10.962,11.075,10.552,9.3473,8.5464,10.5,13.385,14.709,16.676,17.197,17.858,16.709,15.759,15.261,15.234,14.483,14.33,16.07,15.152,15.547,17.64,16.577,16.485,17.004,18.375,19.538,19.531,19.489,19.531,19.482,19.735,19.957,19.602,18.375,16.351
12.631,15.045,14.146,14.292,13.67,13.05,12.084,11.523,11.033,10.037,9.0695,8.9315,8.4878,8.6648,9.3542,7.6497,8.6966,8.6966,8.807,8.7441,9.0695,9.3542,8.9931,8.6169,8.6648,8.4715,8.0024,6.4986,5.5849,4.8438,11.145,12.88,12.976,13.426,14.019,13.989,13.64,14.098,14.455,14.635,14.34,14.654,14.72,14.273,13.88,14.146,13.66,13.395,13.135,12.826,12.653,11.145,10.625,10.362,10.97,10.573,10.97,10.933,9.9823,8.6966,10.716,13.008,15.054,15.979,17.154,17.105,16.185,15.84,15.674,15.84,14.493,13.821,15.594,14.832,15.761,16.755,16.943,16.763,17.971,18.093,19.503,18.62,19.289,19.777,19.749,19.937,19.616,19.826,18.396,15.77
12.796,14.556,15.73,14.527,14.196,13.488,12.385,12.076,11.047,10.177,9.5377,9.7266,8.8053,9.056,8.0584,9.3749,8.994,8.8686,8.994,8.8686,9.4641,9.0405,9.4641,9.2396,9.1022,7.9359,7.6302,6.6921,5.915,5.2106,11.31,12.576,13.55,13.766,14.294,13.488,14.087,14.008,14.087,14.964,14.294,14.44,16.195,15.352,14.671,14.392,13.488,13.561,13.067,12.785,12.385,11.359,11.421,10.581,10.7,10.581,11.555,10.907,9.841,8.7575,10.475,14.392,15.569,17.354,17.587,17.587,16.435,15.569,14.823,15.668,15.159,15.406,16.341,16.117,16.409,16.46,16.477,17.682,18.112,18.517,19.753,19.374,20.277,20.741,20.132,20.579,21.484,19.661,18.943,16.117
13.705,15.372,13.937,14.026,14.495,13.458,13.197,11.721,10.883,9.8192,9.7337,9.5166,9.1127,8.2458,8.7061,8.7381,9.3542,9.2342,9.1127,8.7858,9.633,8.5934,8.9741,8.9896,8.7061,8.5282,8.2458,6.9432,6.0188,4.3531,10.883,12.038,13.816,13.572,14.214,13.695,14.086,14.056,13.886,14.79,14.865,14.562,15.872,14.184,14.214,14.165,13.355,12.984,12.548,12.768,12.548,11.136,11.023,10.412,11.023,10.985,11.625,10.985,10.623,8.7858,11.625,13.038,16.925,16.776,18.746,17.956,17.643,17.292,16.055,16.029,15.126,15.526,16.768,17.04,17.643,16.373,17.643,17.956,17.917,19.004,20.533,19.646,20.615,20.743,20.776,20.067,21.874,20.281,19.617,16.398
12.978,14.642,14.254,13.496,13.107,13.277,12.358,12.279,11.754,10.072,9.0149,9.0149,7.9406,8.6176,8.0978,8.6176,9.0614,9.0149,9.0614,9.0149,8.9993,9.3656,9.0149,8.6176,8.7306,8.7627,7.3543,6.9628,5.726,4.7937,11.23,12.749,12.727,14.066,13.804,13.329,14.096,14.016,14.536,15.159,14.709,15.159,14.982,15.066,14.332,14.642,14.303,13.855,13.234,12.727,12.222,11.329,10.913,10.9,10.548,10.441,11.317,10.862,10.183,8.6824,10.653,14.303,16.572,17.477,17.501,17.787,16.715,16.161,15.925,15.713,15.578,16.308,16.022,16.47,16.419,16.419,17.533,17.748,19.248,17.975,19.248,19.32,19.821,20.039,20.365,19.269,20.801,19.522,18.376,16.538
13.017,13.983,13.983,14.1,13.755,13.143,12.664,11.6,11.055,10.08,9.8874,8.5307,9.3742,9.1519,7.878,9.6342,8.924,9.6627,8.6426,9.0158,8.97,9.0158,9.2859,8.6743,8.7217,8.3845,7.4479,6.8124,5.7881,4.9437,10.752,12.75,13.605,13.017,13.665,14.389,13.785,14.389,14.757,14.831,14.757,15.006,14.914,14.532,13.625,14.081,14.188,13.36,13.195,12.234,12.577,11.493,11.017,10.402,10.481,10.803,11.312,10.611,10.066,8.9547,10.803,13.755,14.831,16.279,17.357,16.72,16.777,16.455,15.73,16.041,14.71,16.304,15.86,15.843,15.843,17.42,16.405,16.916,18.1,18.401,19.219,19.268,19.754,19.955,20.248,20.023,20.16,19.474,18.251,16.075
12.935,14.873,14.471,14.721,13.938,13.118,12.716,11.62,10.067,10.122,9.5516,9.8554,9.5516,9.2531,9.4333,9.5369,8.6898,9.1463,9.5516,9.2531,9.2682,9.1463,9.2682,9.1463,8.6898,8.4938,7.6413,7.1084,5.9237,4.5269,11.025,12.727,13.998,14.266,13.404,13.998,14.413,14.462,14.413,14.693,14.759,15.939,15.172,14.958,14.256,13.816,13.988,13.508,14.108,12.232,12.324,11.906,10.728,10.91,10.191,10.728,11.227,10.728,10.597,9.0071,10.728,13.118,16.088,16.322,17.38,16.459,17.299,16.036,15.153,14.92,15.365,15.374,15.474,16.036,15.429,16.218,17.086,16.963,18.612,17.999,19.103,19.111,19.103,20.609,19.604,20.245,20.69,19.482,18.453,15.939
12.415,14.655,14.655,13.868,13.509,13.509,12.903,12.233,11.376,11.227,9.7268,8.7706,9.2534,9.4783,8.8819,10.123,9.0696,9.4337,9.0696,9.374,9.023,9.374,9.0696,9.1159,8.8819,8.3777,7.8768,6.9691,5.7067,4.885,10.872,12.471,12.738,13.246,13.786,13.988,13.868,13.988,15.071,15.727,15.173,15.283,14.267,14.996,14.986,14.731,14.345,13.571,13.341,12.013,11.765,11.339,10.716,10.729,10.288,11.025,10.61,10.288,9.4783,9.023,10.288,13.571,14.93,16.434,16.176,16.839,15.94,16.176,16.73,15.583,15.691,14.845,14.655,16.629,16.755,15.975,17.929,17.874,18.232,18.293,19.712,19.023,19.454,19.439,20.664,20.176,20.246,19.712,17.541,17.194
12.817,14.359,14.281,14.002,14.281,13.584,12.382,11.68,11.338,10.298,9.3983,8.7793,8.3017,8.7472,7.8846,9.9649,9.7364,8.8908,9.7509,9.2627,9.3983,9.4877,8.8908,9.4877,9.2627,8.6339,8.2848,6.3866,5.2236,5.3302,11.188,12.74,12.948,13.418,14.281,13.522,14.002,14.593,14.708,14.936,15.197,15.308,14.122,15.086,13.291,14.593,14.012,13.099,13.595,12.106,11.86,11.351,10.133,10.882,10.133,10.528,11.151,11.036,10.063,8.6339,9.7364,13.259,15.188,15.769,16.646,17.005,17.268,16.45,15.751,14.936,15.076,16.654,15.417,15.769,16.45,16.131,17.005,17.398,18.311,18.103,19.123,19.688,19.458,19.473,19.306,20.014,20.217,19.306,18.319,16.914
12.191,14.385,14.751,14.307,13.859,13.808,13.1,12.087,11.22,10.43,9.8923,9.2629,9.7639,9.4279,10.403,8.5383,8.8764,9.4724,9.3832,9.2629,9.3832,8.813,9.141,8.6848,9.0019,8.0828,8.0654,6.9648,6.3763,4.795,10.916,12.191,13.28,13.078,14.385,14.248,13.778,14.608,14.864,14.977,14.836,14.996,15.393,14.646,14.405,13.737,13.573,13.025,12.895,12.796,12.587,11.613,10.656,10.551,10.904,10.722,11.22,11.332,10.117,8.3725,10.916,13.11,14.949,16.551,17.697,17.093,16.347,16.131,15.93,16.577,15.246,14.463,16.347,15.438,15.744,15.921,17.24,17.019,18.035,19.18,19.528,19.592,20.233,20.295,20.344,20.295,20.651,19.391,18.721,15.886
12.118,13.868,14.707,14.26,13.858,13.154,12.355,12.299,11.035,10.77,9.4628,8.9387,9.4482,8.9079,7.9951,9.6502,9.6787,9.182,9.5785,8.9387,9.4628,8.9387,8.9849,8.9233,8.6887,8.0294,7.8735,6.8237,5.7977,4.9519,10.55,12.243,13.248,13.133,13.688,13.778,13.858,13.858,14.781,15.303,14.413,14.594,15.303,14.104,14.133,14.337,12.985,13.413,12.868,12.964,12.771,11.9,11.135,10.419,10.511,10.77,11.737,10.459,9.6787,8.7989,10.922,13.217,15.545,15.659,16.474,17.519,15.999,15.258,15.747,15.366,14.133,15.15,15.303,15.031,15.747,16.348,16.706,16.797,17.816,18.962,19.107,19.988,19.485,19.25,19.612,19.759,20.056,19.598,17.831,16.44
13.25,14.554,14.783,14.659,13.79,13.377,13.626,11.38,11.231,10.453,10.413,9.7297,9.0723,9.0257,8.7732,9.4811,9.5549,9.2562,9.0568,8.7732,9.0568,9.0102,9.3918,9.1186,9.0723,8.279,7.717,6.7041,5.6341,4.5284,10.926,12.373,13.293,13.544,13.872,13.492,13.79,13.872,14.31,14.241,14.85,15.37,15.379,15.37,14.764,13.993,13.293,13.09,13.513,12.407,11.851,11.067,11.181,11.243,10.453,11.441,11.624,10.453,10.084,9.0102,9.9014,13.513,16.634,17.035,16.643,17.109,16.592,15.452,15.588,14.476,13.993,14.963,15.407,16.6,15.812,16.041,16.76,17.256,18.55,17.879,18.671,19.344,20.286,20.731,18.754,20.252,21.365,19.696,18.581,16.37
12.299,14.272,14.34,13.425,13.67,13.456,12.88,11.534,12.003,10.147,10.349,8.8069,8.9776,8.4877,7.8981,10.037,9.515,9.3541,9.0694,9.1903,9.3097,8.9314,9.1753,8.6647,8.9468,8.5525,7.7571,6.413,5.3578,5.201,10.638,12.186,12.532,12.696,13.91,14.195,14.224,14.493,14.272,15.272,14.943,14.598,14.531,14.34,13.7,14.493,13.67,13.05,12.129,12.31,12.707,11.665,10.625,10.201,10.106,10.362,11.045,10.625,9.7726,8.4714,10.201,13.425,15.044,15.452,17.105,16.82,16.918,15.979,14.654,15.594,14.34,14.607,15.163,15.77,16.185,16.073,16.227,16.959,17.393,18.943,19.524,19.503,19.63,19.446,19.467,20.184,19.439,19.375,17.971,15.901
12.308,14.83,14.222,14.193,13.638,13.174,12.486,12.127,11.533,10.467,9.8695,9.47,8.9763,9.3968,9.4554,8.4702,9.5858,9.47,9.686,9.0376,9.8134,8.7427,8.6634,8.6155,8.9455,7.576,7.8091,6.6446,5.9431,4.6984,10.829,12.486,13.3,14.115,13.748,13.987,13.908,13.987,14.529,14.424,14.529,15.152,14.652,14.605,13.393,14.595,13.505,13.627,13.132,11.99,11.805,10.829,10.829,10.969,10.817,10.969,10.829,10.636,9.9945,8.6952,10.506,13.423,15.024,15.898,17.175,16.486,16.182,15.449,15.378,15.024,15.161,15.592,14.95,15.803,14.858,16.284,17.102,17.343,17.493,18.415,18.631,18.976,18.976,19.443,18.587,20.209,20.46,18.83,17.891,15.768
12.296,14.424,14.528,14.651,13.163,12.694,12.92,11.804,11.043,10.466,9.9109,8.9451,8.9451,9.1736,8.4208,9.3523,9.4696,9.3523,9.4696,8.9451,8.5509,9.0372,8.6631,8.9297,9.1736,8.2051,7.8792,6.1257,5.1734,4.4571,10.829,12.364,13.005,13.748,14.289,14.016,13.868,13.748,14.134,14.708,14.876,14.857,15.023,14.144,14.221,13.788,13.142,13.048,13.392,12.53,12.127,11.315,10.816,10.104,10.09,10.519,10.829,10.714,10.145,8.9451,10.36,13.878,15.242,16.317,16.444,16.817,15.767,15.556,15.511,14.95,14.95,14.595,14.424,15.976,15.52,15.95,16.611,16.494,18.234,17.89,19.328,18.504,19.857,19.78,19.12,20.546,20.8,19.689,18.83,15.898
12.836,14.284,14.647,14.001,13.681,13.405,13.239,11.675,10.724,10.941,9.5227,9.3024,9.4644,8.9541,9.6524,8.0432,8.6238,9.595,9.3616,9.0003,9.3616,9.0768,8.5594,9.1827,8.4783,7.7634,7.6558,6.6924,5.4895,4.8477,10.84,12.139,13.405,13.64,13.921,14.206,13.762,14.206,14.807,15.038,14.352,14.619,14.955,13.711,14.158,13.312,13.145,12.717,12.728,12.663,12.275,11.042,11.253,9.595,10.647,10.634,11.179,10.568,9.6524,8.4292,10.155,13.018,15.139,16.086,17.167,16.086,16.052,15.818,15.536,15.312,14.438,13.832,15.357,14.732,14.581,16.018,16.502,16.24,17.127,18.396,19.002,18.59,19.291,19.987,20.125,19.953,19.987,19.98,18.131,16.3
12.372,14.202,14.347,14.231,13.565,13.141,12.703,11.998,11.986,10.823,9.3143,9.1949,8.8112,8.7483,9.3587,8.4266,8.9512,9.1798,9.476,9.5919,9.0434,8.669,8.9358,8.7008,8.0407,7.4336,7.0128,6.1524,5.5876,4.3345,10.721,12.724,13.401,13.401,14.124,14.347,13.797,13.917,14.876,15.307,14.811,14.462,14.576,14.153,14.143,13.667,14.143,12.659,12.316,12.713,12.659,11.088,10.434,10.001,10.513,10.63,10.578,11.286,10.001,8.2275,9.8758,13.141,13.667,16.421,16.32,16.622,15.522,16.081,15.459,14.802,13.877,14.433,15.352,15.468,15.307,16.329,16.968,16.497,18.125,18.337,18.952,19.133,19.277,18.996,20.607,19.981,20.847,19.759,17.879,16.235
12.331,13.825,14.558,13.784,13.254,13.579,12.9,12.02,11.676,10.603,9.6747,9.5578,9.9044,9.747,9.4394,9.5578,9.1214,9.6747,9.8617,8.7438,9.2742,8.2304,8.5487,9.075,8.2475,7.9702,7.3653,6.643,5.4067,5.0296,10.669,12.823,13.682,13.916,14.275,14.226,14.087,13.997,14.769,15.182,14.769,15.265,14.702,15.089,14.664,13.825,13.997,13.423,13.381,12.09,12.113,11.628,11.234,11.383,10.294,10.917,11.234,10.416,10.524,9.0595,10.198,13.381,15.602,16.765,16.765,17.528,16.124,15.94,15.07,14.324,14.246,14.354,14.558,16.22,15.602,16.159,15.984,17.245,18.057,18.404,18.677,19.508,20.153,21.007,20.153,20.465,20.832,19.795,18.404,16.444
12.773,13.978,14.586,14.174,14.28,13.124,12.912,12.445,11.465,10.81,9.6797,8.9243,9.9603,9.863,8.9088,9.5796,8.9397,8.9397,8.6099,8.9858,9.3466,8.6578,8.9243,8.3003,8.3003,7.8743,7.424,6.5777,5.6783,4.2323,10.512,12.389,13.155,13.739,13.739,13.739,14.28,14.52,14.857,14.642,14.329,14.941,14.557,14.82,14.482,13.124,13.739,13.124,12.621,12.074,11.513,11.037,10.771,11.037,10.394,10.512,10.924,10.34,10.617,8.9705,10.354,13.218,15.439,16.333,16.576,16.774,16.214,16.061,15.014,13.809,14.595,13.809,14.135,15.888,16.172,16.484,17.196,17.647,17.956,17.763,18.971,18.781,19.789,20.919,19.537,20.059,21.24,18.928,18.642,16.206
12.465,14.091,14.627,14.428,13.533,13.675,13.431,11.549,11.124,10.087,10.074,9.6696,10.087,9.1584,8.4559,9.6412,9.0527,9.0223,9.1584,8.4559,9.1584,8.915,9.1584,8.2917,8.4069,7.7959,7.5084,6.5708,5.6724,3.9938,10.696,12.984,13.884,13.845,14.071,14.12,14.071,13.442,14.314,14.12,14.323,15.017,15.099,14.314,13.795,13.11,12.856,12.684,13.267,12.432,12.276,10.95,11.062,11.124,10.488,10.606,11.062,10.811,10.182,8.141,11.112,13.795,16.01,17.122,16.855,16.333,16.789,16.052,15.352,14.169,14.198,14.851,14.916,16.01,15.854,15.741,16.691,17.313,18.174,18.908,19.089,19.58,20.666,21.14,20.038,19.934,20.666,18.74,18.828,15.776
12.615,13.274,14.254,14.177,13.274,12.959,12.68,12.472,11.351,10.611,9.0273,9.2977,9.3861,8.4768,7.4204,10.024,9.0577,8.9044,8.9814,9.342,8.4116,8.7327,9.0577,8.9199,8.6853,7.9401,7.8002,5.9825,6.1415,4.3268,11.555,12.615,13.377,14.099,14.322,14.579,14.128,14.322,14.616,14.322,14.616,14.813,15.107,14.331,13.652,14.099,13.128,12.615,12.604,12.249,13.128,11.131,11.031,10.766,10.546,10.766,11.131,10.559,9.9,8.4605,10.093,13.243,16.164,16.864,17.155,17.026,15.88,15.993,14.701,16.061,14.701,14.841,15.441,15.741,15.574,15.653,17.187,16.675,17.909,18.214,19.013,19.911,20.192,20.192,20.254,20.254,20.49,19.264,17.465,15.958
12.397,14.143,13.697,14.192,13.392,13.163,12.628,11.745,11.804,10.571,10.32,9.037,8.4206,8.5507,7.5755,9.3077,9.1884,9.0675,9.3521,8.4697,8.9141,8.4206,8.1712,8.4206,7.879,8.3052,7.5207,6.4117,5.7779,4.2348,10.93,12.694,13.299,13.748,14.269,14.717,14.221,14.133,14.745,14.857,14.192,14.192,15.377,13.986,13.986,13.392,13.132,12.617,12.262,13.142,12.715,11.229,11.363,10.466,10.571,10.636,11.278,10.199,9.6854,8.1543,9.9939,12.92,15.341,16.359,16.443,16.685,16.113,16.224,14.792,16.215,14.094,14.452,16.036,15.314,16.224,15.617,16.972,16.685,17.326,18.652,19.884,19.668,20.296,19.668,20.398,20.207,20.214,19.371,17.844,15.555
12.38,13.766,14.163,14.035,13.766,12.722,12.841,11.867,11.293,10.983,9.6558,8.6748,8.6268,9.0035,7.8898,9.186,9.201,8.1655,8.9418,8.8172,8.9418,8.3166,8.4813,9.08,7.8194,7.4386,7.3262,6.858,5.364,4.9622,10.728,12.667,13.307,13.807,14.005,14.241,14.153,14.211,14.51,14.737,15.254,14.765,14.133,14.211,13.676,14.163,13.192,12.991,13.41,12.234,12.313,11.33,10.983,11.058,10.334,10.361,10.831,10.637,9.6987,8.5625,11.058,13.16,14.849,15.78,16.832,17.23,16.474,15.062,15.062,14.586,14.366,14.849,15.181,14.615,15.479,16.203,16.963,17.254,17.556,17.798,19.716,18.656,18.965,20.084,20.098,19.405,20.514,18.774,17.992,15.479
13.18,14.418,14.566,13.844,14.369,13.5,12.907,12.56,11.458,10.805,10.306,8.8816,9.8399,9.5012,8.9455,8.8333,8.8333,9.1189,8.6047,8.1631,9.5012,8.6047,9.5012,9.1345,8.4376,8.1282,7.9332,6.8339,5.8943,5.0344,11.308,12.918,13.916,13.916,14.517,13.844,14.682,14.099,14.885,14.653,14.566,14.359,13.916,14.721,13.678,13.678,13.373,13.082,12.918,12.285,12.098,11.219,11.001,11.408,10.525,10.805,11.104,10.686,9.9263,9.2121,11.001,13.202,15.512,16.37,17.051,16.439,16.68,15.586,15.027,14.209,14.517,14.798,15.037,15.402,14.653,16.204,17.185,17.739,18.432,18.378,19.07,18.867,20.32,20.592,19.745,20.764,21.003,19.396,18.586,16.326
12.472,14.008,14.815,14.116,13.648,13.319,13.474,11.586,10.442,10.522,9.3074,9.5278,10.106,9.7005,10.119,8.7558,9.0051,8.6284,10.119,9.3666,9.0051,8.6284,8.4828,8.7558,7.8208,7.6599,7.1555,6.4001,5.4164,4.7639,10.845,12.416,13.769,14.165,14.165,13.978,13.648,14.165,13.899,14.311,14.165,14.311,14.824,14.165,13.719,13.068,13.246,12.282,12.637,12.67,12.111,11.16,10.574,10.845,10.639,10.845,11.048,10.215,9.6719,7.8912,10.215,12.811,14.954,15.826,17.128,16.777,16.342,15.695,15.482,15.293,13.769,14.155,15.265,14.551,14.359,15.826,16.249,16.477,17.956,18.888,19.578,18.8,19.998,19.831,19.642,20.3,20.019,19.15,17.416,15.473
12.27,13.796,14.152,14.298,13.995,13.706,12.723,12.713,11.174,10.11,9.9169,10.151,9.663,9.9169,9.6915,8.7477,8.3104,9.1792,9.663,8.8106,9.4753,8.5561,8.6204,9.1792,8.475,7.8136,7.1489,6.7309,5.7816,4.9585,11.087,12.658,13.14,13.472,14.346,14.025,13.886,14.461,13.876,13.876,13.965,14.103,14.95,13.876,13.14,12.928,13.182,12.636,12.981,12.191,12.27,11.575,10.835,10.564,10.366,10.326,11.37,10.11,9.7767,8.1595,10.577,13.15,16.226,16.234,17.472,17.472,16.37,15.627,15.279,15.68,13.756,13.265,15.133,13.965,14.499,15.565,16.827,16.827,18.336,18.841,20.117,19.052,20.288,19.98,19.624,19.326,20.733,19.182,17.566,15.467
12.488,13.75,13.989,14.569,14.019,13.05,13.176,12.265,11.045,10.78,9.9959,8.9467,8.9929,8.6167,8.6964,8.9929,9.4713,8.5524,9.354,8.9929,9.2948,8.4714,9.0388,8.6646,7.757,8.6964,7.5222,7.0681,5.3578,4.8437,11.045,12.653,13.558,13.959,13.959,14.146,14.019,14.146,14.019,13.88,14.146,14.34,14.146,13.629,13.05,13.145,12.653,13.66,13.374,12.095,12.31,11.083,11.243,11.231,10.638,10.625,10.78,10.56,10.106,8.9313,10.106,12.826,15.461,16.787,16.614,16.82,16.082,15.38,15.452,14.86,14.934,15.272,14.493,15.84,15.299,16.688,16.959,17.661,18.35,17.932,18.862,19.552,20.28,20.677,19.524,19.936,20.28,18.921,17.393,15.77
12.495,13.918,14.728,13.878,13.828,13.015,13.184,12.539,11.481,11.287,10.474,9.8765,8.9827,9.4035,9.5926,8.9209,8.4762,9.6929,8.9364,7.8147,8.4762,8.2113,8.5573,8.4762,8.7014,8.0412,7.4341,6.5022,5.2829,5.1773,11.139,12.373,13.142,13.474,13.647,14.3,14.28,14.144,13.678,14.501,14.232,13.878,14.28,13.708,13.402,13.267,13.309,12.725,12.714,13.057,12.714,11.529,11.052,10.408,10.513,10.786,10.722,10.152,10.098,8.4925,10.098,13.173,14.952,15.962,17.243,17.026,16.772,15.962,14.961,15.326,13.474,13.878,14.84,15.053,15.281,15.77,16.928,16.33,17.663,18.667,20.12,19.948,20.23,19.514,20.017,19.788,20.086,19.055,17.904,15.814
12.201,14.368,14.549,14.29,14.164,13.677,12.504,12.471,11.489,10.119,9.4833,9.1869,8.4821,8.6756,8.217,9.3214,8.755,8.818,9.2019,8.6756,8.7075,8.818,8.9426,8.6756,7.8906,7.9081,7.5866,6.8385,5.3646,4.8498,10.729,12.81,13.808,13.687,13.888,14.036,14.164,14.036,14.164,13.411,14.007,14.445,13.473,13.838,12.939,13.808,13.647,12.992,13.677,12.939,12.647,12.007,10.845,11.097,10.119,10.375,11.147,10.651,10.105,8.7075,10.05,12.647,15.4,15.471,16.476,16.981,15.903,16.094,15.471,14.549,14.007,14.164,14.851,14.368,14.242,15.693,16.866,16.518,18.162,19.263,19.399,19.996,19.64,20.21,18.967,19.746,19.809,19.068,18.732,15.543
13.532,14.045,14.221,13.985,13.532,13.816,13.169,12.422,11.252,10.22,9.1923,9.9311,9.7054,9.0557,10.22,8.6328,8.6808,9.0557,9.0862,9.4889,9.0097,8.5684,8.438,8.6328,8.6808,7.8248,7.8952,6.4033,5.669,4.8527,11.153,12.288,13.816,13.816,13.985,13.726,13.846,14.221,13.695,14.558,14.221,14.143,14.738,13.419,13.316,12.946,13.316,12.478,13.159,12.946,12.511,11.387,11.362,10.658,10.341,10.527,11.066,10.22,9.8892,8.7602,10.421,12.946,14.25,14.662,17.185,16.876,16.351,15.48,15.552,14.98,13.685,12.817,15.082,14.662,15.3,15.346,16.393,16.876,17.497,17.927,18.985,19.652,19.581,19.532,19.539,20.008,20.112,18.743,17.904,15.913
12.414,13.716,14.367,14.443,14.241,13.767,13.15,11.995,12.2,11.183,10.008,9.3058,10.572,9.0496,9.3651,9.6989,9.3651,9.5262,9.3058,9.0036,8.5626,8.9574,8.1826,8.9574,8.5626,8.1656,8.0117,6.4206,5.2862,4.9622,11.257,12.668,13.41,13.897,13.926,13.807,14.443,13.574,13.837,14.006,14.548,14.887,13.807,14.357,14.153,13.716,13.39,13.15,13.767,12.2,12.841,11.244,11.096,10.983,10.118,10.983,10.651,10.008,10.104,8.5626,10.651,13.023,15.145,15.479,15.998,17.125,15.612,16.204,15.612,13.523,13.887,13.317,14.153,15.254,15.145,15.789,16.716,16.633,17.125,18.73,18.076,19.469,19.197,19.995,18.885,19.06,20.242,19.197,17.992,16.092
12.423,13.937,14.173,14.144,13.847,13.907,13.001,12.655,11.829,10.342,9.9317,9.6055,9.663,8.6812,9.6055,8.1885,8.9639,8.2223,9.0101,8.3228,9.0101,8.6332,8.5688,8.9484,8.2391,8.5688,7.4441,6.6582,6.0016,4.4974,11.191,12.904,13.817,13.897,13.726,14.016,13.42,13.726,13.666,14.367,13.817,13.897,14.663,13.655,13.159,13.817,13.686,13.42,13.696,12.288,12.107,11.166,11.58,10.8,10.015,10.111,11.253,11.066,9.7912,8.7131,10.852,13.075,16.009,17.37,16.258,16.25,16.487,15.914,14.3,13.817,14.367,14.748,14.559,15.183,13.897,16.216,15.624,16.729,17.694,18.655,18.15,18.81,19.779,19.561,18.898,19.16,20.065,19.326,17.966,15.553
13.165,13.805,14.189,14.308,13.866,14.159,13.036,12.137,11.771,10.488,9.8049,9.8049,9.0553,8.6562,8.802,8.2549,8.7213,8.1342,8.7213,8.5246,8.2721,8.5246,8.6562,8.5742,8.3062,7.7424,7.7424,6.9331,5.8492,5.0165,11.305,12.64,13.805,13.619,14.367,14.308,13.836,13.917,13.836,14.308,13.866,14.039,14.514,13.294,13.294,13.463,12.872,12.806,13.165,13.304,12.459,11.807,11.38,10.846,10.488,10.595,11.065,10.648,9.8911,8.1342,10.228,12.982,14.601,16.484,17.556,17.676,15.503,16.199,15.503,15.31,14.049,13.557,15.457,15.43,15.711,15.503,15.31,16.424,17.676,18.732,19.61,18.883,19.407,20.066,19.217,20.457,21.17,19.327,18.111,15.648
12.879,14.337,14.727,15.145,14.288,14.068,13.173,12.142,11.233,10.977,10.242,9.4804,8.9259,8.8621,7.9871,9.6435,8.8621,8.5859,9.4804,8.5859,8.4191,8.668,8.8621,8.9259,8.4191,7.6794,8.0048,6.6719,5.7596,4.5495,11.295,12.657,13.638,13.354,14.068,14.337,14.058,13.354,13.471,14.058,13.648,13.575,14.833,14.058,14.308,13.855,13.226,13.322,13.575,12.79,12.824,11.763,10.925,10.131,10.542,10.703,11.08,10.284,9.2992,7.9158,10.569,13.471,14.007,15.551,16.438,16.813,16.299,15.442,14.327,15.478,12.802,13.855,13.936,15.061,15.154,15.524,16.019,16.446,17.047,18.104,19.382,19.088,19.302,18.522,19.55,19.816,19.987,19.382,17.963,16.334
12.795,14,14.33,14.526,14.379,13.734,13.683,12.379,11.427,11.113,10.333,9.8132,8.8575,9.1871,8.5814,9.7698,8.5979,7.8578,8.1062,8.4147,9.0473,8.6635,8.4147,8.5317,8.4147,7.6199,7.1004,6.8154,5.2415,5.0207,10.776,12.344,13.432,13.568,13.929,13.929,13.847,13.631,14.091,14.06,13.969,14.05,14.536,14.141,13.847,14.05,13.568,13.432,13.305,12.861,12.65,11.464,11.427,10.776,10.776,10.237,10.537,10.456,9.4305,8.7772,10.223,13.144,14.091,16.16,17.376,16.669,15.725,15.249,14.72,14.379,14,13.631,14.379,15.877,16.186,15.323,17.691,17.376,18.071,18.008,18.816,19.225,19.189,19.698,19.372,19.372,18.951,19.277,17.842,16.01
11.954,14.519,14.932,14.519,14.519,13.993,13.298,12.281,11.666,10.639,9.7794,9.5895,9.4108,9.1826,9.9373,8.5771,8.6592,9.1517,8.6592,8.8531,9.1826,8.4106,8.6592,8.805,8.1021,8.0496,7.5227,6.5796,5.5535,4.5448,10.953,12.866,13.84,13.871,13.83,13.963,14.273,13.457,14.519,14.134,14.519,13.81,14.519,13.81,13.922,13.562,13.394,12.877,13.84,13.17,12.777,11.666,11.183,10.532,10.107,10.532,10.758,10.491,9.305,8.5771,10.163,13.457,14.313,15.139,16.661,16.964,16.49,15.869,15.045,15.12,13.394,14.313,14.932,14.674,14.751,16.002,16.652,16.152,17.61,19.223,18.557,19.363,19.068,19.282,19.363,19.363,19.681,19.341,19.068,15.967
12.675,14.317,14.886,14.746,13.984,13.315,13.582,12.117,10.799,11.102,9.7899,9.0089,9.3707,8.4865,7.7708,9.8323,8.7595,8.4865,9.055,8.4374,8.9317,7.9645,8.6321,8.8225,8.0165,7.4802,8.4374,6.842,5.9545,4.993,11.165,12.816,13.418,13.418,13.664,13.684,13.895,13.664,13.283,14.452,13.582,13.775,14.905,13.694,13.684,13.984,12.73,13.158,12.73,12.806,12.741,11.627,11.189,10.014,10.799,10.539,10.657,10.124,9.4882,8.238,10.219,13.283,14.896,16.973,16.817,16.643,15.789,15.053,14.452,14.623,13.664,14.452,14.68,15.344,16.451,15.371,15.824,17.119,17.894,18.239,19.208,19.136,19.812,19.352,19.784,19.587,20.553,18.667,18.541,15.299
12.413,14.162,14.24,14.623,14.308,13.481,13.181,12.38,11.678,10.728,9.4819,9.8258,8.9414,8.3162,8.4809,8.2158,8.4318,8.2158,8.9568,8.9568,8.4809,8.2158,8.4318,8.9568,8.4809,7.7658,8.4809,6.8375,5.6892,4.7628,10.945,12.937,13.715,13.886,13.409,13.896,13.306,13.181,13.806,13.645,13.655,14.356,13.806,14.162,13.243,14.005,13.766,12.84,13.926,12.84,12.279,11.378,11.354,11.293,9.9795,10.374,10.637,10.414,9.6983,8.5621,10.532,13.886,15.691,16.516,16.237,16.507,16.516,14.951,15.262,14.152,14.288,14.886,14.547,15.334,14.623,16.864,16.937,16.905,18.258,18.964,18.655,18.677,19.567,20.425,18.677,19.461,19.799,19.743,18.258,16.381
12.543,13.712,14.873,14.159,13.882,13.156,13.062,11.863,11.758,10.98,9.8796,9.6674,9.4065,9.4797,9.3623,8.4789,8.56,8.9547,8.9547,8.4789,9.3623,7.9574,9.1984,8.4952,8.56,7.4365,7.6563,7.3241,5.9492,4.848,10.828,12.837,13.762,13.406,13.641,13.833,13.882,13.762,14.129,13.682,13.803,14.353,13.57,13.922,13.57,13.313,13.882,13.188,13.386,12.631,12.276,11.58,11.179,11.093,10.438,9.8234,10.582,9.9215,9.4651,8.7517,10.634,13.303,15.249,15.537,17.551,16.835,16.711,15.537,15.993,14.159,14.11,14.304,14.159,14.966,14.808,16.512,17.031,17.793,17.48,18.673,18.879,20.023,19.541,19.513,19.562,19.52,20.291,19.061,17.878,16.053
12.539,14.202,14.84,14.727,14.231,13.798,13.757,12.406,11.754,10.938,9.0741,9.3589,8.9514,8.9514,7.5261,9.6924,8.4758,8.0409,8.7485,8.5569,8.7485,8.5569,8.7485,8.8114,8.4921,7.7611,7.9022,6.8536,6.3514,4.9589,10.644,13.152,13.401,13.636,14.434,14.202,13.757,13.798,13.757,13.877,13.828,13.877,14.951,14.434,13.877,13.917,13.565,13.183,13.463,13.757,13.463,12.136,11.528,10.001,10.434,10.526,10.042,10.206,9.4762,8.0409,10.152,13.057,14.96,16.829,16.73,16.506,15.892,14.802,14.347,15.171,14.153,14.539,15.352,15.253,16.227,15.813,16.227,17.67,17.67,19.054,19.815,19.534,18.843,19.626,19.047,19.278,19.731,19.626,17.67,14.951
13,14.52,13.986,14.558,14.143,13.326,13,12.322,11.153,11.301,9.8332,9.4891,8.9945,8.2389,8.633,8.9636,8.9636,8.4382,8.9636,8.4873,8.3225,8.5685,9.6627,9.1925,8.681,8.5685,7.6639,7.0225,6.3382,4.9935,10.991,12.655,13.665,14.319,13.481,13.685,13.776,13.696,13.896,13.846,14.453,14.173,13.726,14.173,13.075,14.251,13.42,13.696,13.399,12.644,12.676,11.687,10.851,11.104,10.111,10.22,10.593,9.6627,9.4745,8.4873,9.7056,13.326,15.082,15.913,16.326,15.8,15.835,15.481,15.346,14.319,14.625,15.588,15.082,15.328,14.822,16.645,16.215,17.521,17.497,17.694,18.978,18.385,19.08,20.043,18.423,18.956,20.147,19.304,17.927,15.8
12.806,14.633,14.858,14.557,14.142,13.775,13.48,11.686,10.952,10.219,9.79,9.4883,9.7047,8.4866,9.8323,8.4866,8.5678,8.6322,9.009,8.9628,8.9628,8.5678,9.009,9.055,8.6802,8.0166,7.5906,6.8421,6.0009,5.2894,11.103,13.158,13.684,14.044,13.895,13.725,13.815,13.725,13.418,13.325,13.48,13.935,14.171,13.935,13.325,13.158,13.2,13.073,14.249,13.031,12.642,11.543,10.579,10.526,10.219,10.219,10.539,9.7047,9.9861,8.1875,10.592,13.168,14.858,15.479,17.376,16.949,16.341,15.772,15.479,14.171,13.418,13.583,15.824,15.299,14.858,16.324,16.727,16.324,17.432,19.02,19.136,18.808,19.861,19.972,18.601,18.83,19.819,18.984,17.495,16.007
12.808,14.824,14.908,14.32,14.174,13.483,12.678,11.935,11.167,10.528,9.5339,10.221,9.5339,8.9647,9.3282,8.2398,8.9955,8.9492,9.3282,8.9492,9.1936,8.7614,8.4883,8.9647,8.4883,8.2398,7.7725,6.8435,6.3608,5.3685,10.852,12.656,13.421,13.534,13.687,13.192,13.161,13.002,13.848,14.017,13.255,13.818,14.889,13.421,13.898,13.318,13.421,13.002,13.002,13.203,12.819,11.303,10.489,10.594,10.489,9.9325,10.581,10.057,9.4902,8.1892,10.423,13.318,14.749,15.545,17.523,16.846,16.011,15.932,15.084,15.074,13.657,13.938,15.056,14.56,15.184,16.217,16.952,16.53,17.268,18.492,19.075,18.432,20.115,19.591,19.591,19.356,19.534,18.988,18.312,16.011
12.785,13.784,13.784,15.145,15.609,12.861,13.641,11.544,9.7465,11.1,9.094,9.6456,9.9311,10.781,7.9988,6.1642,9.5144,9.7465,8.5231,9.7178,9.6456,10.098,9.7465,6.8918,7.5681,7.9287,9.2312,5.8383,6.1642,5.3905,11.113,12.609,13.834,12.609,12.872,12.872,13.257,13.955,13.743,13.257,11.819,14.658,14.045,13.246,13.753,13.641,13.834,13.13,11.736,11.878,12.34,10.263,11.213,12.328,11.386,9.9311,9.8747,10.263,9.0478,8.6693,10.167,11.544,15.365,15.392,17.948,15.025,16.394,16.076,15.338,12.796,10.781,14.62,14.95,13.507,16.598,15.866,14.379,15.998,14.95,17.451,19.095,17.046,20.587,20.093,18.08,18.867,19.557,16.79,18.041,15.546
12.412,14.072,14.199,12.535,14.804,15.11,12.026,13.215,10.859,10.144,9.507,8.9805,10.468,10.665,6.4155,8.3382,10.13,8.5197,7.3262,7.4018,9.3298,9.6233,10.441,9.2098,8.8401,8.2375,6.9362,6.4155,5.6058,4.862,10.678,12.755,13.752,14.199,13.352,11.956,14.248,14.346,13.558,13.933,15.009,13.842,12.744,13.558,13.691,13.681,13.681,13.341,13.215,12.026,12.141,12.129,10.468,10.6,9.3298,10.665,10.613,9.9501,9.5508,8.6492,10.075,13.226,13.962,14.15,16.407,16.551,16.551,16.982,16.483,14.586,16.356,14.17,13.226,13.099,16.177,14.652,14.804,15.821,16.949,17.218,18.487,20.479,20.513,19.347,19.9,16.884,20.26,16.982,18.054,16.559
12.747,14.239,14.915,14.85,14.062,14.239,13.217,11.925,11.067,10.54,9.5444,9.2188,9.0054,9.0054,9.0669,8.9745,8.4977,9.2037,9.6745,9.2037,9.2188,8.8342,8.9591,9.3385,8.3327,8.4977,8.2321,7.0311,6.0088,4.8587,11.701,12.167,13.923,13.913,13.833,13.207,13.175,13.467,13.332,13.016,13.913,14.003,14.19,14.5,13.913,13.343,13.467,13.549,13.467,12.527,12.041,11.558,10.864,11.278,10.068,10.123,10.749,10.381,9.6745,8.7711,10.671,12.757,13.953,16.166,16.548,15.819,16.464,15.845,14.98,13.702,14.161,14.268,13.6,15.091,14.906,14.925,16.337,16.413,17.518,16.665,18.714,18.565,18.921,20.033,18.714,19.392,20.137,19.161,18.632,15.365
12.818,14.479,14.615,14.683,14.001,13.808,12.527,12.414,12.008,10.645,9.6393,9.8141,9.0638,9.157,10.497,8.1417,9.4163,8.5159,9.7852,9.1105,9.157,9.2952,9.5951,9.1879,8.6643,8.0014,8.4155,6.9191,5.9506,5.0493,11.075,13.145,12.873,13.57,13.879,13.632,13.317,13.93,13.849,14.38,14.001,14.172,14.846,13.808,13.971,13.849,13.93,13.402,12.818,13.349,12.696,11.624,10.972,9.9999,10.605,10.238,10.605,10.279,9.4763,8.3309,10.127,13.433,14.479,14.903,17.164,17.197,16.214,15.726,14.537,14.827,13.601,14.41,14.321,14.41,15.148,16.704,15.878,16.396,17.764,18.081,18.636,18.445,18.697,19.227,19.722,18.953,19.52,20,18.01,15.472
13.318,14.561,16.114,16.037,16.011,12.513,12.656,9.4172,10.167,10.222,9.9328,9.0111,8.1894,8.0529,7.9141,10.383,10.016,9.9328,8.9649,8.6342,8.4394,7.7727,7.826,7.8966,9.8347,7.7727,8.423,6.8639,6.1393,4.9664,11.068,12.733,12.656,12.678,13.192,13.422,13.287,13.203,13.818,14.214,14.908,13.848,15.185,14.175,13.778,13.818,13.687,13.818,12.733,12.557,11.498,12.028,12.722,11.167,9.2089,10.222,10.66,10.167,9.3285,7.9664,10.66,13.687,14.825,17.01,17.212,15.33,14.175,14.825,14.599,14.983,14.175,13.452,15.59,15.267,16.251,14.321,17.188,18.388,17.14,16.328,17.531,18.175,19.712,18.175,20.156,20.859,21.795,18.515,17.992,15.872
12.791,14.796,14.805,14.92,13.886,13.355,12.968,12.42,11.63,10.783,9.9482,9.0528,8.6031,8.9266,7.9164,9.3,9.0684,8.1459,9.1618,9.1927,9.0684,9.1152,9.4212,9.0684,8.7339,8.2669,7.4171,7.1643,6.0716,5.2716,10.703,12.869,13.313,13.324,13.639,13.577,13.44,13.174,14.338,13.691,14.338,14.209,14.486,14.729,13.743,14.099,13.639,13.577,13.313,12.014,12.259,11.907,10.783,10.462,9.5259,10.61,10.65,10.132,9.7757,8.5203,11.233,13.055,15.249,15.886,17.19,16.84,16.257,15.589,14.805,14.622,13.743,14.622,15.005,15.332,14.92,16.231,16.011,15.833,17.581,17.702,18.638,18.842,18.706,19.811,18.485,19.052,19.296,19.2,17.901,15.984
12.619,14.411,14.828,14.381,14.002,13.339,12.652,11.625,11.515,10.335,9.477,9.1112,8.7301,9.1886,9.4321,7.9842,8.7786,8.8108,9.0956,8.8108,9.2959,8.7786,8.8589,9.5958,9.1577,8.5993,7.7501,6.4095,5.7328,4.9074,10.778,12.819,13.146,13.737,13.318,13.633,13.476,13.339,13.466,14.053,13.643,14.332,14.283,14.48,13.476,13.633,14.203,12.874,12.652,12.381,12.161,11.279,11.191,10.485,10.239,10.458,10.973,10.239,9.7859,8.0549,10.001,14.322,15.826,16.578,16.397,15.951,16.013,15.224,14.411,13.931,14.381,14.722,14.913,15.13,14.283,16.432,16.832,16.432,17.694,17.718,18.902,18.538,20.227,20.325,20.15,20.001,20.373,19.192,18.592,15.14
12.684,14.182,14.757,14.23,14.462,13.5,12.955,12.251,10.858,10.599,9.9933,9.4951,8.9538,8.4926,8.0223,9.8394,8.3277,9.0001,8.9538,8.509,10.131,8.6864,9.4951,9.0921,8.9692,7.9179,7.317,6.8672,5.7936,4.2463,11.073,12.739,13.008,13.734,13.825,13.335,13.49,12.739,13.592,13.785,13.49,14.308,14.644,14.26,14.606,14.328,13.199,13.324,13.209,12.826,12.728,10.858,10.665,9.6688,10.665,10.131,10.858,10.742,9.3181,8.3277,9.9376,13.262,15.49,16.387,16.353,16.336,16.259,15.337,14.024,14.568,14.133,13.995,14.672,15.31,15.356,15.383,16.928,16.538,17.508,18.016,19.222,19.085,19.552,19.027,18.968,18.858,19.987,19.172,18.253,15.713
12.738,14.23,14.633,14.605,13.673,13.592,12.295,12.125,10.742,10.131,8.9997,8.8286,9.2129,9.0151,9.4946,8.8286,8.1761,8.7655,9.0151,8.5735,9.48,9.3177,8.9534,9.3177,8.4431,8.2268,7.8295,7.3356,5.5986,4.7107,11.271,12.64,13.734,13.5,13.693,13.904,13.904,13.324,13.663,13.854,14.327,14.308,14.529,14.22,13.994,13.663,13.541,13.592,13.261,12.295,12.125,11.271,10.742,10.845,9.6827,9.9928,10.858,9.6683,9.5384,8.5086,10.374,13.489,15.712,16.156,16.361,17.058,16.403,15.835,14.915,13.944,13.734,13.324,14.327,14.462,14.375,16.018,16.156,16.529,17.914,18.282,19.171,18.183,20.165,20.186,18.754,18.909,20.493,18.613,18.553,15.782
12.823,14.373,14.46,13.902,14.051,13.822,12.682,11.939,11.071,10.426,8.9675,9.7099,8.5723,8.491,7.8284,8.9521,8.9366,8.9521,8.9366,8.9521,9.3164,8.9521,8.9675,9.0904,8.3261,8.5074,8.0553,6.341,6.1636,5.213,11.071,12.682,13.291,13.322,13.992,13.732,13.822,13.196,13.671,14.373,13.992,14.13,14.866,13.902,13.782,13.691,13.782,13.175,12.66,12.682,12.338,11.108,10.532,9.7099,10.225,9.8375,10.532,10.532,9.9357,8.4419,10.225,13.196,14.894,16.042,16.535,16.333,16.05,14.829,14.754,14.894,13.822,13.702,15.657,14.978,15.595,15.807,15.842,15.92,17.055,18.12,19.597,18.855,20.449,19.871,19.484,20.34,20.32,18.965,17.974,15.807
12.81,14.322,14.562,14.486,14.176,13.423,12.647,12.006,11.169,10.661,9.1949,9.4916,9.0888,8.6352,8.5708,8.241,9.3296,8.4896,9.0888,9.7935,8.966,8.935,8.966,9.0582,8.1735,8.1735,7.827,7.0244,6.003,4.4984,10.994,13.025,13.423,13.669,13.989,13.288,13.423,13.162,13.78,14.167,13.78,14.167,14.225,14.147,13.495,13.9,13.82,13.194,13.536,12.426,12.291,11.107,10.854,10.661,10.127,10.114,11.056,10.384,9.892,8.7627,10.059,13.689,15.795,16.482,15.795,16.355,15.377,15.707,14.836,14.176,13.659,14.826,14.176,15.332,14.562,16.398,16.398,16.881,17.502,17.382,19.02,19.071,20.152,20.688,18.607,19.594,20.014,18.547,18.155,16.013
12.807,13.896,14.124,14.299,13.776,13.254,12.003,11.77,11.387,10.645,9.791,8.4383,8.9637,9.0099,8.4874,9.9314,8.5686,8.9637,8.4874,8.633,9.4892,9.3717,9.6053,9.2076,8.8235,8.3226,8.2221,6.9233,6.1384,4.7664,11.104,12.85,13.201,13.533,13.816,13.696,13.075,13.254,13.816,14.367,13.896,13.847,14.016,14.559,14.454,14.319,13.776,13.42,13.201,13.075,11.592,11.166,10.58,10.22,10.22,10.22,11.166,10.111,9.3272,8.5686,9.8895,13.17,14.597,16.528,16.351,16.52,15.835,15.301,14.981,15.082,14.682,14.173,14.454,15.632,15.155,15.835,16.478,17.811,17.655,17.647,18.61,18.15,19.326,19.814,20.528,19.326,20.25,19.73,17.497,16.009
12.334,14.158,14.678,13.95,14.177,13.34,12.744,11.002,11.165,10.176,9.6868,9.4987,8.5122,9.2018,8.9727,7.9734,9.3811,9.5425,8.9727,9.5425,9.3217,9.5425,9.7154,8.8324,9.2018,8.0427,7.3765,6.602,5.6992,5.1893,10.862,13.045,13.329,13.83,14.236,13.709,13.045,13.74,13.91,14.265,13.91,13.79,14.762,13.86,14.333,13.546,13.91,13.34,13.172,12.744,12.3,10.551,10.862,10.066,10.538,10.59,10.811,10.352,9.3366,8.1796,9.9971,12.689,14.381,16.368,15.361,16.536,16.163,15.343,15.097,14.187,12.96,13.699,14.847,15.851,13.74,16.025,16.41,16.393,17.515,18.023,19.323,18.888,19.179,19.799,19.58,19.431,20.119,19.179,17.891,15.666
12.639,14.308,15.133,14.317,14.707,13.293,13.536,12.276,11.71,10.117,9.7758,8.5244,8.8498,8.9135,9.0551,8.2719,9.586,9.4074,9.586,9.0551,9.6301,9.4673,9.586,9.0239,8.5244,8.1166,8.323,6.5772,5.6524,4.3848,10.754,12.806,12.949,13.452,13.866,14.078,13.42,13.557,13.866,14.465,14.268,14.129,14.038,14.038,14.357,14.308,14.396,13.208,12.861,12.125,11.89,11.217,10.089,9.7758,10.474,10.595,10.27,10.635,10.117,8.574,10.962,13.988,15.338,16.646,17.148,16.207,15.987,15.639,14.601,15.208,14.889,15.792,13.866,14.784,15.049,16.268,16.381,17.62,17.708,18.11,18.428,19.15,19.566,19.703,19.681,19.732,19.981,18.882,17.555,15.783
12.789,13.963,15.046,14.373,13.963,13.635,12.866,11.895,10.966,10.163,9.0588,9.8087,8.8535,8.2581,8.5775,8.3094,8.5775,9.0588,9.1056,9.0588,9.2902,9.7654,9.4262,9.7798,8.4109,7.9793,7.9793,7.6164,5.3461,4.7579,11.309,12.453,13.041,13.562,13.923,13.593,13.963,13.562,13.138,13.8,13.831,14.323,14.323,13.635,13.841,13.562,13.872,13.213,12.811,12.06,11.751,11.384,10.692,10.559,10.107,10.218,11.483,10.093,9.8087,8.4109,10.758,13.593,16.082,16.1,18.086,17.368,16.568,15.463,14.402,15.463,14.451,13.625,16.038,15.065,14.78,15.353,16.179,16.516,17.368,17.546,19.989,18.58,19.363,20.074,20.031,19.939,20.554,19.283,18.118,15.645
12.738,13.745,14.909,14.387,13.916,13.685,12.574,11.379,11.403,10.001,9.6765,9.4293,8.3344,8.9764,10.235,8.046,8.5158,9.3405,9.2207,9.3405,9.9036,9.8473,8.9609,9.0073,8.5158,7.7827,7.9243,6.4342,6.3691,5.6033,10.867,12.868,13.22,13.019,13.836,13.22,13.335,13.926,13.685,14.035,13.439,14.339,14.271,13.501,14.339,13.22,13.705,12.836,12.496,12.306,12.135,11.704,10.815,10.015,10.542,10.595,10.815,10.66,9.6909,8.4503,10.07,12.836,15.286,15.857,17.17,16.818,15.953,16.066,14.844,14.339,14.065,12.738,14.881,14.193,14.655,16.127,16.238,16.366,16.744,18.509,19.807,19.005,19.589,19.503,19.332,19.332,19.842,18.718,16.974,14.797
12.713,14.626,14.673,14.474,13.888,13.678,12.669,11.621,10.947,10.73,9.0507,9.0812,8.5636,9.4837,9.4837,8.4988,8.8184,10.119,9.4837,9.4104,9.1872,9.4837,8.943,9.0812,8.5636,7.9607,8.2341,6.4214,6.3346,4.9628,10.652,12.735,13.525,13.484,13.443,13.319,13.277,13.319,13.888,13.928,13.888,13.768,14.31,13.718,13.308,13.898,14.31,12.939,12.81,12.008,11.996,10.832,9.8276,10.652,10.214,10.376,10.845,10.845,10.05,8.676,10.73,13.151,15.472,15.764,16.965,17.127,15.999,16.06,14.972,14.617,14.814,14.165,14.879,15.046,15.183,15.791,16.718,16.965,17.232,18.14,19.149,20.135,19.293,20.142,20.523,19.571,19.963,19.521,17.487,14.963
13.006,14.302,15.246,15.055,14.107,14.156,12.497,12.012,10.645,10.645,9.6513,9.1816,8.9221,8.953,7.9559,9.9196,8.6707,9.3605,9.4779,8.9221,9.4779,9.3013,10.003,9.3605,8.4773,8.0251,8.0078,6.915,5.9943,4.9876,10.978,12.64,13.76,14.282,13.999,13.517,13.568,12.792,13.059,13.679,13.404,13.679,14.944,13.83,13.517,13.71,12.792,13.059,13.154,12.64,12.103,10.838,10.838,11.053,10.645,10.838,11.482,10.94,9.989,8.4773,10.436,13.669,15.391,17.571,16.127,16.127,16.238,15.174,14.608,14.465,13.969,14.814,15.31,16.425,14.805,15.328,15.755,16.467,18.128,18.491,18.956,18.669,20.294,20.831,19.116,19.79,20.618,18.521,18.408,14.879
12.721,14.443,14.614,14.736,14.005,13.806,12.937,12.502,11.643,10.843,9.482,8.9877,9.2007,8.5621,8.481,9.8259,9.0491,9.1856,9.2007,9.1856,9.9239,9.0796,8.9569,8.9569,8.2159,8.1652,7.8191,7.1539,5.3638,5.2068,11.045,12.268,13.181,13.766,13.41,13.766,12.732,13.316,13.149,14.356,13.886,13.836,14.308,14.288,14.356,14.162,13.716,13.149,13.44,12.502,12.005,11.145,11.058,10.158,10.36,10.65,10.83,10.532,9.7835,8.4319,10.83,13.16,14.652,16.031,16.715,16.715,16.023,15.18,15.071,15.18,14.356,13.975,14.585,15.289,16.305,15.997,16.313,16.381,17.914,18.611,19.489,18.596,20.014,20.486,19.806,19.771,19.525,18.596,17.508,15.397
12.404,14.576,14.239,14.141,13.864,13.416,12.747,11.57,11.167,10.606,9.2039,9.5009,9.5009,8.9592,10.027,8.5791,9.5009,9.689,8.9747,9.3832,9.2039,9.4275,9.2039,9.2039,8.9747,7.9751,7.5457,7.1681,5.8922,4.8588,10.501,12.92,13.498,13.016,14.19,13.914,13.743,13.416,14.268,14.161,13.864,14.033,14.471,13.924,13.793,13.833,13.712,12.67,12.692,12.692,12.167,11.279,10.593,10.54,10.233,10.137,11.08,10.137,9.9436,8.4487,10.865,13.436,14.841,16.346,16.873,16.473,15.365,15.365,15.5,14.141,13.549,13.672,14.681,14.643,15.073,15.365,15.933,16.235,17.207,18.172,19.328,18.855,19.335,20.033,18.476,19.606,19.677,19.328,16.549,14.794
12.757,14.769,14.153,14.202,14.28,13.059,12.703,11.711,11.189,10.874,10.077,9.3317,8.9823,9.3317,9.91,8.3398,9.0747,9.2116,9.5089,9.1053,9.6828,9.5089,8.9668,8.731,8.8418,8.3398,8.4393,6.609,5.4305,4.976,10.68,13.197,13.683,12.747,13.965,13.509,13.805,13.509,13.805,14.348,13.875,14.348,15.002,13.312,14.202,13.448,13.312,12.757,12.143,12.757,12.028,11.189,10.823,10.036,10.47,10.562,10.976,10.51,9.8537,8.699,10.39,13.509,15.223,15.513,17.533,16.487,15.513,15.012,14.397,14.348,13.312,13.281,14.589,14.251,14.397,16.283,16.283,16.068,17.043,17.245,19.394,18.521,18.871,18.849,19.178,19.693,19.771,18.423,17.026,14.853
12.314,14.407,14.252,14.203,13.448,13.966,13.102,12.659,11.959,10.077,8.9826,8.5053,8.2395,8.9671,8.0516,9.4358,9.4358,9.3469,9.5093,9.6256,9.9524,8.9826,8.9826,8.5867,9.6832,8.0516,7.4035,7.328,6.1514,5.8974,10.874,12.538,13.725,13.613,13.344,13.52,13.684,13.561,14.045,14.075,13.926,14.33,13.926,13.725,13.187,14.203,13.219,12.845,12.758,12.681,12.04,11.387,10.681,10.874,10.242,10.077,10.444,10.242,9.8541,8.6994,10.077,13.479,14.994,16.249,16.521,16.077,16.352,15.406,14.589,14.929,14.015,14.397,15.105,14.349,14.713,16.146,15.903,16.146,16.912,17.222,18.469,18.709,18.731,19.581,19.019,18.694,19.409,18.731,17.027,15.36
12.699,14.571,15.033,14.223,14.61,13.744,12.721,11.669,10.564,10.091,9.345,8.4679,9.4045,8.5987,7.5628,8.9951,9.639,8.6633,9.5663,8.9951,9.5663,8.3518,9.5663,9.5225,8.8544,7.8524,7.9232,6.426,5.689,4.7832,11.292,13.467,13.865,13.865,13.774,13.373,13.945,13.373,13.529,13.58,13.632,14.094,14.417,13.58,12.721,13.945,13.3,12.376,12.688,12.331,12.16,11.23,10.682,11.304,10.378,10.564,11.105,10.147,9.5225,8.2509,10.022,12.776,15.4,15.4,16.977,16.502,16.272,14.676,14.533,14.065,12.949,13.632,15.318,14.193,14.173,15.126,14.884,15.535,16.853,17.717,19.045,18.214,18.935,19.227,19.147,18.675,19.721,18.397,17.874,14.61
12.36,14.343,13.949,13.492,14.343,13.819,12.846,11.336,11.188,11.1,9.5183,9.2208,8.8506,9.4448,10.156,8.6595,8.5949,9.4004,9.5037,8.5949,8.9912,9.0837,9.1144,9.4448,8.2642,8.5949,7.849,6.8638,5.903,4.7224,11.1,12.715,13.04,13.242,13.979,13.859,13.728,13.819,14.265,14.565,13.768,13.939,13.889,13.768,14.498,12.89,13.819,12.781,12.715,12.04,12.189,11.58,10.612,10.087,10.612,10.454,10.678,10.4,9.821,8.5298,9.821,13.326,14.088,15.528,16.838,16.579,16.058,15.348,15.375,14.906,13.859,13.461,14.216,14.67,14.207,14.783,16.495,16.969,17.238,18.6,18.305,18.206,18.472,18.442,18.366,19.219,18.547,18.419,17.002,15.393
12.691,14.601,15.006,14.214,14.524,13.038,12.425,11.721,11.285,10.25,9.2193,9.6908,8.2628,8.8491,8.2121,9.3543,9.5167,9.2193,9.2344,9.3543,8.9742,9.3543,8.7859,8.5935,8.246,7.936,7.7942,6.6145,5.8308,4.5103,10.689,12.941,14.204,13.459,13.459,13.725,13.937,13.355,13.459,13.705,13.695,14.36,13.623,13.977,12.888,13.572,13.323,13.197,12.984,12.061,11.863,11.334,11.023,10.689,10.154,10.25,10.518,10.689,9.3989,9.0206,10.14,13.459,14.79,15.588,16.777,16.5,16.492,15.318,14.563,13.816,14.263,14.086,14.667,14.418,14.819,15.695,15.916,16.492,17.492,17.428,18.842,19.216,19.121,19.425,18.484,18.679,18.746,18.233,16.999,15.391
12.628,14.924,14.343,14.49,14.421,13.444,12.806,12.17,11.911,9.793,10.008,9.3027,9.4389,8.8172,8.0078,9.4839,9.071,9.0397,9.0554,9.0397,9.647,8.7364,9.7203,9.3179,9.0554,8.5393,7.9187,7.4192,5.4322,4.7643,10.786,12.828,13.102,13.89,13.941,13.941,13.359,13.643,13.941,14.392,14.103,14.183,14.539,13.89,13.177,13.643,12.884,12.895,12.884,12.147,12.884,11.325,10.773,10.573,11.3,10.546,11.3,10.72,10.343,8.1134,10.008,12.263,15,15.151,16.987,16.844,16.718,15.53,14.733,15.53,13.695,13.819,14.656,14.771,15.484,15.53,15.557,16.59,17.153,18.306,19.506,18.367,19.557,19.309,19.206,19.389,19.183,18.636,17.285,15.01
13.311,14.465,14.832,15.229,13.854,13.575,12.823,12.142,11.295,10.228,9.0674,9.0361,9.7164,10.046,9.0361,9.6432,9.0361,9.599,10.173,9.599,9.7891,9.0674,9.7891,9.0674,9.0674,8.7815,7.9155,6.8188,5.953,5.0232,10.977,12.878,13.844,14.178,13.407,13.575,13.407,12.889,13.575,13.439,14.208,14.337,14.484,14.533,14.327,13.354,13.183,12.79,12.889,12.43,11.965,11.118,10.715,10.977,10.283,10.004,10.715,10.242,9.818,8.7815,10.781,13.554,16.018,16.812,16.566,15.768,16.838,15.768,14.794,14.852,13.439,13.885,13.575,15.524,15.831,14.918,17.047,16.719,17.772,17.047,18.666,18.213,19.286,19.808,18.383,18.628,19.382,18.483,18.088,15.247
12.02,14.617,14.242,14.918,14.006,13.685,13.304,11.608,11.95,10.542,9.6908,9.0227,8.6453,9.6189,9.5027,8.9764,9.7195,9.5027,9.8473,9.2207,9.3405,9.6908,9.2056,8.6934,8.6453,8.4503,7.3229,6.8727,5.8221,4.9728,10.969,12.738,13.188,13.501,13.685,13.916,13.22,13.511,13.916,14.339,13.916,14.193,13.209,13.836,13.345,13.836,13.345,12.868,12.695,12.44,11.892,10.969,10.66,10.463,10.66,10.542,10.503,10.356,9.6908,8.3344,10.07,13.439,14.339,17.522,15.857,16.669,15.848,15.672,15.295,14.339,14.769,14.579,14.242,14.541,14.881,17.015,16.843,16.843,17.719,18.629,18.176,18.895,18.298,19.187,18.569,19.013,18.411,18.681,16.777,15.213
13.072,14.89,15.987,14.3,13.549,13.328,13.318,11.883,10.956,10.111,8.6512,9.5806,9.0188,9.0345,8.5857,8.9085,8.8449,8.7647,9.462,9.6248,9.4021,9.0968,9.2964,9.0812,8.7647,8.3013,7.7379,7.609,6.0593,4.8996,10.943,12.766,13.549,13.715,13.909,13.413,13.663,13.549,13.328,13.95,12.854,13.549,14.776,13.455,13.444,13.328,12.843,12.777,12.395,12.407,12.452,11.211,11.299,10.153,10.904,10.748,11.41,10.482,10.111,7.6645,11.667,14.03,15.987,17.666,17.245,17.351,17.014,15.801,14.349,15.05,13.381,14.3,15.116,15.943,15.218,17.114,16.084,16.948,18.077,18.448,20.012,18.789,19.842,20.341,19.899,19.132,20.202,19.013,18.077,14.89
12.76,14.76,14.884,14.382,14.145,13.812,12.936,12.125,10.743,10.477,10.079,9.2925,9.5766,9.5027,8.6476,9.0463,9.0463,9.0463,9.3982,9.5766,9.458,9.0929,8.7126,8.6476,9.0307,8.3148,7.9859,6.9262,6.195,5.0396,10.624,12.848,13.12,13.852,14.024,13.974,13.575,13.791,13.781,14.693,14.035,13.944,14.76,13.944,13.606,13.903,12.859,12.848,12.537,12.925,12.401,11.206,11.369,10.835,10.624,11.269,10.951,10.951,9.4132,8.6476,10.938,14.499,15.487,16.941,17.007,17.658,15.767,15.551,16.191,15.633,13.709,14.587,15.487,15.624,15.732,16.596,16.545,17.007,17.658,18.593,19.712,18.781,19.197,19.482,19.337,19.337,19.59,18.961,17.368,15.732
12.84,14.479,14.246,14.707,14.197,13.931,12.173,12.298,11.516,11.085,9.4323,8.8388,8.2364,8.9792,7.7852,9.5057,9.5057,8.7757,9.8504,9.3879,9.5057,8.9792,9.6219,9.3879,8.6961,8.728,8.0486,6.8749,6.1491,5.2991,10.87,12.411,13.097,13.556,13.474,13.709,13.474,13.556,14.04,13.8,13.84,14.276,13.443,14.276,12.677,13.474,13.556,12.578,12.829,11.954,12.173,11.284,10.754,11.123,10.004,10.4,10.87,10.129,9.0256,8.0486,10.546,13.443,15.3,15.373,16.757,16.649,16.823,15.73,15.209,14.507,13.679,14.688,14.197,14.246,15.007,16.286,16.674,17.24,17.725,17.344,19.172,19.055,19.172,18.545,18.642,18.515,19.011,18.724,17.432,14.923
13.325,14.29,15.554,14.468,14.536,14.06,12.467,11.968,10.862,10.048,8.7832,8.8155,9.1004,9.6009,9.482,9.5861,8.7347,9.6451,9.482,9.6451,9.422,9.0535,9.0379,9.116,8.8636,8.6038,7.6251,7.5691,5.9542,4.5813,11.297,12.87,13.314,13.887,13.441,13.826,13.609,13.314,13.816,13.826,13.609,14.211,14.07,14.487,14.06,13.938,13.314,12.958,13.314,12.535,11.968,11.496,10.784,10.463,10.244,10.463,10.979,10.704,9.316,8.521,9.9062,12.535,15.771,16.302,16.68,16.171,15.807,15.59,15.138,13.938,14.06,14.536,14.797,15.888,15.527,16.232,16.118,16.302,17.775,17.735,18.829,19.068,18.487,19.364,18.731,19.091,19.202,18.647,17.639,15.481
13.147,14.791,14.53,14.829,14.8,13.319,13.308,12.01,11.191,10.779,9.2967,9.2967,8.8116,9.0964,9.0339,8.5338,10.17,9.5966,9.4778,9.6408,9.5966,9.4328,9.5225,9.0495,9.1119,8.6656,7.4144,7.6217,5.758,4.7909,10.713,12.698,13.477,13.572,14.333,13.932,13.973,13.319,13.551,14.412,13.634,14.003,14.915,13.686,13.973,13.477,13.223,12.82,12.798,12.787,12.82,11.229,10.922,10.17,10.647,9.9447,10.974,10.336,9.6408,8.4168,11.179,13.645,15.075,16.014,17.109,17.043,17.437,15.243,14.762,13.973,14.284,14.333,14.762,14.829,14.99,15.881,16.19,16.536,18.076,18.099,18.881,18.193,19.761,19,18.479,17.639,19.761,18.57,17.109,16.093
12.841,14.21,14.946,14.405,14.161,13.691,12.544,12.309,11.282,11.133,9.3517,8.9717,9.2167,9.5141,9.3963,9.5141,9.0797,9.1103,9.8167,9.6305,9.8167,9.5579,9.8167,8.4604,9.3963,8.8467,8.1928,7.1001,6.4203,4.8656,10.88,12.851,13.109,13.812,13.762,13.351,13.225,13.351,13.943,13.194,13.486,14.21,13.762,14.21,14.356,12.938,13.32,13.056,12.589,11.682,11.801,11.02,10.621,10.88,10.192,10.192,10.867,10.568,9.8167,8.5097,10.475,13.853,14.927,15.522,16.189,16.258,16.394,14.862,15.001,13.568,13.194,13.455,13.943,15.368,15.45,15.673,16.921,16.437,17.448,18.289,17.951,18.674,17.974,19.534,17.543,18.741,19.13,18.659,16.896,14.927
12.697,14.73,14.956,15.021,14.171,13.245,12.363,11.868,11.339,10.376,10.254,7.9393,8.6617,9.0398,7.5614,9.3433,8.9934,8.9934,9.5645,9.4028,9.2231,9.2382,9.3582,9.2382,8.5971,8.5971,7.9393,7.0854,6.1588,4.9822,10.693,12.947,13.075,13.822,14.062,13.464,13.203,13.298,13.822,13.772,13.464,13.298,13.953,13.862,12.686,13.822,13.203,12.784,12.947,12.52,12.363,11.376,10.875,10.771,10.483,10.615,11.726,10.376,9.5207,8.0786,9.8235,13.043,15.324,15.424,16.875,16.541,16.312,15.532,14.645,14.645,13.36,13.953,14.298,15.424,14.881,15.242,15.233,15.984,16.097,17.987,18.687,17.987,19.136,19.078,18.064,18.552,19.078,18.85,17.267,14.937
13.075,14.366,14.73,14.568,13.892,13.952,13.36,11.582,11.375,10.402,9.5203,9.964,9.1163,9.4024,10.02,8.9776,9.9219,9.7088,9.4468,8.8524,9.2227,9.024,9.024,9.2378,9.3578,8.5967,7.9915,7.0851,5.6137,5.6877,10.456,12.696,12.43,13.118,13.73,13.942,13.297,13.464,14.298,14.19,14.268,13.443,14.268,13.443,13.73,13.36,13.7,13.202,12.773,12.946,12.892,11.4,10.482,10.089,11.203,10.575,10.693,11.19,9.7375,8.3499,10.375,13.202,13.942,15.351,17.137,16.035,15.396,15.396,14.606,14.881,13.536,13.71,14.219,14.219,14.366,15.378,15.965,16.907,16.775,17.555,17.955,17.932,18.21,17.932,18.309,18.551,18.332,18.716,17.299,15.378
12.788,14.964,15.122,14.315,14.187,13.716,12.711,12.612,11.216,10.495,9.5756,8.2589,8.607,8.7997,7.9308,9.5756,9.706,8.7199,9.9338,9.7204,9.706,9.2337,9.369,9.4136,8.4761,8.3598,8.0533,7.421,6.4539,5.8159,11.103,12.788,13.344,12.689,13.787,14.048,13.511,12.875,13.747,14.441,13.376,13.969,14.048,13.716,13.838,13.909,14.078,12.864,12.332,12.568,12.172,11.414,10.428,9.8773,10.887,10.9,10.535,10.266,9.6483,8.6717,10.17,12.733,14.624,15.72,16.594,16.526,15.251,14.363,14.226,14.285,13.091,13.787,14.207,14.363,15.223,14.728,15.72,15.72,17.026,17.576,17.734,17.44,18.085,17.52,19.1,17.734,18.916,18.953,16.467,15.55
13.075,14.742,14.58,14.742,13.547,13.506,13.075,12.167,11.924,10.424,9.3653,8.5384,8.9848,8.7165,8.3566,10.384,8.7963,9.3653,9.4544,9.528,9.4544,9.528,8.9848,9.2301,9.0929,8.4728,7.6224,7.0908,5.8377,4.986,11.036,13.075,13.085,13.475,13.963,13.547,13,13.547,13.711,14.103,13.506,13.588,14.513,13.903,13.711,13.721,13.245,12.563,12.772,13,12.372,11.348,10.896,10.262,10.689,10.262,10.896,10.207,9.831,8.2726,9.7167,13.053,13.752,16.135,17.256,17.207,15.116,14.808,14.221,14.309,12.607,13.475,14.426,14.921,14.836,14.58,15.891,15.767,16.52,17.758,18.247,17.758,18.768,17.449,18.039,19.063,18.618,19.151,16.713,15.363
13.221,14.435,14.521,15.144,14.002,13.462,13.316,12.481,11.305,10.43,9.2358,8.9903,8.5273,8.6736,8.6089,8.7539,10.034,9.0985,9.7513,9.0985,9.6504,9.3561,9.5338,9.0058,8.7219,8.5437,7.9326,7.4789,5.6958,4.7889,11.392,12.791,13.648,14.239,13.596,13.962,13.316,13.545,13.232,13.841,13.79,14.23,13.75,13.483,12.878,13.263,13.379,13.008,12.878,12.335,11.706,10.889,10.537,10.417,10.034,10.43,11.156,10.577,9.5338,8.6089,10.577,13.514,14.958,16.403,15.777,16.084,15.697,15.051,13.962,13.555,13.008,14.55,13.972,13.881,13.545,15.482,14.589,16.471,16.865,16.931,17.965,17.484,18.358,19.221,18.335,17.777,19.395,18.327,17.396,14.703
12.527,13.951,15.388,14.51,14.218,13.87,13.253,12.527,11.296,10.894,8.9987,9.3488,8.9987,8.6021,8.715,8.858,9.3637,8.7947,9.6428,9.4083,8.9832,8.9987,9.122,8.747,8.3551,8.4713,8.066,6.8898,6.025,4.8718,10.894,12.381,13.719,13.586,13.451,13.379,13.637,13.586,14.179,13.739,14.041,14.682,13.472,14.07,12.781,13.87,13.253,13.472,12.954,12.165,11.296,11.234,10.582,10.842,9.5263,10.568,10.529,10.382,9.7437,8.715,10.164,13.586,14.955,15.976,15.993,15.613,15.361,13.901,14.577,13.221,14.218,13.78,13.83,14.834,14.89,15.649,16.175,16.458,17.188,16.943,18.404,17.724,18.434,18.675,18.343,18.343,19.286,18.555,17.566,16.071
13.095,14.241,14.368,13.964,14.388,13.381,13.063,12.869,10.904,10.697,9.417,9.0535,8.0735,8.723,9.3723,7.8628,9.579,9.417,9.579,9.007,9.6517,9.0997,9.237,9.237,8.9915,8.4791,7.9337,6.8758,5.842,5.4455,10.904,12.88,13.391,13.095,12.966,13.974,13.883,13.485,13.557,14.241,13.752,13.752,13.964,13.265,13.265,13.485,13.762,13.095,13.233,12.738,11.684,10.904,10.591,10.105,10.049,10.852,11.307,10.418,9.5351,8.2788,10.27,13.063,14.819,15.946,15.85,16.294,15.044,14.232,14.281,13.843,13.265,13.964,13.792,13.547,14.523,15.779,15.699,16.933,17.325,16.225,17.983,17.78,18.215,18.692,17.842,18.512,19.598,18.7,17.606,14.904
13.813,14.636,15.095,15.342,14.787,13.569,13.226,11.86,11.096,10.248,9.5146,9.0341,9.3373,9.631,9.7317,8.7362,8.5101,8.9877,9.5146,9.3373,9.5584,9.3373,9.5,9.3373,8.0734,8.261,8.0388,6.9418,6.3553,4.8659,11.801,12.276,13.763,13.732,13.813,13.237,13.853,13.763,13.067,13.763,13.853,14.338,14.492,13.884,13.456,12.366,12.711,12.321,12.667,12.366,11.719,10.982,10.88,10.621,10.396,10.193,11.02,10.138,10.042,8.5101,10.476,12.689,15.011,15.674,16.497,16.522,15.877,15.692,14.162,13.934,13.352,12.589,14.815,13.11,14.211,14.862,16.052,16.387,17.126,17.702,18.897,18.137,18.794,19.783,19.029,18.949,19.613,18.465,17.952,14.937
13.099,14.92,15.48,14.796,14.467,13.577,13.356,12.421,11.788,10.783,9.3003,10.048,8.5869,9.0687,10.104,9.0531,8.815,9.3003,9.6004,9.3003,9.6004,9.6004,9.3003,9.0687,8.5205,7.988,8.1113,7.0044,6.0718,4.8223,10.717,12.781,13.153,13.577,14.21,14.059,13.409,13.577,13.887,14.388,13.887,13.938,14.418,13.577,13.846,13.472,13.577,13.153,12.658,12.968,12.625,11.284,10.966,9.9486,10.783,9.9486,10.978,10.34,9.6446,8.1288,10.966,13.441,15.249,16.02,16.949,16.722,15.806,15.833,15.249,15.156,13.815,14.1,14.339,14.1,14.486,15.662,15.976,15.771,17.149,17.444,19.067,18.828,19.811,19.179,19.208,19.008,19.768,18.631,17.074,14.486
13.346,15.005,14.996,14.856,14.409,13.45,13.189,12.042,10.876,10.617,9.699,9.5107,8.6526,9.5107,9.699,9.0149,9.2134,9.2285,9.8556,9.0765,9.1071,9.3929,9.0303,9.0765,8.1899,8.523,8.0528,6.8583,5.7064,4.7772,10.876,12.933,13.808,13.45,14.205,13.346,13.686,13.563,13.315,13.808,13.512,13.757,14.176,14.254,14.018,13.221,13.45,12.879,12.76,12.705,12.134,11.57,10.669,10.243,10.512,10.617,10.876,10.472,9.5107,8.7803,10.243,12.976,15.299,16.106,17.046,16.14,15.949,14.856,15.408,13.563,13.481,13.717,13.346,14.205,14.486,15.809,16.019,16.286,17.249,17.687,18.734,18.045,18.457,19.577,18.652,18.525,19.859,18.465,17.537,14.668
13.94,14.207,14.811,15.118,14.157,13.565,13.106,11.62,10.826,10.039,9.7288,9.5118,9.5118,8.1908,7.5544,8.954,9.0314,8.954,9.5118,9.7288,9.6281,9.5118,10.08,10.149,9.016,8.1908,8.2417,6.5263,6.6739,5.5085,11.798,12.761,14.255,14.488,14.353,13.718,14.157,13.348,12.978,13.233,12.978,14.019,14.698,13.031,12.674,13.431,12.663,12.685,13.19,12.707,12.674,10.826,11.13,11.217,10.149,10.245,11.608,10.245,9.9131,8.2417,10.605,12.351,15.669,16.526,17.689,16.151,15.837,14.998,13.809,13.809,12.147,14.923,15.337,14.669,14.488,14.517,14.66,15.364,17.563,17.178,19.118,18.047,18.913,19.889,18.913,18.193,20.077,17.728,17.736,14.353
12.894,14.299,14.425,14.675,14.348,13.863,13.298,12.375,11.667,10.888,9.7386,8.7424,8.2668,8.7105,7.5064,9.7099,9.6955,9.4478,9.7099,9.4478,9.6378,9.5213,9.3588,8.7901,9.025,8.3508,7.9222,6.3378,5.4376,4.7533,10.888,13.246,13.465,13.465,14.221,14.063,13.361,13.944,14.221,13.863,13.954,14.093,13.119,13.772,12.763,13.944,13.732,13.701,13.204,12.465,12.159,11.583,9.5213,9.8241,10.376,10.417,10.255,10.483,9.6378,8.7901,9.7099,12.72,14.367,15.38,16.5,16.407,16.063,15.325,14.957,14.27,13.465,13.893,13.944,13.954,15.398,15.425,16.676,16.576,17.203,17.485,17.957,18.212,18.189,17.871,19.369,18.242,18.718,18.394,16.508,15.425
13.473,14.54,15.325,15.252,13.74,13.962,13.073,11.734,11.817,10.423,9.7442,9.2442,9.2291,8.3556,7.5108,10.165,9.3493,8.9993,9.4089,9.0457,9.4089,8.9993,8.6026,9.5269,8.3556,8.3556,8.2038,6.7261,6.0253,4.8721,11.408,12.869,13.473,13.831,13.504,13.545,13.473,13.545,13.74,13.871,13.709,13.72,14.683,13.587,13.338,13.902,13.211,12.858,13.052,12.955,12.166,10.894,10.882,10.206,10.409,10.206,10.423,10.096,9.4089,7.997,10.096,13.369,14.424,16.176,16.314,16.28,15.434,14.806,13.084,14.307,12.727,13.379,14.956,14.74,14.881,14.616,15.362,16.459,16.944,17.205,18.526,18.344,18.564,18.743,18.344,18.684,18.907,18.564,17.018,14.881
14.997,16.2,16.669,16.026,16.068,15.691,14.961,13.133,12.425,11.764,10.522,10.623,10.636,10.279,10.636,8.5085,9.9638,10.846,10.772,10.735,10.636,10.446,10.434,10.318,10.017,9.2288,9.0247,7.7558,6.2123,5.6984,12.403,14.081,15.46,15.46,15.391,15.313,14.773,15.041,14.683,15.339,15.234,16.018,16.314,15.041,15.234,15.243,14.528,14.601,14.269,13.939,12.99,12.044,11.966,11.326,11.42,11.536,11.911,12.176,10.846,9.2288,11.268,14.61,15.826,18.02,18.255,18.086,17.571,16.637,15.391,16.026,15.068,14.269,15.691,15.926,14.997,17.457,17.518,18.458,18.601,18.779,20.324,19.577,21.328,21.271,20.094,20.559,21.377,20.461,19.095,16.637
14.889,15.892,16.452,16.653,15.52,15.749,14.889,13.62,12.424,11.455,10.944,9.9233,10.162,10.279,8.4612,11.028,10.635,9.5125,10.017,10.522,10.735,10.433,10.735,10.331,10.24,8.3981,8.3345,8.1569,6.2121,5.484,12.077,13.766,14.961,15.182,15.69,15.041,15.041,14.854,14.996,15.665,15.234,15.39,16.191,15.182,14.881,15.278,14.454,14.39,14.334,13.891,14.081,12.077,11.593,11.077,11.42,11.536,12.263,11.137,11.314,9.3003,11.696,14.564,16.517,17.032,18.239,18.828,16.844,16.508,16.78,16.001,15.067,14.673,15.173,16.001,17.095,15.724,17.548,17.525,18.579,19.753,20.661,20.093,20.642,21.526,21.252,20.616,21.698,19.914,18.983,16.804
14.347,15.93,17.06,17.346,15.489,15.044,14.272,13.417,12.901,11.913,11.043,10.436,10.243,9.8044,8.5417,10.282,10.178,9.7908,9.7363,10.638,11.329,10.946,10.971,9.818,10.178,9.9259,9.3455,7.7403,6.7281,5.3128,12.309,14.085,14.974,16.03,15.247,15.027,14.338,14.893,14.037,15.787,14.759,15.044,16.121,15.618,14.893,14.777,14.568,13.894,14.094,14.037,13.846,11.913,11.539,10.934,11.079,11.642,12.492,11.399,10.849,9.3027,10.849,14.54,16.456,17.522,18.418,18.244,17.575,15.601,15.787,15.489,14.272,15.044,16.022,17.339,17.408,16.927,17.308,18.061,18.09,19.758,20.151,19.717,21.213,20.757,20.563,20.414,21.475,20.151,20.125,16.641
13.536,15.011,15.122,14.908,14.5,13.296,12.373,12.157,11.227,10.614,9.7371,9.7371,9.5199,9.5199,10.033,8.9617,8.5149,9.402,9.5638,9.8227,10.158,9.7371,9.6364,9.7371,8.9927,8.3495,8.2656,6.9457,5.9744,4.8686,11.026,12.718,13.891,13.699,13.941,13.202,13.699,13.202,13.699,13.244,13.042,13.463,14.365,13.463,13.296,13.202,13.463,13.042,12.946,12.989,12.042,11.594,10.402,10.522,9.9636,10.375,11.102,10.415,10.047,8.5149,9.8652,12.859,15.423,15.603,17.298,16.447,15.877,15.754,13.244,13.442,12.674,13.525,14.606,13.77,14.061,14.268,15.423,16.379,16.807,17.458,18.67,18.49,18.685,18.513,18.685,18.752,20.074,17.954,16.931,14.672
13.157,15.168,15.37,15.177,14.925,14.024,13.157,12.756,12.009,10.607,9.3709,9.0045,8.6225,8.4748,8.0678,9.5489,9.2504,8.7677,9.2504,9.5489,9.738,9.8952,9.5489,9.5489,9.0201,8.2228,7.8742,6.7832,6.0392,4.8834,11.022,12.102,13.782,13.669,13.903,13.772,13.284,13.4,13.274,13.751,13.535,14.024,13.535,14.134,13.41,13.812,13.242,13.082,12.898,12.557,12.078,10.66,11.06,10.189,9.7668,10.907,11.136,10.646,10.594,8.5408,9.6657,13.274,14.65,15.686,16.925,16.497,15.926,15,14.982,13.903,13.41,14.311,14.869,14.232,14.467,15.65,15.578,16.624,17.098,18.009,18.118,19.098,18.607,19.105,19.627,19.098,19.967,18.203,17.375,14.869
13.504,14.939,15.191,15.023,14.939,13.69,13.124,12.109,11.586,10.463,9.7817,9.0339,9.0339,8.2865,8.5703,9.1576,9.5635,8.5044,9.4451,10.135,9.0339,9.0805,9.7529,9.6805,9.1268,8.5703,8.6357,7.137,5.931,5.2516,10.885,12.61,13.772,14.333,13.273,13.884,13.803,13.134,13.803,13.177,13.431,14.005,14.284,14.284,12.52,14.362,13.177,13.262,13.504,12.201,11.683,11.191,10.742,10.57,9.9669,10.245,11.191,10.135,10.19,8.749,10.82,12.842,14.711,15.95,15.826,16.108,15.191,14.976,14.284,13.42,13.556,14.045,14.333,13.803,13.42,16.377,15.448,16.195,17.377,17.514,18.315,18.688,17.793,19.426,17.896,18.756,19.714,17.706,17.32,15.089
13,14.837,15.364,15.245,14.28,13.537,13.075,12.064,11.385,10.637,9.7169,9.4547,9.5283,9.2455,9.6448,8.6686,9.2304,9.0932,9.5721,9.4103,9.5283,9.3507,8.985,9.0006,8.6039,8.5387,7.928,6.3644,6.3863,4.8728,11.434,12.729,14.426,13.964,13.833,13.833,13.213,13.475,13.256,14.202,13.256,13.873,14.837,13.537,13.721,13,13.075,12.783,13.075,12.783,12.563,11.348,11.036,10.883,10.208,10.167,11.299,10.464,10.028,8.2559,8.985,12.474,14.231,15.768,17.569,15.391,15.135,15.144,13.873,13.475,12.202,13.054,14.426,14.231,13.833,14.884,15.364,15.364,16.855,17.474,18.317,18.001,18.746,18.865,18.324,17.569,19.491,18.317,17.569,15.327
15.069,16.572,16.875,16.418,15.813,15.753,14.481,13.157,13.448,11.476,11.476,9.9418,10.465,9.9821,8.0735,11.049,9.614,10.155,10.903,9.8066,10.866,9.8066,10.866,10.298,10.194,9.3177,8.8017,7.6836,6.7981,5.893,12.329,13.965,14.628,15.745,15.549,15.069,14.917,14.809,14.71,15.549,15.024,15.694,15.514,15.306,15.341,15.419,14.809,14.398,14.591,14.117,13.733,12.055,11.557,11.335,11.888,11.335,12.447,12.329,10.655,9.5303,10.643,14.692,16.426,17.328,17.603,17.581,17.212,16.612,15.419,15.024,13.567,14.107,15.201,15.855,16.612,15.35,17.603,17.274,18.863,19.228,19.463,20.217,20.309,19.944,20.071,20.674,21.197,20.071,19.483,16.954
14.493,16.44,16.161,16.243,16.432,15.501,15.064,13.774,12.586,12.208,10.973,10.764,10.163,10.41,10.998,9.3685,10.973,10.359,10.614,9.8421,10.614,10.462,9.7602,10.044,10.189,9.7602,9.3255,7.8961,7.1864,5.3258,11.998,14.604,14.795,15.037,15.354,14.722,15.275,14.722,15.501,16.358,15.037,15.38,15.733,14.722,15.733,15.037,15.38,14.005,13.919,14.005,13.919,11.909,11.392,10.973,11.486,11.486,11.705,11.567,10.961,9.4396,10.474,14.204,15.223,16.889,18.068,18.068,16.358,16.626,15.363,16.044,14.307,14.204,15.214,14.93,14.713,17.694,17.45,17.504,17.35,18.369,19.479,19.961,20.827,19.664,20.379,20.961,21.416,19.766,18.543,16.682
13.285,14.917,15.58,15.076,14.575,13.537,13.619,12.502,11.324,10.448,9.5498,9.476,8.8164,8.6233,7.205,9.2664,8.558,9.0053,9.2513,9.2664,9.0674,9.1137,9.1445,8.8164,8.2236,7.8749,8.3757,6.3787,6.4661,4.7675,11.63,12.757,14.41,14.263,13.742,13.773,13.285,12.9,12.812,12.889,13.243,13.935,13.864,13.254,12.401,13.742,12.735,12.932,13.505,12.08,12.195,11.237,10.189,10.285,10.051,10.189,10.804,10.515,10.12,8.0859,9.9948,12.812,14.917,15.874,16.827,15.507,14.728,14.391,13.158,13.505,12.636,13.578,14.41,13.814,14.135,14.263,14.41,15.652,16.137,17.1,17.545,18.119,18.533,19.282,18.011,18.104,19.435,17.376,17.553,14.842
13.962,16.641,16.951,17.123,15.511,15.066,15.364,13.914,12.784,11.345,10.653,10.64,10.463,9.9398,11.333,9.3158,9.5283,9.8724,10.986,10.451,10.335,9.8182,10.231,9.8724,9.612,8.6623,9.0246,7.682,7.0285,5.1155,12.498,14.33,15.623,15.511,15.502,14.797,15.066,15.048,15.066,15.809,15.338,15.303,16.487,14.797,14.779,14.797,14.625,14.413,15.338,14.293,13.475,12.283,12.019,11.131,11.806,11.131,12.763,11.896,11.059,8.8453,10.033,13.789,15.416,17.554,17.975,17.818,16.052,16.152,13.962,15.207,14.057,14.552,15.716,15.268,14.478,17.539,17.053,17.539,18.61,20.1,19.643,19.785,20.696,20.984,20.573,19.88,21.954,20.728,19.534,17.123
14.469,16.412,16.798,16.534,15.842,15.808,14.497,13.895,12.565,12.188,11.651,10.185,10.444,9.606,9.151,11.172,9.9335,10.027,9.8256,9.8662,10.341,10.251,10.146,9.4802,9.0337,9.3099,8.0667,7.394,5.6806,5.1642,12.491,14.105,14.679,15.197,15.012,15.012,14.698,14.616,15.293,15.083,15.63,15.74,16.017,16.067,15.536,15.012,15.038,14.349,14.788,14.048,13.516,12.1,11.408,11.466,10.955,11.685,12.565,12.275,11.466,9.7027,10.457,13.277,16.216,18.192,16.861,17.627,16.813,16.142,15.951,14.543,14.18,15.188,13.644,16.67,16.436,16.216,17.543,17.566,19.385,18.706,20.246,19.447,21.267,21.399,20.926,21.072,21.23,20.325,20.246,17.167
13.129,15.198,15.086,14.29,14.102,14.132,12.836,12.435,12.253,11.283,9.6118,9.4493,8.6396,9.0223,8.7045,9.0379,9.3895,9.0223,9.3895,9.5678,9.3895,9.0845,9.0379,9.1617,9.0223,8.0837,8.1185,6.7966,5.7161,5.3072,10.575,13.129,13.531,13.645,13.768,13.799,13.31,13.108,13.799,14.102,14.496,14.102,13.054,14.602,13.183,14.486,13.531,13.363,12.847,12.39,12.218,10.825,10.746,10.07,9.9714,10.575,10.746,10.628,9.5678,8.5081,9.7572,12.924,14.339,15.207,15.428,16.063,15.391,14.87,15.03,13.809,13.89,13.961,13.84,14.161,13.961,16.246,16.141,17.091,16.589,16.925,18.115,18.824,18.423,19.136,18.021,18.537,18.764,18.076,16.487,15.4
13.294,14.863,15.746,14.976,14.431,13.833,13.124,12.373,11.341,10.923,9.967,9.4003,9.7817,9.0183,7.8863,9.7385,9.2646,9.5635,9.5635,9.3853,9.5635,9.3853,9.0339,9.0027,8.4878,7.9573,7.724,6.8964,6.0485,4.5325,10.742,13.273,13.69,14.431,13.305,13.597,13.294,13.772,13.389,13.955,13.925,13.803,15.023,14.48,14.155,13.833,12.776,12.754,13.833,12.842,11.779,11.191,10.936,10.422,10.463,10.82,11.191,10.245,9.9103,8.2354,10.204,13.102,14.892,15.897,15.746,16.134,15.494,13.884,14.333,13.639,12.576,13.305,13.639,14.673,15.602,14.284,14.948,16.615,17.214,17.182,17.73,18.068,18.756,19.098,18.384,18.688,19.426,18.453,16.984,14.797
15.03,16.625,17.02,16.887,16.18,15.162,15.586,13.561,12.48,11.631,10.727,10.924,10.628,10.838,9.5058,11.033,9.9163,10.727,10.515,10.01,10.515,10.233,10.426,10.233,9.2795,9.018,8.3286,7.8013,6.6019,5.181,12.469,14.324,14.959,15.881,15.012,14.986,14.672,14.526,14.517,15.474,15.38,16.448,15.881,16.015,15.267,15.302,15.012,14.771,15.162,13.374,13.532,11.528,11.991,11.129,11.153,11.631,12.254,11.868,10.875,9.6858,11.868,14.071,17.558,18.509,18.765,17.873,17.716,16.44,16.497,15.328,14.581,14.744,15.267,17.067,16.505,15.99,17.513,18.588,19.012,19.137,19.698,19.617,20.427,21.143,20.132,20.27,20.524,19.893,19.102,16.625
13.199,14.867,14.905,15.127,14.497,13.938,13.294,12.46,11.722,10.871,10.017,8.5293,8.7869,9.0371,8.0589,9.2354,9.5178,9.5178,9.0371,9.3404,8.9907,8.9907,9.5616,8.9597,8.4473,7.8486,7.8486,6.8634,5.7107,5.1997,10.884,12.769,12.769,13.727,14.028,13.46,13.727,13.533,13.491,14.41,14.362,13.737,14.206,13.767,13.061,14.058,13.367,13.114,13.199,12.37,12.427,10.871,10.196,10.017,10.251,10.677,10.69,10.519,9.5178,8.5945,9.7063,13.114,15.238,15.697,16.695,16.401,15.697,14.82,15.347,13.574,14.216,13.858,14.497,15.1,14.867,15.347,16.298,16.536,16.57,17.026,19.47,17.981,17.935,18.486,18.296,18.509,19.218,17.55,17.042,15.017
14.454,16.637,16.74,16.541,15.892,15.52,15.041,13.891,13.383,11.91,10.883,10.017,9.5125,9.8018,9.4704,10.735,10.635,10.017,10.136,10.446,10.017,10.446,10.772,9.4704,9.4845,9.0096,8.398,7.8068,7.0168,5.882,12.381,13.737,14.782,14.591,15.338,15.485,14.961,14.97,15.69,15.554,14.996,16.026,15.892,15.783,14.773,15.892,15.278,13.938,14.166,13.541,13.413,12.403,11.361,11.361,11.639,11.877,11.966,11.696,10.931,9.127,11.326,14.454,16.867,16.516,17.729,17.997,17.296,16.191,16.191,14.996,15.173,15.485,16.125,16.452,17.342,16.613,17.149,18.298,19.171,18.779,20.796,21.05,20.093,20.409,20.597,21,21.044,20.067,18.435,16.796
13.481,15.123,15.614,14.843,14.701,13.879,12.778,12.299,10.536,10.267,9.3698,8.989,8.8637,8.5425,8.2596,9.1279,9.7212,8.4768,9.0046,9.0046,9.75,8.7206,9.7069,9.0356,8.2087,8.2596,8.0017,6.874,5.6209,4.5178,11.217,12.909,13.481,14,13.46,13.839,13.481,13.314,13.345,13.387,13.345,14,14.079,14.237,12.8,14.365,13.481,12.734,13.481,12.173,11.988,11.154,10.496,10.694,10.157,10.06,10.901,10.536,9.8782,8.8637,10.536,12.734,15.623,16.117,15.479,15.845,15.151,14.384,13.219,13.595,13.219,13.595,15.151,14.384,13.23,15.123,15.479,16.289,17.215,16.721,17.735,18.446,18.896,19.065,17.978,18.355,19.442,18.469,17.215,14.73
15.125,17.104,16.541,16.605,15.773,15.361,15.482,13.728,12.281,11.61,11.093,10.788,10.751,9.8299,10.638,9.2421,11.436,10.461,10.788,11.343,10.538,10.031,10.151,10.638,9.4984,9.0229,7.7497,7.8183,6.4736,5.1922,12.061,14.111,15.195,14.992,15.413,15.125,14.631,14.503,14.631,16.024,14.983,15.534,15.747,15.204,14.911,15.335,15.3,14.054,14.102,13.959,13.443,12.061,11.471,11.177,11.284,11.61,12.571,12.061,11.045,9.1986,11.781,14.102,16.041,18.635,17.321,17.845,16.419,15.688,15.958,15.361,14.549,15.773,15.204,15.499,15.688,17.329,17.174,17.482,18.484,19.304,20.334,19.802,20.123,20.301,19.956,20.827,20.98,20.51,17.934,16.868
12.96,15.12,14.897,15.368,14.284,14.106,13.478,12.376,11.88,10.639,9.8762,10.169,9.5305,9.0337,9.7193,8.0001,9.4125,9.0027,9.748,9.5305,8.9716,9.0027,9.0027,9.748,8.9872,7.8056,8.0001,6.6241,6.1652,4.9874,10.691,12.477,13.057,12.96,13.478,13.259,13.478,12.787,13.216,13.836,13.478,13.836,14.381,13.836,13.343,13.725,13.343,12.443,13.057,12.443,12.477,10.691,10.427,10.031,10.169,10.533,11.239,10.586,9.9326,8.0001,9.7193,13.227,14.66,16.286,16.524,16.55,15.413,13.592,13.509,14.381,13.715,14.439,14.439,14.047,13.786,15.331,15.869,16.079,16.917,17.605,18.098,17.024,18.773,17.889,18.736,18.563,18.623,18.623,17.024,14.953
13.74,14.511,15.115,14.54,15.216,14.957,13.473,12.902,11.817,10.701,9.8727,9.4536,8.984,9.3645,10.152,7.8563,9.4536,9.7158,9.5272,9.4536,8.8588,8.984,9.5272,9.2294,8.5214,8.0841,8.255,6.951,5.5174,4.3579,11.11,12.858,12.727,13.587,13.71,13.369,13.243,13.72,13.504,14.511,13.952,14.357,14.279,13.74,13.473,13.952,13.546,13.243,12.956,12.606,11.817,10.895,10.583,9.4092,10.165,10.261,11.148,10.843,9.8727,8.6029,9.7445,12.326,14.269,15.863,15.362,16.28,15.022,13.831,13.872,13.902,13.504,13.952,14.23,14.684,13.307,15.977,16.168,15.606,16.712,17.279,18.383,17.279,18.459,18.744,18.253,18.907,18.684,18.314,16.919,14.947
15.065,16.736,17.2,17.107,16.151,15.716,14.478,13.961,13.082,12.195,10.9,9.872,9.8178,9.872,8.5533,10.653,10.864,10.463,10.399,10.463,9.7084,10.178,9.1564,10.033,9.3583,8.4117,9.3154,7.5236,6.9518,5.7074,11.806,13.681,14.366,14.706,15.363,15.065,14.413,14.905,15.809,16.052,15.415,16.052,16.422,14.905,15.622,15.206,15.337,14.189,14.624,14.697,13.335,12.162,12.107,11.38,11.333,11.415,12.052,11.806,10.961,9.4999,11.058,13.865,15.536,17.107,17.997,17.599,17.27,15.809,15.065,15.716,13.759,14.615,15.817,16.543,16.871,16.831,16.895,17.66,17.331,19.293,20.337,20.099,20.383,20.304,20.669,20.152,21.393,19.959,18.859,16.422
15.381,16.126,17.766,17.667,16.309,15.442,15.284,14.262,12.648,11.614,11.391,10.452,11.672,9.9905,8.3263,11.042,9.9227,10.309,10.593,10.085,10.349,10.517,9.7583,10.593,9.5487,8.9659,8.2121,7.3451,5.9218,4.4071,12.225,13.985,15.442,15.125,14.782,14.981,14.773,15.098,15.071,15.062,15.071,15.898,16.4,15.581,15.284,15.898,14.58,15.062,15.098,13.633,13.078,11.844,11.991,12.169,11.614,12.114,13.712,12.047,12.573,9.9227,10.283,14.186,17.147,18.119,17.037,17.728,18.007,15.275,13.985,14.635,13.8,14.635,14.954,16.498,16.725,16.749,16.725,17.013,18.363,18.56,19.579,19.301,20.408,21.033,20.262,20.775,21.702,19.558,19.322,16.134
15.3,16.086,17.407,16.449,16.26,15.017,15.053,13.592,12.599,12.133,10.985,10.625,10.874,10.279,9.7703,10.485,9.506,10.813,10.663,10.174,10.663,9.825,10.2,9.9606,9.6738,9.893,7.8361,7.2125,6.6314,4.9125,11.82,14.02,15.23,15.097,14.738,14.936,15.079,15.543,14.728,15.097,15.952,16.252,15.952,16.086,15.535,14.728,14.81,14.728,15.23,13.553,12.535,11.439,11.74,11.921,11.357,12.428,12.946,12.449,11.808,10.054,10.775,13.943,15.749,17.522,16.986,16.603,17.399,14.945,15.37,13.202,14.81,14.134,14.285,16.578,16.21,15.3,17.614,17.886,18.087,17.833,19.334,18.366,19.718,21.288,19.271,20.518,19.786,19.718,18.849,17.213
15.048,16.37,16.255,17.208,16.255,15.53,14.724,13.784,13.107,12.532,11.401,9.8903,9.5455,9.7676,10.052,9.3326,10.276,9.9578,10.354,10.171,10.66,9.6711,9.9578,9.6711,9.0557,8.3473,8.4906,8.0366,6.5482,4.6878,11.805,14.082,14.439,14.806,15.048,15.013,15.608,15.53,15.838,15.539,16.214,16.206,15.296,15.88,15.444,15.155,14.932,15.075,14.824,13.46,12.942,12.349,11.494,12.085,11.401,11.737,12.435,11.918,11.633,10.276,11.494,13.36,16.247,16.574,17.302,17.208,16.206,15.573,15.048,14.578,14.393,15.022,15.444,16.346,15.093,16.671,17.115,17.94,19.182,18.237,19.21,19.535,18.844,20.249,19.841,20.532,21.326,19.432,18.207,16.509
14.418,17.275,17.514,16.724,16.343,15.046,14.013,14.278,12.95,11.712,11.399,11.004,10.557,10.48,10.274,10.918,9.9424,10.365,10.62,10.365,10.62,9.8884,10.05,9.9559,9.054,8.7989,7.9175,6.6283,5.7867,4.7719,11.825,14.127,14.803,14.731,14.902,15.046,15.389,15.046,15.877,15.51,16.053,16.449,15.09,16.449,15.01,15.527,15.742,14.502,14.658,13.546,12.94,12.083,11.197,11.949,11.113,11.803,12.215,11.916,10.918,9.8477,11.197,13.226,16.053,17.205,17.847,17.08,16.899,16.078,15.117,15.09,14.278,15.536,14.712,16.078,15.072,15.945,17.072,17.514,17.967,18.431,18.812,19.38,19.999,19.811,19.641,20.39,20.684,19.695,18.819,17.088
14.397,16.827,17.181,16.229,16.097,15.548,14.563,14.116,12.921,12.055,11.157,10.903,10.792,10.642,10.605,10.452,9.9282,10.388,11.181,10.035,10.194,10.298,10.952,9.4879,9.8199,9.6138,8.8318,6.8955,6.3088,5.1684,11.932,14.258,14.554,14.554,15.505,14.481,14.988,15.024,15.821,15.209,15.922,16.547,15.068,16.344,15.753,15.505,15.719,14.481,15.024,13.448,12.796,12.447,11.382,11.932,10.988,11.66,12.252,12.055,10.866,9.7517,10.792,14.107,15.514,17.784,16.571,18.03,16.7,15.854,16.875,14.917,14.809,14.917,14.809,16.684,14.8,16.229,18.178,17.374,17.978,18.273,19.297,19.207,19.207,20.183,20.988,20.68,21.366,20.341,18.613,16.055
15.2,16.219,17.325,16.601,16.137,15.296,15.191,14.183,12.493,11.779,10.748,10.148,10.253,10.343,10.395,8.7809,10.785,10.187,10.648,9.7458,10.029,9.7458,9.5242,10.174,9.2399,8.4084,7.6787,6.2838,5.8893,4.9002,12.44,13.956,14.211,15.191,15.409,15.059,14.682,15.059,15.409,16.145,15.616,16.219,15.912,16.037,15.296,15.496,15.2,14.286,15.015,13.956,12.923,12.058,11.981,11.891,12.058,12.19,12.44,12.504,11.281,9.8682,10.174,14.463,16.407,18.342,17.63,17.63,17.037,14.555,15.357,15.015,14.791,15.912,15.53,14.979,15.539,17.363,16.888,17.967,19.195,19.471,18.964,19.797,20.79,20.434,20.622,19.871,20.309,20.118,19.601,17.201
13.337,14.955,15.406,14.918,14.955,13.78,12.704,12.257,11.875,11.296,9.9702,9.2285,9.0913,9.0451,8.2711,9.8717,8.7947,8.7149,9.4083,9.122,8.9987,8.9832,8.9987,8.7149,8.9832,7.802,6.9503,6.6211,5.4404,4.0243,10.7,12.061,12.682,13.337,13.739,13.87,13.051,13.586,13.951,14.423,13.951,13.83,14.615,14.306,14.375,14.433,12.997,13.253,12.073,12.868,12.325,10.529,10.881,10.026,10.409,11.541,11.637,11.209,9.9281,8.5205,9.5262,12.77,14.218,15.897,15.649,15.711,14.88,14.228,14.228,14.228,13.719,13.78,14.228,15.242,16.167,15.113,15.406,15.764,16.415,17.253,17.438,17.935,18.036,18.615,17.826,19.052,19.052,19.089,16.793,15.03
15.031,16.428,17.026,17.305,16.622,15.004,14.969,13.936,12.78,11.872,10.974,9.8207,9.3053,10.285,8.9104,10.591,10.336,10.591,10.336,10.641,10.375,9.8613,9.8613,9.8613,9.3053,7.8789,8.5441,7.2997,5.8852,5.2639,11.77,13.509,14.897,14.781,15.251,14.69,15.004,15.673,15.468,15.724,15.468,15.724,16.323,15.934,15.049,15.004,15.111,14.351,14.173,13.85,13.715,12.006,12.006,11.917,12.039,11.77,13.23,11.599,11.402,9.9286,11.142,14.276,15.321,17.351,18.838,17.534,17.065,16.853,15.622,15.699,15.494,16.059,16.208,15.943,16.931,16.718,16.525,17.618,18.646,18.073,20.077,19.614,20.439,20.672,20.833,20.452,21.929,19.161,18.589,16.646
12.715,14.23,15.626,14.435,14.628,14.24,13.253,12.38,11.707,11.119,9.723,9.7087,9.0372,8.8654,9.7518,7.933,9.3566,9.0062,9.723,9.0062,9.7518,8.6093,8.8021,8.8654,7.8621,8.2611,7.423,6.6266,5.6219,4.0277,10.903,12.346,13.379,13.222,13.882,13.761,13.463,13.761,13.882,14.367,14.289,14.435,14.522,13.912,14.082,13.73,12.911,12.868,13.222,12.346,12.06,10.696,11.156,10.391,11.005,11.219,11.599,10.903,10.034,8.6093,10.034,12.21,14.694,14.818,15.945,16.335,15.227,14.551,13.972,14.387,13.253,13.379,14.666,13.75,14.318,16.085,15.945,15.724,16.471,16.724,17.055,17.604,18.601,17.981,18.213,18.988,19.105,17.219,16.899,14.24
13.004,14.888,14.69,14.186,14.236,13.958,12.787,12.388,11.739,11.739,10.17,9.7055,9.3685,8.8625,9.8343,9.0033,9.096,9.7486,8.9878,8.7194,8.9878,8.7194,8.7992,8.6065,8.3594,7.9304,6.8933,6.3882,5.3916,4.5172,10.64,12.342,12.478,13.079,13.479,13.746,13.479,14.048,14.661,14.747,14.898,14.747,14.078,14.517,14.963,13.726,14.186,12.875,12.776,12.534,11.928,11.153,10.17,10.494,10.045,10.848,11.153,10.427,10.17,9.5312,9.9754,12.331,13.837,15.139,16.14,15.94,15.701,14.813,14.954,14.431,13.878,12.961,14.431,14.747,14.841,14.972,16.398,16.601,16.466,16.601,17.835,17.89,17.835,18.192,17.733,18.007,18.534,17.772,16.08,14.963
13.721,14.81,14.904,14.969,14.819,13.547,12.966,12.793,10.71,10.174,9.5351,9.724,9.2371,8.8029,8.5285,8.3629,9.1305,9.5351,9.579,9.0998,9.0535,9.0071,9.0071,8.2619,8.211,7.5729,6.8962,5.842,5.9134,4.2642,11.356,12.211,14.083,14.241,13.598,13.964,13.318,13.223,13.762,13.485,13.792,14.591,14.81,14.212,13.063,13.964,13.557,12.782,13.557,12.302,11.708,10.904,10.904,11.708,10.418,10.418,12.061,11.245,10.27,8.2619,9.9795,12.177,15.265,16.422,14.979,15.146,15.876,13.381,13.752,13.557,13.485,14.734,13.974,14.894,12.804,16.008,15.127,16.086,17.614,16.999,16.834,17.454,17.952,19.158,18.512,17.732,19.253,18.014,17.22,14.232
13.491,15.153,14.759,14.636,14.326,14.394,12.875,12.488,11.312,10.909,10.636,8.9799,9.1345,8.8068,7.4833,10.109,9.0111,8.9955,9.3616,8.5323,9.1038,9.0576,8.3666,8.4829,8.2316,7.4833,7.0993,6.6302,5.3179,4.5519,10.857,12.353,12.578,13.522,13.92,13.553,13.397,13.97,14.119,14.702,13.89,13.491,14.248,14.06,14.636,14.375,13.553,12.875,12.622,12.722,12.308,10.909,10.714,10.274,10.793,11.011,11.423,10.909,9.984,8.5323,9.5394,11.973,13.758,15.051,16.128,16.093,15.263,14.248,14.443,14.01,13.491,13.758,14.238,14.636,14.759,14.826,16.093,16.197,16.412,16.842,17.47,17.277,18.022,18.022,18.022,17.975,19.312,17.277,17.333,14.91
14.895,16.171,16.946,16.195,15.658,15.734,14.495,13.58,13.026,12.524,10.552,10.765,9.8431,10.243,9.9915,9.6647,10.653,10.308,10.665,9.9915,10.19,9.72,9.8159,10.204,9.3265,8.0479,8.0313,7.4072,5.4994,5.2759,11.626,13.609,14.706,15.563,14.895,15.529,15.065,14.823,15.434,15.083,15.434,15.64,15.828,16.071,15.356,15.734,14.922,14.121,14.495,13.609,12.934,12.587,12.122,11.91,11.346,11.944,13.057,11.82,12,9.9915,10.615,14.121,16.628,17.869,17.08,17.104,17.29,15.828,15.356,14.206,14.922,16.113,15.039,16.587,15.286,17.506,17.352,17.681,18.746,18.487,18.509,19.329,19.7,20.203,20.694,19.686,20.694,19.983,18.739,16.716
15.214,16.689,16.649,16.705,16.102,14.641,15.135,13.766,12.769,12.289,10.869,10.795,10.869,9.7134,10.869,9.9311,9.8772,10.262,10.545,10.197,10.301,9.7134,9.7134,9.8772,9.1466,8.5265,8.1744,6.9554,6.0513,5.118,11.56,13.252,14.262,14.42,15.371,15.345,15.423,15.205,15.002,15.724,15.544,16.234,15.135,14.912,15.724,14.786,15.002,14.262,13.997,13.911,12.935,12.842,11.936,11.789,11.56,11.35,12.025,12.069,11.064,10.391,10.991,14.224,16.552,16.422,19.233,17.767,17.924,16.84,16.035,16.035,14.885,15.267,15.96,15.518,15.205,16.673,18.359,17.494,18.271,19.129,19.889,19.653,18.819,20.68,19.673,20.269,20.602,20.076,18.511,16.102
14.977,16.034,16.814,16.437,16.412,15.943,15.355,13.722,12.942,11.432,11.326,10.173,10.29,9.9338,8.3272,9.9338,10.444,9.744,9.9338,10.027,10.533,9.9203,9.8664,9.1366,8.279,8.3272,9.0339,6.7334,6.3039,4.6765,11.708,13.075,14.869,15.189,15.527,15.012,15.57,15.012,15.57,15.707,15.527,15.741,16.534,15.355,15.056,15.476,14.698,14.579,14.386,13.905,13.237,12.755,11.788,12.416,11.889,12.911,12.755,12.188,11.889,9.744,11.148,14.284,17.097,17.589,18.798,18.62,16.208,16.861,15.681,15.951,14.209,14.321,16.412,16.331,16.437,16.558,16.94,17.627,18.317,19.171,19.44,19.136,20.502,20.167,19.733,20.463,21.48,19.488,19.108,16.331
15.08,16.163,17.039,16.651,16.401,16.081,14.973,14.604,12.316,12.054,11.086,10.644,10.892,10.025,9.7419,10.378,9.3081,9.9316,10.249,9.8237,10.644,9.422,10.744,9.7965,9.0172,8.7926,7.8982,6.531,6.2173,5.2655,11.774,13.719,15.115,15.403,15.533,15.053,15.703,15.403,15.61,15.906,15.403,16.555,16.081,16.039,15.256,14.866,14.549,15.036,14.613,13.553,13.464,12.563,11.887,12.563,11.887,12.435,13.224,12.087,11.464,10.455,10.953,14.346,16.13,17.532,18.451,17.661,17.07,15.906,15.533,13.464,14.54,14.093,15.403,15.939,16.014,16.213,17.563,17.893,18.138,18.999,19.729,19.924,20.05,20.814,20.09,19.95,21.568,19.593,19.041,16.498
14.461,16.395,17.064,16.907,15.934,15.398,15.18,14.173,12.904,11.972,11.046,10.527,10.18,10.641,10.851,9.1898,9.861,10.245,9.861,9.9149,10.336,9.861,9.8204,10.245,8.9101,8.7746,8.3227,7.2261,6.0193,5.1615,11.883,14.098,15.048,15.004,15.698,15.493,15.673,15.242,15.673,15.32,15.9,15.493,16.805,15.757,15.791,14.461,15.285,14.173,14.397,14.544,13.548,12.696,12.473,12.269,11.781,12.748,12.904,12.601,11.46,9.1898,10.839,13.85,16.852,17.312,18.61,18.329,17.158,15.732,15.493,15.485,14.088,14.608,16.026,15.048,15.8,18.073,17.655,17.617,18.617,19.098,20.439,18.61,20.077,20.749,19.512,19.436,20.807,20.627,18.646,16.034
14.687,16.424,17.154,17.223,16.424,15.282,14.541,13.895,12.406,12.481,11.14,10.849,9.6403,9.2311,9.1296,10.837,10.02,9.8588,10.449,10.02,9.9261,9.9663,10.449,9.7365,8.8331,8.4004,8.3368,7.3885,6.0179,5.1861,12.08,13.885,14.894,15.83,15.897,15.49,15.695,15.558,15.481,16.13,15.177,16.294,16.196,16.022,15.481,15.558,14.614,13.942,13.866,14.458,13.545,12.942,12.406,11.869,12.428,11.969,13.387,12.745,11.353,9.9261,11.14,15.186,16.745,17.347,18.127,17.092,17.084,15.524,15.177,15.897,15.045,14.038,16.745,16.521,17.308,16.465,16.904,17.613,18.784,18.699,20.125,18.974,20.079,19.778,19.919,19.609,21.056,19.177,19.67,16.642
14.703,16.803,17.813,16.827,16.222,15.507,14.981,13.986,13.56,11.927,10.983,10.345,10.332,9.5256,8.7974,11.056,9.356,10.6,10.345,10.228,9.3131,9.8696,9.8696,9.9236,9.1542,8.5513,7.8856,7.2508,5.5879,4.6494,12.093,14.288,15.202,15.712,15.481,15.541,14.802,15.044,15.507,16.336,15.481,15.737,16.418,16.213,16.015,15.712,14.99,14.685,15.061,14.363,13.59,12.612,12.42,12.484,12.279,12.707,12.78,12.441,12.06,10.332,11.552,14.793,16.539,18.323,17.173,17.549,17.056,16.539,15.123,14.474,15.017,14.612,15.507,16.867,16.172,15.805,17.196,17.242,18.805,17.427,18.626,18.776,19.941,19.8,19.219,19.446,20.437,19.638,18.712,16.336
14.934,16.697,16.697,16.446,16.446,15.61,15.015,14.065,12.944,12.009,11.807,10.407,10.277,9.8509,8.3645,10.971,9.5047,9.6724,9.9592,10.674,10.053,9.4481,9.6307,9.3769,8.9077,8.1864,8.539,6.2346,6.0601,4.8845,12.219,14.141,15.024,15.533,15.394,15.576,15.289,15.446,15.368,16.454,16.084,16.348,16.258,16.183,15.576,15.992,14.907,14.589,14.735,13.669,13.669,12.307,11.635,11.577,11.829,12.307,12.788,12.437,11.367,9.8373,11.438,14.358,16.841,17.71,17.211,17.211,16.641,16.084,15.446,14.653,13.708,14.084,14.826,16.673,16.769,16.084,16.96,17.71,18.386,18.121,18.704,18.675,18.639,19.052,19.407,19.009,20.397,19.681,17.95,16.568
15.095,17.141,16.984,16.576,15.95,15.228,14.589,13.757,12.985,12.307,10.199,10.316,10.053,9.8509,10.661,8.5703,10.316,9.9592,9.6724,10.212,10.172,9.7689,9.6724,9.5188,9.0422,8.9378,7.6969,6.7507,5.5764,4.7734,11.92,14.386,14.132,15.67,15.376,15.61,15.747,15.541,16.109,16.059,15.446,16.125,15.781,15.747,15.576,15.653,15.333,14.808,14.58,13.989,13.551,12.448,12.469,11.635,12.186,12.076,12.523,12.469,11.461,9.8916,10.484,14.065,16.216,16.479,17.466,17.211,16.454,15.576,15.992,15.394,15.394,15.653,15.84,15.446,15.576,17.604,17.211,17.404,18.364,17.883,18.768,17.695,19.455,19.817,18.56,19.715,20.846,19.038,18.589,16.109
14.712,16.559,17.586,16.584,16.559,15.56,14.408,14.118,12.174,11.623,10.663,9.4951,9.8137,9.2525,8.4832,9.3674,9.5091,9.8274,10.241,9.8817,9.9357,9.3674,9.7591,9.8137,8.8384,8.1781,7.8271,6.7438,5.5947,4.6262,12.174,14.306,15.378,15.824,15.43,15.009,15.378,15.08,15.43,14.565,16.241,16.241,16.356,15.824,14.492,15.731,14.38,14.629,15.212,13.694,13.655,13.024,12.931,13.095,11.623,12.075,13.187,12.294,11.623,10.162,11.449,13.488,17.348,17.616,17.654,17.586,18.044,15.705,15.637,14.427,14.639,15.824,16.192,15.866,16.067,16.966,16.752,16.966,17.707,18.418,18.969,18.806,19.325,20.818,19.018,19.325,21.326,18.969,19.797,16.438
14.976,16.533,17.166,16.084,16.084,15.612,15.293,14.095,12.91,11.338,10.533,10.457,9.3098,10.251,9.0188,8.8396,10.328,9.3526,10.251,10.328,9.8661,9.3526,9.8661,9.3098,8.8847,8.1652,7.8996,7.024,6.2824,5.5859,12.415,13.673,15.535,15.765,15.706,15.406,15.57,15.082,15.197,15.188,15.406,16.916,16.175,16.166,14.625,15.501,15.337,15.012,14.625,13.585,14.18,12.775,12.011,12.952,11.431,12.011,13.166,12.66,12.056,10.289,11.279,13.516,16.686,17.588,17.664,17.535,17.359,16.175,15.475,15.038,14.77,17.112,16.436,16.598,15.354,17.566,16.67,17.904,19.446,18.192,18.769,18.798,19.219,20.167,19.446,19.927,21.23,19.597,19.357,16.501
14.499,16.866,17.115,16.866,15.685,15.429,15.143,13.603,12.872,11.513,11.091,10.259,10.714,9.3249,9.6737,9.466,9.7692,9.2821,10.502,9.9972,9.9972,10.298,9.9039,9.7147,9.2821,8.753,8.141,6.6934,6.2849,5.1745,12.239,13.515,14.967,14.94,15.693,15.659,15.446,15.583,15.36,15.961,15.659,16.508,16.484,16.094,15.861,15.566,15.073,14.636,15.523,14.636,13.987,13.187,12.737,12.206,11.764,12.443,12.872,12.464,11.339,9.9972,11.339,15.489,16.036,17.612,19.051,18.89,17.754,17.873,15.903,15.308,15.011,15.429,16.168,16.708,16.983,17.27,17.91,17.27,18.457,19.382,19.808,19.238,20.14,20.608,19.868,19.382,21.229,19.707,19.058,16.159
14.866,16.272,17.153,16.763,16.046,16.139,14.866,13.555,12.518,12.486,9.9307,10.965,9.6687,9.5845,9.4139,9.9849,9.8898,9.5845,10.448,9.9849,10.602,9.8075,9.7106,9.5422,9.0778,8.4616,8.4616,7.7273,5.9266,4.4411,11.853,13.996,14.702,15.455,15.732,16.055,15.455,15.809,15.288,15.809,15.637,16.739,16.931,15.809,16.147,15.455,15.083,14.72,14.564,14.452,14.638,13.644,12.135,12.268,12.235,12.268,12.486,12.69,11.623,10.093,11.447,14.442,16.642,17.946,19.113,18.458,17.742,16.907,15.594,15.455,15.083,15.594,16.835,15.843,15.809,17.027,17.923,17.78,18.185,19.793,20.058,20.219,19.997,19.594,19.594,19.539,20.954,20.299,19.113,16.437
13.33,15.052,15.803,15.118,14.361,14.459,13.33,12.132,11.885,11.06,9.6261,9.4634,8.6524,9.1445,7.9727,9.2825,9.0358,8.9098,9.2825,8.7981,9.4185,9.2977,9.0981,8.6524,9.0981,7.4031,7.2294,5.9425,5.4204,3.8695,11.174,12.867,13.551,13.952,14.459,14.361,13.911,13.86,13.717,14.595,14.042,14.459,15.451,13.819,13.911,14.39,13.415,12.932,13.127,13.665,12.6,11.263,10.945,10.762,11.449,10.945,11.885,10.906,10.265,9.0514,10.32,13.149,13.86,15.496,17.042,16.417,15.99,15.34,14.459,15.118,13.288,13.911,15.857,14.701,14.968,15.704,15.928,16.305,16.959,16.892,17.548,17.141,18.056,17.042,16.374,16.984,18.328,18.42,16.984,14.778
14.773,17.143,16.639,16.921,16.411,15.807,15.286,13.721,12.784,11.679,10.927,10.927,10.355,9.8062,9.9971,9.0915,10.355,9.7648,10.038,10.524,10.211,9.3695,9.5833,9.9836,9.3695,8.9417,7.7263,6.934,5.88,4.7916,11.783,13.603,15.153,15.153,16.145,15.807,15.592,15.435,16.12,16.542,15.6,16.187,17.151,15.807,16.517,15.832,15.356,14.478,14.672,14.792,14.186,12.354,12.122,11.621,11.965,12.233,12.784,11.863,11.446,9.7648,11.013,15.072,16.517,17.277,19.335,17.586,17.678,16.736,16.137,16.27,15.635,14.792,17.214,16.929,17.308,17.793,18.19,17.739,17.701,19.342,19.647,19.859,19.647,19.811,19.859,19.258,20.613,20.001,18.257,16.736
15.009,17.164,17.288,17.04,16.725,15.505,14.84,13.878,12.466,12.077,10.873,10.958,9.8065,9.5873,9.7249,9.5038,9.7249,10.27,10.626,9.9142,9.9544,9.4618,9.9142,9.1187,9.3346,8.5317,7.61,6.7202,6.4582,5.1799,11.899,13.849,14.669,14.876,15.71,15.497,15.053,15.168,15.735,16.38,15.676,16.176,16.654,15.911,16.437,15.54,14.741,14.66,14.153,14.376,14.068,12.885,12.021,11.753,12.916,11.776,12.751,12.761,11.257,9.5038,10.626,14.578,15.92,17.869,18.903,18.098,16.828,16.274,16.437,17.133,15.053,16.11,16.781,17.079,16.654,17.063,17.532,17.441,18.223,20.015,19.175,19.182,19.402,20.108,19.402,19.626,20.213,20.854,18.397,16.765
14.998,16.615,17.034,16.543,16.193,15.043,15.043,13.893,13.543,12.232,10.28,9.9648,9.4718,9.5138,8.8769,9.5138,9.4718,9.7896,9.9247,9.7896,10.447,10.137,9.4718,9.4154,9.5138,8.3196,7.8758,7.1679,6.1915,4.4384,11.867,14.336,15.487,15.043,15.323,15.513,16.069,15.556,15.726,15.513,16.069,16.003,15.692,15.487,14.775,15.718,15.522,14.566,14.373,14.083,13.768,12.479,12.144,12.177,11.968,12.177,12.899,11.595,11.363,10.163,11.595,13.969,16.519,17.512,18.416,18.496,17.769,16.972,16.193,15.827,15.936,15.522,16.16,16.639,16.711,18.3,18.066,18.3,19.202,18.474,18.416,19.319,18.242,19.823,19.202,19.715,19.849,20.076,19.319,17.55
15.375,17.077,16.903,16.686,16.417,15.764,15.136,13.853,13.267,12.12,11.433,10.396,10.08,9.0668,9.8777,9.9186,9.4024,10.239,10.08,9.9863,10.512,9.7542,9.5447,10.027,9.3593,8.2087,8.3712,6.9846,5.9194,5.1916,12.22,13.706,14.693,15.136,15.79,15.575,15.091,15.136,15.993,16.499,16.95,16.294,16.775,16.742,15.198,15.993,15.118,15.091,15.136,14.776,13.979,12.632,12.854,11.986,11.839,12.727,12.896,12.46,11.527,9.9863,11.77,13.853,16.621,17.992,18.022,17.652,17.902,16.718,15.618,16.294,15.136,15.79,16.169,18.289,17.444,17.328,17.636,18.178,19.488,18.869,18.719,19.397,19.061,19.57,19.735,20.688,20.591,20.307,19.314,18.355
14.727,16.65,17.154,16.931,16.714,15.436,15.791,14.487,13.156,12.567,11.512,10.53,9.5892,9.2591,9.7152,9.3752,10.244,10.362,10.257,9.5892,10.708,9.7152,9.5468,10.044,9.2152,8.6553,7.818,6.7806,5.8143,4.6514,11.79,13.68,14.487,15.162,15.739,15.851,15.61,15.817,16.13,16.979,15.679,15.851,16.843,15.601,16.593,15.91,15.295,14.709,14.051,14.598,14.384,13.012,12.524,12.062,13.001,12.062,12.876,12.653,11.405,9.9354,10.859,15.081,15.462,16.843,18.112,18.164,17.217,17.962,16.13,16.13,15.357,14.892,16.747,16.421,17.597,17.435,18.386,17.773,18.142,19.122,18.851,18.75,18.642,19.122,19.542,19.576,20.388,20.388,18.164,17.232
15.475,16.53,17.597,16.474,16.793,15.739,15.51,14.325,13.385,12.459,10.839,10.515,10.208,9.2944,10.01,9.59,9.8092,9.4785,10.427,10.311,10.629,9.4644,10.129,9.2226,8.9,8.87,8.2651,6.6024,5.5528,4.3747,12.222,13.562,14.987,15.773,15.475,15.163,15.163,15.093,15.714,15.982,16.107,16.279,16.45,16.474,15.501,16.409,14.987,15.163,14.88,13.834,14.081,12.889,12.586,12.384,11.666,12.384,13.494,12.416,11.586,10.324,11.586,14.157,16.506,17.986,17.986,18.008,16.45,16.385,15.924,14.844,15.329,15.739,15.604,17.897,16.833,17.445,17.161,17.392,17.897,18.052,19.407,18.674,19.18,19.632,19.455,19.013,20.212,20.113,20.166,17.045
12.95,15.116,14.975,14.13,14.319,14.398,12.807,12.763,12.033,11.168,9.8057,8.7705,8.3238,9.0872,9.0404,8.3068,8.6569,8.722,8.7705,8.8507,8.9144,9.3025,9.1801,8.8507,8.5748,8.2727,7.614,6.4256,5.0169,4.7564,10.271,13.209,13.39,14.319,14.13,14.631,14.525,13.826,14.814,14.04,14.975,15.051,14.319,15.051,14.708,14.602,14.19,14.05,13.959,12.851,12.15,11.95,11.418,10.846,10.636,10.755,11.675,11.455,10.229,9.5869,9.8057,12.415,15.531,15.712,15.865,16.174,15.458,14.309,14.928,13.558,14.368,13.62,12.939,14.776,15.64,15.041,15.811,15.989,16.926,15.458,16.562,16.622,17.125,17.677,17.363,18.089,18.19,18.337,17.42,15.486
14.573,18.03,14.968,15.996,15.249,16.021,14.933,14.727,13.941,13.108,11.888,9.5782,9.4668,10.603,12.153,6.7728,11.305,11.765,10.363,8.5235,9.4668,10.752,8.1417,9.4528,8.889,9.9048,9.11,6.2643,5.3015,5.1749,11.753,14.455,14.853,15.144,15.971,15.214,15.013,16.365,15.686,16.773,16.12,17.186,15.72,16.037,17.055,16.453,15.896,16.365,14.5,15.144,14.745,11.742,12.369,11.651,11.944,12.065,12.369,12.465,11.398,10.195,11.753,16.582,13.633,15.971,16.283,18.03,17.538,17.575,16.421,16.486,14.205,16.773,16.486,16.161,16.606,16.812,19.08,19.329,17.186,17.055,18.609,17,18.264,20.5,22.38,20.292,21.118,18.948,18.609,17.845
13.292,15.491,15.708,14.974,14.747,13.26,14.252,12.246,11.86,10.568,10.203,8.2342,7.6497,7.9738,8.5691,10.448,9.0637,8.5526,6.646,9.7803,8.079,8.4866,9.384,10.621,6.751,8.7799,6.8954,5.6384,5.0319,4.5007,10.922,13.1,13.303,13.76,14.003,14.282,14.861,14.67,14.429,14.565,16.132,15.528,14.565,14.331,13.791,14.003,14.282,12.916,13.418,12.417,14.776,10.674,10.244,10.244,10.461,10.421,12.095,11.681,10.922,9.0326,9.6791,12.752,15.491,16.451,15.708,15.002,16.579,16.036,15.096,14.737,15.012,16.383,15.086,15.744,14.937,15.021,16.579,14.67,15.086,16.52,20.405,14.632,16.477,17.948,18.685,18.042,19.995,19.561,17.948,14.889
12.834,14.867,15.615,14.781,15.017,14.366,13.888,12.746,12.1,11.343,9.7841,7.9769,9.0048,9.0205,8.5724,8.7833,8.2374,8.8312,8.6378,8.8312,8.7511,9.0205,9.0672,8.5724,8.0995,7.9769,6.7952,6.898,4.8049,4.278,11.193,13.105,13.265,13.392,13.601,14.099,14.009,13.928,14.483,15.102,14.952,15.278,15.47,14.434,14.415,14.753,13.958,14.009,14.415,12.954,12.387,12.1,11.193,10.887,11.156,10.612,11.343,11.637,10.612,9.4919,10.665,13.601,14.638,16.78,16.346,16.173,15.388,14.753,14.049,14.867,12.834,14.009,14.415,16.138,16.164,15.669,15.963,16.164,16.458,16.38,17.145,17.797,17.284,17.575,17.797,18.48,19.168,18.76,17.218,15.678
13.708,15.486,15.294,15.192,14.351,14.351,13.448,13.708,11.984,11.491,9.6199,9.0455,8.5153,7.9675,8.3141,8.6468,9.4572,8.5153,8.263,9.0455,9.0455,8.5153,9.3973,8.038,8.2971,7.7339,7.2247,6.4837,5.3382,4.5693,10.623,12.759,13.311,13.542,14.173,14.351,14.063,14.143,14.173,15.22,14.302,14.758,15.117,14.508,14.691,13.821,14.273,13.29,13.605,13.973,12.967,11.984,11.662,10.259,11.167,11.255,10.937,11.268,9.7943,9.2765,9.7654,12.792,14.449,15.979,16.906,15.73,15.766,14.173,15.033,14.691,12.858,13.29,14.292,14.873,15.21,16.406,15.979,15.944,15.846,17.236,17.294,17.424,17.072,17.752,18.339,18.316,18.553,18.439,16.543,16.363
13.181,14.772,15.569,15.18,15.371,14.4,14.147,12.172,11.406,11.084,9.0708,8.8379,8.1848,7.8378,7.3245,8.1848,8.9473,8.065,8.2524,8.0305,9.2076,9.0708,8.5013,8.9784,8.5013,7.8378,6.8742,6.7518,5.0017,4.8608,10.971,13.191,13.504,13.869,14.342,13.869,14.186,13.959,14.391,14.884,14.582,14.245,14.245,13.919,14.342,14.235,13.839,14.196,14.196,13.748,13.348,11.93,11.515,10.385,11.406,10.597,11.283,11.271,10.399,9.0247,9.9057,12.443,15.957,15.371,17.035,16.353,15.676,16.035,14.582,14.582,12.752,13.677,15.107,13.748,15.578,16.035,15.097,16.42,15.957,16.747,18.019,18.34,17.715,18.521,17.526,17.933,19.017,18.483,16.547,15.371
13.028,15.297,15.683,15.523,14.938,14.59,13.219,12.538,11.521,10.681,9.3472,8.3404,8.3404,8.2566,7.4599,8.9829,8.2397,8.4563,8.9829,9.1059,9.3917,8.6996,8.9674,9.2122,7.9824,7.4971,7.5525,6.1741,5.2219,4.8632,11.363,12.36,13.448,14.349,13.613,13.198,14.193,14.252,14.252,14.281,14.666,15.003,14.666,14.713,13.926,14.33,14.193,13.198,14.193,13.187,12.704,11.617,11.215,11.653,10.55,11.276,11.795,11.326,10.55,9.2273,10.242,12.932,15.379,17.117,16.386,16.104,15.683,15.188,14.203,13.187,13.313,15.442,14.656,14.203,13.448,15.514,15.514,16.043,15.514,16.293,17.027,16.764,17.935,18.694,17.724,19.019,18.582,18.166,17.407,15.834
15.443,17.207,17.3,17.074,16.369,15.65,15.233,13.928,12.466,12.084,10.366,10.671,9.5448,9.055,10.353,9.3175,10.249,9.8352,10.249,9.8488,10.275,9.3319,9.8895,9.8488,9.3319,8.5685,7.9184,7.3205,5.902,5.1244,12.184,14.242,15.047,15.092,15.803,15.718,15.743,15.718,15.743,16.213,15.988,16.709,16.901,16.213,16.172,15.667,15.443,15.154,15.529,15.233,14.503,13.705,12.785,11.951,12.972,12.445,12.637,12.951,11.633,10.404,11.736,15.224,17.113,18.235,19.216,18.892,17.3,17.09,16.475,16.573,15.777,15.329,15.946,16.853,16.451,17.393,17.462,18.117,18.814,19.257,20.867,19.677,20.867,19.534,20.478,21.343,21.772,21.248,19.534,17.09
15.072,16.888,16.984,17.235,16.72,15.554,15.354,13.806,13.219,11.823,10.37,10.638,8.9503,8.8141,9.9055,9.39,9.6442,10.186,9.2748,10.013,10.013,9.2748,9.8374,9.7413,10.213,8.3763,8.4402,7.2772,6.0464,5.7033,12.148,14.462,14.928,14.955,15.692,15.468,15.632,15.972,15.972,16.231,16.567,16.567,16.928,15.972,15.972,15.972,16.014,15.597,15.415,15.31,14.462,13.086,12.454,12.104,12.454,12.148,12.972,12.487,11.697,10.291,11.512,14.104,16.469,17.75,19.191,18.235,17.697,16.396,16.272,16.371,15.415,15.692,17.328,16.371,16.371,17.266,17.659,17.235,19.247,19.709,20.134,19.565,20.333,20.406,20.661,19.743,21.997,20.531,18.615,16.88
13.103,14.568,15.467,15.201,14.949,14.046,13.691,12.305,11.635,10.663,9.4457,8.5544,9.0189,8.8932,7.4462,8.287,9.0345,8.7012,9.1582,9.0345,9.1582,8.287,9.0811,9.0033,8.0283,7.8331,7.1177,6.4541,5.7385,4.8041,11.191,12.832,13.274,13.926,13.773,14.235,14.285,14.235,13.926,14.48,14.798,15.015,14.94,14.568,13.956,13.834,14.156,13.834,14.285,13.557,12.61,12.109,11.922,11.428,10.677,10.937,11.587,11.039,10.624,9.7391,10.624,13.794,15.422,16.86,16.777,16.343,15.995,14.635,14.334,14.275,13.305,14.432,13.526,15.201,14.285,15.005,16.24,16.583,16.523,17.01,17.635,17.579,18.069,18.108,18.255,18.802,19.507,18.393,17.635,15.603
13.531,14.869,15.904,15.609,14.869,13.839,13.268,12.615,11.158,10.427,9.2837,9.1616,8.7849,8.307,7.43,8.6394,8.508,8.256,8.508,9.0377,9.1616,8.3913,9.4043,9.2685,8.8329,7.9784,7.6541,6.6498,5.8619,4.2788,10.941,12.31,13.839,14.011,14.161,13.593,14.339,13.89,13.839,14.26,13.89,14.869,14.945,14.131,13.011,14.437,13.839,13.531,13.839,13.531,13.278,12.009,11.676,11.283,11.145,11.283,11.973,11.246,10.534,9.4043,10.467,13.268,15.317,16.349,16.891,16.622,15.681,14.717,13.778,14.486,13.011,15.02,15.455,13.3,14.011,15.618,15.752,15.833,16.141,16.866,18.3,17.148,18.824,18.764,18.323,19.143,19.464,18.636,17.674,14.945
15.325,17.013,17.311,17.642,16.02,15.638,15.473,14.532,12.47,11.422,10.642,11.003,9.7861,8.8629,8.8325,9.5637,8.9535,9.6477,10.071,10.071,10.579,9.6477,10.071,10.642,9.336,9.2345,8.2008,7.5519,5.868,4.7818,12.534,13.525,15.569,16.402,15.603,15.325,15.421,15.543,15.254,15.569,16.104,16.726,17.241,16.112,15.184,15.395,15.473,15.569,16.104,14.615,14.109,13.223,13.223,12.967,11.839,12.47,13.693,12.81,11.458,10.693,12.62,15.421,17.604,18.701,17.741,18.064,17.186,16.508,15.041,14.308,15.122,16.112,16.799,16.549,14.42,18.22,16.204,17.124,19.127,18.679,19.441,19.716,20.934,22.303,19.926,20.551,21.341,19.953,19.716,16.934
12.842,14.939,14.948,15.2,15.089,13.925,13.358,12.43,11.719,10.463,9.5637,8.5705,8.7008,9.0185,7.8864,8.8293,8.6359,8.6359,8.5046,9.0341,9.1578,8.5541,9.2648,8.5541,8.1151,7.9575,7.9575,6.6471,5.7137,4.891,11.039,13.262,13.556,13.925,14.006,13.793,13.762,13.773,14.567,14.892,15.024,14.854,14.749,14.567,13.525,15.08,14.412,13.885,13.358,13.102,12.919,12.12,11.647,11.452,11.279,11.153,11.279,11.341,10.45,9.6078,9.4005,12.776,14.284,15.098,16.48,15.994,15.773,14.939,15.494,14.673,14.235,14.49,14.673,14.333,14.778,15.897,16.161,16.471,16.65,16.984,18.021,17.515,18.415,19.164,18.891,18.598,19.135,18.838,16.86,15.005
13.265,14.637,15.605,15.451,15.082,14.326,13.887,12.778,11.355,10.095,9.3871,9.0823,9.1287,8.237,8.5556,7.8878,8.506,7.8878,8.6374,8.7024,9.6824,8.7024,9.1595,9.1287,9.0201,7.8878,7.7255,6.7115,5.6403,4.8918,11.079,12.387,13.528,14.008,13.528,13.775,13.528,13.775,14.237,14.492,14.781,14.979,15.605,15.194,14.942,14.336,13.958,14.128,14.158,13.051,13.265,11.864,11.155,11.243,10.926,11.079,11.864,11.193,10.665,9.4915,9.5654,13.434,14.128,14.951,17.185,16.137,15.997,15.497,15.007,14.277,13.275,13.507,15.092,15.082,15.203,15.614,16.041,16.137,16.661,17.518,17.638,17.542,18.025,18.639,18.419,18.319,18.983,17.574,16.979,15.203
12.885,15.146,16.106,15.967,15.053,14.131,13.282,12.554,11.566,10.905,8.8773,10.228,9.0494,8.766,9.0184,8.4898,8.2722,8.0139,9.0184,9.0649,9.3692,9.0184,9.7361,9.6639,8.5392,7.8191,7.9613,7.6377,5.9208,4.996,10.801,12.82,13.574,14.131,13.564,13.25,13.86,13.81,13.901,14.308,14.308,15.503,15.467,15.165,14.714,14.131,13.81,13.502,14.101,12.588,12.82,12.283,11.758,11.321,10.723,11.321,11.983,11.432,10.723,9.6639,10.658,13.239,15.647,15.467,15.923,16.357,15.647,15.421,14.714,13.615,13.991,13.574,14.922,16.08,14.913,15.394,16.106,17.054,17.763,17.699,17.763,18.076,17.982,19.189,18.291,18.626,20.235,17.865,17.92,15.284
13.088,14.724,14.923,14.998,15.45,14.416,13.28,12.596,11.464,10.925,9.7428,8.772,9.255,8.6916,7.5875,9.255,9.255,8.8834,8.545,8.7399,9.4353,9.0711,9.2701,8.7399,8.772,8.2948,8.1065,6.745,5.5327,4.8858,10.912,12.563,12.763,13.163,13.94,14.111,13.94,13.573,14.989,15.405,14.848,14.619,15.405,15.064,14.269,15.175,14.933,14.14,13.375,14.464,13.573,12.2,11.267,10.652,11.464,11.329,11.671,11.659,10.452,9.5536,9.0711,13.035,15.008,15.595,16.632,15.907,15.81,15.286,15.073,14.998,13.248,13.778,15.184,15.073,15.729,16.213,16.462,17.262,17.552,17.432,18.304,17.814,18.796,17.327,18.51,17.767,18.235,18.026,16.632,14.838
14.583,16.86,17.407,16.86,16.844,16.261,15.37,14.738,12.987,11.831,11.579,10.485,8.5718,9.4497,9.3355,9.3355,10.213,10.562,9.9609,10.318,10.663,10.055,9.6324,9.8933,9.8933,9.5485,8.366,7.3599,6.8111,5.5047,11.955,14.285,15.08,15.098,15.098,15.749,15.535,15.57,16.178,17.675,16.128,17.159,17.245,17.097,16.732,15.986,16.732,15.775,15.775,15.578,14.829,13.759,12.79,12.276,12.61,12.045,12.977,13.039,11.498,10.408,10.174,15.16,15.37,17.237,18.124,18.117,16.716,16.457,16.457,16.547,14.583,15.809,17.214,16.7,16.579,18.44,18.154,18.44,18.757,19.438,19.188,19.41,20.196,20.169,20.361,20.694,21.307,20.361,18.541,16.186
13.373,15.071,15.94,15.006,14.921,13.756,13.674,12.761,12.013,11.177,9.5522,9.1469,9.0233,8.4944,8.7708,9.3892,8.8187,8.7387,8.6904,9.5962,8.6256,9.0698,9.0233,8.8821,9.0543,8.2767,7.9656,6.554,5.9947,4.8851,10.729,12.761,13.087,13.989,13.817,13.674,13.756,13.989,13.989,15.256,14.93,14.779,15.896,14.987,15.08,14.959,14.472,14.079,14.267,13.415,13.674,11.705,11.669,10.716,11.621,11.14,11.907,11.848,10.611,9.4785,10.233,13.119,14.959,15.896,16.115,16.176,14.987,14.237,14.874,15.062,13.939,14.55,14.655,15.727,15.691,15.062,15.931,16.864,16.989,16.553,17.992,17.357,18.271,18.301,18.37,18.047,18.545,18.726,16.964,15.182
15.105,16.971,17.222,16.916,17.16,15.681,15.061,13.481,12.869,11.398,10.631,10.375,9.9524,9.9659,9.5533,9.6372,9.4545,10.362,9.9659,9.9524,9.9659,10.362,10.567,10.427,9.5252,9.0483,8.4341,7.9254,7.2163,5.5801,11.826,14.141,15.034,15.132,15.732,15.783,15.586,15.783,16.466,16.26,16.466,17.042,18.097,16.069,17.129,16.522,15.578,15.791,16.136,15.025,15.025,13.56,12.434,12.095,11.961,12.095,13.51,12.282,12.084,10.219,10.375,13.471,16.852,16.724,18.022,18.045,17.097,16.522,16.652,15.387,15.061,15.025,16.612,16.852,16.26,17.222,18.572,18.193,18.572,19.661,20.627,19.344,19.938,20.391,19.999,21.45,21.766,20.266,18.318,16.971
13.552,14.735,15.38,15.297,14.592,14.774,13.301,12.415,11.631,10.447,9.9076,8.8266,8.502,8.2842,7.9551,9.1551,8.6982,9.0158,8.6333,9.0314,9.4425,9.1551,9.1243,8.5515,8.6333,7.9728,8.0953,7.5933,5.8578,5.0313,10.92,12.816,13.354,13.5,13.83,14.001,14.358,14.63,14.859,15.416,14.407,15.168,15.444,14.735,14.669,14.887,14.329,14.319,13.521,13.951,13.385,12.606,11.631,11.15,10.933,11.473,12.244,11.424,10.607,8.7787,10.607,13.045,14.669,15.416,16.13,16.372,16.104,15.196,14.28,14.972,13.521,14.28,14.859,15.389,14.485,15.67,15.598,15.919,16.225,16.771,18.156,17.315,17.509,17.661,18.592,17.725,19.45,18.039,16.771,14.707
14.866,17.27,17.247,16.707,16.025,16.217,15.478,14.018,13.207,12.452,10.272,9.9122,9.2374,9.1936,9.4677,9.9122,9.8713,9.9122,10.389,9.5385,10.377,9.9122,10.377,10.377,9.5667,9.0609,8.82,7.7997,6.5009,5.1883,11.842,13.97,14.536,15.153,15.608,15.805,15.915,15.33,16.092,16.489,17.066,17.176,16.764,17.176,16.602,16.546,16.611,15.814,15.599,15.046,14.018,13.288,12.624,12.376,12.332,12.814,13.012,12.887,11.831,10.645,11.461,14.453,16.142,17.247,18.01,17.671,17.153,16.159,16.117,15.814,15.573,16.159,16.159,17.019,16.48,18.248,18.343,17.617,18.598,18.75,18.151,19.253,19.96,20.387,20.188,19.496,19.96,20.181,19.035,16.209
14.856,16.291,17.889,16.61,16.553,16.016,14.113,13.814,12.548,11.831,10.389,9.9118,9.396,9.6504,8.9259,9.5663,10.683,9.6921,10.219,10.219,10.02,9.2807,10.193,9.966,9.871,9.524,8.8197,7.7994,6.7445,5.7304,11.705,13.96,14.938,15.364,15.425,15.126,15.881,15.779,16.283,16.747,16.939,17.647,16.763,16.939,16.707,16.216,16.553,15.364,16.024,14.274,13.921,12.634,12.761,13.298,11.853,12.538,13.339,12.845,11.978,10.645,12.145,14.008,17.44,17.246,17.912,17.731,16.994,16.803,15.813,15.054,16.142,16.091,15.779,16.61,15.329,18.54,17.639,17.502,18.706,18.423,19.722,19.308,19.81,20.34,20.147,19.687,21.023,20.18,19.53,16.545
13.786,14.666,15.951,15.595,15.165,13.267,13.498,12.77,10.931,10.618,9.7772,9.0141,8.2827,8.2316,7.7205,8.6317,8.5004,8.6317,9.0297,8.9985,9.0141,8.9985,9.0297,9.381,8.6317,7.829,7.829,6.9135,5.7355,4.275,10.737,12.836,13.878,14.009,13.786,13.918,14.483,14.089,14.228,14.589,14.704,15.459,15.414,15.667,15.386,14.627,14.326,14.267,14.326,12.77,12.825,11.677,11.857,11.641,10.565,11.641,11.773,11.248,10.931,9.0297,9.7772,12.604,15.907,17.133,16.127,16.127,15.916,14.742,13.949,13.581,14.856,14.998,15.377,14.627,14.483,15.441,15.414,16.335,16.378,16.851,16.918,16.851,18.829,18.005,17.562,18.521,19.037,18.762,17.369,15.016
14.511,16.976,16.713,17.228,16.527,15.685,15.029,14.003,12.873,11.413,10.634,9.9689,10.009,9.514,9.4573,9.7372,9.8333,9.5281,10.672,11.188,10.063,9.3861,10.287,10.417,9.6402,8.5473,8.5787,6.7573,6.7573,4.8892,11.92,14.231,14.631,15.591,15.668,15.348,16.007,16.389,16.471,16.471,16.729,16.713,16.976,16.921,16.729,16.471,16.471,15.591,16.099,15.348,14.334,12.967,12.546,12.46,12.054,12.62,12.988,12.821,11.727,10.494,11.091,15.11,16.745,17.727,18.146,18.257,16.713,16.274,16.785,16.191,16.141,17,15.737,17.628,15.391,18.206,18.455,19.007,19.287,18.198,19.056,20.166,19.509,20.443,19.509,20.166,20.417,20.126,17.96,16.389
13.499,15.144,15.5,15.391,14.92,13.499,13.499,12.19,10.916,10.116,9.0168,9.247,9.0012,8.0649,9.0168,8.6194,9.1403,9.1096,9.1403,9.2622,9.7632,8.6842,9.7632,9.5454,8.5377,8.2708,7.8713,7.0642,5.9904,4.8816,10.43,12.63,13.237,13.664,14.769,14.452,14.568,14.683,14.75,15.437,14.91,15.437,15.68,14.712,15.06,14.099,14.539,14.257,13.746,13.499,13.237,11.84,11.84,11.056,11.625,11.43,12.097,11.454,10.59,9.0012,10.185,13.572,14.606,15.419,17.417,16.208,16.448,15.743,14.835,15.355,14.306,13.561,15.796,15.144,15.171,15.391,16.311,15.964,17.239,16.943,17.601,18.034,17.601,18.034,17.987,17.672,19.186,18.524,17.505,14.712
13.006,15.106,14.839,15.303,14.46,14.019,12.995,12.918,11.317,10.52,9.6282,8.8888,9.4639,8.3596,9.1419,8.4445,9.8479,8.8888,9.2196,9.095,9.1419,9.095,9.0793,9.095,8.4445,7.7763,8.0112,5.9712,6.2512,4.924,10.641,12.571,13.616,14.019,14.191,14.38,14.665,15.275,15.04,15.933,14.964,15.106,16.022,14.772,15.377,14.11,15.04,14.38,13.616,13.648,13.865,12.295,11.152,11.266,11.01,11.762,11.762,11.858,10.748,8.8888,10.682,13.855,15.635,16.067,17.388,16.634,16.305,16.067,15.571,15.78,13.886,13.395,15.525,16.565,16.243,15.488,16.278,16.164,16.77,17.697,17.85,16.973,18.072,17.906,18.447,18.965,18.761,17.945,16.496,15.115
14.062,14.638,15.062,15.062,14.714,13.76,12.746,12.218,11.607,10.598,9.7586,8.6153,8.997,8.3679,9.5409,8.9814,9.136,9.5409,9.136,9.5409,9.2427,9.2578,8.7283,8.8082,8.4843,8.2669,7.5775,6.1945,6.0342,5.0208,10.716,12.811,13.326,13.524,14.25,14.561,14.743,15.155,14.676,15.384,15.238,15.155,15.412,14.705,15.053,14.397,14.532,14.532,14.122,13.493,13.565,12.092,10.898,10.91,10.716,11.425,12.08,11.363,10.637,9.5409,10.276,12.974,15.565,15.637,17.664,17.593,16.944,15.789,15.956,14.969,14.289,14.969,14.903,15.877,16.157,15.493,16.303,15.956,16.944,16.944,17.963,16.944,17.231,17.994,18.341,18.644,18.064,17.521,17.067,14.941
13.498,15.435,15.892,15.271,15.161,14.255,13.977,12.188,11.231,10.589,9.7335,9.5445,9.1087,8.0987,7.7086,9.1087,8.6185,9.1087,9.2461,9.2613,9.3815,8.5532,9.0469,8.8749,8.0814,7.9591,8.371,6.6338,5.9192,5.2143,11.256,12.892,14.017,14.226,14.451,14.71,14.909,14.682,14.46,14.682,15.161,15.571,15.643,15.068,14.383,14.304,14.451,13.663,13.498,13.236,12.882,11.755,11.696,12.073,11.131,11.755,12.223,11.563,10.482,9.3815,10.115,12.629,15.571,16.102,16.826,16.446,16.489,15.723,14.862,15.353,13.775,15.794,15.363,14.605,14.46,16.102,15.741,16.102,17.245,17.049,17.599,17.797,17.463,18.439,17.503,17.631,19.133,17.75,17.237,14.255
13.986,14.918,15.724,15.445,14.776,13.244,13.412,11.666,11.175,10.595,9.6669,9.0057,9.2516,8.7368,8.376,9.1448,8.5419,9.0523,9.953,9.2516,9.2516,9.2516,9.2516,9.0523,9.0057,8.1035,7.4917,6.4446,6.2005,4.797,10.921,12.889,13.568,14.026,14.69,14.469,14.69,14.575,15.17,15.426,14.993,15.289,15.58,14.918,14.459,15.58,14.459,14.264,13.084,13.506,12.736,11.905,11.238,10.488,11.137,11.618,12.23,11.46,9.953,9.1141,10.176,12.636,14.871,16.354,16.456,16.985,16.499,15.363,14.983,15.399,13.986,13.935,15.28,15.445,15.901,16.894,15.901,16.146,16.558,16.96,17.768,16.752,17.474,17.808,17.158,17.705,18.549,18.081,17.059,14.842
13.075,15.352,14.4,14.766,14.642,13.804,13.234,12.46,11.837,11.054,10.441,9.1384,9.0149,9.5287,9.0459,9.3805,9.2451,9.5434,9.4697,8.8739,9.2451,9.3805,9.2602,9.0614,8.6175,8.5359,8.0631,6.9022,5.3985,4.8806,10.427,12.494,13.329,14.205,15.168,15.159,14.096,14.907,15.048,15.434,15.048,14.907,15.739,15.434,15.066,14.68,14.254,13.976,13.569,13.075,12.583,11.129,11.217,11.167,10.548,11.129,12.313,11.754,10.169,9.2451,10.279,13.234,14.832,16.572,16.419,16.623,16.196,14.917,15.925,15.863,15.066,14.917,14.4,15.269,15.497,16.487,15.434,16.538,16.487,16.882,16.973,17.235,17.477,17.967,18.123,18.52,19.672,17.145,17.365,15.057
13.062,15.153,14.808,14.817,14.052,14.052,13.264,12.38,11.355,10.214,10.034,9.7085,9.0526,8.6092,8.8652,8.2101,9.0988,9.0526,9.7516,9.0061,9.7229,9.5341,9.3564,9.5194,8.6739,8.0899,7.862,7.3471,5.8414,5.2886,11.441,13.264,13.39,14.958,14.958,14.817,14.367,15.033,14.846,15.706,14.817,15.337,15.945,14.817,15.419,14.002,13.962,14.318,13.483,13.232,12.737,11.826,11.355,10.709,11.392,11.599,11.826,11.826,10.851,9.3714,10.062,14.191,15.033,16.53,17.508,16.799,15.91,15.874,15.777,15.373,14.445,14.893,15.153,15.662,15.554,16.223,15.617,15.419,15.419,17.03,18.09,17.324,18.877,17.895,18.6,18.449,19.446,17.958,16.832,14.751
13.413,15.282,15.903,15.903,14.73,14.412,13.031,12.323,11.412,10.662,9.2526,9.7403,8.5428,8.6245,7.6409,9.0532,8.8176,8.8811,9.0066,8.8811,8.8176,9.1458,9.8548,9.6679,8.6245,8.1044,7.8224,6.9077,6.3576,5.298,10.715,12.414,14.265,14.137,14.73,14.834,14.615,14.834,15.004,14.314,14.615,14.872,14.985,14.393,13.744,14.759,14.461,13.907,13.744,13.085,12.901,12.105,11.226,11.631,11.953,12.093,12.56,11.763,10.922,9.6679,10.191,13.775,15.938,16.148,16.501,16.585,16.628,15.752,14.994,14.759,13.997,15.582,15.446,14.265,13.785,15.752,16.458,15.734,16.424,16.113,17.515,17.998,17.491,18.391,17.086,18.083,18.021,17.77,16.962,14.393
13.499,14.994,15.742,15.06,14.976,14.128,13.268,12.315,11.564,10.902,9.7629,9.5451,8.7322,9.001,7.942,9.5451,8.8121,9.14,9.2619,9.3822,9.2468,9.2468,9.3822,9.1093,8.488,8.3716,8.0646,6.8831,5.9196,4.7652,11.612,12.63,14.018,14.683,14.539,14.91,14.606,14.835,14.721,14.976,15.272,15.069,14.452,15.437,14.227,14.305,14.247,13.928,14.098,12.98,12.926,12.074,12.085,12.074,11.169,11.612,11.945,11.612,11.056,9.7629,10.115,13.098,15.572,17.344,16.414,16.354,16.422,15.742,15.272,14.539,14.644,14.863,15.05,14.384,14.068,15.866,16.345,15.572,16.354,16.077,17.344,16.718,17.632,18.01,17.368,18.111,18.921,18.734,17.246,15.05
13.274,14.533,15.71,15.358,14.829,14.398,13.73,13.072,11.716,10.911,10.222,10.042,9.2584,9.2432,9.2584,9.2432,8.9975,8.8721,8.9975,9.5415,9.2432,9.2432,9.4678,9.1366,8.6158,7.9566,8.0789,6.9008,6.3732,5.7004,11.227,13.232,14.456,14.533,14.639,14.829,14.6,14.829,14.639,14.829,14.639,15.957,15.349,15.358,14.942,14.562,14.456,14.251,14.456,13.018,12.888,12.081,11.559,11.894,11.227,11.894,12.581,11.425,11.227,9.8875,9.9862,12.801,15.239,15.385,16.543,15.86,16.123,15.239,15.165,14.251,13.983,13.566,14.744,15.736,14.829,15.736,15.358,15.349,16.416,15.878,17.068,18.104,17.142,18.342,18.003,18.104,19.266,18.585,17.215,14.904
14.498,17.394,17.2,16.663,16.95,15.532,14.654,14.057,13.932,12.299,11.11,9.6665,9.763,9.9531,8.9023,10.554,10.349,9.9531,10.349,10.4,11.001,10.362,9.5411,10.166,9.513,9.0515,9.3282,7.8984,6.7466,6.0565,12.632,14.817,16.074,16.363,16.719,16.703,16.24,16.338,16.973,16.687,16.501,17.075,16.469,17.146,16.436,16.703,16.509,15.227,15.94,15.227,13.661,13.493,13.253,13.543,12.526,12.946,14.076,13.453,12.462,10.879,11.384,15.041,17.578,17.2,18.073,18.309,17.782,17.138,16.855,15.974,15.974,16.534,16.719,16.719,15.558,17.962,16.847,17.294,17.455,17.386,18.375,18.375,19.635,20.859,19.906,19.906,20.127,20.127,18.885,16.918
13.772,15.057,14.775,15.444,14.841,13.285,13.115,12.183,12.009,11.654,10.12,8.4919,8.3755,9.3865,8.5413,9.3715,9.0051,9.7386,9.0672,9.3715,9.5495,8.6231,9.0051,8.9895,8.6231,8.2913,7.8211,7.4912,6.4659,5.2971,10.434,12.932,13.934,13.995,14.954,14.41,14.458,14.917,15.178,15.749,15.398,15.076,15.444,14.756,14.302,14.613,14.832,13.864,13.783,13.158,12.812,12.079,11.569,10.448,11.726,12.091,12.366,11.617,11.061,9.3715,10.285,13.401,14.727,15.444,17.767,16.498,16.455,15.891,15.067,14.727,13.934,14.727,15.362,14.651,14.926,16.249,14.954,15.803,14.926,16.318,17.189,16.726,17.632,17.352,18.01,18.296,18.63,18.388,16.834,15.749
12.635,15.177,14.916,14.926,14.545,14.341,13.114,12.286,11.459,11.236,9.9941,9.6659,9.1131,9.0668,9.0047,8.7359,9.2658,9.2506,9.1131,8.7359,9.1131,8.541,9.3712,9.0203,8.8158,8.3751,7.4909,7.1262,6.4003,5.2969,11.022,13.504,14.311,14.104,14.574,14.916,14.717,15.168,15.149,15.066,15.47,15.926,15.749,14.831,14.954,14.755,14.213,14.409,13.994,12.735,12.811,11.95,11.903,11.569,11.174,11.761,12.366,11.434,11.06,9.3861,10.607,13.285,15.361,15.935,16.834,16.859,16.725,16.171,15.749,13.741,14.755,13.741,15.075,14.755,14.841,15.001,15.899,15.749,15.926,16.48,16.454,16.214,17.024,18.364,18.425,16.75,18.787,17.679,17.115,15.168
14.809,16.491,17.694,16.875,15.719,15.813,14.192,14.107,12.11,12.066,10.035,10.035,10.401,9.9419,9.3177,9.3177,10.035,10.035,10.655,10.903,10.155,9.9419,10.792,11.181,9.4317,9.5303,9.4317,7.4002,6.6189,5.3213,12.952,15.262,16.547,17.274,16.835,16.899,16.344,16.18,16.344,16.875,16.547,17.119,17.55,17.489,16.229,16.056,15.419,15.069,15.549,15.024,14.398,13.248,13.408,12.786,12.501,12.921,14.333,13.478,12.415,10.181,11.932,14.881,17.543,19.456,18.053,18.728,18.156,17.181,16.572,15.35,15.514,16.547,16.827,16.491,15.201,17.251,16.547,16.031,17.181,18.09,19.749,18.635,20.184,21.348,19.401,20.394,21.367,21.045,20.263,17.336
13.079,14.922,15.394,15.394,14.454,14.259,13.615,12.632,11.432,10.512,9.0183,9.7648,9.547,9.736,8.9871,8.2212,8.5391,8.0662,9.0493,9.2637,9.1418,9.4287,9.547,9.3691,8.4897,8.3733,8.3733,6.8844,5.6294,5.2157,11.901,13.574,15.063,15.053,14.837,14.23,14.338,14.308,14.021,14.714,14.752,14.95,16.106,15.165,14.837,14.406,14.464,13.501,13.748,13.667,12.809,11.983,11.842,11.626,11.221,11.614,12.732,11.901,10.605,8.766,10.644,13.981,15.575,16.979,16.62,17.25,16.578,15.575,14.454,14.131,13.239,13.779,14.406,14.406,14.542,15.358,15.367,15.053,15.799,16.357,16.425,16.747,18.527,18.497,18.075,18.626,19.68,18.261,17.508,14.685
13.731,14.894,16.085,14.752,14.903,14.445,13.222,12.336,11.417,10.89,10.035,9.2366,9.2517,9.13,8.5281,8.8658,8.7546,9.2366,9.0376,8.9911,8.8658,8.9911,9.2366,8.9911,8.7546,8.3624,7.9333,6.9564,5.6963,4.7893,11.417,13.556,14.29,14.28,14.387,14.628,14.523,14.112,14.523,15.043,14.29,15.347,15.725,14.809,14.733,15.145,14.053,13.721,14.628,13.649,13.39,12.06,12.176,11.599,11.648,11.967,12.737,11.611,10.644,9.4166,10.852,13.751,15.483,17.461,16.112,16.421,16.43,14.894,15.127,15.043,13.973,15.052,15.145,15.849,14.847,16.189,15.483,15.99,16.933,17.325,17.445,17.056,16.9,17.982,18.601,17.771,18.541,18.199,17.99,15.127
13.221,14.588,15.226,14.626,14.957,14.001,13.347,12.714,11.884,10.708,9.9356,8.8646,9.2506,8.7215,7.516,8.7215,8.3614,8.6086,9.5334,9.0519,9.5334,9.0519,9.3558,9.5334,8.6733,8.3614,8.2095,7.1146,6.0295,5.2351,11.706,12.736,14.626,14.731,14.521,14.892,14.626,14.288,14.588,14.807,15.336,15.372,14.588,14.892,14.19,14.55,14.239,14.239,13.79,13.221,13.007,12.059,11.825,11.55,11.598,11.931,12.059,11.742,11.118,9.0519,11.042,13.841,16.144,16.723,17.459,17.603,16.222,16.11,14.901,14.731,14.434,14.385,15.418,15.226,14.816,16.521,15.944,16.864,16.428,16.831,17.459,16.931,17.579,19.067,17.729,18.073,19.956,17.988,16.806,14.434
13.51,14.813,15.369,15.149,14.518,14.226,13.228,12.343,11.103,10.848,9.5752,9.5313,9.8769,9.2333,9.4132,9.0499,8.3595,8.7195,9.2485,9.3686,9.4577,9.5313,9.4577,9.3686,8.525,8.0007,7.8597,7.5698,6.6876,5.3917,11.607,13.228,14.078,15.223,14.728,14.898,14.546,14.187,14.728,14.728,14.661,15.047,15.414,15.396,14.813,14.107,14.236,13.726,14.187,12.777,12.377,12.068,11.413,12.478,11.679,11.643,12.444,11.881,10.705,9.4577,10.887,13.217,15.773,17.221,16.719,16.927,16.827,16.526,15.028,14.841,14.585,14.285,14.813,15.477,15.038,14.699,16.001,16.115,16.918,17.262,17.05,17.67,17.835,18.826,17.575,19.07,19.216,17.733,17.318,14.431
13.487,14.708,15.148,15.056,14.822,13.764,13.14,12.35,11.444,10.698,9.8401,9.5807,9.3591,8.4641,8.2803,8.2803,8.8678,8.9931,8.8678,9.4632,9.5368,8.7566,9.0397,9.374,9.1014,7.9527,8.0749,7.5742,6.3701,4.9906,11.602,13.352,14.322,14.439,15.378,14.755,14.244,14.526,14.391,15.666,15.259,15.568,15.45,15.046,14.755,14.244,14.244,14.244,14.116,13.065,13.225,12.075,12.35,11.746,11.42,11.888,12.574,11.935,10.854,9.374,11.309,13.734,15.782,17.093,17.06,16.124,16.535,16.15,14.391,14.698,14.755,14.822,14.526,14.972,14.439,15.702,15.666,15.993,16.611,15.993,17.223,16.611,18.264,18.763,17.465,18.515,19.408,17.231,17.207,15.268
13.472,15.062,14.828,14.532,14.2,13.922,13.103,12.218,11.751,10.91,9.9853,9.3778,9.2576,9.3778,9.7583,8.5334,8.6798,9.5406,8.9812,9.5406,9.4225,9.1357,8.9967,8.7601,8.8713,8.6151,8.2157,7.7056,6.3726,5.397,11.226,13.739,14.012,14.24,14.761,14.742,14.676,14.25,14.828,14.969,15.384,15.347,14.987,15.429,15.384,15.274,14.396,14.377,13.891,12.745,12.723,12.218,11.607,12.218,11.251,11.424,11.893,12.068,10.794,9.7583,9.7583,12.92,15.456,16.303,15.921,16.096,16.44,16.303,14.903,14.445,14.25,14.742,14.25,16.576,16.482,15.877,16.71,16,16.069,16.346,16.91,17.408,17.279,18.89,17.624,18.553,18.462,17.472,16.096,15.043
13.085,14.548,14.412,14.957,14.266,14.256,13.256,11.988,12.232,10.871,10.066,9.3733,9.5953,9.0224,8.3771,9.8977,8.3771,9.146,9.0224,8.6247,9.433,9.0689,9.9965,8.8813,9.0534,8.543,7.9648,7.6411,6.4672,4.9982,11.063,13.107,13.487,14.137,15.172,14.692,14.759,14.929,14.778,15.645,14.92,15.181,15.752,14.461,14.256,14.92,14.73,13.867,13.907,13.816,13.508,12.197,11.62,11.126,11.62,11.668,12.082,11.227,10.287,9.5513,11.025,12.804,14.393,16.114,16.904,16.962,16.501,15.447,15.582,15.172,13.245,13.414,15.06,15.903,15.255,15.752,15.181,15.938,15.877,16.929,16.628,16.754,17.323,17.612,18.084,18.138,18.792,17.612,16.838,14.577
15.35,16.501,17.773,16.71,16.354,15.592,14.791,13.296,11.816,12.107,10.187,10.873,10.187,9.9881,8.7766,9.3663,9.8804,9.8261,10.265,10.356,10.343,10.161,10.649,10.873,9.4374,10.239,9.1642,8.0286,7.6882,5.7821,12.773,14.573,16.04,16.941,16.428,16.33,16.354,16.107,15.729,17.074,16.107,17.261,17.93,16.838,16.654,16.165,15.033,15.033,15.359,15.549,15.515,13.094,13.185,13.022,12.929,12.929,14.407,12.519,11.996,9.9344,11.895,15.078,16.46,18.343,18.219,19.142,17.69,17.385,16.885,15.864,15.524,16.354,17.833,16.436,16.057,17.652,17.339,17.584,18.16,18.064,19.198,18.328,20.4,20.083,20.873,20.335,20.815,20.38,18.797,15.763
13.524,14.978,15.912,14.705,14.201,13.493,13.231,11.691,10.911,10.638,10.166,9.2428,9.4673,9.0436,8.9971,9.3632,8.5337,9.0126,10.069,9.1054,9.6577,9.0126,9.0591,9.3632,8.6154,8.2839,7.8141,8.0958,6.4602,5.3972,11.164,13.018,14.329,15.044,14.25,14.455,14.062,14.201,14.743,14.676,15.062,15.384,15.565,15.164,14.377,14.638,14.377,14.397,14.532,13.231,12.877,11.893,11.715,11.834,11.715,11.619,11.751,11.975,10.911,9.7587,10.598,13.76,15.384,16.304,16.235,15.877,16.483,15.348,14.289,14.6,14.445,14.6,14.377,15.565,16.157,15.789,16.157,16.304,17.174,16.192,16.618,17.231,17.908,18.272,18.249,18.28,19.001,18.372,16.944,14.969
13.479,15.139,15.332,14.689,14.235,13.786,13.132,12.732,11.001,10.783,9.5308,9.6474,9.0957,9.003,8.2751,9.3681,8.9875,9.3681,9.0957,9.6474,9.7483,9.003,9.7196,9.6474,8.9875,8.2751,8.4753,7.1908,6.1654,5.2068,11.24,13.057,13.837,14.284,14.546,14.546,14.44,13.725,14.963,15.558,15.028,15.413,15.719,15.368,14.727,15.222,14.186,14.382,13.786,13.479,13.343,12.342,12.171,10.899,11.643,11.643,12.056,11.703,10.783,9.034,10.169,13.967,15.12,16.802,16.414,16.465,16.918,15.368,15.258,15.148,14.107,14.186,15.222,16.14,15.895,15.701,15.86,15.719,16.465,16.286,17.645,17.454,18.594,18.207,18.443,18.774,19.454,17.952,16.693,15.222
13.375,14.954,15.03,15.04,14.568,13.608,13.03,12.38,11.706,11.259,10.253,9.7398,8.6063,8.6228,8.5565,9.1828,9.0892,9.6221,9.7398,9.5029,9.2137,9.6221,10.155,9.0892,8.5398,9.1828,7.9346,7.642,6.0386,4.9208,11.46,13.639,13.877,14.519,14.519,15.068,14.685,14.801,14.868,14.801,15.19,15.04,14.519,15.561,15.03,14.954,15.096,14.212,13.608,13.471,12.687,12.183,11.994,11.994,11.497,11.706,12.171,11.754,11.259,9.6221,11.259,13.503,15.478,16.572,16.207,16.268,16.58,16.233,15.488,14.361,15.03,15.698,15.03,15.698,14.83,16.853,16.136,15.096,16.76,16.683,17.021,17.646,18.886,18.272,18.218,18.404,18.241,18.366,16.76,15.172
15.078,16.428,16.501,16.622,16.091,15.078,15.034,14.05,13.185,12.423,11.483,10.042,10.187,9.2514,8.9277,9.7167,10.959,10.472,10.649,10.042,10.472,10.459,10.662,9.8805,9.9345,9.5361,9.032,7.8943,7.7575,6.4801,12.971,14.637,14.809,15.932,16.066,15.729,16.354,15.932,16.885,17.012,17.5,17.385,16.558,17.074,16.941,16.436,16.231,16.354,15.35,14.71,14.304,13.446,12.846,13.427,12.509,12.594,13.486,13.022,11.725,10.161,12.206,14.201,15.865,18.012,18.108,18.517,17.346,16.654,16.75,16.157,16.041,17.614,16.558,17.833,16.157,17.591,17.569,17.773,18.094,18.329,19.433,19.903,19.468,20.143,19.323,20.596,21.28,20.492,19.016,16.558
13.544,14.5,15.624,14.799,14.818,14.451,13.853,12.044,11.699,10.952,10.149,9.5771,9.5771,8.7936,8.648,8.648,9.4585,9.0934,9.5771,9.1707,9.2929,9.2778,10.023,9.7956,9.4585,8.5165,8.3997,7.6062,6.397,5.2321,11.443,12.926,14.294,14.693,14.51,14.304,14.616,14.51,14.998,15.119,14.732,15.624,15.92,14.96,15.101,14.587,14.451,13.658,14.035,13.944,13.313,12.436,11.938,11.406,11.603,11.663,12.356,11.468,10.518,9.4136,11.207,13.408,15.443,16.4,16.218,16.503,15.795,14.96,15.045,14.884,14.294,14.432,14.451,15.212,14.693,16.061,15.552,16.192,16.477,16.597,17.033,16.908,18.07,18.031,18.093,18.593,18.984,18.171,16.908,14.451
13.329,14.746,15.351,15.056,14.458,13.804,13.402,12.748,11.646,10.481,10.072,9.4248,9.543,9.0145,9.543,9.2447,9.2598,9.7607,9.2598,9.3801,9.4693,8.7623,9.543,9.2598,9.138,8.6172,8.2177,7.1999,6.3742,5.3983,11.167,13.276,13.975,14.332,14.4,14.4,14.679,14.458,14.564,15.158,15.066,15.889,15.415,15.433,15.14,15.158,14.535,14.641,14.253,12.583,12.803,12.071,11.622,11.427,11.622,11.718,12.071,11.61,10.705,9.8465,10.913,13.743,15.496,16.004,16.126,16.714,16.487,15.36,14.641,14.86,14.641,13.854,14.302,15.578,15.889,14.907,16.35,15.676,16.444,15.792,16.444,16.622,17.046,18.595,17.596,18.191,18.006,17.786,17.596,15.46
15.142,17.171,16.725,17.147,16.134,15.59,14.186,13.985,12.679,11.991,10.657,10.919,10.309,10.956,10.516,10.031,10.244,10.348,10.516,10.593,10.309,9.8817,10.387,10.845,10.516,9.5767,9.4776,8.7063,7.721,6.2541,12.648,14.579,15.856,16.042,16.234,16.176,16.234,16.854,16.917,16.506,16.725,18.267,17.459,17.265,17.265,16.506,16.033,15.624,15.856,14.772,14.854,14.109,13.221,12.984,12.487,13.241,13.026,12.984,12.047,10.707,11.957,14.261,17.131,17.521,18.762,18.237,18.066,18.178,16.109,16.159,16.134,15.494,16.234,16.424,17.335,17.451,18.178,17.265,17.78,17.358,18.443,19.069,19.879,20.697,20.315,20.255,21.471,19.743,19.28,16.957
13.276,14.907,15.433,15.632,14.381,14.603,13.329,12.187,10.913,10.719,9.2448,9.8466,9.1381,8.3699,9.3802,8.7624,9.4694,9.4694,9.5431,8.9991,9.3802,9.1074,9.7608,9.4249,8.9991,8.3699,8.7624,8.0106,6.4616,5.8229,11.403,12.803,14.4,14.065,14.565,14.831,14.536,14.718,14.332,15.388,14.332,15.739,16.419,14.972,14.944,14.458,13.568,13.496,13.895,13.975,13.568,12.313,12.392,11.61,11.896,11.366,12.358,11.61,10.547,9.0146,11.452,13.804,15.676,16.74,17.628,16.546,16.444,15.739,14.944,14.565,13.276,13.568,15.632,15.433,14.991,14.907,13.855,14.831,15.739,16.444,17.235,17.998,17.597,18.122,17.477,17.912,19.421,18.029,16.074,14.603
14.735,16.478,17.21,16.712,15.652,15.669,14.394,13.471,13.55,11.953,10.773,10.172,9.999,9.5042,9.3764,9.5042,10.172,9.9587,10.483,10.673,10.198,10.316,10.885,9.999,9.999,10.052,8.8166,8.4913,7.2111,5.903,12.447,14.662,15.236,15.991,16.249,16.372,16.249,16.454,16.543,17.14,17.21,17.148,17.077,17.093,16.959,16.445,16.864,15.772,15.575,14.907,13.892,13.441,13.067,12.468,12.468,12.985,13.361,12.943,11.46,10.56,11.68,14.644,16.672,18.987,17.875,18.319,17.61,17.241,17.093,16.108,16.124,16.672,14.942,16.696,15.445,17.671,17.972,17.633,17.972,18.385,19.1,18.385,19.267,20.343,20.105,20.87,20.514,20.105,18.009,16.347
14.218,16.929,16.577,16.577,15.781,15.671,14.283,13.472,13.201,12.01,10.922,10.173,10.053,9.5472,9.5191,10.811,10.053,9.892,9.892,9.3772,10.484,10.317,10.199,10.317,10.199,10.053,8.9081,7.7838,7.1931,6.2348,12.187,14.358,15.368,15.237,16.258,16.184,16.52,16.714,16.905,17.367,17.079,16.674,17.094,16.512,15.747,16.96,16.373,15.568,15.015,15.237,15.542,13.462,13.442,12.22,12.986,12.819,13.472,12.534,11.807,9.892,11.716,14.218,16.455,17.305,18.481,18.669,18.481,17.094,15.611,16.109,15.096,16.698,16.544,17.212,17.673,16.577,16.674,17.612,17.854,18.847,19.682,19.784,18.704,20.535,20.943,19.986,21.285,20.167,18.35,16.176
12.896,14.66,14.765,14.926,14.737,14.35,13.513,12.191,11.625,10.614,9.437,8.7416,8.563,8.5466,8.0209,9.2719,8.885,8.7737,9.2567,9.0573,9.7302,8.3806,9.0106,9.5554,8.0733,8.7737,8.108,7.5332,6.7045,5.6344,11.331,12.743,13.627,14.477,15.178,14.419,14.222,14.583,14.964,15.408,15.261,15.187,15.178,14.554,14.272,14.727,14.419,13.993,13.781,13.913,13.544,12.476,11.673,11.181,12.017,11.673,11.673,11.442,10.237,9.0728,10.441,13.791,14.935,15.652,17.619,16.491,15.936,15.813,14.926,15.371,14.321,14.262,15.178,14.727,14.262,15.38,15.01,15.408,16.155,16.216,17.555,17.483,17.817,18.13,17.935,17.691,18.755,17.778,16.845,14.35
13.327,14.563,15.386,15.576,14.447,14.203,13.232,12.185,11.315,10.277,9.1371,9.7166,9.5421,8.7614,8.6163,8.5347,9.3642,9.0136,9.3642,9.586,9.7598,8.9981,9.3642,9.586,9.1064,8.8726,8.2169,7.121,6.6951,5.6265,11.228,12.311,13.66,14.291,14.716,14.764,14.706,14.905,14.447,15.413,14.915,15.567,16.098,14.398,15.35,14.379,14.301,13.802,13.974,13.495,13.974,12.802,11.894,11.315,11.45,11.835,11.977,11.752,10.426,9.0136,10.912,13.893,15.055,15.79,16.612,17.086,16.202,15.386,14.222,14.858,13.893,13.924,14.83,14.534,14.905,15.567,15.79,16.002,16.821,17.176,17.338,16.888,18.274,18.251,18.412,18.412,19.267,17.069,17.045,14.379
13.224,14.754,15.34,14.961,14.697,13.558,13.965,11.887,11.601,10.393,9.5361,9.0545,8.611,9.0545,8.724,9.418,9.008,8.9769,9.008,9.1007,9.1314,9.2532,9.8819,9.9805,9.1314,8.611,7.9521,7.0968,7.0968,5.4461,10.905,12.881,13.965,14.292,14.98,14.896,14.233,14.821,14.961,15.376,15.129,15.045,15.992,15.404,14.896,14.98,14.821,14.233,14.438,13.351,12.968,12.303,11.828,12.062,11.613,11.419,12.338,11.828,10.271,8.8671,11.246,13.382,15.566,16.525,17.23,16.902,16.114,15.557,14.438,14.735,14.055,14.697,15.147,16.123,16.407,14.735,15.376,16.295,16.727,16.534,16.935,16.407,18.702,17.993,17.969,18.109,18.506,18.27,16.295,14.554
13.261,14.701,15.039,14.729,14.079,13.758,13.091,12.161,11.988,11.116,9.7496,9.5321,9.0042,8.6074,9.0507,9.0969,8.4764,9.0042,9.576,9.0042,9.576,9.7496,9.0507,9.8352,9.2342,7.8604,9.0042,7.9488,6.1888,5.3138,10.9,13.345,14.286,14.237,14.237,14.89,14.663,14.548,15.15,14.89,15.37,15.551,15.37,15.415,14.814,15.721,14.814,14.207,14.286,13.48,12.69,11.988,11.68,11.316,11.154,11.644,11.632,11.154,10.415,9.4141,10.693,13.594,15.37,16.4,16.081,16.468,16.425,15.37,15.479,14.383,14.89,14.286,15.415,16.451,16.107,16.107,15.623,16.895,16.795,16.895,17.263,17.068,17.774,18.07,17.727,18.627,19.628,18.086,16.804,14.383
12.716,14.708,15.14,14.381,14.204,13.527,13.496,12.403,11.646,10.861,10.058,10.113,8.4862,9.3652,9.4694,8.552,8.7624,9.5431,9.5431,9.4694,9.3802,9.2599,9.7608,9.0146,9.0611,8.2857,8.5356,7.4862,7.102,5.3984,11.129,13.36,13.985,13.804,14.302,14.253,15.168,14.065,15.433,15.641,15.569,16.16,15.578,16.004,15.889,15.066,14.708,14.746,14.458,13.074,13.074,11.837,11.718,11.61,11.053,11.167,11.658,11.452,10.427,9.5431,10.719,12.749,15.415,15.739,16.915,16.823,15.881,14.86,15.388,14.381,14.4,13.855,15.14,15.578,16.16,15.578,16.307,16.021,16.948,15.96,16.848,16.948,16.881,18.276,17.533,17.533,18.716,17.787,16.126,14.831
12.729,14.909,14.644,14.605,14.538,14.206,13.394,12.315,11.612,11.131,9.3818,9.0006,8.6187,9.0161,8.2192,8.7639,9.2463,9.0472,9.2463,9.0472,9.471,9.0472,9.7193,9.7337,9.8908,9.0161,8.4711,7.1032,5.7268,5.451,11.231,12.979,14.068,14.402,14.334,14.994,14.834,14.246,14.834,14.975,15.354,15.354,15.363,15.742,14.256,14.749,14.461,14.068,14.206,12.729,12.806,11.945,12.189,12.28,10.915,10.707,11.898,11.405,10.799,9.0472,10.915,13.151,15.39,16.95,16.31,16.917,16.826,14.919,15.418,13.978,14.567,14.947,15.161,15.068,14.305,16.489,15.463,16.198,16.743,16.198,16.893,17.343,17.623,18.279,17.79,18.538,18.531,17.6,17.237,14.909
13.114,15.074,14.773,14.649,14.84,14.252,13.252,12.41,12.194,10.868,9.5924,9.2651,8.7673,8.6221,8.0848,8.8786,8.7673,9.0041,9.25,9.1125,10.119,9.3705,9.0041,9.3705,8.491,8.687,7.7119,7.3772,6.039,5.2165,11.261,12.59,13.576,14.261,14.649,14.84,14.649,15.176,15.578,15.25,15.396,15.934,15.148,15.065,14.457,14.754,14.953,14.212,13.617,13.156,12.712,12.008,11.843,11.458,10.919,11.135,11.724,11.021,10.077,9.4747,10.284,13.566,14.688,15.969,16.858,16.555,16.749,16.03,16.213,14.301,14.232,15.065,14.688,14.073,14.301,16.496,16.496,16.013,16.833,16.833,17.543,17.252,17.081,17.985,17.805,17.757,18.294,17.805,15.925,14.925
13.542,14.729,15.415,14.285,14.236,13.747,13.059,12.207,11.352,10.9,9.5317,9.7205,9.1272,9.4137,9.2338,8.7519,8.5418,9.369,9.4581,9.5317,9.2489,9.2338,9.2489,10.032,9.0348,8.3599,8.4596,7.1914,6.6249,5.719,10.574,12.875,14.108,14.973,14.363,14.383,14.889,14.624,14.842,15.029,14.842,15.72,15.871,15.72,14.926,15.622,14.187,14.547,14.431,12.711,12.332,11.823,11.644,11.116,10.848,11.644,12.057,11.203,10.535,9.7492,11.216,12.908,15.415,16.952,17.319,17.026,16.72,15.613,15.14,13.969,14.383,15.622,14.236,16.72,15.72,15.369,16.602,15.559,17.765,16.803,17.157,17.319,18.331,18.983,17.456,18.513,18.753,17.44,16.56,14.236
13.398,14.456,15.576,15.441,14.543,13.482,13.283,12.499,11.433,10.446,9.6645,8.8145,9.0655,9.3698,9.05,9.2492,8.8779,8.7666,9.5477,9.0034,9.7655,9.5477,10.187,9.3698,9.5477,8.8145,8.5397,7.4145,6.636,5.3225,10.552,12.364,13.902,14.914,14.753,14.456,14.648,14.407,14.914,14.725,14.914,15.746,16.452,14.98,14.26,14.952,14.571,13.502,13.902,13.283,13.24,12.353,11.901,11.371,11.222,11.172,12.227,10.512,10.724,9.0189,10.512,13.283,15.395,16.349,17.186,16.956,16.315,15.932,14.687,14.914,13.77,14.571,15.897,14.26,15.147,15.395,15.359,15.897,16.107,16.956,17.292,16.495,18.038,17.866,18.077,17.316,18.903,17.243,17.112,13.982
13.097,14.605,14.909,14.402,14.304,14.294,13.108,12.706,11.611,11.118,9.426,10.184,8.8113,8.8747,9.0157,8.6183,9.1392,9.426,9.762,9.5442,9.2459,9.5442,9.3813,8.8113,9.0157,9.0157,8.2188,6.8825,6.3751,5.9191,10.914,12.75,13.498,13.734,14.681,14.909,14.45,14.566,15.634,15.435,16.344,15.243,15.741,15.16,15.962,14.993,14.909,14.719,13.927,13.267,13.57,12.551,11.611,11.404,11.623,11.719,11.404,11.623,10.059,9.4705,10.401,13.404,14.833,15.39,17.073,17.22,15.962,15.883,15.058,15.39,14.333,13.856,14.333,15.049,15.634,15.16,15.714,15.499,15.883,17.543,17.22,17.471,16.85,17.543,17.631,18.378,18.469,17.535,16.974,13.734
12.82,14.927,15.179,14.419,14.321,14.114,13.628,12.329,12.11,10.928,10.057,9.2571,9.3927,8.822,8.0213,9.0111,9.2571,9.2723,9.2571,9.8597,9.6727,9.8597,9.5998,9.3778,9.0732,9.0111,8.822,6.9112,6.6417,5.3271,10.454,12.721,14.004,14.699,14.555,14.661,14.351,14.992,14.851,15.408,15.408,15.813,14.992,15.481,14.661,14.728,15.179,14.272,14.661,13.378,12.599,12.203,11.959,11.637,11.442,11.467,11.673,11.344,10.928,9.4375,10.915,13.913,15.76,16.737,15.76,16.97,15.884,15.884,14.927,13.751,13.41,14.699,14.272,14.699,13.576,16.432,15.813,15.454,16.644,16.466,16.156,16.043,17.069,17.484,16.594,17.548,18.4,17.306,16.44,14.737
14.81,16.186,16.732,16.804,16.128,15.017,14.536,14.323,12.471,11.74,10.37,11.082,9.8253,10.663,10.253,9.8525,10.357,10.562,10.485,10.675,10.663,10.318,10.421,10.813,10.213,9.3211,9.2198,8.5404,6.9088,6.5502,12.221,14.509,15.292,15.986,16.579,16.086,16.963,16.7,16.579,17.369,17.034,17.143,18.087,16.546,16.86,16.603,15.851,15.239,15.37,15.724,14.838,13.759,13.1,12.352,12.811,13.07,13.1,12.79,11.921,10.2,11.463,15.017,16.716,18.213,19.438,18.821,17.4,17.976,16.252,16.86,15.053,15.026,16.128,16.26,16.219,16.676,16.351,16.986,18.154,18.678,19.685,19.41,19.223,19.41,18.649,20.169,20.518,19.459,18.389,15.994
14.649,17.084,16.862,16.484,16.081,15.778,14.622,13.103,12.979,11.465,10.665,10.815,10.202,9.06,10.41,10.281,10.474,9.949,10.474,10.677,10.474,10.677,10.41,10.627,10.474,9.7309,9.5078,8.303,8.1068,5.6972,12.091,14.222,15.727,16.263,16.056,16.263,17.162,17.403,16.966,17.403,17.084,17.154,17.979,17.24,16.862,16.263,16.189,15.451,15.675,15.538,15.241,13.366,12.697,12.948,12.697,12.538,13.506,12.538,12.311,10.359,11.312,15.02,17.372,17.64,18.831,18.995,18.717,18.127,15.615,15.854,15.845,15.373,16.46,15.955,15.955,16.775,16.807,16.966,16.966,17.882,18.544,18.903,18.966,19.002,18.53,19.688,20.522,19.776,19.002,15.786
14.659,16.369,17.276,16.837,16.179,15.802,14.939,13.937,12.69,11.917,10.404,10.248,10.365,10.352,10.05,9.8484,9.8891,9.8891,10.671,10.557,10.658,10.314,10.209,10.17,10.05,10.404,9.9432,8.1843,7.4112,5.9018,12.084,14.438,15.073,15.224,16.637,16.475,16.121,16.9,17.207,17.811,16.853,17.667,17.705,16.669,17.968,16.572,16.105,15.606,15.845,15.232,14.382,13.438,12.982,12.271,12.941,13.227,13.587,13.268,11.078,10.196,11.065,15.118,16.669,19.18,19.381,18.497,18.057,17.515,16.245,16.725,15.649,15.091,16.475,17.089,17.136,17.849,17.027,17.946,17.788,18.432,18.749,17.968,19.152,18.67,19.159,19.047,20.001,19.215,18.381,15.979
14.742,16.777,16.68,16.936,15.754,15.401,14.513,13.918,12.528,12.092,10.89,9.8961,9.9636,10.488,9.2224,10.057,9.635,10.476,10.057,9.8961,10.678,10.411,10.678,10.678,10.203,9.5089,9.3811,8.4956,7.4164,6.3228,12.126,14.327,15.401,15.957,16.936,16.912,17.038,16.704,17.086,17.861,17.086,16.809,17.718,16.967,16.68,16.704,15.957,15.164,15.234,15.102,15.057,13.478,13.186,11.925,12.825,12.442,13.368,12.95,11.686,10.177,12.137,15.296,16.704,18.092,19.27,18.676,18.372,17.374,17.242,16.864,15.234,16.355,16.584,16.066,16.462,17.366,16.912,17.038,17.148,18.676,19.046,18.372,18.776,19.165,19.547,18.762,19.779,18.997,19.004,15.453
15.016,16.374,17.727,17.095,16.251,15.334,14.396,13.981,12.133,11.439,10.356,9.9602,9.5197,9.8519,9.9602,10.173,9.9602,10.317,10.054,10.675,10.356,10.408,11.009,9.9602,9.7699,9.5056,9.3205,8.1872,7.4679,5.3311,12.47,14.443,15.448,16.48,16.35,16.448,16.731,16.374,16.699,17.468,17.095,17.283,17.59,17.613,16.251,17.033,15.291,15.577,15.543,14.728,14.396,13.038,12.945,12.599,13.201,12.427,13.363,12.986,11.497,10.675,12.121,14.81,16.962,18.756,19.333,18.438,18.131,16.578,16.456,16.962,15.951,16.251,15.229,17.15,17.213,17.213,16.578,17.59,18.706,16.578,18.898,17.952,19.215,19.927,19.222,20.432,20.517,19.492,18.482,16.251
14.279,16.709,16.956,16.105,15.836,15.285,14.732,14.354,13.197,11.826,11.15,9.7253,9.6701,9.3316,9.5446,9.2596,10.17,10.196,10.481,9.7253,10.196,9.7253,10.314,10.417,10.05,8.7844,8.9356,8.1021,6.964,6.0587,12.128,14.214,15.39,16.369,16.564,16.507,16.572,17.207,17.113,17.238,17.113,18.028,16.637,17.584,16.861,16.45,16.369,15.768,15.572,14.138,13.666,13.438,12.732,12.805,12.52,12.805,13.458,12.784,12.423,10.659,11.804,15.777,17.362,18.663,18.821,18.08,18.359,16.9,17.706,16.246,16.213,16.246,16.246,17.207,16.507,18.124,18.67,17.607,18.315,17.607,18.534,18.813,19.887,18.699,19.402,19.778,19.533,19.236,18.663,16.204
13.287,14.265,15.363,15.29,14.576,13.986,13.255,12.011,11.176,10.922,10.19,9.2672,8.5423,8.2413,8.2243,8.7693,8.8806,9.0061,9.2521,9.2672,9.6674,9.0217,10.08,9.3726,8.2243,8.3764,8.2753,7.5852,6.5529,5.4026,11.138,13.031,14.411,14.871,15.445,14.758,15.445,14.46,15.17,15.281,15.59,15.751,15.373,15.003,13.774,14.691,14.076,14.46,14.265,12.637,12.368,11.763,11.325,11.461,10.805,10.87,12.231,11.375,10.727,9.0061,10.922,14.265,16.112,17.191,17.297,17.027,16.5,15.509,14.265,14.265,14.46,15.805,14.46,14.576,14.255,15.4,15.363,15.363,16.5,15.4,16.217,16.728,17.191,18.633,17.809,17.634,18.55,17.191,17.085,15.18
13.248,15.163,15.144,14.826,14.54,13.899,12.796,12.098,11.22,10.43,9.7349,9.3829,9.4276,8.6198,7.5814,9.7349,8.7649,8.7649,9.0482,9.0016,9.5459,9.7205,9.5459,9.5459,8.7649,8.5381,8.6198,7.5814,6.5497,5.5282,11.132,13.078,14.208,14.911,14.995,14.836,15.392,15.438,15.051,14.864,15.392,15.365,14.977,14.836,13.979,14.462,14.462,13.979,13.572,13.531,12.981,11.899,11.757,11.757,10.643,10.916,11.946,11.613,11.018,9.9486,10.722,13.929,15.929,16.474,17.76,17.313,16.576,15.929,15.438,14.911,14.92,15.07,14.569,14.684,13.777,15.797,15.392,15.392,16.026,16.008,16.953,16.165,17.466,18.533,17.076,18.381,19.128,17.288,16.895,14.208
15.117,16.45,17.576,16.474,16.071,15.091,14.354,13.811,12.53,12.519,11.077,10.468,10.05,10.05,9.8888,10.05,9.9563,10.352,10.671,9.9563,10.671,10.417,10.481,10.808,10.352,10.365,9.3313,8.3461,7.2649,5.5988,12.216,14.576,15.768,16.668,16.079,16.668,16.344,16.515,16.86,17.136,17.026,17.4,17.136,17.206,16.079,16.571,15.742,14.804,15.945,14.649,14.213,13.064,13.308,12.636,12.303,12.971,13.428,13.105,12.216,10.468,12.303,15.742,16.923,18.641,18.82,18.3,18.475,17.705,16.571,16.474,15.528,15.742,16.571,17.206,17.206,16.9,17.026,17.361,17.515,18.109,18.706,18.663,19.325,19.886,19.158,18.955,20.477,19.594,18.116,16.636
13.24,14.465,15.44,14.309,13.749,14.21,12.798,12.226,11.134,10.918,10.048,9.7219,9.1421,8.6859,8.8775,9.2488,9.003,8.8775,9.7219,9.1421,9.5473,9.2488,9.7219,9.3843,9.003,8.5393,9.0651,7.2032,6.8846,4.9961,11.259,12.732,14.26,13.982,14.838,14.648,14.913,15.054,15.44,15.728,15.395,15.746,15.896,15.358,15.44,13.574,14.21,13.24,13.533,13.502,13.366,11.842,12.007,11.663,11.615,12.181,11.663,11.723,11.058,9.1421,10.71,14.101,15.44,16.955,18.261,17.25,16.587,16.897,15.063,14.923,14.071,13.574,15.87,15.44,14.998,15.165,15.576,15.585,14.988,15.932,16.357,16.443,17.532,17.095,16.897,17.763,17.99,17.348,16.922,14.26
13.301,14.973,15.019,15.706,14.28,13.83,13.002,12.094,11.15,10.882,10.091,9.7505,9.0316,8.6985,8.5682,8.7469,9.1246,8.7469,9.736,9.0627,9.5611,8.3857,9.2623,9.2774,8.6336,9.0004,8.2333,7.7221,6.3863,5.4086,11.137,12.828,13.83,14.859,15.298,14.935,15.196,14.774,15.27,15.67,14.592,15.01,15.955,14.28,14.859,14.476,14.122,13.521,13.553,13.635,13.291,12.244,11.918,10.934,11.188,11.238,11.918,11.68,10.726,9.1246,11.473,13.635,15.607,16.654,16.855,17.789,16.569,15.389,14.427,14.408,13.921,13.83,15.076,14.408,15.462,15.598,14.28,14.935,15.298,16.338,15.742,16.577,16.771,17.005,17.63,17.701,18.743,17.373,17.046,13.687
12.831,15.48,14.138,14.502,14.296,14.138,12.842,12.441,11.729,10.619,9.1657,9.498,8.5778,9.4085,8.2938,8.7567,8.7083,9.5719,9.0262,8.5778,9.7615,9.4085,9.7615,9.0729,9.0262,8.5614,8.6433,7.0838,5.7185,5.5433,10.946,12.919,13.937,14.168,15.213,14.989,14.989,14.791,15.204,15.111,15.679,15.462,14.296,15.324,14.443,14.296,14.296,13.784,13.537,13.316,12.258,12.119,11.35,11.789,11.2,10.946,12.108,11.645,10.751,9.498,10.309,13.306,15.48,16.391,16.866,16.07,16.519,15.407,15.434,14.375,14.267,13.967,13.568,14.296,13.896,15.929,16.008,15.018,15.937,15.036,16.07,17.098,17.123,16.999,17.065,17.682,18.177,17.335,17.229,14.247
14.517,15.769,16.696,15.632,15.769,15.537,15.249,13.96,12.615,11.823,10.575,10.226,10.498,10.688,9.5319,9.8508,9.56,9.8508,9.9053,9.8508,10.638,9.9053,10.291,10.186,9.9729,9.9729,9.8645,7.914,7.2027,6.0463,12.454,13.805,15.563,16.148,16.928,16.371,16.106,16.599,16.928,17.382,16.928,16.567,17.628,16.081,16.148,16.106,15.398,15.044,15.035,15.044,14.683,12.962,13.218,12.486,12.837,12.962,13.279,12.625,12.203,10.33,12.093,16.206,17.235,18.701,19.674,18.872,17.696,17.235,16.502,16.623,15.415,15.071,15.87,16.28,16.097,16.696,17.544,17.855,17.382,17.855,19.517,18.087,18.389,19.844,18.585,19.946,20.543,19.626,19.743,16.239
15.018,16.964,16.717,16.515,16.129,15.231,14.73,13.789,13.203,11.922,10.888,9.894,10.409,10.214,9.948,10.925,10.279,10.37,10.279,10.473,10.486,9.894,10.664,10.986,9.948,9.3361,9.3361,8.3665,7.3238,6.0616,12.09,14.648,15.301,15.995,16.645,16.129,16.187,16.179,17.215,17.524,16.964,16.677,17.082,16.458,16.129,16.572,15.751,15.161,15.45,14.73,14.657,13.594,13.465,12.045,12.611,12.738,13.203,12.811,11.405,10.002,12.123,15.018,17.215,17.88,19.168,18.353,18.118,17.857,16.677,17.362,15.371,15.336,16.908,16.129,16.869,16.677,16.079,17.676,18.089,18.851,18.31,19.439,18.192,19.056,19.189,20.408,20.637,19.822,18.708,17.215
12.772,14.972,14.745,15,14.476,13.521,13.259,11.473,11.337,11.036,9.779,10.297,8.2331,8.7787,9.4425,8.502,9.7502,9.0158,9.3827,9.0158,9.0002,9.5609,9.7502,9.078,9.2772,8.7787,8.0255,7.8841,6.4081,5.7365,10.62,13.098,13.83,14.859,15.075,14.793,14.28,14.935,14.944,15.444,14.944,15.094,15.416,14.427,15.38,14.407,14.63,13.301,13.921,13.83,13.173,12.209,11.35,10.725,11.35,11.716,12.024,11.448,9.9076,8.6333,10.297,13.951,14.151,16.517,16.269,17.119,16.034,15.416,15,14.329,13.521,13.951,15.019,13.951,14.935,15.741,15.954,15.196,16.855,16.645,16.979,16.381,16.855,17.078,17.629,18.14,18.063,18.226,17.136,14.563
13.127,15.027,15.452,14.781,14.434,13.888,13.265,12.308,11.686,10.731,10.012,8.8948,9.4026,9.282,8.3898,9.0205,9.0672,9.0672,9.492,9.5658,9.1291,9.1599,9.1291,9.1599,9.0205,8.5724,8.2374,7.5415,6.4552,5.2528,11.244,12.845,13.434,14.483,14.287,15.278,14.781,15.195,15.278,15.017,14.8,14.57,14.942,13.928,14.099,15.47,14.287,13.265,13.765,13.528,13.18,12.25,12.006,11.193,11.356,11.782,12.03,11.686,10.207,9.0361,10.572,13.528,15.176,14.98,17.276,16.526,16.458,15.388,14.857,14.753,13.888,14.009,14.781,14.099,13.528,14.867,15.027,15.008,15.176,16.277,16.653,16.863,17.145,17.145,18.327,17.284,18.692,18.579,16.93,15.424
14.966,16.601,16.93,16.738,15.745,15.556,14.748,14.304,12.974,12.466,10.901,10.068,10.576,10.227,9.9606,10.487,9.9065,10.422,9.9065,9.8657,10.639,9.9065,10.292,11.085,10.227,9.7423,8.9512,8.8302,7.2223,5.6087,12.205,14.445,15.417,16.282,16.722,16.479,16.274,16.274,16.754,16.954,16.274,16.698,16.954,15.796,16.149,16.601,16.133,15.046,15.417,15.037,15.037,13.492,13.281,12.542,12.963,13.005,13.571,12.828,11.478,10.187,12.105,15.417,16.083,17.977,19.038,18.782,17.237,17.119,16.282,17.143,15.469,14.528,16.866,16.108,16.241,16.479,15.906,16.722,17.546,17.88,18.875,19.491,18.875,19.249,19.485,19.519,20.196,20.388,18.391,16.794
14.768,17.249,16.966,16.161,16.294,15.428,14.39,13.924,13.341,11.946,11.522,10.798,9.9814,10.378,9.6523,10.075,10.507,10.698,10.698,10.339,9.9814,10.022,10.339,10.075,9.3404,10.075,9.2826,8.3188,6.7658,5.7316,12.636,14.695,15.756,16.111,16.548,16.638,16.942,16.385,17.273,17.397,17.179,17.443,16.286,16.942,16.516,16.734,16.409,15.985,16.12,13.972,14.418,13.621,12.07,12.816,12.334,13.004,12.551,13.291,11.856,11.105,11.603,14.677,16.483,17.673,17.765,17.923,17.643,17.116,17.673,15.567,16.516,15.084,15.428,16.095,16.71,16.409,17.187,16.613,17.711,16.491,17.711,17.833,18.073,19.725,19.002,19.533,19.889,19.094,18.221,17.436
13.154,15.333,14.588,14.656,14.694,13.782,12.937,12.138,11.169,10.757,9.2782,8.5829,8.7619,9.1403,8.1269,8.7941,8.4001,8.7941,9.2782,8.7941,9.0784,8.5665,9.4141,9.2934,9.1711,8.6485,9.1711,7.3997,6.3973,5.5466,11.295,13.451,13.945,14.771,14.354,15.102,14.961,14.354,14.961,14.771,14.961,15.443,14.433,15.045,14.452,14.511,14.617,14.511,14.305,12.628,12.357,11.76,11.407,11.603,11.207,11.76,12.138,11.207,10.625,9.7528,10.952,13.196,15.947,16.478,16.062,15.697,15.796,14.501,14.066,14.305,14.305,14.501,14.305,13.618,13.154,14.885,15.027,14.885,15.045,15.489,16.682,16.606,17.427,17.564,17.692,17.034,18.419,17.588,17.54,15.688
14.13,16.333,15.845,15.647,16.333,15.639,14.386,14.082,13.261,12.143,10.71,10.364,9.5909,10.403,9.5909,10.364,10.935,10.219,9.9916,10.972,11.034,9.8963,10.672,9.8963,10.298,9.9373,8.6569,8.6098,7.3559,6.0881,12.581,13.996,15.647,15.845,16.283,16.149,16.982,16.324,17.29,16.75,17.157,16.879,15.742,16.935,15.956,16.62,16.522,16.023,15.725,14.13,13.976,13.097,12.591,12.505,12.098,12.364,13.035,13.261,12.143,10.532,12.331,15.084,16.75,17.038,17.807,18.056,17.715,16.555,17.196,15.854,15.742,16.158,14.311,14.976,14.73,16.2,15.725,16.79,16.774,17.228,17.547,18.912,18.39,19.772,18.565,18.754,19.42,20.577,18.79,16.62
15.42,16.502,17.663,17.018,16.113,15.279,14.435,13.862,12.683,11.847,10.697,10.033,11.008,9.993,9.5793,10.81,9.5793,9.537,10.351,10.246,10.519,9.7608,10.233,10.246,10.087,9.9253,9.0729,8.393,7.0661,6.2773,12.392,14.666,16.238,16.633,16.51,16.502,16.272,16.046,16.272,16.576,16.004,17.293,17.018,17.152,15.499,16.858,16.13,15.341,15.775,14.407,13.637,13.029,13.245,13.357,12.565,12.49,13.316,12.831,11.96,10.455,12.468,15.102,17.456,17.936,16.786,17.732,16.914,16.23,15.075,15.102,14.694,14.767,14.994,16.305,16.23,15.663,16.18,16.697,16.914,17.732,17.363,18.25,18.825,20.321,19.102,20.367,21.652,20.466,18.767,16.73
12.794,14.719,14.612,14.995,14.525,14.299,13.346,12.251,11.622,10.958,9.8123,8.8567,8.6628,9.5934,8.2612,8.8567,8.6628,8.8567,9.2936,8.7279,9.1089,9.0622,8.5144,9.0622,8.6628,8.8086,7.8571,6.9993,6.2286,5.4269,11.112,12.649,14.319,13.968,14.824,15.061,14.525,14.378,14.91,15.07,14.378,14.68,15.441,14.319,14.14,15.238,14.199,13.598,13.165,13.143,13.681,11.816,11.488,11.073,11.488,10.971,12.286,11.226,10.958,9.0465,10.563,12.377,14.525,15.723,17.137,16,15.651,15.145,14.329,14.329,12.649,13.346,14.535,13.462,13.567,14.9,14.319,14.378,15.07,16.044,16.625,16.185,17.569,17.689,17.617,17.374,17.593,17.268,17.161,14.329
14.881,15.839,16.791,17.141,16.185,15.625,14.717,13.551,13.411,12.054,11.048,10.406,10.315,9.5823,10.09,9.6664,9.8874,10.315,10.393,11.024,10.406,9.5823,10.406,9.9283,8.8953,9.0905,8.8344,7.864,6.655,6.3221,12.856,14.336,15.503,15.633,16.31,16.409,16.863,16.009,16.433,17.275,16.581,17.141,16.967,16.927,16.143,16.185,16.118,15.805,15.599,14.041,14.184,13.72,12.74,12.569,11.998,12.569,12.74,12.515,12.132,10.713,11.194,14.07,16.759,17.212,18.737,18.505,18.039,16.31,16.409,15.711,14.781,14.27,15.599,15.451,15.633,15.78,16.268,16.927,17.737,17.791,18.916,18.454,18.916,20.591,19.34,19.891,20.709,19.645,18.454,16.235
12.935,14.586,16.059,15.211,14.586,14.273,12.759,12.113,11.466,10.755,9.9232,9.2918,9.0922,8.6469,8.3986,8.7925,8.9041,9.03,8.9041,9.2918,9.4124,8.3986,9.693,8.6469,8.5649,8.3986,8.3142,7.5119,6.6556,5.3117,11.091,12.626,14.653,14.302,14.114,14.302,14.692,14.144,14.43,14.768,14.43,15.441,15.441,15.043,13.811,14.797,14.508,13.811,13.943,12.847,12.263,11.877,11.758,11.65,10.584,11.405,11.794,11.293,11.091,9.3974,10.544,14.023,15.944,16.881,15.935,15.971,15.622,14.958,14.498,13.279,14.253,14.958,14.033,14.615,13.194,14.911,15.043,14.958,15.404,15.971,15.793,16.466,18.091,19.306,16.948,17.657,19.335,16.906,17.146,14.292
15.109,16.49,17.672,16.612,16.284,15.127,14.975,13.971,12.72,12.102,11.332,10.442,9.7898,9.9804,9.7898,9.3538,10.442,10.021,10.442,10.22,10.194,9.9804,10.834,10.442,9.5391,9.6931,9.1795,8.3179,6.9612,5.731,12.836,14.114,15.78,16.16,16.837,16.749,16.284,16.11,15.84,17.503,15.984,16.292,17.02,16.118,16.243,16.093,16.284,16.017,15.26,15.322,15.109,13.39,13.064,12.474,11.934,12.496,13.064,12.815,11.843,10.697,11.763,15.127,17.193,18.425,18.563,18.011,17.854,16.218,15.78,15.703,15.127,16.251,16.026,15.806,15.574,16.893,16.612,16.708,18.011,18.578,18.887,18.599,19.689,19.05,20.048,20.342,20.235,19.723,18.101,15.26
14.024,16.499,17.453,16.236,15.798,15.347,14.627,13.11,13.243,12.259,11.019,10.957,10.349,9.759,9.1895,10.92,10.388,9.9912,10.708,9.9235,10.388,9.4071,9.6618,10.708,9.759,9.8004,9.3496,8.6449,7.216,5.5943,12.477,14.982,15.338,16.654,16.227,16.401,16.135,16.63,16.499,16.919,16.26,16.767,17.204,16.425,15.832,16.63,15.798,15.591,15.063,15.063,14.691,12.996,12.86,11.958,12.126,11.958,13.405,12.649,11.615,9.8553,11.856,14.111,16.597,17.645,19.056,18.408,17.29,17.266,15.798,15.617,15.496,15.206,16.63,16.236,16.63,16.499,16.269,16.751,17.086,18.12,19.711,18.357,19.099,18.907,20.043,19.908,20.62,19.407,18.031,15.772
14.652,16.12,17.223,16.745,16.328,15.6,14.643,13.992,13.01,11.452,11.116,11.165,9.56,10.043,9.56,9.5883,9.8113,9.7143,10.002,9.7699,10.043,9.56,9.8662,10.465,9.56,9.0814,8.8552,7.3539,6.9765,5.7436,12.327,14.078,15.6,15.643,15.841,16.745,16.32,16.053,16.526,16.938,16.061,16.648,17.033,16.93,16.444,15.951,15.815,15.16,14.972,15.364,14.643,13.288,13.165,12.523,11.971,12.139,13.041,12.843,11.404,10.72,11.685,15.434,17.191,17.688,18.749,17.71,16.914,16.648,16.93,16.128,15.187,14.279,15.721,15.951,15.815,16.179,16.648,16.583,17.285,17.472,19.07,18.465,19.93,19.547,19.07,19.978,20.806,19.47,17.688,16.019
13.954,16.65,16.528,16.155,15.602,16.33,14.792,13.847,13.651,13.032,11.358,10.098,9.9356,10.721,10.53,10.466,10.044,10.244,9.8673,10.003,10.53,10.244,9.7154,10.098,9.4185,8.8562,8.7177,8.0734,6.6192,5.7442,11.629,14.599,14.718,15.366,16.421,16.98,16.197,16.247,17.17,17.319,17.193,16.585,16.674,16.197,16.747,16.94,16.617,15.462,14.204,14.974,14.204,13.33,12.329,10.859,12.13,12.503,12.361,12.696,11.488,10.098,10.53,14.003,16.65,16.289,18.023,17.955,16.876,15.645,17.482,16.617,15.584,15.645,15.357,15.515,17.17,17.804,16.197,17.287,16.33,18.387,18.93,18.32,18.844,18.209,19.521,20.704,19.769,19.186,18.32,16.747
13.459,14.809,15.453,15.453,14.894,13.954,13.076,12.636,11.414,10.444,9.4649,9.6277,10.156,9.0528,8.6538,9.4649,9.0528,9.0216,9.5836,9.146,9.0995,8.7189,9.1768,9.146,9.0995,8.2698,8.0446,6.7243,5.316,5.2357,11.364,12.847,13.862,14.393,14.665,14.393,14.284,13.862,14.284,14.393,14.78,15.036,15.334,14.97,13.913,15.055,13.832,13.954,13.913,12.869,12.858,11.946,11.451,11.264,10.485,11.476,11.887,11.414,10.751,9.5836,10.552,13.032,15.223,15.416,15.223,15.453,15.499,14.52,14.314,14.264,13.29,13.862,13.984,15.806,15.306,15.008,14.264,14.703,15.635,15.562,16.376,16.557,17.308,18.074,18.059,17.743,18.598,17.357,17.086,14.125
15.375,16.684,16.781,16.989,15.749,15.826,15.126,13.738,12.661,12.281,11.038,10.329,10.927,9.9956,9.7765,10.223,10.715,10.103,10.103,10.223,10.536,10.223,9.8179,10.536,10.368,9.3807,9.3807,8.3904,6.7845,5.6284,12.575,14.653,15.304,16.627,15.962,16.164,16.537,15.731,16.339,16.339,16.43,17.179,15.749,16.03,15.619,16.339,16.164,15.41,15.445,14.288,13.738,13.174,12.192,11.979,11.038,12.532,13.009,12.852,11.74,10.368,11.554,14.288,16.265,17.783,17.799,17.7,17.799,16.339,15.619,16.03,15.619,15.92,15.86,15.233,15.366,17.164,17.045,16.298,16.529,18.456,17.973,18.1,18.855,19.944,19.055,19.281,19.923,19.588,18.573,16.139
15.352,16.482,17.099,16.614,16.349,16.013,14.773,14.764,12.924,12.539,11.073,10.974,10.335,10.492,9.4104,10.505,10.282,10.081,10.505,10.135,10.57,9.6251,10.761,10.453,9.8489,9.9041,9.011,8.1538,7.0033,5.6462,12.231,14.248,15.352,15.573,15.738,15.936,16.207,16.114,16.589,16.19,16.834,16.995,15.936,16.391,15.703,16.123,15.703,15.423,14.709,14.856,13.781,13.05,12.625,12.408,11.915,12.108,13.288,12.286,12.408,10.57,11.672,14.783,16.809,17.226,18.262,17.999,17.508,16.712,16.736,15.876,16.391,15.978,16.777,15.978,16.207,17.234,17.422,17.043,16.712,17.732,17.817,18.47,19.426,20.418,19.979,19.649,21.068,19.656,18.359,15.52
14.594,16.281,16.472,16.774,16.156,16.181,14.916,14.025,13.673,12.149,10.234,10.547,10.019,9.5763,9.5763,9.883,10.26,9.883,10.273,10.378,10.273,9.7309,9.828,10.547,10.06,9.1117,8.8703,8.399,6.9884,6.0745,11.992,13.553,15.141,15.635,15.328,15.487,15.704,15.876,16.223,16.273,16.223,16.611,15.661,16.356,15.842,16.173,15.902,16.046,15.461,14.407,13.87,13.188,12.938,12.512,11.786,12.512,13.022,12.684,11.752,10.876,11.424,14.733,16.472,17.687,17.315,17.984,17.062,15.816,16.774,15.487,16.08,16.676,16.181,16.676,15.186,17.572,16.903,17.687,16.798,17.463,17.471,18.614,18.636,19.11,19.216,19.336,19.944,19.462,17.062,15.978
14.982,16.684,16.99,16.886,16.14,15.611,15.654,13.499,13.051,12.013,11.173,10.865,10.25,10.25,10.42,10.303,9.3665,9.5667,10.009,10.407,10.009,9.6793,10.223,10.728,9.5526,9.3809,9.6793,8.3906,6.7847,6.0684,11.889,14.203,15.445,15.593,15.92,16.207,16.14,16.19,16.725,16.257,16.431,16.455,16.66,15.619,16.265,15.471,15.645,15.09,15.126,14.736,15.09,13.659,12.499,12.597,12.013,12.704,12.51,12.873,12.148,10.009,10.728,14.203,16.431,17.446,18.398,18.175,17.761,16.064,15.524,16.072,15.019,14.727,16.156,15.304,15.732,16.431,16.99,16.455,16.99,17.446,18.617,18.456,19.338,19.366,19.944,19.505,20.207,19.746,18.412,16.03
14.904,16.561,17.228,17.204,15.985,15.676,14.684,13.797,13.152,12.386,11.44,10.551,10.064,9.5661,10.474,9.8321,10.881,10.278,10.551,9.7906,9.8872,9.7906,10.551,10.73,9.6086,9.9556,9.5092,7.7467,7.0877,5.6124,12.722,14.233,15.255,15.849,16.805,15.908,15.943,15.908,16.053,16.053,15.943,16.479,17.908,16.363,16.321,16.095,15.326,15.148,15.004,15.004,14.233,12.69,12.604,12.386,11.57,12.775,13.518,12.604,12.517,10.024,10.955,13.589,16.053,17.267,17.725,17.014,17.069,17.204,15.255,15.754,14.413,15.642,16.479,15.193,15.849,16.154,15.849,15.642,16.28,16.805,18.556,17.84,19.512,19.344,19.175,19.309,20.383,18.889,18.305,15.616
14.234,16.663,16.962,16.695,16.491,15.337,15.132,14.386,12.559,12.219,10.546,11.087,10.443,10.351,9.742,9.5872,10.559,10.495,10.39,10.031,10.39,9.8392,10.125,10.017,9.4443,10.031,8.8651,7.3193,6.7992,5.7362,12.039,14.243,15.159,15.783,16.325,16.366,16.174,16.107,15.557,16.638,15.86,16.375,17.405,16.065,16.565,15.505,15.408,15.204,15.204,14.722,15.204,13.295,12.395,12.362,12.699,12.613,13.13,12.953,11.543,10.751,11.484,13.915,15.204,16.793,17.491,17.24,17.335,16.3,15.478,15.86,14.759,14.319,16.491,15.86,15.644,15.954,16.695,16.3,17.026,17.799,17.715,17.73,17.699,18.889,19.526,19.789,19.857,19.547,17.483,15.557
15.541,16.52,16.52,17.156,16.084,15.394,14.358,13.2,11.308,11.201,10.674,10.484,11.308,12.512,8.4285,8.3003,7.3587,9.334,9.9458,10.922,11.355,10.407,11.008,8.3486,8.6172,8.5704,8.8171,8.4918,7.1929,6.038,11.908,13.941,14.654,15.024,15.781,16.258,16.373,16.075,15.992,15.84,15.095,14.826,15.806,14.943,15.051,16.125,14.32,14.58,13.59,14.497,14.283,13.989,13.18,13.989,12.469,12.954,13.2,11.681,10.811,9.5469,11.355,14.534,15.747,18.114,17.725,17.141,16.928,17.078,15.849,16.713,15.368,15.446,15.95,14.644,16.348,16.258,14.506,15.228,15.576,16.905,19.157,20.613,22.119,20.535,20.377,18.995,17.634,17.211,17.71,14.943
15.213,17.345,17.369,16.583,15.964,15.904,14.61,14.432,13.138,12.226,9.9689,9.5931,9.3923,9.7059,9.1277,9.9689,10.131,9.5218,9.7059,10.037,10.436,9.7479,9.8452,10.252,10.078,9.5789,8.365,7.9648,7.0006,6.0851,11.922,14.242,15.24,15.697,15.417,15.408,15.195,15.488,16.074,15.663,16.201,16.117,15.697,16.117,15.654,15.689,15.567,15.275,15.972,13.577,13.303,13.055,12.181,13.087,11.83,12.523,13.045,12.707,11.396,10.397,11.444,14.05,17.219,17.502,17.54,17.772,16.972,16.771,16.706,15.355,15.775,16.251,16.251,15.663,15.417,16.184,16.803,16.86,18.023,17.749,18.023,18.994,18.705,18.814,18.448,19.044,19.559,18.352,17.494,15.697
15.635,16.315,17.23,17.207,16.84,15.825,14.933,13.907,13.154,12.267,10.732,10.24,10.066,10.488,8.9969,10.744,10.025,10.119,9.7364,10.553,10.744,9.6945,9.61,9.9571,9.3957,9.2793,8.7365,8.0908,6.6335,5.4412,11.998,13.848,15.257,15.114,15.337,16.357,16.055,16.098,16.324,16.481,15.548,15.911,16.365,16.055,15.177,16.098,15.548,14.933,15.825,14.924,14.518,13.071,12.355,12.691,12.872,12.691,12.872,12.3,11.478,10.119,11.141,14.178,15.469,17.789,18.182,17.72,17.191,16.783,15.774,16.481,15.257,15.635,16.182,16.089,15.885,16.686,15.885,16.686,16.968,17.751,18.441,18.77,19.178,19.832,19.619,17.994,19.584,18.95,16.686,15.756
14.417,16.325,16.234,16.565,17.018,15.853,14.834,13.592,13.289,12.157,11.384,9.5827,9.5685,10.884,10.995,9.611,10.49,10.884,10.067,10.267,9.8896,10.067,9.793,9.5827,9.5685,8.8762,8.485,8.2414,6.4473,5.6138,11.759,13.682,15.223,14.632,15.637,16.057,15.912,15.55,16.63,16.458,16.367,16.292,16.234,16.234,16.091,16.167,16.091,15.196,15.007,14.482,14.035,13.592,12.682,12.618,11.988,12.553,12.778,12.389,11.713,10.49,11.082,13.682,15.775,17.358,17.475,17.637,16.359,16.97,17.935,15.947,16.099,15.55,14.715,17.521,16.167,16.97,17.752,17.42,16.809,17.637,17.996,18.362,18.714,18.56,19.023,19.957,18.88,18.428,17.791,15.392
14.687,16.687,17.073,16.556,16.458,15.549,14.631,14.024,14.111,12.212,10.476,10.733,10.554,9.7371,10.424,10.026,10.424,10.745,10.026,9.5824,10.267,10.026,9.8894,10.267,10.026,9.6108,8.8453,7.9731,7.0893,5.8274,11.897,14.111,14.907,15.329,15.68,15.619,15.196,16.358,16.565,15.989,16.556,16.687,16.191,16.458,15.471,16.183,16.099,15.007,15.196,13.761,13.908,13.592,13.196,12.617,12.52,11.817,13.124,12.607,11.897,9.8343,11.276,14.034,15.714,17.255,17.263,18.272,18.8,16.687,15.852,15.671,16.283,15.258,14.934,17.192,16.711,16.622,17.2,16.97,17.271,16.784,18.205,17.637,17.995,18.793,19.115,19.292,18.829,18.793,17.729,15.471
14.819,17.34,17.565,17.504,15.63,15.42,15.314,14.298,13.438,11.131,10.016,10.056,10.23,10.414,8.8977,9.783,9.783,10.23,10.543,10.11,10.002,10.016,10.684,10.466,9.8245,9.2268,9.387,7.9481,7.3638,5.5351,12.518,14.069,15.243,15.896,15.811,15.604,15.973,15.836,15.163,16.041,15.243,16.267,17.183,15.464,15.181,15.811,15.376,14.911,15.314,14.589,14.728,13.028,13.336,12.669,12.86,12.881,13.865,12.497,11.987,9.5019,11.643,14.992,16.573,18.314,18.774,17.917,16.953,17.001,15.181,16.897,14.911,16.083,17.238,16.309,15.939,16.735,15.314,15.811,17.001,18.875,18.468,17.932,18.817,20.032,18.607,19.146,19.828,18.409,18.468,14.728
14.762,16.764,16.853,16.379,15.657,15.648,14.427,13.071,12.702,12.166,10.891,10.128,10.549,10.327,9.5895,10.074,10.274,10.074,10.074,10.562,10.074,10.274,10.074,9.8415,9.5183,9.228,8.4105,7.9447,6.6797,5.9471,12.442,14.093,14.698,15.403,16.47,16.295,15.162,15.898,15.657,16.699,16.203,16.634,16.764,16.295,15.864,16.337,15.162,15.054,14.493,14.688,14.945,13.541,13.165,12.787,12.734,12.787,13.298,12.442,11.487,10.033,11.003,15.045,15.561,17.205,17.704,18.441,17.362,16.667,15.691,16,14.936,15.018,16.821,15.447,16.494,16.245,16.068,16.894,17.65,17.339,19.101,18.008,18.375,18.843,19.579,18.785,19.412,18.219,16.764,14.936
15.023,16.705,16.475,16.334,16.582,15.566,14.497,14.049,12.887,12.046,10.757,10.565,9.9684,9.6209,10.278,9.8999,10.565,10.036,10.435,10.448,11.093,10.448,9.6209,9.9684,9.5926,8.9312,9.1272,7.7038,6.2829,5.6196,11.725,14.194,15.167,15.346,15.696,15.662,15.963,15.774,16.475,15.972,15.688,17.344,16.25,16.384,16.5,16.582,15.653,16.208,15.869,14.647,14.194,13.415,12.369,12.887,12.214,12.609,12.609,12.402,11.491,9.8031,11.068,14.535,16.607,17.21,17.274,17.809,17.091,17.091,16.582,15.408,15.346,15.212,14.767,17.091,16.931,16.2,17.036,16.859,17.493,17.368,16.77,17.847,17.931,18.172,18.447,18.813,18.856,18.321,16.705,15.636
14.527,16.502,16.287,16.037,15.767,15.305,14.052,13.051,12.021,11.912,10.664,10.073,9.3896,9.9165,9.4173,10.034,9.3757,9.6904,9.9165,10.529,10.073,9.9165,10.073,9.824,10.138,8.7422,9.2073,7.5408,6.6395,5.1073,11.846,13.484,15.021,14.811,15.634,15.733,15.021,14.625,15.592,16.628,15.441,16.126,16.151,15.907,16.47,15.857,15.082,15.021,14.391,14.705,14.163,13.279,13.091,12.108,12.279,12.342,12.342,11.923,10.858,9.5412,10.341,13.874,15.021,16.628,17.123,17.766,16.47,16.126,15.634,15.625,14.89,15.857,16.295,14.536,15.356,15.907,15.398,15.533,16.375,16.612,17.905,17.35,18.393,17.335,17.395,17.875,18.457,17.963,17.008,15.364
14.804,17.001,16.758,16.323,16.604,16.291,14.337,13.77,13.218,12.426,11.254,10.836,9.4284,9.75,9.9972,9.7894,10.437,9.9585,10.848,10.251,10.547,10.138,9.6839,10.188,9.5233,8.8667,9.1799,8.0144,6.8005,5.667,11.963,13.844,14.734,14.804,15.549,15.549,15.656,15.507,16.323,16.918,16.228,16.252,16.133,16.228,16.109,15.908,15.868,14.908,15.416,15.122,14.621,12.923,12.793,12.426,11.559,11.702,12.591,11.702,10.942,10.099,10.45,14.346,15.206,17.5,18.276,17.654,18.248,15.916,16.719,15.656,15.122,15.474,16.029,16.549,15.721,16.88,16.228,16.487,17.748,18.367,17.353,17.856,18.693,17.234,18.638,18.318,18.761,18.999,16.51,15.876
14.445,16.249,17.361,17.108,16.266,15.677,14.445,13.739,12.75,12.114,10.767,10.458,9.6301,10.046,9.7567,10.141,10.562,10.367,9.9778,10.367,10.497,10.367,9.9367,11.177,10.652,9.8124,9.1359,7.834,6.8095,5.2487,11.909,14.033,15.073,14.744,15.226,15.884,15.226,15.978,15.502,16.491,15.422,15.711,16.391,16.199,15.746,15.182,15.703,15.146,15.155,15.146,14.14,12.973,13.223,12.458,12.114,12.023,12.632,12.192,11.406,9.6017,11.406,14.341,16.399,18.242,17.306,17.742,17.361,16.089,15.978,15.668,16.324,15.884,16.266,15.51,15.431,17.672,16.349,16.199,16.818,17.672,17.556,17.734,18.722,18.751,17.757,18.039,19.77,18.524,17.618,14.445
14.265,16.656,15.712,16.86,16.656,15.747,15.361,14.063,13.55,12.415,11.455,11.067,9.3431,10.653,10.033,10.261,10.141,9.9785,10.717,10.563,10.767,10.446,10.717,10.047,9.3431,9.5881,8.373,8.6927,6.8099,5.144,10.981,14.208,14.256,15.183,15.678,15.29,15.669,15.183,15.885,16.722,15.885,15.678,16.722,16.225,16.591,15.361,15.945,15.074,15.227,14.956,14.208,13.739,12.751,11.784,12.238,12.546,12.579,11.91,10.261,10.141,11.491,14.063,15.529,17.18,17.362,18.598,17.432,16.35,15.529,16.392,15.859,15.651,16.599,14.745,15.704,16.267,16.787,17.053,17.881,17.133,17.949,17.972,18.032,17.299,18.04,18.168,18.525,18.918,17.013,16.09
12.906,14.669,14.752,15.235,14.118,13.716,13.064,12.244,11.543,10.451,9.4058,9.2448,8.5064,8.4258,8.5704,8.8986,9.2448,8.8986,9.6069,9.4058,9.6069,8.8986,8.5064,8.8986,8.8986,8.1121,7.7682,6.6918,6.2923,5.2254,10.306,12.552,12.639,13.586,14.07,14.215,14.07,13.805,14.07,14.973,14.215,14.519,15.045,14.272,14.78,14.118,14.06,13.626,13.716,13.676,13.188,11.789,11.472,10.911,11.22,11.073,11.023,10.503,9.7199,8.5064,9.8594,12.906,13.676,14.752,15.589,16.754,14.528,15.297,13.626,14.78,13.384,13.074,14.415,14.118,14.07,14.349,14.872,13.805,14.963,16.233,16.333,15.589,16.408,15.589,16.408,16.852,16.884,16.607,15.893,14.07
15.077,16.317,16.84,16.81,16.317,16.302,15.569,13.862,12.885,11.955,10.714,10.429,9.1455,9.5748,9.509,10.086,9.509,9.8719,11.094,9.8846,10.465,9.8846,10.136,10.655,9.5748,9.2003,9.4561,8.5199,6.5345,5.0117,12.049,13.011,15.609,15.697,15.267,15.729,15.439,15.569,15.665,15.848,15.665,16.363,15.609,17.069,15.267,16.014,15.471,15.267,15.544,14.149,13.961,13.231,12.846,12.777,11.913,12.122,12.689,11.7,11.57,9.9227,10.992,13.961,16.069,17.965,17.281,16.569,17.025,16.317,15.99,14.465,14.799,16.178,15.729,14.74,13.934,16.607,16.317,15.569,16.363,16.108,17.143,17.069,17.397,18.57,17.541,17.505,19.826,18.765,17.888,15.657
15.068,17.084,16.874,16.654,15.737,14.937,14.714,13.033,13.089,12.386,10.866,10.214,10.498,10.214,10.166,9.9212,10.533,10.51,10.451,10.695,10.416,9.759,10.214,10.214,9.4653,9.3084,8.9316,7.9887,6.9007,5.0525,11.911,13.34,15.158,15.862,15.044,15.198,16.176,15.644,15.101,15.885,15.8,16.469,16.357,15.745,14.863,15.862,14.714,14.896,15.166,14.013,13.881,13.005,12.186,12.236,11.776,12.236,11.932,11.693,10.866,9.6197,10.866,12.967,16.229,17.026,17.572,16.874,16.852,16.357,15.383,15.068,14.444,14.904,16.199,15.862,15.068,15.303,15.667,15.954,16.199,15.549,16.845,16.229,18.143,17.863,17.642,18.034,19.271,18.571,17.234,15.557
14.347,16.397,16.703,15.884,15.915,14.78,14.45,13.357,13.01,11.647,10.981,9.842,10.451,10.248,10.486,10.38,10.451,10.38,10.486,10.065,10.004,9.6005,10.065,9.8043,9.497,9.166,8.8086,7.717,6.3659,5.6678,11.816,13.523,14.763,15.208,16.008,15.562,15.57,15.354,15.915,15.86,15.915,16.283,16.283,16.131,15.442,16.397,15.176,15.313,14.921,13.385,13.812,13.161,12.703,12.298,10.754,11.816,12.013,11.594,10.936,9.5619,10.568,13.385,15.938,16.901,16.464,16.909,16.524,15.609,16.008,14.629,14.62,14.721,14.217,15.538,14.921,14.83,16.031,15.434,14.921,16.192,16.71,16.524,17.141,17.743,17.701,17.895,19.188,18.278,17.018,15.601
14.226,16.467,16.482,15.539,16.293,15.8,14.629,13.793,13.216,12.02,11.222,10.072,9.4638,9.5549,9.1312,10.552,10.761,9.9977,10.254,10.446,10.575,9.9605,9.8481,9.4507,9.5549,9.5678,8.4559,7.8647,5.9689,5.3803,11.044,13.685,14.244,14.459,15.428,15.161,15.452,15.492,16.422,16.194,16.482,16.018,15.054,16.141,15.185,15.547,15.925,15.452,15.128,13.963,13.439,13.513,11.601,11.958,11.364,11.178,11.792,11.122,10.206,9.7725,10.552,14.226,15.128,16.941,17.115,16.676,16.467,15.355,16.535,15.153,15.128,15.925,14.922,14.148,14.502,15.894,16.018,15.571,16.407,15.729,16.482,16.713,16.941,17.014,17.438,18.106,17.976,18.404,16.897,15.894
14.863,16.319,16.22,16.702,15.754,15.754,15.078,13.386,11.998,11.63,9.9763,10.568,10.075,9.3999,10.088,9.0227,10.662,10.075,10.271,10.474,9.57,9.5829,9.6732,9.9264,9.1592,8.5712,8.4839,7.3557,6.2423,5.1292,11.726,13.552,14.812,15.078,15.825,15.452,15.282,15.152,15.282,16.043,15.282,15.825,16.702,15.596,15.95,14.979,14.812,14.482,14.863,14.482,14.161,13.039,12.335,11.957,11.273,11.469,11.361,11.361,10.403,9.307,10.972,15.127,14.979,17.142,17.824,16.806,15.888,16.066,15.644,16.012,14.161,14.456,14.796,13.985,14.929,14.525,14.987,14.929,15.919,15.825,15.919,15.833,17.494,17.208,18.059,18.004,19.778,18.107,17.494,15.347
13.836,15.55,15.949,15.55,14.78,14.851,14.348,13.116,11.554,10.766,10.204,9.8505,9.5669,9.6623,8.3364,10.139,9.2321,9.06,9.2321,9.4427,9.7837,9.2321,9.7165,9.7165,8.8106,8.7658,8.4768,6.9654,6.3344,5.4437,10.803,13.056,14.503,14.566,15.346,14.673,15.278,14.771,14.93,15.609,14.851,15.278,15.908,14.957,14.164,14.348,14.375,13.442,13.354,13.403,13.315,12.397,11.878,11.508,10.948,10.545,11.231,10.557,9.8372,9.2746,10.1,13.978,15.44,15.482,16.339,15.908,15.949,15.406,13.52,14.93,13.126,12.843,14.93,13.789,13.403,14.992,14.229,14.164,14.43,15.55,16.515,15.6,17.023,16.515,16.515,16.673,18.885,17.658,16.673,14.062
13.565,15.128,16.641,15.365,16.045,14.78,13.962,12.795,11.931,11.334,9.8322,10.258,9.8729,10.335,10.335,9.5287,9.5287,9.4301,9.9268,9.9402,9.6125,9.5287,10.034,10.034,9.025,8.3326,8.2844,7.1792,6.0265,5.1677,11.439,13.286,14.616,15.207,15.022,15.066,14.707,15.022,15.199,15.022,15.199,16.415,15.691,15.717,14.986,15.58,14.293,14.995,14.986,13.436,13.155,11.886,11.693,11.897,10.335,11.381,11.716,10.653,10.95,9.4301,10.603,12.763,16.095,15.26,16.177,15.066,16.078,15.066,14.368,13.446,13.962,12.93,13.886,14.506,14.396,14.115,14.552,14.562,15.852,15.339,16.342,15.961,17.046,17.333,17.371,17.178,17.782,18.116,16.896,14.039
13.881,16.118,16.025,15.815,16.048,15.483,14.645,14.023,12.756,11.37,10.914,10.259,9.7771,10.247,10.002,10.58,9.9653,9.8779,10.498,9.9528,10.064,9.815,10.545,10.72,9.2567,8.9714,8.0242,7.5962,6.5454,4.9764,11.227,13.881,15.168,15.587,15.901,15.878,16.048,15.87,15.932,15.839,15.994,16.324,16.61,15.192,14.645,15.045,14.962,14.466,14.44,14.796,13.969,12.746,11.985,11.049,10.993,11.049,12.118,11.227,10.914,9.5723,10.557,14.163,14.938,15.815,17.672,16.49,16.148,16.684,14.971,15.363,14.492,14.023,14.492,14.023,14.093,16.118,15.192,15.713,15.737,16.415,16.691,17.138,17.382,17.16,18.251,19.054,18.593,18.884,17.246,15.135
15.079,15.874,15.757,16.548,15.78,15.079,14.716,13.829,13.304,11.785,11.142,10.113,10.221,9.4203,9.7663,9.9779,10.039,9.7663,10.353,9.9779,10.353,9.7663,10.353,10.506,9.3549,8.9383,8.1318,7.5519,6.0318,4.8831,12.155,13.713,15.209,15.394,15.679,15.989,15.442,15.378,16.142,15.897,16.188,15.989,16.188,16.058,16.005,14.882,15.169,14.455,15.079,14.301,14.102,12.514,11.992,11.575,11.447,11.241,11.992,11.754,10.459,9.6268,11.306,13.962,15.314,17.096,17.856,17.877,16.354,16.211,15.561,15.104,14.111,15.136,14.791,14.882,14.515,15.561,15.655,15.521,15.529,16.857,16.959,17.296,17.877,19.081,18.398,18.156,19.838,18.565,17.296,15.402
14.809,16.451,16.915,16.754,16.143,15.68,15.102,14.086,13.02,11.727,10.906,10.209,11.14,10.775,9.7704,10.159,9.7042,10.422,10.715,10.57,10.775,10.285,9.9795,10.285,9.7704,9.366,8.7684,7.0565,5.9236,5.2296,12.369,14.168,15.448,16.286,16.483,16.638,15.95,15.448,15.153,15.754,15.869,16.451,17.067,16.143,15.314,16.522,14.739,15.153,14.948,14.376,13.677,12.95,12.494,11.358,11.583,11.727,11.901,11.583,11.814,9.6642,11.583,13.873,15.314,17.894,17.359,17.669,17.27,16.063,15.247,14.625,14.809,14.554,14.545,16.198,16.412,15.473,16.135,16.038,15.82,16.262,17.603,16.885,18.087,18.628,18.187,19.039,20.476,18.538,18.208,16.381
14.227,16.516,16.538,16.244,15.907,15.208,14.913,14.053,12.918,11.599,10.481,10.563,10.621,9.3743,9.9368,9.9492,10.54,9.9492,10.942,9.9492,10.563,9.9863,10.194,10.434,10.243,8.804,8.804,8.1488,6.5349,5.2815,11.81,13.742,15.474,15.907,15.79,15.999,15.711,15.782,15.711,16.244,15.593,15.593,16.701,15.241,15.143,14.98,14.822,14.053,14.905,14.227,13.92,12.667,11.778,11.165,11.165,11.351,12.221,12.18,11.264,9.2817,10.942,13.332,15.434,16.893,17.382,16.9,17.218,15.434,14.21,14.938,13.706,14.98,15.208,14.98,14.612,14.747,14.713,15.601,15.037,17.247,16.922,16.878,17.893,17.58,18.443,18.194,18.854,18.563,17.218,15.907
14.39,15.17,16.2,15.455,15.628,14.898,14.002,13.162,11.862,11.688,10.049,9.7378,9.7246,9.1264,9.2934,8.8412,9.3072,9.7772,9.5518,9.4574,9.5518,8.6655,10.125,9.6186,8.7097,8.6507,8.7391,6.8108,5.7721,4.7759,11.149,13.451,14.319,14.716,14.742,14.759,14.716,14.256,14.328,15.229,14.602,14.898,15.496,14.82,14.889,14.265,13.771,13.584,13.631,13.162,12.907,11.206,11.566,11.103,10.436,10.928,10.952,10.643,10.679,8.621,9.9461,13.48,14.759,15.824,15.229,16.302,15.221,15.103,13.818,13.771,12.907,13.48,14.497,14.075,13.818,14.066,14.002,14.184,14.898,15.896,15.824,16.529,17.783,17.544,17.331,17.711,18.813,17.279,16.428,14.681
16.35,17.889,18.666,17.674,17.96,16.933,16.044,15.329,14.428,13.295,12.103,11.626,11.252,10.542,11.263,11.097,11.636,11.222,11.066,11.426,11.211,10.961,10.802,11.696,10.877,10.106,8.8242,8.5987,6.7467,5.3742,13.129,15.568,17.008,17.371,16.769,17.863,17.231,16.988,17.231,17.331,16.988,18.241,17.231,17.371,15.87,17.411,16.265,15.855,16.158,14.745,14.203,13.57,13.225,12.699,11.784,12.535,13.076,12.943,12.132,10.542,12.311,14.643,16.371,17.844,18.272,18.367,18.018,17.311,16.658,15.928,15.694,14.971,15.201,16.215,16.044,16.065,16.831,15.979,17.331,16.824,17.471,17.882,18.492,19.519,20.28,19.046,20.394,20.422,19.731,16.35
14.459,16.508,16.978,17.079,16.928,15.901,14.745,14.416,13.205,12.067,11.012,10.521,10.176,10.415,9.7689,9.4098,10.877,10.224,10.648,10.683,10.212,10.115,10.614,9.9312,9.5267,9.265,8.9407,8.0733,6.1345,4.9096,11.995,14.21,15.374,15.824,16.024,16.009,15.994,15.761,15.971,15.173,16.268,15.994,15.971,15.994,14.92,15.761,14.92,14.862,14.459,13.093,13.645,12.644,11.788,11.985,10.509,11.145,11.995,11.417,11.417,10.462,10.462,13.753,16.147,16.009,17.101,16.847,15.901,14.878,15.278,14.994,14.202,13.975,14.202,15.824,15.66,15.573,15.66,15.278,15.994,15.278,17.216,16.664,17.471,18.59,17.881,17.66,20.084,18.675,17.66,15.406
15.837,18.656,18.398,18.505,17.889,17.277,16.65,14.681,14.933,13.615,12.116,11.684,11.025,11.131,11.624,10.811,11.046,11.774,11.245,10.559,11.462,11.025,11.892,10.865,11.046,10.381,9.2369,8.9932,6.9224,5.5125,13.018,15.785,16.467,17.148,17.257,17.331,17.358,16.502,16.887,17.032,17.032,17.519,17.412,17.79,16.006,17.599,16.438,15.948,15.837,15.266,14.121,13.09,12.991,12.654,11.704,12.654,13.692,12.608,12.608,11.131,11.614,15.592,17.895,17.731,17.526,18.174,18.531,16.762,16.31,15.689,16.538,15.785,15.622,17.738,17.032,16.137,17.032,17.135,18.174,17.277,18.505,19.46,20.335,20.541,19.934,19.579,21.323,20.329,19.579,17.412
14.032,16.379,16.677,16.379,17.477,16.16,15.57,14.041,13.722,12.521,11.313,10.892,10.228,10.359,10.179,10.96,10.179,10.43,10.881,10.418,10.524,9.9718,10.617,10.606,9.5816,9.3607,8.9439,7.4417,6.2163,5.1078,11.948,14.49,15.531,15.507,15.79,15.507,15.578,15.665,16.099,15.767,15.829,15.404,14.726,15.883,15.186,15.507,15.499,14.958,14.422,13.478,13.496,12.561,11.313,12.071,10.733,11.999,11.582,12.492,11.793,10.033,10.228,13.404,14.925,16.897,16.984,16.875,16.677,16.846,15.689,14.6,14.31,14.319,13.312,13.971,13.478,15.883,15.665,14.883,15.089,15.883,16.984,17.763,18.032,17.357,17.888,18.523,18.859,18.363,18.242,15.578
14.469,16.597,17.019,17.019,16.605,16.642,15.361,13.791,13.277,12.132,10.279,9.9849,9.9725,9.935,9.099,9.8974,9.9849,10.231,10.518,9.8974,10.659,10.787,10.084,9.5782,8.9752,8.4912,8.8356,7.4126,6.7083,4.9109,11.977,13.97,14.942,15.361,15.657,15.489,15.577,15.53,16.057,15.361,15.489,15.481,15.393,15,14.959,15.577,14.992,14.174,14.103,13.61,13.719,12.265,11.598,11.37,11.479,11.565,12.06,11.852,11.249,9.4607,10.035,12.964,15.649,16.057,16.462,16.665,15.846,15.909,14.391,15.075,14.182,14.174,13.997,14.174,13.854,15.481,14.8,15.033,15.198,15.964,17.056,16.575,17.452,17.565,17.685,17.957,19.156,18.63,17.537,15.964
16.653,18.353,19.363,18.541,18.739,17.484,16.777,15.683,14.632,13.755,12.681,11.172,10.953,11.058,10.268,11.203,11.417,10.545,10.953,10.794,11.417,11.458,10.741,12.246,10.611,10.133,9.4614,8.1798,7.5947,5.8435,13.189,15.401,16.757,16.805,17.057,17.662,16.818,16.674,16.839,16.646,16.395,17.352,17.292,16.317,16.104,16.147,16.416,15.902,15.646,15.52,15.348,13.56,13.32,13.216,12.69,12.933,13.83,13.738,12.571,10.665,12.037,15.189,16.31,17.245,18.684,17.245,16.757,16.777,16.104,15.705,15.348,15.265,16.542,15.646,15.468,15.916,15.083,16.444,15.996,18.004,18.653,18.41,19.213,19.309,20.042,19.979,21.053,20.407,19.213,16.395
14.965,17.268,17.524,17.354,16.536,15.493,15.707,13.795,12.683,12.585,10.494,9.7733,10.458,9.9116,9.4646,10.255,9.9986,9.949,10.634,10.494,10.541,10.255,11.123,10.553,9.849,9.2931,8.9679,7.7385,6.766,4.9245,12.436,14.245,16.242,15.895,15.445,15.541,15.926,15.477,15.493,14.529,15.129,16.142,16.536,15.801,14.503,15.493,13.937,14.79,14.503,13.831,13.274,12.286,12.195,12.555,11.344,11.793,13.578,12.446,11.452,9.9986,10.207,13.687,15.421,17.182,16.318,16.042,14.932,14.698,14.008,13.578,13.532,14.079,13.875,16.019,14.765,14.357,14.079,14.79,15.573,14.965,15.895,16.019,16.536,18.626,16.979,18.726,19.979,18.732,18.412,15.988
16.244,18.5,19.171,18.05,18.05,17.502,17.1,15.227,14.865,14.022,12.067,11.446,11.365,11.117,9.4973,11.446,11.002,10.821,11.446,11.446,11.893,10.821,11.002,11.577,10.417,10.124,10.02,8.4234,7.239,6.4605,13.696,15.044,16.75,17.402,17.634,16.916,17.369,16.861,17.025,16.881,16.688,17.362,17.395,16.372,16.007,15.949,16.294,16.151,16.144,14.959,14.486,14.039,13.696,13.388,12.048,12.64,13.789,12.795,13.099,10.821,11.117,14.959,17.262,16.695,18.298,18.03,17.066,16.187,15.942,14.645,14.317,14.645,15.678,14.701,15.051,15.898,15.678,16.187,16.604,17.455,17.817,18.336,18.73,19.243,19.273,19.483,20.728,20.486,19.655,16.799
16.496,17.916,19.145,18.696,17.597,17.523,16.695,15.247,14.444,13.715,11.099,11.998,10.754,10.863,11.7,11.014,11.184,11.68,11.669,11.7,11.434,10.917,11.372,10.917,10.51,9.7161,9.8368,8.0854,7.3032,5.93,13.437,15.553,16.92,17.217,17.516,17.394,17.065,16.836,17.01,17.523,17.065,17.684,18.138,16.843,16.968,16.617,16.098,16.178,15.553,15.817,15.06,13.758,12.64,12.386,12.145,13.126,13.68,14.147,12.715,11.078,11.341,15.068,16.524,17.816,19.046,18.563,17.663,17.231,15.98,15.439,15.083,14.615,15.362,15.667,15.492,14.606,16.439,15.734,15.362,17.73,18.594,17.516,19.347,18.903,19.823,20.03,20.912,20.224,18.921,16.751
15.808,18.128,19.238,19.238,18.457,17.371,17.077,16.314,15.122,13.603,11.813,11.51,10.911,10.911,11.008,11.743,11.178,11.813,11.178,11.072,11.753,10.781,11.072,10.682,10.648,10.009,10.138,7.9633,6.8147,5.4931,13.332,15.514,16.994,17.54,17.506,17.077,17.166,16.889,17.159,17.546,17.405,16.959,17.506,16.379,16.162,16.487,15.755,16.015,14.996,15.815,15.238,13.208,13.525,12.379,12.745,13.028,14.346,13.429,12.708,10.604,12.06,13.903,17.33,17.221,17.674,18.277,17.104,16.285,15.122,15.176,14.862,14.606,16.162,15.688,16.022,15.484,15.545,16.826,17.506,17.221,18.508,17.54,19.158,19.96,18.936,19.644,22.612,20.421,19.596,17.207
16.089,18.75,18.969,18.433,18.363,17.514,16.715,15.552,14.996,13.267,12.451,11.371,10.43,11.215,11.34,10.862,10.653,11.267,10.698,11.183,11.34,10.304,10.786,10.609,10.464,9.8358,9.2804,8.2579,6.9039,6.0085,13.688,15.763,16.63,17.167,17.174,17.25,16.918,17.008,16.834,17.494,16.862,17.514,17.98,17.112,17.413,16.147,16.437,15.815,15.361,15.665,15.129,13.636,13.124,11.749,12.144,13.636,14.12,13.365,12.861,10.753,11.215,14.352,16.501,17.682,17.655,18.285,17.338,16.967,16.437,15.978,14.798,14.798,16.081,15.882,15.552,16.834,16.147,15.461,17.064,17.914,18.208,18.863,20.028,18.901,18.945,20.028,21.34,20.028,19.087,16.75
14.794,17.014,17.255,16.963,16.97,16.553,15.292,14.209,13.88,12.358,10.691,10.679,9.8907,9.6092,9.4784,9.6997,10.299,9.6997,10.679,10.299,10.041,9.5962,9.6092,9.4256,9.9536,8.8522,8.8944,7.0648,6.4943,5.5852,12.155,14.147,15.169,15.647,15.389,15.559,15.292,15.061,14.903,15.615,15.518,15.774,15.103,15.389,15.193,14.853,14.522,14.853,14.487,13.423,12.998,12.409,12.083,10.968,10.784,12.083,12.579,12.368,11.392,9.8907,10.911,13.141,14.409,15.43,16.493,15.994,15.389,14.828,14.418,13.88,13.817,14.2,13.635,12.717,12.969,14.383,15.422,15.324,16.364,16.126,16.211,16.478,16.904,17.57,16.985,18.652,18.484,18.752,17.247,15.931
14.947,17.363,17.623,17.595,16.899,17.07,15.486,13.582,13.195,12.107,10.664,10.104,9.9785,10.167,9.0627,9.6698,9.5382,10.117,10.652,10.179,10.364,9.7608,10.179,10.067,9.9531,9.3914,8.908,7.4733,6.3588,5.0271,12.817,14.192,15.215,16.032,15.873,15.519,15.519,15.421,14.845,14.785,15.09,15.608,15.968,15.38,13.904,15.081,14.022,13.721,14.022,14.228,13.675,13.041,11.949,12.365,10.852,11.917,12.598,12.107,11.297,9.6042,10.497,13.272,15.897,15.657,17.312,16.212,15.616,14.997,14.156,13.904,12.231,13.977,14.219,13.195,13.536,15.777,14.022,13.968,15.421,16.467,15.976,17.709,18.436,18.498,17.659,18.87,19.715,18.436,17.901,15.115
14.887,16.741,17.641,17.083,17.447,15.94,15.75,14.044,13.242,12.296,11.215,10.827,11.449,9.8543,10.34,9.5298,9.9306,10.581,10.734,10.473,10.769,10.094,10.954,10.734,10.144,9.6479,9.2485,7.0933,6.6918,5.4021,11.964,14.187,15.861,15.255,15.345,15.03,15.94,15.23,15.164,14.76,15.255,15.557,15.995,15.75,15.055,15.255,14.649,14.58,14.896,13.579,13.242,12.296,11.547,12.059,11.215,11.666,12.788,12.142,11,10.437,11,13.166,15.742,16.552,17.295,17.295,15.621,15.353,14.963,14.195,14.441,13.242,14.275,14.124,14.58,14.345,14.476,15.312,15.71,15.492,16.399,17.295,17.12,18.119,18.091,17.519,19.374,17.747,18.084,15.75
14.606,17.092,17.758,17.003,17.092,15.778,14.88,14.159,13.064,12.359,10.359,9.6653,10.359,10.112,10.249,10.753,10.162,10.456,10.659,10.359,10.742,10.659,10.6,10.359,9.8721,8.9039,8.8897,8.1022,6.3559,4.9488,12.592,14.078,14.914,15.058,15.373,15.993,15.609,15.282,15.083,15.65,15.585,16.359,15.609,15.65,14.94,15.52,15.116,15.282,15.116,13.961,13.408,12.153,11.944,11.687,11.458,11.986,12.602,12.481,11.601,10.359,10.87,13.275,15.706,16.367,16.024,15.778,15.961,15.116,14.94,13.715,13.669,13.715,13.266,16.235,14.94,14.069,14.923,15.585,15.993,15.585,15.282,16.589,16.024,17.765,17.003,17.822,18.646,17.442,17.673,16.024
16.613,18.25,19.481,19.133,18.359,17.511,16.998,14.898,14.44,13.468,12.015,11.747,11.431,11.462,11.697,10.86,10.507,11.544,11.737,11.995,12.142,11.462,11.817,12.382,10.607,9.5419,9.2787,8.6061,6.8684,5.6638,13.891,15.64,17.491,17.831,16.747,16.627,17.294,16.52,16.174,16.093,16.712,17.679,17.171,17.054,16.499,16.577,16.613,15.73,16.326,14.747,14.771,14.16,13.529,13.685,11.827,12.932,13.607,13.745,12.831,10.663,11.906,14.342,16.174,17.97,18.766,17.911,17.911,17.226,15.64,14.489,14.416,15.25,15.64,16.21,15.358,15.519,15.64,16.144,16.943,16.613,17.831,18.205,18.596,19.918,19.936,20.025,21.242,19.966,18.69,16.838
16.761,18.782,19.358,19.229,18.037,17.693,16.555,15.825,14.711,13.514,11.757,11.706,12.162,10.311,10.219,11.084,11.523,11.084,11.523,11.686,11.747,11.306,11.222,10.793,10.793,9.9734,9.685,8.391,6.1867,6.3377,13.223,15.922,16.873,16.978,16.978,17.185,17.096,16.591,16.873,17.526,16.978,17.261,18.037,16.448,17.261,16.873,16.852,15.825,16.048,15.743,15.509,14.501,13.223,12.306,12.833,13.267,13.697,13.506,12.162,10.436,11.706,15.532,16.07,17.261,19.425,17.606,17.24,16.224,16.048,15.825,14.021,14.711,15.501,15.675,14.428,15.255,16.099,16.296,17.179,17.24,18.044,18.297,18.7,19.1,19.552,18.982,19.667,20.041,19.056,16.978
15.621,16.93,18.054,17.692,16.397,16.242,15.515,13.93,12.711,11.682,9.997,10.576,10.383,9.4088,9.1213,10.334,9.5824,10.383,10.624,10.895,10.684,10.895,11.262,11.418,10.073,8.9671,9.5559,7.2111,6.7758,5.4244,12.591,13.83,15.766,15.903,15.815,15.185,15.686,15.185,14.64,15.025,14.949,15.151,15.548,14.974,14.614,14.709,14.138,13.701,14.325,13.994,13.857,12.84,12.171,11.971,11.595,11.758,12.87,11.971,11.262,9.7269,11.046,14.111,15.548,16.923,17.153,16.343,15.515,15.118,13.22,13.561,12.949,13.93,14.614,12.84,12.711,14.183,14.254,13.636,15.686,16.124,17.863,15.686,16.521,17.742,17.227,17.627,19.284,17.849,17.227,14.666
14.86,16.606,17.33,17.176,16.606,16.111,15.305,14.515,13.371,12.428,11.139,10.362,10.675,10.698,10.374,10.127,9.9121,9.7186,10.839,10.374,11.308,10.362,10.863,10.189,10.064,9.6664,9.2514,7.615,6.1425,5.1318,12.171,14.099,14.86,15.753,14.808,15.338,15.23,14.962,15.13,15.338,15.632,15.305,15.13,16.048,14.86,15.608,14.628,15.138,14.628,13.845,13.295,12.449,11.737,12.244,10.886,11.475,12.62,12.171,11.585,10.127,10.064,13.122,15.012,16.871,16.727,16.298,16.055,15.138,15.08,13.549,13.503,13.549,13.954,14.902,14.8,13.67,14.8,15.23,15.913,14.41,15.793,15.992,17.446,16.795,17.139,17.612,19.424,18.317,17.176,14.868
15.316,17.04,17.861,17.24,17.04,16.255,15.546,14.217,13.295,12.589,11.056,10.682,9.9703,10.184,9.2855,10.706,10.084,10.682,10.623,10.777,10.623,10.706,10.623,11.799,10.084,9.2855,9.0783,7.9622,6.4489,5.4237,12.458,14.499,15.107,15.141,15.316,15.74,15.023,15.684,14.955,15.183,14.707,15.316,15.554,14.913,14.638,14.955,14.604,13.928,14.243,13.992,13.559,12.62,11.713,11.788,11.593,11.756,12.62,11.713,10.765,9.7256,10.381,13.437,15.513,16.38,16.808,16.89,16.465,15.291,14.217,13.992,13.699,14.525,14.181,12.898,12.437,14.332,14.429,14.323,14.707,15.619,17.452,16.648,16.83,17.188,17.225,16.626,18.571,18.199,16.883,14.534
16.726,18.659,19.723,19.579,18.741,17.545,17.185,17.027,15.173,13.149,11.697,12.152,11.075,10.86,11.075,10.696,10.784,11.075,11.747,12.142,11.817,11.996,11.907,11.946,11.37,10.303,9.9655,8.1416,7.0717,5.5377,13.266,15.64,17.11,17.172,16.726,16.747,16.747,16.613,16.327,16.613,16.29,17.213,17.172,17.512,17.11,16.145,16.542,15.813,16.035,15.813,15.088,13.737,14.085,12.822,12.712,12.749,13.599,14.284,12.383,10.696,11.181,15.519,16.832,18.283,17.812,18.892,17.512,16.232,15.251,15.359,15.127,16.485,14.579,14.772,13.712,16.145,15.435,16.747,17.599,16.613,18.075,18.386,18.328,18.748,17.812,19.336,21.337,20.975,17.819,16.542
17.013,18.971,19.366,18.921,18.989,17.701,17.674,15.568,14.661,14.302,12.03,11.559,11.342,11.352,11.099,10.928,11.089,11.342,12.03,12.273,12.196,11.771,11.681,12.455,11.445,10.665,9.8462,8.9664,7.0131,6.3959,13.624,15.561,16.454,16.619,17.075,17.62,16.796,16.985,17.185,17.573,16.732,17.613,17.247,16.54,16.164,17.62,16.164,16.054,16.647,15.507,15.082,13.771,13.353,12.615,12.921,12.398,13.694,13.353,12.167,10.665,11.342,15.269,16.711,18.612,17.411,17.047,17.566,15.568,15.145,15.199,14.026,14.507,14.572,15.261,15.269,15.951,14.765,15.712,17.431,16.633,17.268,17.747,18.305,18.504,18.682,19.188,20.688,19.692,19.668,16.915
14.875,17.333,18.246,17.573,17.127,16.813,16.127,15.146,13.535,12.603,11.398,10.626,9.7808,10.385,10.187,10.336,10.59,10.71,11.082,11.048,11.082,11.048,10.626,10.71,9.8969,9.2611,9.37,7.556,6.5486,5.0374,12.173,13.832,15.146,15.378,15.81,15.452,14.884,15.154,15.321,15.624,15.345,16.009,14.884,14.875,15.12,15.354,15.187,15.42,14.747,13.61,13.251,12.298,12.462,11.264,11.487,12.39,11.974,12.132,10.874,9.6765,10.626,13.759,15.028,15.777,15.906,15.737,15.146,14.608,14.185,13.554,13.601,13.554,12.634,13.703,13.136,14.824,14.114,14.248,14.712,15.146,15.689,16.127,16.775,16.654,17.23,17.23,17.803,18.057,17.134,15.93
15.35,17.367,17.658,18.17,17.227,16.502,15.96,14.558,13.21,12.218,11.206,10.73,10.789,9.7997,9.0988,10.895,10.22,9.7997,10.22,10.695,10.611,10.611,11.023,11.115,10.611,9.7083,9.2653,8.0754,6.7714,5.5518,12.155,13.73,15.581,15.719,16.095,15.441,15.15,15.006,14.912,15.325,14.715,14.912,16.308,15.124,14.347,15.217,14.032,14.275,14.715,14.453,13.859,12.618,12.207,12.134,10.837,11.172,12.618,11.509,11.286,9.6952,10.22,13.637,15.006,16.095,16.648,16.44,15.408,14.715,13.923,13.132,12.155,13.161,12.848,13.637,13.411,13.325,13.122,13.886,14.453,15.006,15.8,15.325,16.717,16.929,16.868,17.19,19.046,17.837,17.672,14.462
15.501,17.373,18.143,18.316,17.116,16.506,15.8,14.418,13.208,12.171,10.862,11.308,10.076,9.2784,9.6791,9.4004,9.7702,10.674,10.886,10.757,11.173,10.674,10.886,11.139,10.662,9.4942,9.5738,7.6809,6.751,5.349,12.499,14.17,15.329,15.362,15.728,15.304,15.631,14.961,14.627,14.627,14.808,16.429,15.8,16.055,15.362,15.304,15.012,15.171,15.012,13.67,13.208,12.59,12.118,12.171,10.769,11.173,12.458,11.671,11.704,10.076,10.662,13.539,16.552,16.727,16.047,15.501,15.542,14.799,13.549,13.208,13.734,13.918,13.688,13.323,12.61,14.961,13.054,13.744,15.76,14.67,15.138,15.104,17.086,17.446,17.698,17.576,19.358,18.226,17.726,14.627
15.036,17.122,18.214,18.067,17.137,16.625,14.96,15.036,13.571,12.751,11.515,10.378,10.093,9.6292,9.0161,10.596,10.391,10.596,11.054,11.191,11.603,10.775,11.504,10.88,10.08,9.1281,8.9738,7.8244,7.0201,5.567,12.356,14.274,15.329,16.01,14.985,15.354,15.304,14.694,14.926,15.329,15.129,15.697,15.254,15.657,14.824,15.154,15.329,14.651,14.72,13.449,13.316,12.641,12.117,11.895,10.596,11.405,12.107,11.603,11.157,9.979,11.008,13.345,15.746,16.754,16.754,15.938,15.254,14.72,14.336,13.757,13.571,13.867,12.721,13.191,12.641,13.524,14.677,14.121,15.154,14.274,15.914,15.238,16.136,17.82,16.417,17.633,18.395,17.834,16.905,15.036
16.102,17.796,17.973,18.308,17.517,16.605,15.33,14.163,13.589,12.081,10.693,10.61,10.369,9.3959,8.7837,9.6089,10.072,10.693,11.076,11.076,11.111,10.32,11.111,10.669,10.109,9.4496,9.233,7.8079,6.4409,5.0546,12.33,14.243,15.616,16.251,15.785,15.297,15.205,14.895,14.928,15.616,15.535,16.544,15.745,15.984,15.592,15.664,15.164,14.689,15.297,13.682,13.316,12.422,12.422,11.774,11.031,11.133,12.422,11.997,11.065,10.122,10.369,13.811,15.354,15.976,16.126,16.421,15.793,14.663,13.911,12.694,13.164,12.803,14.092,13.589,13.737,13.911,14.792,14.226,15.33,15.097,15.664,16.094,16.749,17.13,16.719,18.169,18.832,17.661,16.967,15.322
16.666,19.398,19.489,18.744,18.751,17.782,16.666,16.573,15.538,13.721,12.789,10.73,11.375,11.301,10.993,11.785,12.181,11.785,11.865,12.21,12.22,12.034,12.21,11.375,11.375,9.9377,9.5974,8.675,6.9762,5.5125,12.574,15.485,16.108,16.284,16.949,17.568,16.573,16.949,17.226,17.736,17.226,17.268,17.046,17.268,17.226,17.842,17.018,16.487,15.96,15.908,15.128,13.538,13.254,11.895,12.527,12.706,13.119,13.476,11.734,10.641,11.785,14.875,15.908,17.608,17.137,17.929,16.079,15.908,16.744,15.546,14.205,14.33,13.721,15.863,15.261,15.485,16.027,15.485,16.487,16.138,17.568,17.432,17.268,17.716,18.617,18.952,19.707,20.089,18.655,16.801
17.172,19.028,19.982,19.289,19.295,18.527,17.527,16.052,15.227,14.856,12.621,12.276,10.653,10.837,12.056,11.102,11.258,12.066,12.621,12.575,12.351,11.614,12.295,12.056,11.299,10.532,9.9415,8.2967,7.2976,6.4878,13.338,15.619,17.287,17.05,17.527,17.784,17.467,17.554,17.124,17.791,17.784,17.705,18.458,17.287,18.076,17.367,17.063,16.46,16.795,17.05,16.052,14.386,13.373,12.731,13.268,12.94,13.614,12.985,12.658,10.388,11.463,13.985,15.708,17.784,19.511,17.784,17.287,16.318,15.965,14.973,14.579,13.993,15.7,14.957,15.409,15.386,15.906,15.529,17.05,17.745,18.331,18.076,18.832,18.464,19.289,19.825,20.058,19.41,19.398,18.121
17.012,19.943,19.692,18.77,18.989,18.349,16.984,16.746,14.628,13.728,12.643,12.195,11.088,11.195,11.226,11.195,11.558,10.927,12.975,12.156,12.397,12.078,11.68,12.078,10.62,10.764,10.118,8.3234,7.08,5.4365,13.352,15.105,16.746,16.963,17.566,17.192,17.047,17.192,17.532,17.192,17.081,16.88,17.532,17.206,17.532,16.963,16.767,16.533,16.039,15.681,15.377,14.135,12.301,12.615,12.301,12.397,13.352,12.764,12.029,10.338,11.528,14.701,17.377,18.407,18.253,17.573,16.54,15.712,15.568,15.222,13.839,14.628,15.454,14.813,14.458,15.105,15.129,16.054,16.164,18.051,17.932,18.051,17.88,18.018,17.7,18.989,19.572,19.842,18.707,16.561
16.628,18.784,19.955,20.02,18.984,17.695,16.98,15.707,14.355,12.76,11.596,11.349,12.007,10.617,9.9151,10.706,11.828,12.007,12.298,12.394,12.611,12.308,12.153,12.192,11.758,10.87,10.22,9.1723,7.2919,5.69,13.69,15.827,17.311,17.695,17.351,17.561,17.507,16.247,16.305,16.45,16.305,17.615,18.15,17.622,17.077,16.557,15.14,15.775,16.507,15.677,14.624,13.542,13.542,13.724,12.182,12.76,14.198,12.788,12.639,10.392,11.349,15.015,18.092,18.909,17.888,17.351,17.426,15.442,14.976,13.62,13.75,15.946,15.14,14.817,14.809,15.257,14.363,15.707,16.614,16.101,17.098,17.802,19.058,19.937,18.632,18.511,21.106,18.965,19.566,16.108
15.664,17.838,18.168,17.458,16.906,16.658,15.004,14.384,13.616,12.112,11.665,10.368,10.368,10.574,9.9829,11.076,11.03,11.076,11.03,11.065,11.402,11.167,11.469,11.133,10.184,9.4893,8.5646,7.6769,6.5574,5.623,12.237,14.198,15.088,15.599,16.474,16.07,15.296,15.428,15.784,15.904,15.296,16.07,16.196,15.904,15.329,16.125,14.953,14.62,14.953,14.62,13.874,12.613,12.175,10.751,10.88,11.246,11.741,12.237,11.03,9.1085,10.465,13.316,15.296,16.497,16.869,15.792,15.395,14.118,13.874,14.585,12.822,13.076,13.588,13.542,13.316,14.928,14.305,14.384,14.8,14.928,16.869,15.792,16.718,16.604,17.495,17.107,17.859,17.129,16.047,14.091
17.348,19.061,19.617,19.659,18.93,18.146,16.525,16.61,15.704,13.687,12.674,11.346,11.346,12.238,10.792,11.471,11.221,11.705,12.16,12.721,12.19,12.073,12.238,11.705,11.189,11.189,9.8413,8.0158,7.2253,6.6107,13.557,16.156,15.943,17.018,17.692,17.348,16.927,16.589,17.197,17.504,17.611,17.738,17.122,17.692,17.122,17.924,17.018,16.872,16.589,15.184,14.87,13.504,13.372,11.685,12.42,12.496,13.266,12.637,11.915,10.492,11.705,15.223,15.824,17.924,18.296,17.066,16.738,16.156,15.446,15.254,14.295,14.352,14.303,15.824,15.446,16.156,15.869,15.921,15.651,16.105,17.531,17.524,18.244,17.605,18.218,18.955,19.665,19.927,18.296,16.872
15.119,16.82,18.009,17.875,17.253,16.508,15.302,13.975,13.305,11.979,10.856,10.82,10.279,10.389,9.9012,10.377,10.389,11.053,11.797,11.722,11.156,11.064,11.37,11.19,10.092,9.6807,9.4685,7.7091,7.4919,5.6344,12.2,14.254,15.161,15.655,16.135,15.327,15.152,15.327,15.152,15.68,15.127,16.04,17.135,15.68,15.817,14.693,14.227,14.51,14.51,14.343,13.523,12.272,12.189,11.007,10.902,10.773,11.947,11.269,10.691,9.4685,10.204,12.829,15.161,15.825,16.843,15.937,15.558,15.327,13.57,13.305,11.979,11.979,13.074,13.228,13.939,13.838,13.709,13.838,15.127,15.784,16.508,16.508,17.201,17.494,16.454,16.661,19.361,17.053,17.112,14.227
15.356,17.598,16.789,17.191,16.607,16.607,15.496,14.648,13.949,12.893,11.248,10.37,9.9082,10.986,10.37,11.667,11.078,11.112,10.67,11.58,11.786,11.348,10.8,11.032,10.753,9.2751,9.397,8.1884,6.8417,5.6238,11.925,14.665,14.622,14.854,15.298,16.377,15.397,15.099,15.65,16.104,15.666,15.626,15.715,15.795,15.356,15.986,16.104,15.166,14.622,14.596,13.535,12.083,11.032,10.575,11.032,11.078,11.58,11.925,10.11,9.6756,10.611,13.544,14.245,15.755,16.222,16.811,15.496,15.074,14.201,14.956,12.372,13.203,13.949,14.201,14.596,14.622,14.165,15.006,15.389,15.496,15.883,15.978,16.104,16.653,16.423,17.169,17.798,18.454,15.883,14.665
17.015,19.369,19.964,18.71,18.717,18.411,16.862,16.167,15.51,14.312,12.159,11.354,11.101,11.112,11.763,12.159,11.713,12.457,12.729,12.457,12.729,12.081,12.169,12.042,11.833,11.312,10.26,8.7678,7.1809,6.3226,13.275,15.449,16.536,17.704,16.918,17.434,17.078,16.543,16.622,17.4,17.38,17.623,17.536,17.683,16.714,17.414,16.313,16.457,15.834,14.983,14.88,13.513,12.766,12.466,11.56,12.012,12.766,12.84,12.169,10.26,11.683,14.37,16.939,18.048,17.536,17.704,16.116,15.479,15.108,14.792,14.138,15.194,14.88,15.264,15.571,15.202,15.834,16.6,17.25,16.543,17.542,17.509,17.883,18.974,18.622,18.641,19.605,18.52,18.507,17.015
17.932,19.359,20.909,19.601,18.92,18.226,17.932,15.568,14.135,13.753,11.393,11.921,12.156,11.184,11.751,11.109,11.558,12.009,12.426,11.921,13.138,12.166,12.039,12.874,11.527,10.675,10.697,9.3532,7.0128,6.3212,13.519,15.453,17.566,17.315,17.376,16.454,17.619,16.632,16.454,16.403,17.129,17.192,17.315,17.566,16.914,16.795,16.345,15.995,16.532,15.082,14.789,13.693,12.847,13.093,12.185,12.156,13.138,12.397,13.093,10.395,11.921,14.026,17.019,17.458,17.991,17.019,17.026,16.054,14.034,14.301,13.227,14.176,15.199,14.596,14.309,14.587,15.199,15.568,17.026,16.879,18.637,17.539,18.964,20.131,18.788,18.713,19.601,19.474,18.278,16.561
15.655,17.378,17.646,17.896,17.142,15.647,16.079,14.83,13.305,12.759,11.754,10.389,10.389,10.631,9.7851,10.902,10.192,10.631,11.862,11.064,11.37,11.064,10.879,11.099,10.583,10.079,9.7331,7.6263,7.1626,5.6345,12.629,14.002,15.127,15.825,15.647,15.776,15.459,15.776,15.459,15.385,14.545,15.817,15.913,14.958,14.924,15.327,15.035,14.44,14.822,13.765,14.039,12.447,11.503,11.007,10.785,11.37,11.947,11.947,11.133,9.2652,10.583,13.314,15.035,15.525,15.817,15.937,14.753,14.325,13.616,13.616,11.862,12.719,14.984,12.447,12.477,15.119,14.272,14.65,15.119,15.752,16.229,16.322,16.638,16.821,17.238,17.142,17.946,17.53,16.623,14.192
17.552,19.852,20.133,20.098,20.24,18.871,17.976,16.836,16.398,14.101,13.164,11.935,11.753,11.371,11.084,12.222,12.144,12.261,12.521,13.281,12.748,12.222,12.683,12.907,11.895,11.774,10.677,9.4038,7.9584,6.4302,13.828,16.722,17.722,17.769,18.325,17.285,17.796,16.971,17.715,17.667,18.377,18.089,17.055,18.429,16.608,17.118,17.634,17.139,16.971,15.675,14.901,14.699,13.154,13.697,12.445,12.795,13.424,12.907,12.795,11.17,10.986,14.211,16.629,17.989,17.285,16.886,17.285,15.917,15.652,14.796,14.211,15.226,14.78,14.312,14.11,16.273,17.194,16.192,17.47,16.949,17.936,18.148,18.552,19.635,18.377,18.985,20.753,20.281,18.738,16.858
15.472,17.309,18.058,17.724,17.121,16.337,15.87,15.286,14.056,13.258,11.895,10.749,10.94,10.153,10.712,11.175,11.256,11.939,11.73,11.314,11.256,10.905,10.893,10.833,11.256,10.317,9.5734,8.4035,6.4854,5.628,12.112,14.777,15.201,15.992,15.738,16.193,15.295,15.697,15.738,16.113,15.73,15.992,15.992,15.951,15.829,15.919,14.855,15.286,14.412,13.861,13.1,12.533,12.112,11.279,11.394,11.279,12.314,12.324,11.256,9.8408,10.153,12.991,14.484,15.951,15.362,14.777,13.842,14.167,13.336,12.991,12.24,12.991,12.779,13.861,14.276,13.991,14.093,14.276,14.777,14.785,15.919,15.32,15.531,16.377,17.658,16.846,18.244,17.414,15.497,15.15
17.061,19.985,19.888,19.541,18.542,18.336,17.401,16.18,15.463,14.384,12.814,11.741,11.264,12.019,11.947,12.22,11.521,12.496,12.881,12.7,12.623,11.947,12.27,11.896,12.467,11.1,11.045,9.1882,7.5237,5.7605,13.591,16.45,16.773,17.98,17.81,17.844,17.844,16.802,17.464,17.783,17.464,17.789,18.176,17.789,17.011,16.882,16.795,16.561,16.128,16.42,15.503,13.3,12.814,12.2,12.594,12.349,13.437,12.843,12.2,10.878,10.478,13.3,15.511,16.795,17.296,17.401,15.814,15.047,15.023,14.528,13.125,14.686,14.359,15.08,14.893,15.384,15.345,15.753,16.824,16.509,16.308,17.147,18.796,18.542,18.443,18.568,18.356,18.932,17.98,15.511
17.684,19.829,20.418,19.586,19.482,19.041,18.106,16.029,15.075,14.664,13.312,12.845,11.836,11.35,11.836,11.382,12.919,12.695,13.176,12.761,12.581,12.263,13.176,12.695,12.723,11.996,11.424,9.5014,8.2029,6.6558,14.392,16.738,17.315,18.165,18.053,17.812,17.966,17.812,17.644,17.946,18.112,18.165,18.046,17.623,18.634,17.507,17.022,16.874,16.987,15.879,15.366,13.996,13.212,13.221,12.807,12.629,13.71,13.221,12.106,11.424,11.424,15.011,16.817,17.377,17.738,17.569,16.442,16.267,15.288,14.4,14.689,13.815,15.358,14.225,13.249,15.613,16.029,15.781,15.811,16.852,16.902,17.812,18.826,19.034,18.832,19.085,19.829,19.059,18.826,17.043
16.829,19.073,18.815,19.245,19.416,18.168,17.237,16.298,15.222,14.465,13.568,11.148,11.049,11.567,11.365,12.655,11.869,12.597,12.363,12.578,12.856,12.274,12.932,12.382,12.204,11.148,10.505,8.9078,8.0436,7.0746,13.631,15.95,17.152,17.484,17.407,17.816,17.74,17.712,17.038,17.966,17.188,17.463,17.857,16.8,15.881,17.525,16.313,15.758,16.336,15.125,15.389,13.993,12.932,12.655,12.224,12.353,12.363,12.752,12.392,10.971,10.47,13.993,15.085,16.807,17.712,17.47,17.259,15.516,15.843,15.912,13.568,13.993,14.541,14.666,14.363,15.028,15.625,14.955,16.603,16.865,17.595,17.059,17.692,18.815,18.574,18.815,19.188,19.566,17.986,15.758
15.288,17.787,18.415,17.787,17.346,16.893,15.779,14.535,13.731,12.582,11.733,11.589,10.684,10.427,10.769,10.947,11.099,11.6,10.971,11.589,11.192,11.522,10.721,10.721,10.684,10.177,9.3294,8.1945,6.7803,6.1196,12.572,14.843,16.365,15.828,16.27,15.779,15.456,15.95,16.071,16.593,15.779,16.071,16.389,15.877,15.909,15.288,15.288,15.229,13.825,14.817,13.955,12.302,12.365,11.522,11.788,11.864,11.864,11.42,11.192,9.6425,9.9846,13.806,13.684,14.843,15.656,15.589,15.246,14.738,14.535,14.311,12.623,13.252,12.957,13.955,14.239,13.561,14.446,14.266,14.392,15.28,16.593,16.893,16.071,16.071,16.893,18.047,17.794,17.083,16.778,13.881
14.883,17.19,17.98,18.203,17.19,16.577,15.522,15.118,13.066,13.066,11.946,10.494,10.601,10.25,9.6668,11.338,10.601,11.125,11.689,11.338,11.988,10.849,10.755,11.068,11.068,10.013,9.8736,8.181,6.9998,5.0255,12.228,14.285,15.587,15.971,16.027,15.579,15.636,15.612,15.7,16.113,15.652,16.113,16.362,15.579,14.849,16.058,14.161,14,14.188,14.47,13.485,12.412,12.412,11.689,11.764,11.946,12.145,12.228,10.684,9.3885,10.36,13.153,14.609,15.892,17.153,16.856,15.587,14.303,13.105,14,12.813,12.412,13.532,14.84,13.606,13.191,14.652,14.609,14.652,15.383,16.362,15.383,16.653,17.072,17.116,17.704,17.811,16.849,16.706,14.505
15.304,16.784,17.862,17.876,17.203,16.254,15.12,15.254,14.013,12.356,11.326,10.042,9.7341,10.08,9.7862,10.39,11.326,11.326,11.065,11.008,11.191,10.88,11.191,10.775,10.822,10.596,9.1974,8.2047,7.0201,5.7466,12.356,14.616,14.832,15.778,15.559,15.461,15.818,15.354,16.105,15.567,15.42,15.657,15.254,16.073,15.461,14.694,14.442,14.547,14.823,13.259,13.23,12.096,12.138,11.863,10.903,11.493,12.023,12.138,11.1,9.7862,10.28,12.356,15.826,15.818,16.51,16.042,15.624,14.273,14.121,12.85,13.84,13.571,13.711,13.867,12.85,13.84,14.694,14.344,14.651,15.162,15.938,16.254,17.114,17.379,17.24,17.357,17.357,16.136,15.681,13.711
15.271,17.175,18.415,18.188,17.057,16.348,15.759,14.291,13.715,12.228,11.711,10.839,11.149,11.592,9.8907,11.284,10.816,11.012,11.284,11.754,11.461,11.115,11.904,11.328,11.058,10.557,10.105,8.6389,7.1893,5.7251,12.643,14.361,14.836,15.855,16.013,15.574,15.639,15.598,14.929,15.574,15.622,15.574,16.333,15.598,15.574,15.958,14.291,14.828,14.768,14.149,13.659,12.583,12.802,11.765,11.722,11.56,12.553,11.754,11.149,9.434,10.167,13.641,15.329,16.294,16.138,16.879,15.403,14.768,13.924,14.291,12.351,12.87,13.988,14.068,13.209,13.256,13.788,15.064,14.98,15.509,17.43,15.598,16.562,17.409,16.691,15.981,17.753,16.842,16.714,13.924
17.152,18.449,19.322,19.249,18.468,17.905,17.343,16.315,14.761,14.479,12.656,12.478,12.591,11.819,10.688,12.133,11.809,12.525,12.85,11.987,12.44,11.987,12.374,12.374,11.688,11.536,11.067,9.6336,7.3924,5.9243,14.332,16.023,17.159,18.062,18.016,17.173,17.499,16.7,16.372,16.826,17.539,17.819,17.666,16.931,16.023,17.533,16.53,16.53,16.133,15.348,14.208,12.923,13.804,12.923,12.478,12.591,13.676,12.85,12.055,10.295,11.454,13.999,16.952,17.898,17.898,18.269,16.952,15.749,14.761,15.629,14.761,14.43,14.15,16.308,15.232,15.348,15.846,16.882,16.067,16.067,18.576,17.819,18.602,19.413,18.449,17.898,19.34,18.734,17.859,15.719
15.445,17.946,18.314,17.712,16.867,16.68,15.538,14.028,13.756,12.894,11.526,10.532,11.286,10.532,10.532,11.158,11.216,11.028,11.916,11.526,11.481,11.158,11.661,11.481,11.158,10.532,9.7604,8.4566,7.261,6.173,13.085,14.851,16.452,16.475,16.547,15.96,15.87,15.911,15.87,15.96,15.462,16.356,15.969,16.156,15.335,15.738,15.445,15.129,15.326,13.879,13.803,12.864,12.649,12.813,11.583,11.761,12.69,12.025,11.481,10.332,10.281,13.41,15.862,16.356,16.617,16.547,16.034,15.369,13.954,13.41,13.708,14.056,14.204,13.526,13.497,14.387,14.895,14.54,15.771,15.309,16.324,16.236,16.805,16.983,16.913,16.356,18.12,16.38,15.993,13.832
14.626,16.876,17.61,17.603,16.876,16.793,15.67,15.128,13.989,13.321,10.614,10.756,10.373,10.075,9.4532,11.496,10.803,11.138,11.583,11.351,11.875,11.172,11.746,10.614,10.803,10.36,10.075,8.7871,6.8435,5.7367,12.579,14.408,16.109,16.327,16.077,15.911,15.791,15.5,16.203,15.887,15.799,15.727,16.428,16.109,14.866,15.532,15.303,14.169,14.417,14.32,13.733,12.936,12.002,12.335,11.046,11.746,11.746,11.843,10.838,9.7693,9.6126,13.733,15.01,16.109,16.242,16.428,15.63,15.094,14.32,13.548,12.897,13.501,13.916,13.501,12.739,14.39,14.097,14.302,14.669,14.943,15.67,15.67,16.171,16.053,16.109,16.451,17.025,17.173,15.327,14.231
15.647,17.337,17.359,17.374,17.277,16.976,15.949,15.076,14.66,13.108,11.955,10.422,10.171,10.159,10.459,11.278,11.278,11.781,11.186,11.221,11.186,10.715,11.583,10.858,11.151,10.906,10.209,8.4536,7.0564,6.2001,12.617,14.869,15.68,15.941,15.876,15.868,15.819,15.868,15.819,16.262,16.451,15.356,15.042,16.206,15.356,15.819,15.868,14.809,14.765,13.724,13.667,12.708,11.583,12.452,11.414,11.955,12.296,12.19,11.693,10.171,10.222,13.009,14.939,16.537,17.24,15.949,15.246,15.423,14.999,14.303,13.676,13.448,13.009,13.799,13.177,14.085,14.545,14.765,15.102,15.246,16.262,15.246,16.142,16.38,16.142,16.357,17.27,17.389,16.062,13.799
16.027,16.854,18.168,17.98,17.142,16.674,15.742,15.089,13.7,13.012,11.806,10.64,11.081,10.437,11.046,10.545,11.046,10.723,11.965,11.438,11.216,11.742,11.923,11.923,10.77,10.341,9.5829,8.5859,7.1817,6.04,12.689,13.946,15.582,16.277,16.059,15.742,15.838,15.354,15.123,15.606,16.121,16.56,16.191,16.152,14.546,15.549,15.354,15.255,14.581,13.506,13.166,12.818,12.132,12.419,11.081,11.046,12.63,11.71,11.71,10.437,11.081,12.857,15.622,15.941,16.606,15.933,15.089,15.493,14.276,14.161,13.459,12.689,13.496,15.048,15.231,13.91,14.267,14.65,15.048,14.346,15.255,16.176,16.191,17.945,15.862,15.933,17.641,16.764,16.176,14.468
15.22,17.268,17.828,18.141,17.321,16.611,16.768,14.64,13.553,12.497,11.549,11.238,10.762,11.18,10.955,10.441,11.939,11.331,11.684,11.503,11.906,11.503,10.991,11.673,10.955,10.251,10.365,9.157,7.1847,6.1852,12.643,14.56,15.22,15.661,15.802,16.066,15.802,15.877,15.802,16.187,15.627,16.389,16.332,16.074,16.332,15.055,15.116,14.739,14.26,14.195,13.601,12.135,12.455,11.673,11.873,11.994,11.95,12.135,11.684,9.9391,11.227,13.309,14.854,16.611,16.954,16.579,15.669,14.88,14.121,14.88,13.111,13.161,13.783,13.309,12.889,14.478,15.365,14.158,15.493,14.95,15.769,15.476,16.768,16.508,16.268,17.434,16.9,16.9,16.025,13.21
17.198,18.745,19.638,20.31,19.75,18.923,17.352,17.056,15.735,14.478,12.706,12.175,12.298,11.235,10.815,12.032,12.42,12.27,12.326,12.66,13.003,13.003,12.95,13.074,12.715,11.225,11.56,9.4921,7.7602,6.686,13.553,16.349,17.392,18.116,17.755,17.332,17.696,17.352,17.748,17.326,18.065,17.911,17.709,17.969,17.252,17.056,16.837,16.927,16.837,15.535,15.104,13.781,13.372,14.358,12.715,12.842,13.99,13.074,12.914,11.163,11.71,14.163,17.755,17.499,19.275,18.577,17.352,16.623,16.142,15.55,14.865,15.676,15.735,14.763,13.99,15.669,16.37,16.335,17.332,16.349,16.851,17.015,18.794,18.161,18.689,19.16,19.591,19.275,17.911,15.431
17.404,19.343,19.82,19.869,19.746,17.626,17.674,16.737,15.567,14.611,12.551,12.228,11.815,11.534,11.743,11.008,11.855,11.825,12.551,12.809,12.531,12.307,12.531,12.837,12.608,11.062,10.751,9.4048,8.0136,6.3042,13.616,16.238,17.446,17.23,17.729,17.404,17.237,17.06,16.737,18.221,16.853,17.626,18.537,17.646,18.221,16.802,16.723,16.245,16.393,16.364,15.76,14.411,13.436,13.08,13.651,13.255,13.871,13.034,12.531,10.279,10.897,14.636,15.852,17.342,18.221,18.531,17.194,16.548,15.906,14.948,14.31,14.487,14.686,14.411,14.776,15.197,15.101,14.972,16.125,15.76,16.996,16.541,17.749,18.154,17.729,19.524,19.82,19.771,17.145,15.268
16.849,19.176,19.8,19.372,19.176,17.857,17.946,16.262,15.876,14.356,12.598,11.719,11.35,11.873,11.924,10.913,12.79,12.005,12.598,12.675,12.443,12.569,11.934,12.828,12.036,11.853,10.767,9.4188,8.2642,6.7056,14.031,16.051,17.339,17.149,17.946,17.283,17.114,17.262,17.085,18.241,17.085,17.755,17.43,17.283,17.423,16.849,16.769,16.388,15.876,16.059,15.219,14.373,13.465,12.569,13.275,13.099,13.698,13.348,12.036,10.458,11.024,15.187,17.555,17.864,17.755,17.507,17.339,16.321,15.668,14.658,14.373,14.373,14.373,14.373,13.839,15.402,15.784,15.784,16.299,17.17,17.283,16.964,18.248,17.444,18.792,17.652,18.708,17.339,17.782,16.262
17.313,19.424,20.616,20.038,19.299,18.53,16.838,16.547,15.41,13.862,13.254,12.068,11.906,11.225,11.418,11.855,11.977,12.704,12.78,12.996,12.55,12.656,13.107,12.799,12.306,11.701,10.874,9.7088,7.7832,6.3993,14.01,16.125,17.529,18.1,17.673,17.783,17.236,16.838,16.995,17.341,16.715,17.404,18.1,17.844,17.257,17.088,16.852,16.54,16.606,15.449,14.636,13.897,13.08,13.209,12.799,13.254,14.377,12.836,12.158,10.93,12.188,15.41,17.728,18.379,17.418,17.57,16.744,16.511,14.486,14.079,14.096,15.566,15.821,14.309,12.799,15.566,15.1,15.196,16.363,16.072,16.511,16.252,17.966,18.478,17.83,17.898,19.598,19.223,18.504,15.76
15.95,17.537,17.865,18.691,17.537,16.824,15.754,14.34,13.63,12.85,11.358,10.941,10.606,10.715,9.8625,11.415,11.358,11.415,11.858,11.415,12.452,11.583,11.727,12.233,11.358,10.005,9.8625,8.6351,7.4997,6.1794,12.95,14.948,15.582,16.262,16.77,15.548,15.82,15.648,15.648,15.548,15.877,15.356,16.831,15.238,14.66,15.247,15.153,14.809,14.545,14.113,14.304,12.98,12.369,11.814,11.415,11.814,12.566,12.233,11.46,9.7043,10.472,12.95,15.008,16.325,17.61,16.412,15.423,14.651,14.367,13.677,13.449,13.525,14.304,13.207,13.294,13.724,13.648,13.724,14.73,14.73,15.482,14.73,16.167,16.762,16.199,16.754,18.208,16.639,16.325,13.948
15.909,17.787,18.522,18.014,17.189,16.251,16.057,14.838,13.816,12.442,11.772,10.931,11.593,9.836,10.529,11.168,11.927,10.931,11.772,11.805,11.938,10.751,11.661,11.805,11.319,10.542,10.542,8.5718,7.9875,6.2208,13.017,14.553,16.057,16.307,16.371,16.522,16.008,16.251,15.753,15.644,15.653,16.395,17.371,15.86,15.552,15.039,15.349,15.143,14.75,15.048,14.143,12.794,13.097,12.315,11.571,12.283,12.906,12.155,11.354,9.6074,11.661,13.816,15.611,17.151,16.506,16.695,15.885,15.459,12.936,13.957,11.661,12.578,12.936,13.295,12.794,13.5,12.794,13.759,14.354,14.535,15.552,14.75,16.146,16.695,16.251,16.251,18.444,17.985,16.867,14.723
15.8,17.522,17.278,16.932,17.471,16.802,16.376,14.92,13.847,13.393,11.445,11.138,10.928,11.23,11.172,11.172,11.172,11.843,11.568,11.767,11.887,11.712,11.501,11.668,10.556,10.272,9.3543,8.6391,7.5416,6.4569,12.343,15.261,15.849,15.759,16.462,16.042,16.36,15.562,16.563,16.376,16.563,16.864,15.922,16.376,16.042,15.8,15.93,15.429,14.509,14.031,13.66,12.683,12.478,12.196,11.591,11.876,12.53,12.218,11.264,10.197,10.272,13.537,14.79,16.042,16.392,16.018,15.93,15.8,14.712,13.782,12.601,13.277,12.804,13.432,14.15,13.393,14.929,14.509,14.349,14.747,14.721,16.146,15.228,15.8,16.81,16.186,17.053,17.114,16.517,13.93
17.145,18.811,19.658,20.317,19.442,17.889,17.617,16.068,15.172,13.628,12.158,12.9,11.314,11.207,11.887,11.346,11.815,12.296,12.286,12.863,13.086,12.375,12.404,12.928,12.286,11.314,11.044,8.7914,8.4124,7.0366,13.874,16.359,17.208,17.431,18.421,17.72,17.542,17.313,17.376,18.071,17.229,17.889,18.604,17.194,17.889,17.208,17.032,16.738,16.425,16.211,15.68,13.987,13.369,12.749,12.928,13.278,13.978,12.984,12.749,10.227,12.326,14.785,15.673,17.862,17.617,18.044,16.81,15.541,15.259,15.385,14.785,13.414,15.948,14.554,15.385,15.619,15.541,15.68,15.361,16.681,17.201,16.738,17.801,17.72,18.99,18.578,20.156,19.085,18.983,16.738
17.335,19.446,20.175,19.71,19.097,18.379,16.482,15.505,14.693,13.202,11.696,11.062,12.14,11.768,11.32,12.06,11.655,11.97,12.606,13.464,12.87,12.06,13.338,13.202,11.624,11.373,11.488,9.2122,7.9817,5.9245,13.868,16.084,17.217,18.195,18.148,18.148,16.992,17.161,16.992,17.168,17.713,17.821,18.837,17.821,16.173,17.411,16.173,16.321,15.963,15.505,15.482,14.023,13.738,13.526,13.248,13.175,14.295,13.202,12.72,10.607,12.297,15.721,18.431,18.837,19.223,18.002,16.935,16.128,15.136,15.208,13.842,14.693,15.357,16.871,16.299,16.321,15.827,15.349,16.591,16.482,17.679,17.576,17.576,18.671,18.142,18.671,20.198,19.613,18.767,15.789
15.539,17.478,18.154,18.706,16.804,15.474,15.819,14.188,13.036,12.045,11.068,10.628,10.569,10.722,9.7278,11.425,10.757,12.045,11.203,11.259,12.2,10.999,12.19,12.066,10.628,10.083,10.425,8.0317,6.9782,6.0329,12.535,14.355,16.258,16.541,16.258,15.843,16.381,15.466,15.692,16.134,15.555,15.724,17.621,15.147,14.871,15.328,15.295,14.108,14.564,14.589,13.893,12.842,12.323,12.374,12.107,12.107,12.881,12.404,11.425,9.2109,11.259,13.675,16.411,16.684,16.586,17.217,15.946,15.064,13.34,14.171,13.227,12.684,14.632,13.036,12.555,13.368,14.179,14.108,14.735,14.46,16.134,15.163,16.834,17.064,17.391,17.297,18.618,16.744,17.391,13.481
15.074,17.431,17.204,17.523,17.204,16.182,15.388,14.852,13.744,13.085,11.915,10.205,9.9248,10.87,10.42,10.824,10.641,11.302,11.749,11.302,11.987,10.699,11.528,10.971,10.824,10.607,9.9618,8.4255,7.4343,5.9886,12.271,14.677,15.049,15.563,15.868,15.868,15.868,15.806,15.929,16.136,15.364,15.074,15.891,15.868,15.308,15.868,15.308,14.786,14.45,14.097,14.088,12.972,11.915,11.399,12.271,11.905,11.57,12.15,10.676,10.023,10.502,14.036,14.635,16.385,16.235,16.858,15.837,14.407,14.433,14.407,12.704,13.537,13.299,13.528,13.345,14.509,14.175,13.957,14.635,14.91,15.555,14.91,16.303,15.098,16.624,17.09,17.46,16.858,15.96,14.45
15.619,17.692,17.879,17.466,17.26,16.718,16.126,14.804,13.616,12.892,11.228,11.228,10.822,11.171,10.857,10.715,10.425,11.675,11.542,11.531,12.345,11.171,11.531,11.642,10.94,10.893,10.314,8.7001,7.2402,5.8972,12.922,14.743,16.19,16.308,16.339,16.19,16.409,15.806,15.879,15.879,16.19,16.756,16.51,16.19,15.991,15.684,15.405,15.035,14.7,13.812,13.812,13.274,12.892,12.962,11.553,12.157,12.642,12.147,11.762,10.126,11.642,13.35,16.095,16.81,17.059,16.095,16.071,14.933,14.392,13.802,13.436,12.438,13.756,14.023,14.195,13.663,14.7,14.769,15.179,15.17,16.253,15.733,16.253,17.612,16.81,17.26,17.871,17.26,16.308,14.673
17.604,19.397,20.109,20.216,18.671,17.982,17.72,16.061,14.041,12.954,11.94,11.849,11.624,12.02,10.765,11.32,12.11,11.849,12.404,12.954,12.748,12.11,13.028,13.202,12.287,10.887,11.489,8.8394,8.4642,6.8294,14.75,15.971,17.713,18.735,18.089,17.72,18.431,17.377,16.907,17.895,16.872,17.821,19.223,17.713,17.542,16.936,16.482,16.671,16.439,16.482,15.828,14.554,14.295,13.886,13.729,13.868,14.295,13.623,12.945,10.798,12.14,15.505,16.736,18.639,18.639,17.604,17.161,16.21,14.945,14.295,14.295,15.224,16.009,14.295,14.253,16.009,15.271,15.505,16.446,16.321,17.126,16.907,18.029,18.425,17.989,17.679,20.687,19.613,18.767,15.698
17.149,19.645,19.104,18.383,18.192,17.979,16.951,15.665,15.061,14.272,12.584,12.304,11.077,11.587,12.146,11.206,12.746,12.546,13.101,13.073,12.623,12.575,12.313,12.156,12.623,11.033,10.812,9.4439,7.9318,6.9433,13.861,16.269,16.929,17.351,18.106,17.736,17.736,17.358,18.172,18.403,17.702,17.736,18.663,17.414,18.166,16.467,17.4,16.467,16.32,16.261,15.992,14.314,13.508,12.546,13.045,13.641,13.481,13.211,11.804,10.768,10.901,14.737,16.929,18.481,18.429,18.695,17.128,16.254,15.992,14.506,14.77,14.314,15.603,14.713,14.932,15.742,16.35,16.209,16.32,17.191,17.015,17.682,17.358,16.758,19.173,19.565,20.058,19.864,17.627,15.626
15.512,16.868,18.183,16.846,17.077,16.193,15.377,14.465,12.886,12.302,9.9545,10.907,10.896,9.8306,10.341,11.315,11.294,11.13,11.487,11.927,11.896,11.294,11.294,11.519,10.714,9.9051,9.5264,8.5207,7.211,5.9637,12.252,14.725,15.543,15.972,15.794,15.856,15.297,15.825,15.825,15.297,15.856,15.948,15.918,16.824,15.543,15.739,15.377,14.439,14.008,14.078,13.409,12.627,12.391,12.262,11.434,11.688,12.529,11.657,11.228,10.101,10.587,13.947,16.396,16.824,15.856,15.739,15.257,14.362,13.77,13.518,13.187,13.518,13.187,13.472,13.075,14.008,14.362,13.903,14.165,13.947,14.465,15.152,17.056,16.648,16.94,17.249,18.075,18.028,17.51,14.775
15.657,17.837,18.061,17.589,16.409,16.409,15.983,13.488,13.673,12.563,11.423,11.357,11.066,10.424,10.018,10.567,10.327,11.201,11.875,11.257,11.907,11.875,11.79,11.434,11.088,10.531,10.315,8.1545,7.5139,6.094,12.613,14.894,15.92,16.355,16.185,15.721,16.477,16.154,15.325,16.355,15.561,16.432,16.898,15.681,15.975,15.061,14.63,14.458,14.801,14.115,14.587,12.927,12.523,11.822,11.79,11.434,12.879,11.822,11.032,9.4115,10.327,14.344,16.255,16.651,16.719,16.131,15.103,14.561,13.177,13.673,12.553,12.188,13.534,14.035,13.891,14.177,14.248,14.877,15.601,14.868,16.409,15.464,15.912,16.651,17.367,17.618,17.922,17.273,17.061,14.604
15.357,16.999,17.756,17.124,17.486,16.145,15.831,14.106,13.48,12.098,11.9,11.416,10.714,11.014,10.784,10.749,11.295,11.525,12.181,12.222,12.108,11.35,11.558,11.116,10.934,10.525,10.137,9.5249,7.5093,6.5273,12.832,14.578,15.226,15.72,16.399,16.16,15.973,15.422,15.551,15.648,15.72,16.051,16.641,16.028,15.68,15.902,15.422,15.422,14.655,14.552,14.026,13.141,12.181,11.942,11.558,12.108,12.273,12.057,11.116,10.012,10.643,13.48,15.052,16.145,16.829,16.399,15.551,15.226,14.621,13.358,13.664,12.832,13.774,13.91,15.152,12.919,14.449,14.344,15.06,15.68,16.145,15.422,15.019,16.513,16.94,17.742,17.756,18.202,16.145,15.283
17.073,19.303,19.08,19.901,19.227,18.455,17.3,15.825,14.812,14.068,13.059,11.749,10.975,11.955,11.282,13.134,13.573,12.708,13.05,12.446,13.446,12.937,12.937,13.428,12.208,11.497,10.975,10.578,8.182,7.2982,13.955,16.609,18.229,18.135,18.508,17.3,18.229,18.316,18.528,17.801,18.528,17.904,17.856,17.904,17.044,17.518,17.972,16.784,16.453,15.709,15.941,14.746,13.573,14.154,13.573,13.428,13.998,13.003,13.309,10.975,11.539,15.009,16.871,17.476,18.296,17.137,17.518,15.971,15.701,14.87,14.369,14.87,14.411,14.812,14.837,15.033,15.848,16.093,17.329,16.791,17.364,17.49,17.329,18.296,19.099,19.895,20.356,19.303,18.128,16.871
15.666,16.287,17.573,18.03,16.772,16.474,15.212,14.667,13.632,12.492,11.616,10.727,10.204,11.203,11.112,11.282,11.616,11.779,12.318,11.506,12.644,11.338,12.41,11.517,11.383,11.112,10.892,9.4259,7.849,6.7316,12.482,14.839,16.427,16.528,16.248,16.027,16.597,16.027,16.154,16.027,16.772,16.528,16.154,16.961,15.955,16.427,15.843,15.843,15.137,13.855,14.028,12.654,13.321,12.654,11.822,12.276,12.893,12.41,11.703,9.9386,11.439,13.586,16.658,16.474,16.098,15.641,15.763,13.273,13.435,12.864,12.533,13.273,13.955,14.667,13.992,14.055,14.908,14.055,14.244,15.37,16.122,16.303,16.497,18.192,16.711,17.339,19.992,18.852,17.42,15.803
15.793,17.451,17.878,17.363,17.179,16.27,15.342,14.92,13.377,12.479,11.184,10.622,10.404,10.907,10.105,11.399,11.218,10.801,12.052,12.293,12.752,10.718,11.924,11.161,11.838,10.55,10.231,8.2868,7.8436,6.4308,13.224,14.928,16.574,16.704,16.977,16.795,16.294,16.176,16.734,16.176,16.55,16.666,15.977,16.55,15.865,16.057,15.695,14.963,15.425,14.093,13.791,13.425,12.881,12.951,12.01,12.479,12.911,12.672,11.838,10.155,10.93,14.291,15.865,16.977,16.325,16.057,15.466,14.371,14.309,13.224,12.231,14.291,12.662,13.604,13.175,13.975,13.791,14.652,14.156,15.4,15.292,15.785,16.2,16.795,17.186,17.992,18.537,18.259,17.164,15.565
14.833,16.65,17.059,17.3,16.8,16.65,14.56,14.326,13.004,11.948,11.422,10.566,10.216,10.423,10.813,11.256,11.3,11.821,11.564,10.985,12.021,11.422,11.693,11.65,10.754,11.031,10.018,9.4107,8.0297,5.4179,12.77,15.365,15.942,16.793,16.168,16.13,15.815,15.648,16.559,16.308,16.529,16.308,16.597,16.308,15.552,16.254,15.234,15.43,15.159,14.185,14.034,13.109,12.532,12.401,12.063,11.422,12.391,12.671,11.031,10.142,10.985,13.309,15.527,16.8,16.036,15.656,15.981,13.781,13.953,12.552,12.371,12.77,13.148,14.14,13.817,13.607,13.926,14.247,14.448,14.833,14.731,15.815,15.981,17.423,16.949,18.641,19.04,17.709,17.235,14.603
15.384,16.815,17.884,16.845,16.076,16.538,16.163,14.28,13.354,12.797,10.896,10.634,10.813,10.825,10.919,11.311,11.841,11.557,12.318,12.493,11.765,12.023,11.678,11.546,11.809,10.379,9.8214,8.9633,7.5874,7.0454,13.239,15.217,15.475,16.131,16.761,16.289,16.883,16.289,16.469,16.906,16.815,16.592,17.228,16.131,16.344,15.158,15.996,14.747,15.217,14.396,14.704,13.62,12.926,11.906,12.349,11.809,12.676,12.224,11.174,9.7692,10.428,13.667,15.183,15.713,17.42,16.076,14.73,14.59,13.806,14.316,11.906,13.122,13.152,13.816,14.669,14.244,14.378,13.741,14.773,14.98,15.713,15.09,16.068,16.815,16.837,17.733,18.723,18.77,16.076,14.73
14.995,17.94,17.862,17.646,17.095,16.174,15.735,14.79,13.174,12.009,10.657,10.717,10.415,10.657,10.415,12.303,11.532,11.52,12.23,12.219,11.52,11.115,11.794,11.794,10.847,11.092,10.621,8.8375,7.2862,6.3302,13.174,15.165,16.702,16.733,16.945,16.549,16.394,16.292,15.735,16.702,15.365,16.672,17.147,16.167,15.365,16.456,15.423,15.198,14.572,14.467,14.449,13.29,13.038,12.385,11.52,12.135,13.261,12.009,11.183,9.438,11.115,13.799,15.735,15.976,15.864,16.495,14.867,14.298,13.603,13.135,12.478,12.478,13.799,14.476,13.678,13.937,13.678,14.289,16.167,15.718,15.165,16.495,16.794,17.281,16.794,18.863,19.098,18.25,17.74,14.867
17.459,18.67,19.667,19.222,18.792,17.678,16.757,16.128,14.912,13.954,12.297,12.06,10.964,11.808,11.788,11.478,12.945,12.404,12.748,12.568,12.72,12.568,12.748,12.72,11.54,11.572,10.798,9.658,7.3546,6.5782,13.937,16.757,17.335,18.042,18.378,18.247,18.306,17.847,17.821,17.556,17.76,18.457,17.658,18.378,16.757,17.39,17.217,16.591,16.67,15.357,15.231,14.52,13.737,13.807,12.558,12.833,13.338,13.202,12.404,11.062,12.13,14.968,16.871,18.247,17.542,18.431,16.771,15.644,15.326,14.553,14.75,14.693,14.487,15.357,13.937,16.735,14.627,15.482,16.591,16.771,17.126,17.847,17.773,18.767,19.297,19.147,20.121,20.738,19.229,17.02
15.635,16.847,17.499,17.607,16.458,16.512,14.826,14.338,14.015,12.471,11.328,11.328,10.526,10.489,9.7877,10.823,11.8,11.056,12.182,11.328,11.272,11.328,11.95,10.858,11.328,10.788,9.5777,8.6727,7.2175,6.0701,13.106,15.529,16.162,17.206,16.581,16.757,16.107,16.02,16.581,16.908,16.627,17.057,16.412,17.243,16.139,15.781,15.941,15.356,15.331,14.679,14.54,12.763,12.602,12.612,11.429,12.098,12.852,11.982,11.982,10.132,11.101,13.713,15.7,17.057,16.139,16.233,16.162,14.988,14.697,13.564,13.842,13.526,13.869,13.768,13.713,14.653,15.684,14.697,15.659,14.928,16.012,16.42,16.688,17.879,16.908,18.098,19.301,18.821,17.607,14.697
14.816,16.745,17.135,17.194,17.231,16.261,15.346,14.195,13.933,12.594,11.684,10.373,10.518,11.059,9.999,11.185,11.749,11.487,12.39,11.32,11.792,11.498,11.264,11.048,11.185,10.385,9.7809,9.1232,7.4887,6.1283,12.634,15.321,15.93,16.616,16.776,16.692,16.631,16.501,16.685,17.37,16.47,16.745,16.934,15.77,15.737,16.745,16.245,15.028,14.257,15.154,14.875,14.033,12.634,11.509,12.442,11.749,12.634,12.194,11.717,10.075,11.76,14.248,15.321,16.631,17.746,16.47,16.001,14.747,14.407,14.186,13.933,12.594,14.266,14.141,13.564,15.453,15.321,15.518,14.952,16.009,16.631,16.745,16.776,16.128,17.938,18.693,18.481,18.198,17.523,14.712
15.324,16.45,17.598,16.892,16.839,16.193,15.115,14.428,13.071,12.269,11.061,11.322,9.9372,10.688,11.187,11.004,11.891,10.771,11.805,11.599,11.762,11.599,11.891,10.876,10.387,10.202,10.077,8.34,7.1609,6.0879,12.626,15.381,16.248,16.45,16.937,16.748,16.527,16.131,16.388,17.138,16.068,16.248,16.929,16.748,17.627,16.264,15.933,15.414,15.521,14.75,14.322,13.641,13.225,11.632,12.515,12.606,13.225,12.269,11.367,10.039,10.077,15.157,15.74,16.012,17.138,15.933,15.643,14.646,14.428,14.818,12.845,14.887,14.646,13.706,14.689,14.98,15.249,15.031,15.19,15.933,16.318,15.651,17.598,16.688,18.061,18.208,18.201,18.581,16.619,15.456
15.084,16.641,17.334,16.92,17.114,16.511,15.176,14.246,13.849,13.298,11.478,11.489,10.76,10.377,10.866,10.807,12.101,11.489,11.964,11.588,11.847,11.879,12.122,11.751,10.866,10.377,9.7732,8.5716,7.6667,6.0611,12.833,15.733,16.06,16.92,17.378,16.732,16.679,16.388,16.61,16.388,16.618,16.511,17.646,16.372,16.557,15.989,15.765,15.309,14.658,14.864,14.965,13.298,12.734,11.933,12.584,12.432,12.674,12.462,11.621,9.6164,10.889,13.739,15.506,15.765,16.732,16.488,15.797,14.675,14.965,14.675,13.374,13.374,14.872,14.414,15.66,14.103,14.949,14.606,15.309,15.636,16.02,16.115,16.732,17.143,18.847,17.987,19.101,18.562,17.217,14.254
14.945,17.186,17.038,17.223,16.144,16.339,15.511,14.188,13.379,12.618,11.482,10.368,10.681,11.416,10.514,11.504,11.625,11.712,11.787,11.259,11.851,12.011,11.755,11.798,11.123,10.478,9.9182,8.6921,7.9613,6.6228,13.13,15.114,16.44,17.186,17.238,16.378,16.113,16.393,16.647,17.09,16.647,16.768,17.127,16.393,15.617,16.215,15.923,15.089,14.498,15.148,15.544,13.092,13.092,12.436,12.385,12.168,13.217,12.189,11.679,10.07,10.811,13.697,15.633,15.899,17.537,16.254,16.215,15.089,14.33,14.215,13.558,13.558,14.188,14.33,13.999,14.611,14.259,15.114,14.954,15.642,17.537,16.183,17.149,16.616,18.19,18.377,19.14,17.88,17.127,14.809
15.66,17.103,17.512,17.663,16.903,16.247,15.424,14.231,12.819,12.368,11.13,10.571,10.354,10.749,10.463,10.982,10.463,11.738,12.601,12.439,11.867,12.11,11.164,12.078,11.073,10.499,10.181,8.1853,7.6091,6.1377,13.613,15.741,16.737,17.096,16.745,16.371,16.737,16.585,16.043,15.877,16.737,17.454,16.317,16.585,16.192,16.098,16.043,15.612,15.531,14.788,14.407,13.198,12.819,13.539,11.609,12.244,12.849,12.078,11.466,10.666,11.039,13.907,16.585,16.417,16.715,16.858,15.62,15.16,15.085,13.313,13.98,15.001,14.407,13.678,13.227,14.95,15.218,15.293,14.59,15.001,16.601,17.081,16.624,18.136,18.109,17.713,18.773,18.934,17.425,15.717
15.105,17.176,17.605,16.637,17.213,15.889,15.632,14.524,13.982,12.938,11.876,11.173,11.036,10.615,10.663,10.886,11.748,12.285,12.337,11.585,12.244,11.585,11.252,12.171,11.497,9.8867,10.064,9.614,7.009,6.0596,13.122,15.097,15.993,16.976,16.758,16.614,16.384,16.103,16.368,16.614,16.43,16.675,17.139,16.298,16.244,16.484,15.801,15.404,15.23,15.012,14.126,13.882,13.122,12.58,11.618,12.5,12.088,12.5,11.475,10.325,11.705,15.105,15.993,17.213,17.293,15.985,15.437,14.868,13.744,14.206,13.064,14.671,13.918,13.991,13.918,15.105,14.8,14.962,15.535,15.437,15.753,16.244,16.667,17.213,17.784,18.455,18.067,18.889,17.577,14.945
15.001,17.455,17.657,17.2,16.418,16.099,14.951,14.582,13.53,12.079,11.074,10.667,11.244,11.028,11.565,11.074,11.165,11.576,12.731,12.419,11.345,11.728,11.836,11.576,11.074,10.317,10.256,9.2447,7.9507,6.0759,13.055,15.661,16.099,16.247,16.903,16.783,16.216,16.232,16.903,16.715,16.441,17.185,17.015,16.193,15.717,15.709,15.79,14.925,15.001,14.849,14.66,13.074,13.045,12.721,12.419,12.44,12.601,12.152,11.663,9.7115,10.855,14.026,16.317,16.193,18.13,16.806,15.717,15.326,15.293,14.294,13.084,13.872,14.721,13.981,15.621,14.891,15.901,15.094,15.293,15.119,16.418,16.662,17.2,17.281,17.455,18.102,18.612,18.659,17.564,14.951
15.129,17.202,17.566,17.773,17.106,16.101,14.927,14.515,13.287,13.363,11.697,11.041,11.74,11.075,11.49,10.833,11.245,11.245,11.869,11.74,11.783,11.61,11.402,12.164,11.166,11.132,10.183,8.954,7.0407,6.1387,13.541,15.492,16.164,16.905,16.381,16.195,16.234,15.784,16.101,16.604,16.218,17.128,16.604,17.084,15.975,16.234,15.353,15.295,15.003,14.619,13.873,13.162,13.277,13.541,12.37,12.247,12.851,12.236,12.091,10.02,10.751,14.313,17.084,16.234,16.381,16.604,15.719,15.792,13.727,13.809,14.162,13.277,13.727,15.614,15.204,14.893,15.533,15.27,15.32,15.743,16.101,16.195,16.474,18.007,16.868,18.133,18.608,18.931,17.428,15.427
14.661,17.104,17.127,17.127,17.361,15.782,15.613,14.408,13.908,12.977,11.063,11.401,10.855,10.182,9.956,11.953,11.995,11.609,11.921,11.772,11.953,11.696,12.089,11.244,11.772,10.182,9.7637,8.5485,7.6758,6.5564,12.977,15.782,16.784,16.372,16.602,17.082,16.602,16.372,17.215,16.318,17.2,17.097,16.248,17.016,16.036,15.878,16.318,15.425,15.524,14.617,14.4,13.586,12.581,12.801,12.162,12.571,12.612,12.45,11.244,10.464,11.566,12.85,16.193,16.123,15.902,16.541,16.441,15.597,14.858,13.808,13.39,14.08,13.981,14.617,13.908,14.505,14.617,14.583,15.621,15.621,16.541,16.647,16.904,17.835,17.542,17.772,19.41,18.612,17.164,16.193
15.776,17.667,18.065,17.142,16.903,16.071,15.127,13.902,13.616,12.829,12.137,11.098,11.006,10.82,10.34,11.602,11.053,11.591,12.477,12.095,12.137,11.602,12.137,11.133,10.631,10.204,9.4146,8.9158,7.2155,6.4143,12.848,14.753,16.531,16.896,17.696,17.134,16.134,16.252,16.623,16.903,16.415,16.228,16.941,16.016,14.967,16.638,15.679,14.623,14.984,15.194,15.034,13.257,13.141,11.862,12.189,11.979,13.005,12.599,11.325,9.628,11.808,14.002,15.752,16.016,17.341,16.661,15.119,14.924,13.838,14.254,12.477,14.12,14.615,14.147,13.709,14.2,14.51,14.536,14.83,15.034,15.912,16.933,17.201,16.933,17.988,17.581,18.937,18.393,17.238,15.252
14.814,16.397,18.185,16.877,17.093,16.512,15.638,14.967,14.676,12.991,12.175,11.086,10.619,11.39,11.501,11.312,11.965,12.625,11.622,11.741,11.752,11.479,11.589,11.04,10.761,10.378,9.774,8.6166,7.0114,6.716,13.175,15.144,15.678,16.489,16.665,16.435,16.249,16.489,16.884,17.034,17.38,16.914,16.234,17.474,16.435,16.733,16.733,15.998,16.085,14.415,14.327,13.299,12.585,12.382,11.622,11.741,12.123,12.186,11.143,10.378,11.086,13.694,15.177,15.99,17.358,16.179,15.343,14.238,14.247,14.659,13.299,13.694,13.823,14.659,14.52,14.176,15.409,15.135,15.726,14.633,16.116,16.179,16.022,17.182,16.914,18.324,18.15,18.564,17.219,16.374
15.136,17.846,18.183,17.196,17.174,16.635,15.719,15.17,13.538,12.669,11.583,11.352,10.578,10.578,10.578,10.885,11.616,12.18,12.17,12.284,11.746,11.583,11.251,12.118,10.578,10.188,9.7175,8.4344,7.1512,6.2237,13.082,15.5,16.876,16.876,16.914,16.389,16.657,16.551,16.876,16.726,17.196,17.115,16.551,17.107,16.635,15.799,16.226,15.5,15.394,14.24,14.652,13.501,12.897,12.897,11.703,11.96,13.369,12.427,12.076,10.578,11.172,14.32,16.046,16.726,15.887,16.726,16.101,14.249,14.807,13.207,13.594,13.989,13.733,14.097,12.427,14.408,14.097,15.17,15.303,14.591,16.756,15.727,16.046,17.174,17.437,17.639,18.84,18.001,18.225,15.99
15.787,17.497,18.047,16.943,16.325,16.395,15.129,14.014,13.941,12.449,10.881,11.191,11.134,11.054,10.597,11.516,11.157,11.054,11.981,11.756,11.864,11.494,12.139,11.767,10.775,10.597,10.206,9.0726,7.442,6.0694,13.086,15.649,16.457,16.755,16.418,17.055,16.41,16.534,16.702,16.846,16.2,16.042,17.167,16.41,16.018,16.755,15.939,14.652,14.824,15.33,14.986,13.525,12.919,12.191,12.274,11.756,12.761,12.52,11.637,10.342,10.692,13.572,15.196,16.105,17.167,16.755,15.238,15.649,14.433,14.345,13.525,13.868,14.203,13.941,13.421,14.652,14.256,13.693,14.617,15.129,16.457,16.161,16.41,16.129,17.641,17.727,19.469,19.054,17.497,14.969
14.659,16.65,17.264,17.146,17.823,16.519,15.827,14.934,13.848,12.966,11.73,10.686,11.014,11.197,10.396,11.73,11.333,11.06,11.333,11.333,11.73,11.333,11.522,11.511,11.014,10.638,10.086,8.9788,6.7659,6.8592,13.083,15.137,16.138,16.945,16.764,16.465,16.588,16.24,16.907,16.519,17.012,16.65,15.835,17.25,17.124,15.787,16.294,15.827,15.787,14.353,14.012,13.456,12.607,12.648,11.773,12.648,12.916,12.124,11.805,10.698,10.602,14.048,15.69,17.064,16.114,17.064,15.163,14.659,14.12,13.625,13.266,14.012,13.4,13.532,13.569,14.763,14.625,15.163,15.129,13.948,14.659,15.47,16.488,17.708,17.367,17.542,18.666,18.218,17.614,15.763
15.8,16.907,18.474,17.64,17.611,16.242,15.752,13.953,13.688,12.376,10.662,11.496,11.703,10.662,11.081,11.172,11.172,12.118,12.18,11.747,11.385,11.081,11.79,11.352,10.803,9.9112,10.113,8.2525,7.664,6.0589,13.322,15.402,16.451,16.877,16.726,16.673,16.428,16.297,16.203,16.297,16.612,17.372,17.445,17.085,15.911,15.8,15.5,15.727,15.5,14.311,14.391,13.734,12.699,13.236,11.584,12.243,13.169,12.335,12.427,10.176,11.307,13.595,16.658,16.428,17.79,17.115,15.752,14.901,14.514,12.828,13.398,13.426,13.734,13.917,14.232,13.917,13.322,13.989,14.67,14.249,15.671,15.5,17.174,18.563,17.575,18.907,19.848,18.624,18.002,15.17
15.009,17.787,18.035,17.787,16.602,16.747,16.24,14.203,13.732,12.827,11.171,10.755,10.36,10.988,10.112,11.171,11.959,11.927,11.306,11.777,11.734,11.351,10.696,11.615,10.613,10.125,9.5722,9.0698,6.9893,6.079,12.935,15.499,16.503,16.724,16.972,16.724,16.602,16.426,16.875,16.61,17.209,17.113,16.724,17.024,15.725,16.503,16.107,15.539,15.135,15.076,15.135,13.206,13.052,12.578,12.168,12.168,12.807,12.446,11.842,10.661,10.696,14.203,15.725,15.276,17.435,16.724,15.989,15.101,14.23,14.389,14.087,13.879,14.087,13.879,12.827,14.407,14.033,14.415,14.805,15.21,16.48,16.044,16.107,16.754,18.669,18.035,19.125,18.723,17.978,16.24
15.504,17.402,17.916,17.154,16.866,17.074,15.617,14.634,13.956,12.088,11.054,11.588,11.009,11.054,11.446,11.02,10.836,11.707,11.75,11.675,12.068,11.707,11.28,11.588,10.859,10.553,10.039,8.3087,6.6968,6.3492,13.261,15.067,17.184,17.066,17.066,17.044,16.625,16.557,16.985,17.044,16.708,17.33,17.402,17.33,16.836,16.442,16.557,15.175,15.585,14.763,14.135,14.063,13.137,12.549,12.639,12.254,13.175,12.397,12.088,10.164,11.054,13.919,16.07,16.873,17.25,16.716,16.133,16.164,14.487,13.783,12.797,13.089,13.636,14.974,14.135,13.947,14.974,13.947,15.1,15.713,16.411,15.495,16.985,17.958,17.916,17.482,18.579,19.114,17.972,15.495
15.696,17.805,18.113,18.23,16.855,16.493,15.487,14.908,13.904,11.918,11.576,10.847,11.076,10.66,10.996,10.469,11.267,11.133,11.042,11.576,12.075,10.541,11.705,11.576,10.73,10.227,9.6836,8.6264,7.0196,5.4234,13.685,15.736,17.055,16.757,17.311,17.114,16.914,16.966,16.324,16.757,16.614,17.376,18.579,15.99,16.855,16.053,14.882,14.678,15.664,15.551,15.282,13.621,13.351,12.891,12.783,12.852,13.007,12.2,12.454,10.227,11.042,14.358,16.309,16.914,17.974,17.114,16.324,15.158,13.868,13.931,12.684,13.036,14.128,13.985,15.158,14.601,13.904,14.155,14.908,15.576,16.239,16.855,17.727,17.854,18.161,17.805,19.981,19.027,18.085,15.704
15.186,17.043,17.571,17.657,16.773,16.499,15.319,14.031,13.562,12.44,11.94,10.767,11.092,10.625,10.589,11.319,11.262,11.319,11.508,11.508,11.94,11.486,11.497,10.685,11.092,10.086,9.6884,7.9638,7.0694,5.8738,13.25,15.418,16.568,16.398,16.445,16.118,15.687,16.149,16.062,17.132,16.743,17.132,17.455,16.621,15.808,16.274,15.549,15.343,14.975,15.549,14.684,13.757,13.221,12.182,11.972,12.622,13.757,12.949,11.397,9.8956,11.508,14.615,15.549,16.522,17.243,17.125,16.007,15.152,13.995,15.026,13.757,13.096,13.562,14.432,14.184,14.004,14.246,15.026,15.409,14.95,15.743,15.516,16.614,17.629,17.243,17.822,18.575,19.278,17.864,15.928
14.627,17.341,18.263,17.758,16.606,16.476,15.772,14.832,13.059,13.184,11.231,11.476,10.56,10.784,10.596,11.365,11.596,11.726,11.152,11.563,11.332,11.231,11.476,11.118,11.062,9.6615,9.8938,8.3596,6.6065,5.433,13.403,15.367,16.081,17.166,15.963,16.787,16.644,15.986,17.085,17.181,16.764,17.283,16.453,17.144,15.7,17.436,16.073,15.627,15.579,14.984,14.644,13.965,13.213,12.557,12.426,12.587,13.478,13.213,11.854,10.655,11.387,14.601,16.198,16.996,17.407,16.453,15.955,15.301,14.497,14.073,12.914,13.792,14.286,14.488,14.644,14.772,15.764,14.772,15.301,15.579,16.175,16.422,16.214,15.955,17.261,17.815,19.615,18.767,18.2,15.643
15.514,17.144,18.145,17.97,17.078,16.453,15.185,15.144,13.515,12.597,12.159,10.488,11.231,11.287,10.596,11.365,11.096,11.387,11.596,11.387,11.596,11.016,12.567,11.365,10.596,10.343,10.108,9.055,7.244,5.5479,13.098,15.506,16.606,17.283,16.361,17.085,16.697,15.963,16.229,16.422,16.522,16.847,17.949,17.758,15.643,16.787,15.643,15.068,15.367,14.772,14.781,13.524,13.524,13.03,12.231,13.478,13.892,12.436,12.221,10.679,11.552,14.18,16.353,17.801,17.32,16.399,15.571,14.917,14.601,14.224,12.597,12.436,13.599,14.908,14.073,14.286,14.073,14.644,14.67,15.144,14.934,15.603,17.048,18.089,17.181,17.928,19.788,18.693,18.693,15.692
15.315,17.304,17.594,17.765,17.529,16.204,15.65,14.606,14.371,12.153,11.157,10.659,10.359,10.552,10.347,10.824,11.72,11.458,11.568,11.827,11.986,12.07,11.392,11.1,10.789,10.564,10.1,8.9463,7.419,6.296,12.811,15.257,16.274,16.794,16.703,16.703,16.635,16.703,16.726,17.348,16.589,17.202,17.114,17.114,16.703,16.703,16.181,15.414,15.282,15.116,14.65,13.53,13.798,12.919,12.682,12.652,13.52,13.045,12.08,10.847,11.458,14.65,16.406,16.951,16.846,17.069,15.108,15.191,14.502,13.724,13.53,13.379,14.502,13.715,13.074,14.283,14.606,14.606,14.606,14.94,15.083,15.633,16.612,16.406,17.326,18.012,19.232,19.622,18.012,16.459
14.933,17.757,17.579,17.471,17.319,16.995,16.197,14.669,13.598,12.476,11.152,11.464,11.118,11.287,10.305,11.231,11.453,11.231,11.854,11.231,11.768,11.152,11.061,11.061,11.015,10.737,9.661,9.0544,7.5337,6.9775,13.183,15.472,16.696,16.846,17.521,16.696,17.084,16.696,16.846,16.521,16.627,17.636,16.846,16.995,16.726,15.859,16.08,15.859,15.883,14.626,14.391,13.523,12.805,13.26,12.706,12.354,13.477,13.145,12.476,10.654,11.768,14.84,16.103,16.197,16.398,16.197,16.337,14.072,14.224,13.57,14.224,13.644,13.097,13.523,13.212,14.669,13.644,14.224,15.602,14.916,16.605,16.398,17.106,17.771,17.084,18.853,19.125,18.583,17.406,16.213
15.966,17.548,17.498,17.353,16.851,16.357,15.582,14.604,13.896,12.408,11.234,10.357,10.562,10.681,10.822,11.685,11.121,11.234,11.825,11.566,11.825,11.772,11.599,11.064,10.74,10.357,10.173,8.5997,7.1932,6.1119,12.809,15.411,16.341,15.863,16.426,16.64,16.7,16.587,16.768,17.584,16.647,16.403,17.199,15.99,15.966,16.233,15.887,15.055,15.255,15.055,14.937,14.157,13.349,12.151,13.043,13.101,13.602,13.667,11.685,11.155,11.456,14.63,15.072,16.202,17.287,16.587,16.48,14.988,14.395,14.937,13.264,12.877,14.157,13.406,13.101,14.604,14.57,14.076,14.937,16.085,16.403,16.587,15.99,17.089,17.418,18.912,19.875,19.542,18.758,16.48
15.39,17.815,17.963,17.928,16.82,16.976,15.349,14.349,14.627,12.542,11.218,10.343,10.772,10.957,10.159,12.299,11.139,10.83,12.134,12.217,12.34,12.062,11.701,11.319,11.44,11.037,9.466,8.7617,7.592,6.062,12.542,15.455,15.968,16.745,16.38,16.976,16.156,16.503,16.827,17.299,17.124,16.434,16.7,16.745,16.007,16.677,15.746,15.234,15.034,15.561,15.093,13.245,13.025,12.542,12.791,13.083,13.169,13.509,12.145,10.807,11.352,15.093,16.062,16.7,16.617,16.624,15.999,15.051,13.876,14.056,13.169,13.283,13.083,14.445,14.047,14.549,14.558,14.9,14.627,15.357,15.841,15.746,16.924,17.124,18.399,18.502,20.124,19.745,18.785,16.38
16.082,17.299,18.395,18.147,17.574,16.231,15.596,14.489,12.718,12.263,11.727,11.288,10.971,10.344,10.453,10.059,11.389,11.063,11.77,11.597,11.288,10.971,11.716,11.232,12.077,11.063,10.597,8.5838,8.2388,5.8796,13.07,15.187,16.2,16.145,16.698,16.27,16.455,16.215,15.956,16.698,16.176,16.698,18.209,16.424,17.05,15.58,15.645,15.07,14.918,15.58,14.986,13.646,13.857,13.061,12.787,13.099,13.793,12.807,12.598,10.561,11.232,14.146,15.733,17.064,17.321,16.362,15.773,14.602,13.516,13.061,12.478,12.315,14.367,13.07,13.821,13.526,14.011,13.271,14.986,15.187,16.051,15.964,16.998,18.47,18.47,19.253,20.614,19.39,19.507,16.424
15.999,17.651,17.601,17.158,16.649,16.157,15.656,14.716,13.967,12.885,11.24,11.485,11.025,10.828,11.025,10.568,11.375,11.105,11.864,12.324,11.485,11.692,11.463,11.778,11.059,10.568,10.179,9.0623,7.8683,6.3585,13.157,15.122,15.785,16.031,15.896,15.896,16.211,16.861,17.121,17.623,16.366,16.71,17.428,16.581,16.801,15.656,16.351,15.114,14.997,15.289,15.089,14.156,13.535,12.241,13.271,13.041,13.61,13.675,11.692,10.46,11.605,14.084,15.387,16.581,16.466,16.71,15.712,14.395,13.73,14.474,11.485,12.607,13.281,12.924,13.413,14.084,13.831,13.535,14.946,15.313,16.436,15.745,17.158,16.778,18.132,19.521,20.189,20.264,18.125,16.891
15.599,18.168,17.823,17.823,17.305,16.627,15.712,15.003,13.541,12.93,11.302,11.246,10.319,10.573,9.449,12.154,11.49,12.421,11.698,11.773,11.479,11.468,11.996,11.665,11.03,10.668,9.9063,9.0665,7.6105,6.4405,12.613,15.088,16.289,16.868,16.868,16.474,16.898,16.219,17.202,16.868,17.129,16.627,16.42,16.604,16.07,16.868,16.25,15.784,15.784,15.071,15.427,14.401,12.891,13.495,13.056,13.076,13.973,13.086,12.693,11.076,11.167,13.541,15.493,15.296,16.665,16.101,14.645,14.851,13.736,13.047,12.247,12.603,12.93,12.421,12.236,14.234,13.662,13.391,14.8,15.096,15.615,15.904,16.374,17.202,17.667,18.223,20.379,19.64,19.256,16.219
15.6,17.413,18.29,18.116,17.99,16.204,15.777,15.107,13.861,12.651,11.291,11.762,11.122,10.599,11.73,10.346,11.122,11.48,12.142,12.236,11.687,11.6,11.291,12.236,11.291,10.788,10.248,9.5994,8.9035,6.4346,12.561,14.99,16.77,15.96,16.89,16.702,16.89,16.428,16.428,16.642,16.702,16.89,17.842,16.482,16.573,15.96,15.413,15.769,15.511,15.115,15.339,13.797,13.189,13.064,13.151,13.064,14.229,13.303,12.602,10.599,11.6,13.407,16.18,16.634,18.338,16.024,14.58,14.939,13.576,13.52,12.602,11.719,13.189,13.275,12.79,12.602,13.576,13.714,13.529,14.939,15.968,15.968,17.002,17.326,18.116,18.29,19.232,19.1,18.961,16.589
15.774,16.737,18.163,18.295,17.118,16.115,15.653,14.79,13.801,12.814,11.16,11.16,11.069,10.052,10.361,10.115,12.083,11.034,11.603,12.362,12.083,11.766,11.947,11.603,11.16,10.052,10.052,8.7775,7.6057,6.0729,13.269,14.782,16.208,16.639,16.647,16.464,16.036,16.278,16.185,17.272,16.593,17.272,17.447,17.352,16.371,16.036,15.605,16.036,15.605,15.524,14.506,13.533,13.801,13.672,12.814,13.533,14.001,12.922,12.794,10.495,11.16,14.506,15.702,17.096,16.593,16.593,14.884,13.965,13.354,13.039,12.565,13.106,13.307,13.383,12.922,13.718,13.672,13.718,14.471,14.392,15.894,15.973,16.707,17.982,18.045,19.244,20.662,19.335,18.603,16.371
15.682,16.927,18.439,17.803,16.67,16.494,15.405,14.26,13.605,12.508,11.123,10.705,10.586,9.9695,10.033,11.316,11.625,11.493,11.259,11.482,11.625,11.394,11.625,11.316,10.381,10.27,10.332,8.9226,8.1969,6.0842,12.748,15.223,16.44,17.15,16.215,16.254,16.889,16.463,16.882,16.927,16.609,17.326,16.738,17.15,16.27,16.463,15.923,15.995,15.634,14.946,14.419,13.294,13.744,14,13.102,13.549,13.927,13.379,12.467,11.146,11.504,13.679,16.402,16.517,16.463,16.394,14.637,14.18,13.131,12.457,12.709,12.588,12.995,12.946,11.884,12.748,13.927,13.633,15.347,14.602,15.314,15.642,16.517,18.078,18.015,18.739,20.148,19.696,18.854,15.618
15.307,17.651,18.012,17.529,16.951,15.993,16.087,14.607,14.212,13.19,11.568,10.683,11.1,11.066,11.568,11.337,11.157,11.731,11.458,11.731,11.568,11.337,11.72,11.123,11.292,10.87,9.5472,8.7899,7.8651,6.5516,12.88,15.282,16.087,16.367,16.703,16.205,16.703,16.643,16.951,17.151,17.551,17.327,17.188,17.327,16.406,16.771,15.778,16.205,15.315,14.65,14.23,13.576,13.151,13.576,13.151,13.567,13.971,13.19,12.319,11.601,10.754,13.53,15.65,16.367,15.778,16.111,14.991,14.787,14.221,11.944,12.267,11.827,12.481,14.581,13.724,13.266,13.998,14.398,14.94,14.65,15.969,15.609,16.574,18.012,17.956,18.761,20.405,19.331,18.592,16.951
15.967,18.094,17.975,17.699,17.613,16.723,16.365,14.465,13.713,13.043,11.718,11.335,10.111,10.646,10.562,10.681,11.098,11.457,11.729,11.566,11.457,11.019,11.942,11.457,11.064,10.598,10.345,9.0572,8.101,7.1405,13.062,15.704,15.887,16.179,16.769,16.357,16.587,16.403,16.769,16.587,16.572,17.324,17.324,17.527,16.108,16.701,15.607,16.403,15.607,15.072,14.29,14.076,13.216,12.966,12.56,12.809,14.647,13.072,12.265,10.562,11.155,13.796,15.967,16.948,16.022,16.365,14.844,14.395,13.149,12.868,12.224,11.984,13.149,14.076,13.796,13.528,13.959,15.114,14.395,14.938,15.967,15.114,17.089,17.763,17.841,18.832,20.109,19.741,18.487,16.769
16.035,17.245,18.267,18.649,17.165,16.772,15.589,15.262,13.047,12.424,11.553,11.142,10.833,10.775,10.739,10.049,10.645,11.585,12.085,11.553,12.085,11.051,11.377,11.142,10.739,10.161,10.478,9.2259,7.7904,6.3871,13.172,14.483,15.972,16.338,16.832,16.407,17.333,16.613,16.507,17.333,16.407,16.869,17.799,16.035,16.323,15.589,15.295,15.088,15.677,15.685,15.361,13.633,13.512,13.028,12.823,13.88,14.264,13.633,12.576,10.538,11.051,14.587,15.565,17.304,17.267,16.066,15.262,14.087,12.95,13.134,12.424,12.085,13.134,12.794,13.172,14.352,13.88,13.952,14.194,15.629,16.568,15.677,18.574,18.465,18.315,19.305,20.89,20.727,18.79,15.565
16.332,17.405,17.897,17.72,16.146,16.185,15.927,14.27,12.783,12.575,11.268,10.847,11.042,10.337,10.766,10.636,11.042,11.532,11.368,11.63,12.241,11.312,11.96,11.802,11.543,11.133,10.66,9.2454,7.9279,6.6896,12.852,15.446,15.576,16.146,16.539,16.855,16.424,17.663,16.735,17.376,16.554,16.698,18.162,16.69,16.848,16.17,15.6,15.576,15.348,15.935,15.051,13.968,13.64,13.351,13.19,13.64,14.358,13.008,12.127,10.434,11.802,14.958,16.371,16.332,17.635,16.053,14.849,14.644,14.12,13.008,12.575,12.535,12.655,13.19,13.454,13.686,13.986,14.341,15.117,15.6,16.115,16.447,18.002,18.409,18.606,18.653,20.564,19.657,18.901,15.664
15.316,17.957,17.845,17.781,17.063,16.855,15.259,14.651,13.725,12.603,11.764,11.032,11.158,11.393,10.565,11.945,11.021,11.764,12.154,12.081,11.293,12.081,11.47,11.481,11.124,10.754,10.565,9.0592,7.6706,6.9812,12.081,14.991,15.739,16.591,17.086,16.735,16.591,16.361,16.651,17.444,16.583,16.704,17.653,16.361,15.731,17.004,15.962,15.602,15.084,15.867,15.779,14.213,13.19,13.152,13.521,14.151,14.222,13.826,12.319,10.648,11.828,13.577,14.915,16.583,16.461,15.586,14.779,14.651,13.409,13.484,12.237,12.88,12.841,13.219,13.104,14.503,13.381,14.151,14.16,15.117,16.237,15.771,16.43,16.892,18.209,19.023,19.572,19.829,18.436,15.602
16.156,17.322,18.262,18.096,17.322,16.156,15.284,14.48,13.083,12.299,11.274,10.83,11.452,11.106,11.049,11.003,11.583,12.083,11.14,11.755,11.809,11.015,11.925,11.463,11.015,10.584,10.854,8.9748,8.0273,6.5415,13.083,15.06,16.609,16.977,16.564,16.708,16.625,16.564,16.549,16.7,17.036,17.058,18.089,17.278,16.587,16.678,15.561,15.259,16.062,14.917,14.584,14.261,14.084,13.5,13.629,13.359,13.976,13.387,12.771,10.343,11.219,14.208,16.211,17.065,16.28,15.944,15.577,14.057,12.583,13.555,12.633,12.85,12.583,14.349,14.471,13.025,14.057,14.48,14.627,14.61,16.617,15.561,17.524,17.795,18.262,18.18,20.224,19.567,18.57,15.865
15.636,17.976,17.743,17.253,17.04,16.689,15.466,14.697,14.066,12.641,12.091,10.555,10.35,10.35,10.153,12.091,12.143,11.011,11.558,12.07,11.547,11.72,11.558,12.43,11.147,11.022,10.338,9.1616,7.9381,7.0466,12.711,15.269,15.876,15.876,16.877,16.839,16.575,17.187,17.572,17.048,17.136,17.048,16.839,16.689,16.191,16.689,16.598,15.62,15.564,15.368,15.195,13.958,13.518,13.264,13.053,13.264,13.292,13.14,12.308,10.674,11.113,14.066,15.717,16.018,17.099,16.292,15.244,14.594,13.34,13.092,11.817,13.255,13.565,13.14,12.8,13.518,14.209,14.377,13.949,15.596,16.719,16.097,16.689,17.579,18.899,18.819,20.443,19.085,18.136,15.765
15.869,18.128,17.506,18.191,17.165,15.869,16.066,14.895,14.131,12.794,11.454,11.221,10.297,10.235,10.833,10.645,11.542,11.051,11.811,11.704,12.695,12.343,12.127,11.277,11.585,10.775,11.142,9.5873,7.6764,6.8255,13.086,14.561,16.16,16.553,16.832,16.681,16.438,16.438,17.564,17.128,17.047,17.128,16.981,16.824,17.245,16.681,16.59,15.869,15.459,15.262,14.37,13.997,13.651,13.047,13.134,13.086,13.503,13.086,12.394,10.586,10.775,15.055,16.338,16.613,15.32,15.685,15.171,14.194,13.78,12.902,12.394,12.95,13.697,13.134,12.863,13.997,14.06,14.131,14.553,14.63,15.75,16.035,17.333,18.649,18.452,19.207,19.985,19.175,18.267,15.629
15.572,17.747,17.725,18.063,16.971,16.672,15.229,15.046,14.052,12.418,12.037,11.349,10.533,11,10.34,11.215,11.102,11.698,11.709,11.437,12.037,11.752,12.787,12.12,11.271,11.045,10.58,9.4632,8.5851,6.423,12.856,14.912,16.19,16.429,17.038,17.236,16.429,16.498,16.672,17.323,16.672,16.559,18.305,16.763,16.151,16.498,15.709,15.055,15.451,15.58,15.122,14.204,14.124,13.495,13.05,13.355,13.972,12.629,12.141,10.58,12.058,13.69,15.701,15.749,16.544,15.556,14.467,13.079,13.127,13.127,11.437,12.629,14.887,13.772,14.133,14.76,13.944,14.079,14.895,16.057,16.452,15.837,17.958,18.084,19.032,19.269,20.218,19.032,18.442,15.254
16.35,17.76,18.098,18.271,17.051,16.07,15.761,14.373,13.261,12.417,11.02,11.224,11.054,10.089,10.101,10.812,11.931,12.13,12.589,12.223,12.346,11.324,12.14,12.088,11.358,11.324,10.163,8.6356,7.5957,6.7529,13.05,15.365,15.761,16.835,16.625,16.753,16.865,16.257,16.388,17.632,16.715,17.596,17.76,16.093,16.685,15.495,16.038,15.753,15.568,15.713,15.291,13.252,13.654,13.261,13.175,13.515,13.946,14.09,12.548,10.588,11.814,13.393,15.873,16.187,16.564,15.175,14.617,13.709,12.797,13.252,12.223,12.826,13.883,12.826,13.137,14.063,13.783,13.783,14.974,15.753,16.442,16.164,16.932,17.972,18.077,19.218,20.002,19.601,18.511,16.342
15.927,17.367,18.865,18.111,17.654,16.606,15.275,14.568,13.154,12.193,11.537,11.428,11.45,10.147,10.135,11.002,11.093,11.206,11.912,12.204,12.111,11.912,12.777,12.569,11.093,10.725,11.037,9.7304,8.2954,6.5341,13.01,14.9,16.809,16.598,17.309,16.958,16.385,16.659,15.728,16.809,16.801,17.718,17.761,17.244,16.316,16.161,16.013,15.266,16.591,14.739,14.611,13.861,13.54,14.533,12.757,13.039,14.333,13.372,13.03,10.572,11.57,14.254,15.848,17.259,16.316,15.592,15.043,13.933,12.539,12.048,11.624,13.068,13.494,12.569,12.069,13.568,12.836,14.351,15.568,15.076,16.161,16.659,18.242,19.286,18.379,19.208,20.35,19.551,18.603,16.568
15.181,17.325,18.12,17.412,17.062,16.824,15.574,14.888,14.187,13.553,11.635,12.132,10.629,11.667,11.001,11.047,11.71,11.537,12.08,11.537,11.71,11.58,11.438,12.205,11.449,11.001,11.047,10.032,8.303,6.8225,12.58,15.256,16.56,16.553,16.454,17.032,17.121,17.157,16.824,16.817,17.054,18.086,17.054,17.613,16.764,16.56,16.377,15.622,15.671,14.624,14.346,13.627,13.243,13.691,13.08,13.08,13.497,12.896,12.215,11.317,11.838,13.384,15.181,16.277,15.743,14.855,14.346,13.051,13.874,12.63,12.143,11.71,12.389,14.364,13.774,14.65,14.187,14.65,15.622,15.289,16.083,16.704,17.238,18.661,17.52,18.855,20.22,19.061,18.62,16.176
15.863,17.17,17.411,17.265,17.302,16.7,15.958,15.411,13.932,13.043,11.984,11.653,11.018,10.74,11.334,10.752,12.068,11.728,12.057,12.099,12.65,12.162,11.653,12.099,11.566,11.456,10.357,9.057,8.2398,6.5311,12.72,15.055,16.303,16.077,16.73,16.7,17.411,17.089,17.411,17.648,17.819,17.648,16.723,17.059,17.148,16.48,17.089,15.99,15.105,15.189,15.255,14.156,13.062,13.062,13.713,13.187,13.932,12.809,12.151,10.822,10.681,13.527,14.647,14.604,16.526,14.937,14.386,13.995,13.481,11.91,12.078,11.456,12.057,12.439,13.932,12.428,13.527,14.289,13.968,15.08,16.403,16.768,17.584,17.762,17.819,19.097,20.008,19.255,18.037,15.598
16.354,17.921,18.516,17.465,16.833,16.712,15.27,14.928,13.593,12.8,11.148,11.148,11.327,11.678,11.383,11.548,11.721,12.06,12.431,12.05,12.431,12.092,12.431,12.711,11.678,11.011,10.24,9.6445,7.8587,6.8289,12.908,15.245,17.056,16.758,16.877,16.515,17.078,16.877,16.877,17.159,17.159,17.808,17.537,17.537,16.72,16.568,15.98,16.098,15.685,14.698,14.272,13.639,13.255,13.704,12.4,12.711,14.201,13.207,12.8,11.091,11.361,13.713,15.572,15.717,15.071,14.638,14.56,13.639,12.8,12.06,12.071,12.562,12.957,13.207,12.908,12.4,13.293,13.887,15.693,14.219,15.572,16.346,16.576,18.193,18.516,19.118,20.239,18.685,18.946,15.597
15.64,17.8,17.971,17.857,17.221,16.645,15.729,14.816,13.742,13.216,11.936,10.996,10.621,11.179,10.195,12.343,12.188,11.624,12.104,12.125,12.836,12.25,12.01,11.967,11.359,11.042,10.68,9.0765,7.4847,7.1202,12.993,15.087,16.622,16.492,16.668,16.392,16.759,16.804,17.103,17.118,17.477,17.236,17.148,17.383,16.064,16.492,16.827,16.182,16.024,15.113,14.635,13.603,13.889,13.631,12.506,13.244,13.742,13.302,12.597,10.892,10.082,12.384,15.346,15.801,15.238,15.02,14.816,13.061,13.09,11.936,11.503,12.26,12.905,12.167,11.58,13.547,12.677,13.603,14.24,14.311,15.681,16.917,16.492,17.339,17.339,18.872,19.238,18.471,18.737,16.213
15.447,17.346,17.881,17.488,17.545,15.968,15.495,14.452,13.401,12.461,11.291,11.058,11.466,11.838,11.002,11.627,11.953,11.974,11.994,11.627,11.963,11.994,11.963,12.056,11.236,11.192,10.267,8.4813,7.3535,6.4936,12.949,15.343,15.968,16.742,16.742,16.697,16.261,16.556,17.173,16.853,17.152,17.488,16.933,17.021,16.443,16.919,15.945,16.215,16.465,14.443,14.949,13.456,13.101,12.987,13.289,12.853,13.981,12.698,12.451,10.565,10.647,12.805,15.245,15.828,14.749,15.147,14.477,13.149,12.54,11.754,11.466,11.627,12.987,13.548,13.158,11.974,12.853,13.53,15.245,14.025,15.18,14.949,16.556,17.495,17.137,18.965,20.169,18.748,18.265,15.147
16.046,17.059,17.744,17.333,17.211,16.713,15.758,14.485,13.71,12.606,11.622,10.512,11.297,11.633,11.008,11.363,11.959,12.685,12.001,12.165,12.216,11.886,11.844,11.886,11.729,10.929,10.016,8.2933,7.3573,6.7776,12.956,15.245,16.208,16.139,16.75,16.92,16.451,16.139,16.654,16.949,16.927,17.059,17.44,16.92,16.07,16.654,15.455,15.567,15.734,14.655,14.511,13.417,13.601,13.193,12.86,13.042,13.555,12.937,12.307,10.57,10.78,13.417,14.485,15.391,14.932,14.866,14.528,13.683,12.733,12.134,11.385,11.59,12.124,13.042,13.371,13.71,12.576,13.988,14.094,14.587,15.35,15.35,16.75,17.807,17.862,18.491,19.079,18.464,18.275,15.953
15.655,17.466,18.082,17.452,16.989,16.612,15.471,14.569,14.047,13.093,10.985,11.287,10.582,10.523,10.38,11.516,11.688,11.473,11.645,12.48,11.992,11.972,12.013,12.013,10.951,10.57,10.283,9.1707,7.6305,6.349,12.717,15.039,15.774,16.582,16.102,16.879,16.454,16.34,17.423,17.026,17.544,17.452,16.724,17.402,16.286,16.469,16.225,15.471,15.876,14.543,13.976,13.697,13.008,12.95,12.32,12.825,13.169,12.979,12.32,11.019,10.71,13.797,15.488,15.261,14.881,15.097,14.267,14.284,12.747,12.065,12.776,12.969,11.645,13.008,11.677,13.86,13.569,13.569,13.207,14.179,14.474,15.876,16.461,16.945,17.077,18.137,19.268,18.883,17.316,16.086
16.071,17.317,18.419,17.834,17.491,16.604,16.336,15.075,13.891,12.912,11.906,11.23,10.841,9.6473,10.487,11.331,11.562,11.724,12.095,12.566,12.434,11.562,11.767,12.147,11.386,11.06,9.7513,8.7709,7.7965,5.7262,13.067,15.373,16.837,16.52,16.626,16.994,16.845,17.347,17.813,17.142,17.926,17.813,17.105,17.046,16.695,16.451,16.297,15.642,15.984,14.599,14.364,14.008,13.717,14.152,12.804,12.961,14.143,13.058,12.147,11.286,11.286,14.143,15.274,16.297,15.142,15.625,14.599,13.891,13.56,11.853,12.424,13.344,12.353,13.058,12.675,13.344,13.717,13.268,14.285,14.205,15.569,15.307,17.259,17.982,18.329,18.985,20.089,19.223,17.813,15.77
15.294,17.949,17.822,17.514,17.164,16.739,15.385,14.79,14.026,12.692,11.739,11.467,10.572,11.165,10.182,11.61,11.868,11.739,12.276,12.111,12.09,12.111,12.111,11.664,11.04,10.832,10.256,8.8966,7.1999,5.6893,12.88,15.718,16.441,17.164,17.215,17.456,16.716,17.127,17.715,17.514,17.779,17.514,16.372,17.434,16.472,16.784,16.495,15.662,16.037,15.086,15.002,13.661,13.39,13.54,12.692,13.314,13.587,13.577,12.85,11.109,11.345,13.161,14.858,15.094,16.099,15.613,14.618,13.54,13.54,12.722,12.85,12.821,12.821,12.572,11.029,13.276,13.055,13.726,15.385,14.382,15.597,16.005,16.663,17.836,18.353,18.714,18.687,18.775,17.514,15.79
16.025,17.81,18.502,17.272,17.41,16.672,15.556,15.286,14.362,13.354,12.203,11.751,11.079,11.751,11.921,11.665,12.387,11.665,12.058,12.568,12.407,11.837,12.203,11.708,11.633,10.999,10.155,8.5407,7.405,5.5396,13.02,15.45,16.702,16.814,17.14,17.546,16.919,16.558,17.235,17.467,17.618,18.173,17.081,17.41,16.604,17.518,16.205,16.398,16.205,14.579,14.622,13.908,12.855,13.504,12.387,13.457,13.689,13.495,12.407,11.348,10.999,13.689,15.556,16.025,15.046,15.62,15.45,12.894,13.457,12.688,12.13,11.921,12.13,14.852,13.354,13.689,13.504,13.689,13.772,14.475,15.58,16.428,16.852,18.617,17.381,18.304,19.301,19.065,17.235,16.329
15.717,17.816,18.139,17.452,17.253,16.521,15.311,14.473,13.675,13.121,11.949,11.344,11.002,10.706,10.946,12.021,12.544,11.814,12.011,11.782,12.425,11.592,11.528,11.97,10.855,10.855,10.198,9.2849,7.6028,6.0054,12.73,15.343,16.401,16.462,16.898,16.589,17,16.431,17.253,17.572,17.509,17.289,16.898,17.628,16.182,15.974,16.7,15.795,15.787,14.777,14.005,14.31,13.382,13.336,12.425,12.826,13.925,13.234,12.701,11.344,11.442,13.121,15.85,15.599,15.935,14.91,14.473,14.232,13.382,11.698,12.544,12.583,12.275,11.603,12.184,13.809,12.465,12.922,13.783,14.618,16.25,15.311,17.102,17.892,17.395,18.389,19.049,18.275,18.47,16.128
15.124,17.831,18.682,17.774,17.451,16.468,15.617,15.265,14.396,13.832,11.918,11.128,11.992,11.736,11.037,12.086,12.159,11.95,12.416,12.159,12.273,12.159,12.107,11.071,10.876,10.179,9.7612,8.8941,7.3198,6.438,13.196,15.657,16.711,17.011,17.71,17.122,17.078,17.122,17.774,17.603,17.788,17.624,16.742,17.211,16.899,17.181,16.899,15.746,15.528,15.265,14.614,13.676,13.272,13.358,12.608,13.196,13.386,13.583,12.847,10.557,10.497,13.722,15.528,14.922,15.617,15.528,15.124,14.193,13.722,11.95,12.149,12.886,12.568,13.042,12.107,13.583,12.578,13.676,13.722,15.199,14.396,16.04,16.282,17.422,17.1,17.902,18.77,18.844,16.892,15.657
15.116,18.318,18.6,18.12,16.845,17.042,15.631,15.066,13.84,13.029,12.04,10.548,11.653,11.875,10.642,11.801,11.352,11.833,12.76,12.485,11.801,12.122,11.579,11.187,11.493,10.08,9.4583,8.5646,7.35,5.2917,13.404,15.631,17.107,16.991,16.734,17.48,16.845,16.933,17.48,17.6,16.548,16.991,17.677,15.938,15.592,17.388,15.906,14.976,15.368,15.456,14.934,14.018,13.733,12.445,12.692,12.981,13.733,12.981,12.244,9.9561,10.263,13.542,14.15,15.44,15.631,14.801,13.974,13.769,13.45,13.067,11.053,12.051,12.76,12.315,12.051,13.45,13.142,12.315,14.471,14.708,15.271,16.054,16.548,16.488,18.12,17.194,18.956,18.479,18.365,15.464
16.206,17.947,18.711,18.525,16.953,16.792,15.374,14.8,13.866,12.484,11.578,11.652,11.61,10.745,10.768,10.871,11.61,11.716,12.72,11.832,12.152,12.039,11.663,11.459,11.285,10.745,10.394,8.4473,7.1269,5.6316,13.179,15.874,16.373,17.026,17.026,16.931,17.25,16.953,16.576,16.953,16.206,17.486,17.725,16.99,16.733,15.741,15.811,15.269,15.366,15.269,15.139,13.226,13.403,12.691,12.759,12.484,14.026,13.028,12.749,10.559,10.722,13.946,14.254,15.63,15.63,15.139,14.707,13.066,13.151,12.314,12.029,12.474,12.759,12.484,11.449,12.444,11.988,13.254,14.366,14.512,14.648,15.463,17.386,17.822,16.052,17.954,19.923,19.078,17.954,15.819
15.719,18.359,18.587,17.509,17.537,16.548,15.552,15.009,13.769,13.588,12.041,11.833,10.873,10.501,11.132,11.374,11.833,11.833,11.802,12.315,12.564,12.445,12.153,12.315,11.363,10.466,10.154,8.8073,7.7282,5.9945,13.404,15.504,16.307,16.926,16.933,17.013,16.697,17.013,17.195,16.926,16.548,17.259,17.678,16.638,16.69,16.031,15.821,15.116,15.624,15.067,14.851,13.478,13.067,12.112,12.721,12.924,13.542,12.943,12.051,10.068,11.02,13.588,14.238,15.821,15.821,15.876,14.445,13.067,13.478,13.143,11.132,11.802,11.833,12.245,12.325,12.692,12.564,13.697,13.597,14.776,14.742,15.05,16.496,17.338,18.587,17.678,19.054,18.845,17.956,14.976
15.524,17.848,18.205,18.433,17.77,16.776,16.185,14.714,14.927,13.078,12.167,11.658,11.295,11.604,11.16,12.444,11.069,12.444,12.606,12.084,12.575,12.485,11.734,11.862,11.126,10.015,9.6549,9.1027,7.1963,6.0523,13.279,15.286,16.594,16.594,17.961,17.096,16.708,16.896,17.763,17.36,17.556,17.177,17.36,17.007,16.594,16.708,16.092,15.286,15.589,14.994,15.212,13.58,13.222,12.971,12.922,13.673,13.58,13.58,12.414,11.069,11.069,13.487,14.576,14.994,16.372,16.029,14.073,13.902,13.58,12.794,11.571,12.444,13.107,12.27,12.971,13.307,12.27,12.606,14.234,14.082,15.319,15.581,16.738,17.155,18.604,19.073,19.073,18.92,17.556,15.286
15.552,17.885,18.22,18.193,17.947,16.811,16.182,14.771,13.999,12.898,12.45,11.693,11.555,11.47,10.941,11.965,11.523,11.437,12.179,11.34,12.42,11.351,11.351,12.179,10.896,10.62,9.8988,8.4603,7.518,6.3233,12.917,14.978,16.537,17.109,17.246,16.515,16.891,16.921,17.152,17.788,17.473,17.565,17.473,16.515,15.905,16.175,16.425,15.521,15.11,14.821,14.484,13.919,13.496,13.228,13.069,12.888,13.777,13.069,12.821,10.975,11.031,13.228,14.339,14.821,16.544,15.304,14.679,13.999,13.069,12.955,12.088,12.539,11.809,11.555,11.329,12.773,12.695,12.898,13.804,14.226,16.121,15.085,16.447,17.558,17.954,18.321,20.753,19.19,17.919,16.274
15.34,17.907,18.004,18.058,17.411,17.241,15.468,15.901,15.105,13.419,12.013,12.297,11.434,12.662,12.267,11.69,12.125,12.176,12.023,11.69,12.535,12.662,11.847,10.847,12.002,10.904,10.43,8.8428,7.3331,6.3604,12.662,15.428,16.532,16.695,16.651,17.09,16.754,17.09,17.56,17.496,17.637,17.907,17.147,17.219,16.988,17.068,16.292,15.963,15.839,14.437,14.403,13.419,12.999,13.065,12.817,12.951,13.345,13.737,12.456,11.028,10.904,13.225,15.421,14.463,15.138,15.032,14.607,13.638,12.951,11.69,12.267,11.028,11.595,13.915,12.094,12.002,12.417,13.8,12.769,14.506,14.974,15.839,15.524,16.688,17.147,18.235,19.99,18.437,18.058,15.901
16.048,18.383,18.869,18.431,17.4,17.4,16.572,15.441,14.257,13.764,11.915,12.651,11.915,11.13,11.309,10.844,11.915,12.134,12.571,11.745,12.04,11.745,11.626,12.38,11.264,10.821,9.5764,8.4025,7.7815,6.0566,13.764,15.376,17.371,17.508,17.715,17.262,16.909,16.842,17.109,17.849,17.072,18.08,18.045,17.072,16.961,16.419,16.048,15.993,15.335,15.482,15.335,13.233,12.779,13.233,12.779,13.157,14.071,13.243,12.809,11.208,10.633,13.963,14.044,15.27,16.142,14.545,13.936,13.157,12.113,12.288,11.441,11.43,12.38,11.734,11.702,12.124,12.451,12.691,14.044,14.751,14.64,15.547,17.4,17.072,17.544,18.869,19.575,19.153,18.246,15.851
16.361,17.795,18.863,18.863,17.603,16.956,16.315,15.437,14.111,13.76,12.397,12.068,13.038,11.698,11.879,11.911,11.536,11.795,11.953,12.285,12.647,11.795,11.953,12.285,10.794,10.571,10.63,8.9219,7.6326,5.7135,13.632,15.607,17.503,17.795,17.104,17.366,17.104,17.067,17.546,17.067,17.104,17.773,17.653,17.653,16.68,17.015,15.846,15.735,16.137,14.111,14.191,13.038,13.483,13.613,12.835,13.115,14.173,13.613,13.23,11.569,11.731,13.115,15.075,15.567,14.949,14.463,13.923,12.844,12.568,11.731,12.12,9.9844,11.698,13.067,12.776,11.449,11.731,12.326,12.883,13.632,14.541,15.241,16.544,17.773,18.48,17.928,20.2,19.703,19.049,15.567
15.608,18.336,17.863,17.554,17.674,17.405,15.639,15.286,14.991,14.068,12.773,11.143,10.929,12.135,11.633,12.053,12.001,11.97,12.001,12.498,12.338,11.504,11.887,11.031,10.559,10.369,10.016,9.3624,7.4747,6.4781,13.24,15.891,16.706,16.565,17.355,16.943,17.269,17.469,18.139,17.618,17.967,17.891,15.899,17.045,16.972,16.565,17.298,15.977,15.504,14.46,14.112,13.491,12.705,12.994,12.705,13.464,13.556,13.417,12.616,11.385,10.164,12.124,13.601,14.949,15.52,14.933,14.068,13.556,12.994,11.729,11.198,11.845,10.699,11.385,10.974,12.001,12.001,12.378,12.966,12.685,14.588,14.799,15.48,16.744,17.526,18.323,19.351,18.464,17.334,16.323
15.929,18.111,18.308,18.463,17.379,17.357,16.681,14.935,14.248,13.581,11.647,11.647,11.795,11.126,11.605,11.346,11.126,11.014,12.024,12.479,12.753,11.368,11.573,11.647,11.868,10.991,9.8761,8.2059,7.2445,6.1544,13.662,15.734,16.569,17.478,16.836,17.157,17.407,17.379,17.407,17.272,17.528,18.159,17.019,17.528,16.688,16.681,15.812,15.616,15.616,14.693,14.36,13.662,13.089,13.388,12.946,13.388,14.152,13.351,13.145,11.357,10.555,12.587,14.438,14.768,14.968,14.489,13.94,12.975,12.744,11.225,11.181,10.543,11.827,11.647,12.479,11.455,11.711,12.034,12.753,13.06,13.397,15.108,16.562,17.633,18.268,18.756,20.205,19.379,18.409,15.544
15.924,17.723,19.567,18.092,17.723,16.501,16.25,15.006,13.876,13.559,12.082,10.992,11.652,11.523,10.106,11.832,11.684,11.609,11.863,11.863,11.863,11.048,11.641,11.652,11.293,10.67,10.044,8.5868,7.0583,6.0923,13.705,16.295,17.469,17.035,17.525,17.21,16.969,17.688,17.304,16.837,17.174,17.646,17.469,17.152,15.632,16.777,16.417,14.956,15.31,14.551,15.015,13.623,12.832,13.015,12.347,12.948,13.392,13.129,12.478,11.082,9.496,11.863,13.768,14.551,15.862,13.768,14.508,13.577,12.347,11.779,11.16,10.529,12.478,10.588,10.576,12.061,11.403,12.327,13.632,13.101,13.867,14.747,15.408,16.74,18.311,18.473,19.624,19.207,18.03,15.632
16.468,18.651,19.401,19.091,17.625,16.625,15.947,15.149,13.55,13.037,11.996,11.5,11.359,11.359,10.566,12.333,11.004,10.924,11.955,11.671,11.996,11.671,11.553,12.373,10.958,10.365,9.7862,8.699,7.4049,5.8302,13.486,15.641,17.398,17.519,17.434,17.052,17.038,17.118,17.139,17.038,17.269,17.398,17.821,16.7,15.473,16.906,15.449,14.81,15.075,14.368,15.125,13.596,12.951,13.412,12.729,13.55,14.522,13.16,12.96,10.695,11.586,12.989,14.479,14.548,15.97,14.785,12.932,13.366,11.66,12.16,10.566,11.671,12.048,10.66,9.9621,12.048,11.359,11.965,13.777,13.291,15.207,15.345,16.744,17.038,17.856,18.597,19.774,19.091,18.369,15.751
16.066,18.355,17.723,18.117,17.87,17.277,16.493,15.138,15.006,13.838,12.483,11.987,10.95,10.961,12.028,10.87,11.799,12.12,12.242,12.12,11.799,10.721,11.372,11.185,11.129,10.916,9.917,8.9728,7.3992,5.6749,13.281,15.589,16.205,16.79,17.385,17.363,16.842,16.923,17.385,18.097,17.385,17.126,17.385,16.151,17.256,16.304,16.051,15.333,15.461,15.818,15.047,13.667,12.845,12.11,13.14,13.178,13.355,13.355,12.443,10.687,10.212,14.051,13.945,14.468,16.028,15.429,13.392,13.585,12.151,12.796,11.051,11.491,11.619,11.458,11.372,11.577,12.941,12.719,12.922,13.402,14.973,15.373,16.066,16.478,18.476,18.355,20.064,19.815,17.277,15.621
16.2,18.3,18.103,18.401,17.242,17.52,16.711,15.545,15.537,14.146,12.709,11.821,11.821,11.6,11.482,11.6,12.303,11.568,11.482,12.233,11.568,11.176,12.019,11.176,11.176,10.491,9.4623,8.8547,7.1207,6.3689,13.683,15.922,17.091,16.909,16.917,17.463,17.178,16.718,17.639,18.028,17.492,16.975,16.887,17.407,16.887,16.238,16.359,15.425,16.015,14.005,14.345,14.067,13.437,13.465,12.679,12.969,14.084,13.574,12.233,10.953,10.253,13.656,14.627,15.15,14.559,15.126,12.94,13.016,12.433,11.275,10.986,12.283,11.363,11.482,10.907,13.083,12.141,12.111,13.584,13.574,14.354,15.035,16.038,17.52,17.492,19.351,19.351,19.061,17.807,15.545
16.551,17.97,18.656,18.548,18.248,17.147,16.596,15.733,15.081,13.692,12.849,11.916,11.66,11.432,11.04,11.21,11.541,11.628,12.238,12.197,11.831,11.131,11.831,12.042,11.365,10.822,10.468,8.6248,8.1607,6.1192,13.619,16.143,17.052,17.802,17.724,17.574,17.46,17.162,17.546,18.158,17.46,17.66,18.248,17.162,17.539,16.182,16.167,15.701,15.048,15.222,14.803,13.793,13.498,12.781,13.498,13.034,14.126,13.072,12.533,11.131,10.763,14.046,14.615,16.321,15.443,14.615,13.902,12.533,11.958,11.432,11.21,11.265,11.453,11.916,11.541,12.135,12.125,13.072,13.865,13.244,15.443,14.803,16.807,16.852,17.66,18.082,20.669,18.392,17.373,15.565
16.05,18.096,17.82,18.027,17.596,16.73,15.934,15.548,14.442,13.373,11.986,11.283,11.49,11.986,10.915,12.482,11.83,12.037,12.109,11.349,11.544,10.915,11.49,11.458,11.184,10.639,10.581,8.9722,7.5314,6.236,13.177,15.934,16.921,16.987,17.722,17.638,17.362,17.19,17.312,17.362,17.276,17.125,17.673,16.249,16.249,16.841,16.371,15.364,15.588,15.372,15.332,13.666,13.28,12.978,13.177,13.064,13.52,13.801,12.442,10.721,10.721,13.438,14.972,15.137,14.972,15.226,13.765,13.474,11.661,12.037,11.05,11.129,12.442,11.955,11.371,11.965,12.292,12.591,12.718,14.156,14.355,15.5,15.934,16.424,18.116,18.414,19.556,19.512,17.589,15.372
15.824,18.386,18.785,17.626,17.31,17.533,16.531,15.848,14.611,14.246,12.688,12.649,11.428,11.657,11.7,11.57,12.049,11.527,12.049,12.028,12.408,11.538,11.34,11.128,11.262,10.795,9.7307,9.2137,7.297,6.7424,13.679,16.386,17.454,17.605,17.375,17.598,17.483,17.433,17.712,18.07,17.483,18.242,17.483,17.281,16.749,16.569,16.317,16.162,16.439,14.841,14.611,14.464,13.24,13.633,13.001,13.979,13.934,13.541,13.24,11.527,10.655,13.155,14.175,15.3,14.568,13.861,14.246,13.069,12.408,11.538,11.743,10.819,11.689,11.796,12.194,12.132,12.038,12.408,13.531,13.633,14.951,15.439,16.107,17.775,17.541,18.55,19.654,18.111,18.55,15.737
15.973,18.156,18.539,18.211,18.156,17.293,16.353,15.535,14.943,14.06,13.223,12.115,12.829,11.693,12.371,11.422,11.682,12.279,12.522,12.115,11.693,12.031,12.401,11.3,10.985,11.433,11.019,8.5149,7.2237,5.8626,13.459,16.315,17.786,16.68,17.387,17.765,17.702,17.133,18.059,17.387,17.836,18.094,17.387,18.031,17.3,17.588,16.129,15.839,15.72,15.209,14.352,14.246,13.754,13.754,13.061,13.561,13.533,13.309,12.77,11.087,10.459,13.486,15.332,14.343,14.892,14.629,12.532,13.147,12.391,11.531,11.3,10.142,11.121,12.115,11.789,11.821,12.77,12.552,13.365,13.917,14.74,15.332,15.656,17.358,18.142,18.828,19.073,19.138,17.765,16.168
16.684,18.105,18.105,18.07,18.284,17.1,16.172,15.466,15.368,14.117,13.006,12.117,11.62,12.127,10.942,12.841,11.728,11.908,11.908,11.908,11.877,11.446,12.565,12.565,11.792,11.424,10.07,8.7493,7.5147,6.0534,13.536,16.226,17.592,18.063,17.563,17.727,17.063,17.063,17.563,17.362,17.534,18.07,17.541,17.727,16.841,16.479,16.357,15.691,15.237,14.946,14.451,13.756,13.929,14.036,13.15,13.564,14.179,13.311,12.88,11.09,10.328,13.536,14.563,15.538,15.335,14.424,14.143,13.226,12.674,11.258,11.653,11.908,11.685,11.202,11.258,12.565,12.117,12.555,12.565,13.236,13.974,15.563,16.653,17.527,17.275,18.38,19.641,18.644,18.236,16.226
16.14,18.045,18.463,18.024,17.509,17.286,16.462,15.968,15.089,14.226,13.55,12.115,12.105,12.218,11.412,12.759,11.673,11.78,12.105,12.032,12.759,12.094,11.716,12.361,11.522,11.112,10.072,9.1327,8.2083,6.0264,13.66,16.023,17.905,17.694,17.751,17.373,17.772,17.257,17.235,17.884,17.286,17.023,18.402,16.34,16.34,16.584,16.116,15.221,15.968,15.417,15.547,13.842,14.022,12.759,13.222,13.77,14.719,13.914,12.671,11.022,10.78,13.022,14.88,14.88,15.539,14.88,14.436,12.671,12.431,12.105,10.64,11.022,12.115,11.896,10.699,12.361,12.381,12.361,12.512,13.742,15.417,15.279,16.779,17.481,18.375,18.578,20.323,18.598,18.079,15.458
16.23,18.54,18.783,18.288,17.716,17.308,16.322,15.469,15.215,14.12,12.844,11.569,12.12,11.427,11.438,11.569,12.12,11.911,12.567,11.911,12.775,11.73,12.109,12.047,11.953,10.535,10.33,9.2125,7.5829,5.8652,13.677,15.925,16.837,17.545,17.843,17.794,17.373,17.991,17.373,17.794,17.538,17.155,17.452,17.067,16.807,17.125,16.136,15.925,15.371,15.24,15.075,13.76,13.677,13.153,13.567,13.153,14.349,13.686,12.647,11.438,11.361,13.371,14.253,14.949,14.899,14.261,13.76,12.567,11.953,12.284,11.001,10.146,11.73,12.376,11.911,11.427,11.911,12.109,13.896,13.787,15.24,15.075,16.16,17.14,17.709,18.836,19.703,18.942,18.425,15.566
17.008,18.693,19.052,18.747,17.293,17.001,16.666,15.153,14.886,14.528,12.745,12.557,12.396,10.562,11.251,11.869,12.517,10.992,12.366,12.557,12.099,12.366,12.547,11.785,11.329,11.296,10.609,8.9143,7.6589,6.4118,14.161,16.786,17.286,17.716,17.488,17.243,17.581,17.488,17.466,17.744,17.023,17.001,17.638,17.264,16.89,16.942,16.301,15.975,16.03,15.464,14.937,13.911,13.965,14.17,12.833,13.481,14.346,14.055,12.921,11.06,10.322,14.028,14.861,15.722,13.965,14.937,13.056,11.731,11.613,10.981,10.026,11.731,11.026,10.981,10.981,12.517,11.428,11.559,13.435,14.099,14.17,14.725,16.347,17.948,18.579,18.847,20.251,19.339,18.087,16.03
16.265,18.155,18.894,18.491,18.552,17.778,16.548,15.953,15.611,14.194,13.041,12.071,11.701,11.441,11.701,12.571,12.071,12.531,12.759,12.029,12.838,12.123,11.701,11.528,11.364,10.947,9.6802,9.2012,7.5849,5.7148,13.763,16.54,17.042,17.714,17.399,17.543,17.507,17.108,17.305,17.536,17.283,17.721,17.6,17.13,16.692,17.049,16.661,15.611,15.739,15.826,15.731,13.635,13.899,12.571,13.962,13.496,13.899,13.863,12.071,10.947,10.087,13.233,14.596,15.078,14.535,13.763,13.935,11.797,11.539,11.626,11.038,11.038,11.038,11.572,11.572,11.539,11.539,12.45,12.195,14.043,14.741,14.801,16.661,16.849,18.788,18.484,19.106,18.402,18.355,16.141
15.581,18.504,18.367,18.056,18.084,17.79,16.86,15.702,15.573,14.887,13.873,11.698,11.271,12.787,11.709,12.549,12.787,12.539,12.846,12.579,12.459,12.629,11.547,10.954,11.58,11.137,10.044,8.9723,7.1286,6.5204,13.194,16.453,16.823,17.237,17.411,17.733,17.259,16.92,18.666,18.008,16.86,17.519,17.053,16.816,16.763,17.669,17.039,16.081,15.995,16.081,14.913,14.053,13.552,13.079,13.496,14.044,13.644,13.8,11.805,11.103,10.628,13.05,13.972,13.873,14.476,15.23,13.251,12.699,11.547,12.699,10.328,10.23,10.156,11.666,11.046,11.371,11.547,12.079,13.552,13.552,14.124,14.963,16.058,15.995,17.733,18.395,18.854,19.568,17.519,16.175
16.181,18.408,18.503,17.796,18.503,17.03,16.626,16.282,15.094,14.165,12.792,12.218,11.895,12.218,11.584,12.663,11.81,12.663,12.063,12.125,13.016,11.926,12.249,12.042,10.738,10.808,10.234,9.333,7.1839,6.2868,14.129,16.212,17.045,17.525,17.453,17.675,17.177,17.754,17.59,18.181,17.739,17.675,17.782,17.059,16.588,17.754,16.679,16.064,16.336,14.816,14.918,13.463,13.332,13.704,13.463,13.388,14.551,14.368,12.544,11.442,10.441,12.412,13.055,15.489,14.058,13.695,13.649,11.926,12.392,11.016,10.344,10.584,10.477,11.219,11.756,11.219,12.544,11.713,11.968,12.792,14.2,15.235,15.747,17.059,18.125,18.503,19.204,19.231,17.301,16.087
16.5,18.803,19.363,18.259,18.128,17.158,16.622,15.966,15.082,14.582,13.581,12.789,12.551,11.753,11.001,11.807,11.892,11.581,12.571,12.06,12.338,11.743,12.389,12.338,11.635,10.665,10.341,9.9948,7.8034,6.6925,13.507,16.06,17.04,17.521,17.982,17.297,17.778,17.55,17.521,16.974,17.905,17.671,16.922,17.671,16.432,17.413,17.121,16.922,16.697,15.347,14.753,14.268,13.357,14.268,12.945,13.385,14.161,13.774,12.551,11.013,11.35,13.042,14.556,15.032,15.057,14.045,13.167,13.196,11.013,10.641,10.665,10.534,10.292,9.5441,10.157,11.45,12.215,11.966,12.7,12.541,14.625,13.646,15.839,16.154,17.614,18.742,18.829,18.889,18.128,15.711
16.075,18.414,18.686,18.874,18.104,17.574,16.332,16.758,15.329,14.29,12.801,11.283,12.35,11.592,11.45,13.064,11.722,12.061,12.155,11.818,11.977,11.754,12.401,12.401,11.559,10.745,10.556,9.0935,8.0962,6.0461,13.887,16.691,17.079,17.408,18.201,17.538,16.99,17.189,17.401,17.574,17.057,17.189,17.978,16.841,16.577,16.758,16.347,15.573,15.638,16.138,15.37,14.202,13.659,13.208,13.705,13.987,14.492,13.141,12.553,10.675,10.241,13.093,14.272,14.005,14.869,14.596,13.208,12.831,11.283,11.472,10.351,11.115,10.556,10.556,10.055,10.675,11.058,11.361,11.559,13.18,14.596,15.37,16.938,17.071,17.999,18.639,19.29,18.659,17.581,15.766
16.463,18.1,18.432,18.704,18.205,17.073,16.208,16.036,14.506,13.801,12.229,12.685,12.104,11.069,10.495,11.294,11.483,11.603,12.605,12.239,12.413,11.472,11.765,12.156,11.238,10.662,10.361,8.906,7.1078,6.7055,14.401,16.114,17.425,18.219,17.677,17.294,17.705,17.118,17.155,16.798,17.655,17.826,17.118,17.826,16.639,16.707,16.41,16.224,16.208,14.392,14.224,14.019,14.082,13.718,12.97,13.533,14.189,13.383,12.575,11.238,11.034,12.27,14.506,15.483,13.865,13.718,13.038,12.083,11.483,10.977,10.566,11.733,10.361,11.159,9.483,11.023,11.125,11.238,13.048,12.685,14.884,15.774,16.578,17.981,17.648,17.812,19.952,18.535,18.163,16.707
16.816,18.056,19.295,19.353,18.056,17.804,17.44,15.551,15.486,13.867,12.534,11.801,13.074,12.89,11.575,12.24,11.801,11.694,12.684,12.116,12.332,11.575,12.383,11.629,11.041,10.469,9.8503,9.2448,7.9273,6.4207,13.5,16.114,17.541,17.491,17.113,17.375,17.577,16.846,17.404,17.804,17.149,18.167,17.973,17.317,16.553,17.404,16.169,16.446,15.339,15.306,14.47,13.685,14.119,13.246,13.5,13.794,14.047,13.574,12.332,11.041,10.433,12.383,15.339,15.567,13.867,13.985,12.574,12.812,11.132,11.367,11.076,10.027,10.823,11.444,10.659,11.433,11.007,11.311,13.867,13.378,14.19,15.224,16.598,17.054,17.804,18.793,19.834,19.701,17.853,15.116
16.19,18.647,18.485,17.708,17.501,17.772,17.065,16.313,15.565,14.898,13.066,12.775,12.067,11.535,11.687,11.622,12.646,12.119,12.526,12.067,12.129,11.697,12.232,12.046,11.448,11.26,10.034,9.1982,7.8428,6.4167,14.26,15.821,17.065,17.139,17.961,17.715,17.277,16.843,17.623,17.961,17.277,17.48,17.758,17.036,17.451,16.565,16.686,16.104,15.589,15.541,15.948,14.565,14.19,13.114,13.63,13.566,13.822,13.37,12.526,11.304,10.33,12.566,14.11,15.264,16.042,14.539,13.152,13.066,12.232,12.067,10.653,10.071,10.723,10.57,10.943,11.825,12.119,11.697,12.526,13.463,14.531,15.239,15.565,16.656,18.211,19.08,19.496,20.142,17.102,14.539
16.532,17.916,18.467,18.696,18.413,17.641,16.714,15.969,14.522,14.181,13.029,12.438,11.561,11.331,11.253,10.982,11.903,12.112,12.874,12.225,12.678,12.06,13.02,12.519,11.722,11.419,10.646,9.1379,8.2587,6.3341,14.057,16.403,17.361,18.555,18.055,17.584,17.697,17.033,17.747,16.833,17.612,17.93,17.209,17.831,16.578,16.472,16.833,15.914,16.472,15.23,14.889,13.668,13.967,14.787,13.173,13.474,14.531,13.913,12.549,10.994,10.994,13.258,15.811,14.728,14.889,15.156,13.53,12.529,12.112,10.623,10.717,11.197,11.419,10.563,9.6322,11.561,11.43,12.368,13.22,13.305,14.796,15.361,15.977,17.055,18.062,18.365,19.002,18.426,17.747,15.328
16.287,18.937,19.174,19.154,18.12,17.765,16.501,15.452,15.346,14.542,12.507,11.933,12.596,11.342,12.182,11.186,11.43,12.182,12.089,12.656,12.754,12.182,11.891,12.754,11.408,10.636,10.612,9.1836,7.9098,6.5034,14.22,15.709,17.743,17.623,18.072,17.337,17.016,17.687,17.038,17.701,17.516,17.687,19.017,16.994,17.452,16.772,16.569,15.411,15.961,16.203,15.709,14.15,13.8,13.544,13.8,14.043,14.713,13.292,12.264,10.446,10.6,12.754,14.404,14.229,15.709,15.05,13.873,12.305,11.891,12.182,10.517,11.074,11.408,10.694,10.983,10.776,11.242,11.419,12.862,13.609,15.637,15.008,17.272,17.912,17.729,18.394,19.714,18.516,17.452,15.581
16.405,18.21,18.699,18.879,18.34,17.035,16.999,15.726,14.865,13.969,13.485,12.521,12.369,12.278,11.681,12.876,12.227,11.788,12.44,12.02,12.4,12.03,12.124,12.278,12.319,11.255,10.529,8.514,7.9188,6.335,13.336,16.352,17.529,18.21,17.7,17.385,17.364,17.211,17.058,18.058,17.013,18.037,18.064,17.035,17.035,16.947,16.588,15.686,15.29,15.916,15.141,14.341,14.446,13.364,13.852,13.532,14.236,13.78,12.278,11.086,11.03,12.769,14.524,14.891,14.661,14.236,13.606,12.925,11.562,11.649,9.8397,11.199,10.938,11.82,10.811,11.255,11.692,11.681,13.26,14.032,14.832,15.558,16.648,16.678,17.643,18.388,18.591,19.532,17.248,15.158
16.16,18.541,19.767,19.048,17.886,17.773,17.045,16.315,15.066,14.173,13.029,12.834,12.776,11.261,11.953,12.037,12.068,11.536,12.407,12.538,13.115,12.026,12.756,12.568,11.126,10.33,9.8451,9.2399,8.1573,6.378,13.896,16.567,17.243,18.384,17.773,17.481,17.14,17.531,17.015,17.71,16.956,17.71,18.709,17.045,17.366,16.567,16.315,16.16,16.544,15.822,15.735,14.349,14.12,13.315,13.493,13.315,14.454,13.067,12.13,10.63,10.318,13.067,13.567,15.075,14.332,14.04,13.483,12.687,11.427,11.525,10.33,10.134,10.427,10.134,10.944,10.63,11.525,12.047,12.687,13.923,14.592,15.15,16.657,17.104,17.717,17.717,19.773,18.89,17.14,15.075
16.096,18.46,18.136,18.514,17.996,17.827,16.936,15.764,16.065,14.91,12.561,11.72,12.591,12.956,12.399,13.034,12.348,12.551,12.591,11.933,12.591,11.677,11.933,11.763,11.547,11.448,9.8889,8.6664,7.6632,6.0453,13.564,16.19,16.575,17.099,17.564,17.628,16.839,17.535,18.101,18.198,17.94,17.311,17.311,17.311,16.869,17.333,16.876,15.955,15.069,15.587,15.876,14.003,13.785,12.799,13.264,13.518,13.657,13.254,12.215,11.056,10.337,12.641,13.396,14.594,14.376,14.2,12.858,12.561,12.43,12.561,10.041,10.59,11.382,10.732,10.24,11.022,11.448,11.147,12.907,12.671,14.867,15.069,16.688,17.077,18.191,18.322,18.514,18.575,17.135,14.825
16.183,18.296,19.09,19.09,18.054,18.075,16.49,15.549,14.46,13.683,13.159,12.073,12.781,12.573,12.208,12.382,12.125,12.533,12.938,12.623,12.762,12.573,12.239,12.208,11.574,11.344,10.822,8.7552,7.5198,6.0367,13.983,15.932,17.25,17.971,17.802,17.015,17.074,16.964,16.536,17.724,16.964,17.781,17.971,17.51,16.912,17.286,16.49,16.198,16.144,14.956,15.156,14.259,13.938,13.619,14.179,13.188,13.902,13.929,12.042,10.845,10.286,12.331,13.619,14.744,15.28,13.498,13.498,11.958,12.198,11.366,11.075,10.995,12.042,11.541,10.764,11.454,11.454,11.454,12.682,13.902,14.744,15.305,16.574,17.402,17.023,17.781,18.951,18.603,17.894,15.272
16.042,18.6,18.546,18.066,17.961,17.961,16.955,16.843,15.821,14.737,12.686,12.526,11.568,11.878,12.232,12.536,13.152,12.566,13.228,12.686,12.646,13.008,12.324,12.566,12.046,11.035,10.133,9.677,7.8268,6.3379,13.566,16.678,16.843,17.102,17.065,16.806,17.102,17.014,17.715,17.757,17.48,18.239,17.036,18.424,17.006,17.065,17.364,16.034,15.947,15.032,14.531,14.039,13.463,13.538,13.114,13.037,13.759,13.685,12.119,10.989,9.8697,13.612,15.073,13.859,13.491,13.786,13.676,12.774,12.526,11.204,11.426,11.697,10.146,10.33,11.035,11.697,11.069,11.697,12.536,12.774,14.565,15.589,17.065,17.139,17.884,18.62,19.047,18.6,17.306,15.329
16.043,18.157,19.277,19.042,17.963,17.257,16.8,16.437,15.542,14.532,13.067,12.233,12.068,12.775,12.047,13.067,12.284,12.527,12.537,12.756,12.567,11.953,12.396,12.202,11.826,11.623,10.318,8.9217,8.1572,5.6692,14.111,16.299,16.844,17.22,17.394,17.502,17.279,17.125,17.125,17.928,17.502,17.452,18.709,17.73,15.925,17.045,16.657,15.566,15.735,15.437,15.166,13.823,14.066,13.115,13.613,13.492,14.349,13.76,12.233,10.63,10.712,13.182,13.896,14.949,14.592,14.111,12.647,12.567,12.406,11.536,10.427,11.205,11.536,10.535,10.535,12.284,11.001,11.911,12.932,13.371,15.339,15.542,15.606,17.22,17.709,18.648,18.54,19.277,17.14,14.738
16.351,19.038,19.273,18.899,18.557,18.147,16.798,16.67,16.034,14.789,13.363,13.06,12.68,12.123,11.904,12.103,12.52,11.873,13.002,13.231,13.146,12.369,11.692,12.061,12.03,11.254,10.753,9.5286,7.9186,6.5298,13.438,16.057,17.094,17.493,17.981,17.833,17.643,17.057,17.557,18.064,17.557,17.721,17.536,17.356,17.298,16.946,17.298,16.374,16.374,15.533,14.797,14.42,13.438,13.624,12.768,13.485,13.969,13.476,12.185,11.42,10.016,12.369,14.601,14.941,13.852,14.165,13.06,12.04,11.199,10.938,10.079,11.199,10.718,10.706,9.0285,11.442,11.431,11.442,13.146,13.485,13.485,15.008,15.718,17.116,17.269,18.699,19.557,18.879,16.798,15.256
16.292,19.017,19.284,19.01,18.943,17.707,17.231,16.471,15.626,14.566,13.622,13.818,13.154,13.154,13.594,12.688,12.567,12.738,13.471,12.648,12.898,12.688,12.648,11.94,11.647,11.369,10.862,9.1064,7.9187,6.6542,14.066,16.541,18.22,17.7,17.879,17.562,17.408,17.822,17.887,17.714,17.62,18.464,18.526,18.283,17.408,17.231,16.817,16.703,16.518,15.312,14.776,14.39,13.892,14.601,13.366,13.818,14.39,13.613,12.799,11.47,10.732,12.236,14.309,14.566,13.622,13.613,14.309,12.236,12.025,11.559,10.862,10.43,9.9653,11.199,11.13,11.095,11.13,11.447,12.152,13.594,14.68,15.486,16.197,17.006,18.135,18.276,19.937,18.554,18.213,15.585
16.591,18.821,19.164,20.027,18.626,17.744,17.243,16.123,15.359,14.337,13.62,12.833,12.315,12.666,12.824,11.689,12.223,12.607,12.921,12.182,12.824,11.559,13.142,12.527,12.517,11.083,10.935,9.2321,7.6589,6.4118,14.099,15.553,17.695,17.702,18.059,17.588,17.126,16.711,16.823,18.135,16.823,17.702,18.626,17.702,17.517,16.643,16.146,16.162,15.904,15.833,15.285,14.099,14.135,13.675,13.481,13.947,14.861,13.018,11.943,10.562,9.6308,13.027,13.947,15.326,14.241,13.435,12.557,12.666,10.992,11.296,11.439,10.076,10.785,9.6308,10.026,10.831,10.808,11.646,12.099,13.218,15.062,14.554,16.831,17.913,17.488,18.087,19.686,18.606,17.053,15.203
17.013,18.852,19.691,19.331,18.057,18.099,17.232,16.557,15.971,14.558,12.827,13.174,12.827,12.061,12.55,11.562,12.369,11.692,13.146,12.61,13.107,12.56,12.44,12.876,11.254,11.029,10.128,9.8648,8.1526,6.1947,13.852,16.519,17.493,17.706,17.385,17.247,17.298,17.585,17.094,17.614,17.642,17.706,18.799,17.557,17.493,17.116,16.351,15.363,16.151,15.813,16.127,13.669,14.446,14.244,13.107,13.531,14.032,13.222,12.113,10.324,9.9785,12.827,14.112,15.058,14.138,14.174,13.605,11.354,11.616,11.12,10.624,10.984,11.198,10.141,9.6333,10.312,10.457,10.753,11.904,12.992,13.623,14.865,16.22,17.385,17.211,18.591,19.325,19.037,17.035,15.232
16.899,18.379,19.128,19.075,18.884,18.392,17.497,15.841,15.658,14.631,13.263,13.063,12.044,12.116,12.064,12.033,12.403,12.534,12.752,12.524,12.403,12.524,12.752,13.063,11.684,11.089,10.327,9.2097,7.7767,6.376,13.755,16.652,18.096,17.711,17.368,17.425,17.252,17.12,17.497,17.425,17.252,18.535,18.152,17.59,16.682,17.647,17.062,16.652,16.742,15.236,15.145,14.945,13.488,14.458,13.235,13.973,13.855,13.609,12.996,11.021,10.327,12.524,13.563,14.178,14.605,13.263,12.928,12.564,11.357,11.123,10.65,10.814,10.756,10.46,9.5179,10.987,10.52,10.721,12.772,13.235,13.783,13.673,15.841,16.839,17.711,17.003,19.453,18.703,17.725,15.07
16.692,18.895,19.574,19.88,18.43,18.383,17.145,16.571,15.278,15.071,12.838,12.69,12.451,12.04,11.883,12.051,12.38,12.4,12.651,12.779,12.531,12.04,12.051,12.779,11.659,11.883,10.538,8.7681,7.6511,6.7248,14.177,16.18,17.799,17.4,17.629,17.05,17.05,17.284,17.536,17.996,17.378,17.721,18.485,17.16,17.601,16.594,16.388,16.662,15.93,15.699,15.302,14.467,13.927,13.981,13.764,13.571,13.864,13.496,12.531,10.947,10.333,12.935,13.347,14.614,13.791,14.186,13.071,12.071,12.288,10.657,11.073,11.364,10.075,9.6285,9.2424,10.149,11.264,10.993,12.571,12.38,13.496,14.801,16.18,16.961,17.543,17.849,18.895,18.654,17.658,14.545
16.554,18.839,19.21,19.111,18.508,18.096,17.48,16.683,15.591,15.264,13.25,12.587,12.426,12.637,11.445,12.252,12.416,12.252,12.707,12.252,12.707,11.972,12.416,11.898,11.587,10.48,10.038,8.6638,8.1081,6.6012,13.514,16.325,17.167,17.801,18.248,17.328,17.269,17.328,17.68,17.422,17.68,18.019,17.306,17.042,16.834,17.48,16.683,16.005,15.631,15.615,15.09,14.555,14.195,13.881,13.288,13.25,13.56,13.25,12.396,11.053,9.8604,12.795,13.087,13.945,14.133,13.881,13.634,11.972,12.304,11.053,10.646,11.007,10.587,9.7448,10.162,10.15,10.347,11.041,12.087,13.202,13.653,14.692,16.463,17.071,17.393,18.13,18.186,18.939,17.093,15.591
16.388,19.113,19.601,18.794,18.653,18.51,17.169,16.564,16.342,14.591,13.562,13.06,12.777,12.057,12.346,12.797,13.251,12.223,12.578,12.417,12.397,12.213,11.718,12.046,11.446,11.111,10.648,9.6418,7.1866,6.1269,13.846,16.511,17.249,17.424,17.044,17.532,17.073,16.984,17.746,17.654,16.873,17.532,18.271,17.746,16.828,17.132,16.984,16.388,15.873,15.952,15.041,14.452,14.373,13.709,13.251,14,13.955,13.204,12.13,10.648,9.8614,12.668,13.515,13.7,13.982,13.515,13.089,12.088,11.088,11.054,11.054,10.299,9.55,10.299,9.5235,10.73,10.553,11.28,12.578,12.698,13.919,14.452,15.568,16.835,17.424,17.76,19.001,18.894,16.715,14.694
15.975,18.82,19.533,18.471,19.065,18.369,16.583,16.515,15.975,15.682,14.108,13.018,12.833,13.228,13.256,13.332,12.386,12.794,12.517,12.794,12.192,12.547,12.517,11.678,11.613,11.688,10.703,9.2049,7.9164,6.5088,13.332,16.123,16.591,17.38,16.89,17.264,16.89,17.358,17.976,17.779,17.779,18.335,16.711,17.758,17.581,17.466,16.643,15.998,16.37,14.886,14.346,14.45,14.028,13.602,13.62,13.171,13.911,13.675,12.765,10.609,10.526,12.315,15.02,14.734,14.346,14.597,13.481,13.056,12.182,11.196,11.296,9.8749,10.322,11.785,10.014,9.8368,11.196,11.439,11.559,13.332,14.241,14.32,14.937,16.831,17.264,18.225,19.584,18.532,16.793,15.594
16.328,19.14,18.715,18.383,18.789,18.294,17.658,16.048,15.93,15.079,13.497,12.848,12.562,13.013,11.745,12.691,13.157,12.572,12.78,12.531,12.072,12.072,12.134,12.289,11.208,11.005,10.526,9.2019,7.2293,6.2808,13.691,16.693,17.021,17.131,17.658,17.573,17.4,17.551,17.722,17.551,18.486,17.658,16.366,17.722,16.602,17.146,17.379,16.42,16.266,15.336,15.046,14.354,14.044,13.272,12.809,13.617,14.195,13.864,12.531,11.309,10.633,13.013,13.764,14.187,14.116,14.044,13.013,12.113,13.234,11.264,10.797,10.993,10.334,10.15,9.6419,11.13,10.716,11.691,12.4,12.78,14.266,15.046,16.42,16.142,17.05,18.246,18.246,18.294,17.379,15.046
16.996,19.133,20.151,19.901,19.035,17.751,17.352,17.003,15.236,14.574,13.79,12.997,13.083,12.537,11.702,13.207,12.173,12.295,12.497,12.527,12.997,12.537,12.744,12.852,11.099,11.508,10.733,9.7058,7.998,6.5176,14.147,16.12,18.002,17.751,18.023,17.388,17.438,17.098,17.237,18.196,17.237,18.065,17.919,16.275,16.275,17.098,16.275,15.807,16.275,15.696,15.625,14.702,14.077,13.898,13.58,13.598,14.077,13.46,12.744,11.54,10.545,12.295,14.862,14.077,14.702,13.121,13.506,12.744,12.162,11.333,10.01,10.257,11.009,9.9975,9.7058,11.278,10.814,11.099,11.797,13.006,15.552,14.531,16.397,16.863,17.919,18.576,18.823,19.205,17.215,14.837
17.117,19.388,19.676,19.434,19.282,18.238,17.668,16.754,15.996,14.704,13.76,13.364,13.132,12.349,11.906,12.442,13.76,13.123,12.646,12.676,12.797,12.493,12.514,12.349,12.151,10.826,10.719,9.7301,8.2964,7.2426,13.89,16.723,17.42,18.572,17.82,17.899,17.712,17.169,17.705,17.884,18.21,17.899,16.7,17.884,16.639,17.117,17.206,16.639,16.746,15.517,14.937,14.73,14.316,13.991,13.62,14.397,13.816,13.469,12.646,11.546,10.416,14.064,14.877,14.98,15.023,13.991,14.316,13.152,12.024,11.197,10.18,10.562,11.232,10.167,9.5442,11.367,10.428,11.106,11.678,12.493,13.89,15.014,16.076,17.442,17.004,18.28,19.368,19.048,17.927,16.195
16.755,18.956,19.781,18.32,18.989,18.989,17.225,17.05,16.264,16.21,14.418,13.404,12.338,12.338,12.736,13.226,13.497,12.578,12.794,12.647,12.488,12.578,12.408,11.489,12.368,11.758,10.585,9.5958,7.6415,7.0998,13.571,15.876,16.695,16.992,18.293,17.569,17.225,16.962,17.907,19.022,18.163,17.448,17.319,17.247,18.293,17.087,17.05,16.125,15.638,15.962,15.421,13.916,13.45,13.198,13.744,13.853,13.853,13.635,12.03,10.784,10.807,12.246,13.45,14.903,14.217,14.383,12.765,12.843,12.488,12.154,11.226,10.115,9.6477,10.502,10.003,9.8524,11.27,11.619,12.338,12.988,14.305,15.028,16.086,16.538,16.903,18.851,18.982,19.276,17.477,15.193
16.583,18.699,19.256,19.256,18.963,17.987,17.317,16.961,16.226,14.974,14.18,13.311,12.748,12.826,13.506,12.351,12.98,12.719,13.616,12.472,13.123,12.472,12.138,12.777,12.472,11.077,11.517,9.3195,8.466,6.6557,13.726,16.288,17.223,17.63,17.883,17.353,17.202,17.353,17.63,18.083,18.083,18.083,17.68,16.732,17.574,16.762,16.732,16.188,15.971,15.4,15.657,14.74,14.294,13.726,13.283,13.432,14.285,13.432,12.511,11.155,10.089,12.341,14.18,14.198,15.854,15.585,13.506,12.719,12.561,11.288,10.524,9.1579,10.895,10.952,10.606,10.488,11.485,11.376,12.719,13.834,14.198,14.949,15.775,16.515,17.694,18.159,19.481,18.626,18.083,15.262
16.119,18.993,19.468,19.448,18.921,18.595,17.671,17.097,16.188,14.7,13.337,14.084,13.196,12.365,12.802,12.365,13.034,12.812,12.812,13.196,12.645,12.294,12.645,12.967,11.881,11.398,11.008,9.5491,8.2736,6.4977,13.643,16.065,17.199,17.235,17.728,17.213,17.264,17.728,17.213,18.338,17.487,17.35,18.303,16.562,16.994,16.342,16.15,16.765,15.885,15.947,15.127,13.824,14.004,13.897,13.578,13.897,15.028,13.449,12.496,10.603,10.544,13.643,14.075,15.003,14.572,14.632,13.196,12.536,11.669,11.008,10.544,10.292,10.591,10.292,10.108,10.508,10.508,11.277,11.796,12.585,13.788,14.995,17.322,17.001,17.686,18.166,19.229,19,17.023,14.322
16.742,18.805,20.675,19.289,19.501,18.178,17.045,17.306,15.489,14.831,13.493,12.712,12.574,13.297,12.191,12.643,12.761,12.242,13.022,12.354,13.022,12.839,12.761,12.334,11.69,12.089,11.032,9.6058,7.6227,6.492,14.542,16.266,17.67,17.929,16.986,17.421,17.249,16.979,17.22,16.75,17.845,17.901,17.22,17.866,16.381,16.51,16.259,15.988,15.925,14.491,14.831,14.491,14.516,15.015,13.437,13.983,14.585,13.585,12.965,11.388,10.593,12.8,15.056,14.99,14.072,14.063,13.776,13.022,11.701,11.529,10.952,10.986,10.391,9.3292,9.5407,10.998,10.998,12.006,11.985,12.732,14.125,15.286,15.988,18.04,17.096,18.585,20.1,18.538,17.471,15.489
16.277,18.72,19.473,19.524,18.866,18.383,17.239,16.917,16.069,15.238,14.008,13.085,13.008,12.746,12.746,13.462,12.815,12.746,12.98,12.618,13.152,12.419,12.509,11.714,12.257,11.542,11.335,9.7073,8.2454,6.9635,13.34,16.4,17.218,16.619,17.732,17.355,17.491,16.917,17.268,18.383,17.555,17.239,17.718,16.642,16.917,17.355,16.559,16.138,15.651,15.507,15.975,13.415,14.576,13.209,14.079,14.008,14.008,13.891,12.348,10.976,10.439,12.539,13.864,14.999,14.43,13.462,13.209,12.092,11.714,11.499,10.258,10.606,10.258,10.197,10.919,10.547,10.307,10.976,11.767,13.891,15.181,14.982,16.323,16.976,17.101,19.025,19.005,18.599,17.754,15.205
16.763,19.018,19.465,19.465,19.651,18.733,17.499,16.317,16.117,15.565,14.029,13.08,12.534,12.8,12.293,12.742,12.965,12.364,13.032,13.336,13.032,11.397,12.524,12.643,12.17,11.506,11.006,9.8571,8.3179,6.9431,14.109,16.613,17.197,17.726,17.233,17.327,16.97,17.327,16.97,17.747,17.943,17.915,16.613,17.915,16.793,16.523,16.643,16.561,16.317,15.002,14.842,14.003,13.823,15.068,13.118,14.502,14.153,13.457,12.643,11.763,9.9955,12.524,15.068,15.035,13.307,14.003,13.118,12.252,11.506,10.107,9.9202,10.008,9.9202,9.6133,9.0513,10.625,11.04,11.667,12.036,12.8,14.8,15.613,16.613,16.978,17.499,18.302,18.84,19.311,18.192,15.068
17.433,18.279,20.634,19.489,19.356,18.042,17.768,17.07,15.389,14.712,13.61,13.781,13.123,12.925,12.51,13.123,12.791,12.743,12.858,13.346,13.086,12.192,12.262,12.51,11.906,11.823,10.642,9.4175,8.5276,6.9392,14.578,16.122,17.712,17.912,17.58,16.882,17.65,16.721,16.772,16.349,17.091,17.405,16.86,16.662,16.137,15.861,16.506,15.931,16.954,15.001,15.269,14.098,14.578,14.194,13.61,13.807,14.306,13.337,13.226,11.215,11.083,12.549,14.578,14.578,13.392,13.529,12.705,11.303,10.608,10.7,9.624,10.218,9.7633,9.4045,7.946,11.571,9.9132,10.17,11.4,13.01,14.383,14.737,16.543,17.184,17.12,18.042,19.28,18.658,17.601,15.099
17.458,19.053,20.242,19.493,19.033,18.112,17.558,16.615,16.002,14.844,14.004,13.825,13.725,13.205,12.496,12.006,13.12,13.034,12.743,12.506,12.743,12.496,13.43,12.585,12.089,11.701,11.277,8.8429,8.2434,6.7245,13.924,16.189,17.798,17.097,18.194,17.235,17.387,17.235,17.714,17.665,17.082,17.665,18.379,16.441,17.322,16.026,16.645,16.065,16.396,15.782,15.695,14.313,13.643,13.752,14.313,14.075,14.296,13.995,12.615,11.042,10.256,12.996,13.495,14.322,14.004,13.505,12.724,12.038,10.697,11.008,9.8961,9.2164,9.6144,8.5411,8.5557,9.9966,10.108,10.974,12.017,12.526,14.391,13.861,16.342,17.235,18.735,18.433,19.653,19.493,18.194,15.687
14.922,16.755,17.344,17.228,17.267,16.236,15.563,14.568,14.374,13.3,12.34,11.671,11.808,11.299,11.999,11.797,11.486,10.765,11.797,10.765,11.797,12.033,11.346,11.299,10.765,10.347,9.7609,8.3416,7.2426,6.3148,12.34,14.522,15.083,15.64,15.528,15.836,15.657,15.215,15.937,15.355,15.563,15.528,16.203,14.814,15.038,15.002,15.002,14.632,13.968,13.901,13.977,12.85,12.427,12.523,11.943,12.209,13.087,12.176,10.998,9.539,9.7609,11.393,11.943,12.512,13.189,11.451,10.802,11.191,10.045,9.539,8.0311,8.3416,8.3577,8.0974,8.8097,8.8552,9.5109,9.8428,11.071,11.486,12.85,12.974,14.65,15.144,15.937,16.236,17.267,16.563,15.503,13.22
17.33,19.303,19.814,20.158,19.322,18.798,17.87,16.104,15.979,14.536,12.983,13.212,12.661,12.749,12.351,12.351,12.542,12.651,12.3,12.857,12.973,11.77,12.779,13.126,11.887,11.238,11.013,10.001,8.2776,6.8017,13.795,16.01,17.723,17.807,17.002,17.737,17.032,16.988,17.032,17.33,17.01,17.694,17.01,17.737,16.563,16.495,16.51,16.196,16.803,15.077,14.868,14.011,14.502,14.579,13.126,13.539,14.868,14.32,13.002,11.599,10.126,12.749,14.985,14.536,14.536,13.126,13.002,12.3,10.772,10.309,9.3955,11.103,10.261,9.5145,8.5452,10.406,10.113,11.315,12.012,12.043,14.639,14.536,16.127,17.737,18.003,18.509,19.451,19.042,18.442,15.703
17.025,19.494,20.019,19.411,19.774,18.549,18.023,16.616,15.568,14.505,13.431,13.006,12.744,12.038,12.172,11.923,12.851,12.09,12.812,12.967,13.197,12.346,12.526,12.744,12.038,11.042,10.293,9.0113,8.06,6.4013,14.156,16.282,17.842,18.393,17.459,16.766,16.914,16.616,17.003,17.083,17.003,17.388,17.236,16.758,17.112,16.397,16.12,16.003,16.684,15.399,15.203,14.296,14.633,14.209,13.726,14.147,14.769,14.217,12.744,11.177,10.305,13.121,15.26,14.573,13.653,13.459,12.655,11.669,11.008,10.963,9.5498,9.7055,10.195,10.121,9.0113,10.509,10.627,10.509,12.744,12.536,15.203,15.029,16.796,17.75,18.555,18.555,19.597,19.411,17.918,16.556
17.342,19.128,20.409,19.996,18.752,18.491,18.383,17.015,15.607,14.522,13.424,13.027,12.893,12.489,13.027,12.795,12.489,12.717,12.999,12.737,12.529,12.409,12.529,12.409,11.501,10.396,10.761,9.8151,8.1325,6.3192,13.818,16.956,17.571,17.908,17.74,17.248,17.052,16.964,16.629,17.226,16.311,17.542,17.656,17.205,16.554,17.015,16.18,15.519,16.478,15.679,15.029,14.306,14.761,14.548,13.636,14.218,14.565,13.881,12.999,11.171,10.911,13.142,15.103,14.752,14.024,13.442,12.499,11.392,10.68,9.9915,9.0062,9.5965,9.3329,10.299,10.299,10.598,10.116,11.534,13.189,13.645,14.384,15.679,16.793,17.873,17.428,17.936,20.537,19.643,17.908,15.284
16.991,19.507,20.136,19.893,19.087,18.381,17.597,17.05,15.993,15.677,14.067,13.301,13.329,12.607,12.735,12.337,12.488,13.026,12.843,12.765,13.14,12.735,12.647,12.368,11.532,11.651,10.725,9.491,7.6249,6.0151,13.915,16.109,17.788,17.54,17.851,17.318,17.101,16.635,17.013,17.086,17.013,16.969,17.547,16.263,16.991,15.961,16.537,16.431,16.086,15.796,15.875,14.102,14.076,13.915,14.076,13.644,14.304,13.78,12.843,10.597,9.9153,13.45,14.521,13.644,14.902,14.521,12.607,12.009,10.955,11.17,9.699,9.5434,9.9153,10.102,10.286,10.286,11.391,11.916,12.246,13.996,15.168,15.638,16.605,16.332,17.872,18.724,19.507,19.295,17.597,15.638
15.414,17.245,17.658,17.673,17.575,16.87,16.051,14.687,14.036,13.562,12.917,11.714,11.554,10.9,10.985,11.884,11.332,11.414,11.714,11.554,11.472,10.961,10.752,10.961,10.961,9.8307,9.3147,8.7837,7.3071,5.5649,12.614,14.504,15.02,15.714,15.205,15.501,15.414,14.904,15.301,15.509,15.196,14.796,15.74,14.705,14.365,15.205,14.477,14.55,14.559,14.055,14.587,12.709,12.917,11.611,12.782,12.614,12.782,12.282,11.178,9.7077,9.4992,11.782,12.282,13.414,13.153,12.444,10.985,10.538,9.3147,9.3576,8.0709,8.8443,9.4851,9.7077,9.8713,9.611,9.5273,10.398,11.332,11.437,12.948,14.705,14.356,14.913,15.951,15.74,16.925,17.537,15.544,13.173
17.411,19.465,20.088,21.057,19.567,18.734,17.646,17.035,15.496,14.679,13.921,13.439,12.567,12.397,12.154,12.507,12.626,12.754,13.101,13.186,12.626,12.185,12.957,13.177,11.989,11.49,11.216,9.6003,7.7961,6.6588,14.292,16.538,17.995,18.092,17.433,17.468,17.152,16.999,16.5,16.999,17.582,17.702,17.035,16.999,16.072,16.111,16.095,16.111,16.531,15.155,15.416,14.534,14.551,14.78,13.867,14.205,14.839,14.275,13.513,11.49,11.381,13.867,14.611,14.839,13.485,14.055,13.705,11.863,10.957,9.8057,8.9976,10.587,9.5352,8.9976,8.5286,10.716,10.9,11.905,12.725,13.101,14.117,15.089,16.837,18.085,17.702,18.037,19.439,18.52,18.037,14.679
17.074,19.627,19.747,19.384,18.975,18.711,17.97,16.957,16.48,14.842,13.515,13.292,12.959,12.979,12.707,13.487,12.785,12.638,13.017,12.479,12.95,12.628,12.278,12.628,11.492,11.083,11.317,9.2043,8.3677,6.6598,13.986,16.005,17.414,17.414,17.074,17.306,17.074,17.213,17.556,17.191,17.435,17.528,17.213,17.435,17.306,16.839,16.743,16.593,16.78,15.856,15.272,15.091,14.057,14.476,13.478,14.119,14.553,13.707,12.727,11.383,10.495,12.479,14.407,14.536,14.892,13.487,12.707,12.022,11.653,10.53,10.242,9.6922,9.8326,10.279,10.033,10.718,10.577,11.405,12.756,13.707,14.975,16.098,16.075,17.089,17.998,18.04,19.008,18.57,17.535,15.28
17.585,19.608,20.329,19.666,19.293,19.054,18.379,16.936,16.509,15.847,13.595,12.873,12.623,12.471,12.378,13.167,13.473,12.653,13.595,13.167,12.981,13.167,12.784,12.542,11.613,12.327,11.074,9.7123,7.5738,6.7365,14.441,16.731,17.256,18.205,17.701,17.866,17.175,17.498,17.679,17.909,17.672,17.498,16.67,17.498,17.256,17.44,16.784,16.784,16.716,15.489,15.357,14.704,14.468,14.084,13.782,14.219,14.538,14.147,12.633,11.777,11.29,12.873,15.012,14.677,14.299,13.108,12.653,11.82,11.82,10.06,10.409,9.9201,10.098,10.149,9.0323,11.29,11.177,11.347,13.473,13.445,14.361,15.967,16.299,17.614,17.44,18.524,19.333,19.924,17.894,15.967
16.966,19.519,20.016,20.629,19.57,19.461,17.888,17.236,17.054,15.405,13.436,13.287,13.06,13.098,12.722,12.722,13.287,13.012,13.098,12.984,13.06,12.565,12.781,12.069,13.06,11.52,10.795,9.3755,8.0462,6.4871,13.62,16.528,17.032,16.996,17.72,17.3,17.083,16.996,17.494,17.293,18.026,16.996,16.162,17.458,16.767,16.467,17.293,16.996,16.369,15.267,14.978,13.901,13.901,14.298,13.436,14.123,14.676,13.436,12.594,11.83,10.479,12.752,14.394,14.008,14.123,13.436,13.629,12.722,11.214,10.898,9.8419,10.03,10.384,9.2012,9.4942,10.944,11.52,11.488,12.475,13.174,14.289,15.012,15.851,16.885,17.853,18.544,18.402,18.704,18.033,15.882
17.53,18.739,20.099,19.749,19.386,18.532,17.65,16.504,15.676,14.985,13.772,13.488,13.808,12.52,13.442,12.6,12.639,13.18,13.132,13.104,13.708,12.6,13.217,13.626,12.157,11.384,11.654,9.693,8.0651,6.6604,14.093,16.076,17.586,17.65,17.643,17.214,16.781,16.951,16.353,16.892,16.781,17.076,17.861,17.214,16.504,16.253,16.482,15.889,16.482,15.983,15.508,14.138,14.199,13.58,13.808,13.987,14.486,13.293,13.442,10.994,11.028,13.265,13.808,14.058,15.018,13.488,13.488,12.48,11.579,10.243,8.9859,9.286,9.9468,10.531,10.613,10.034,10.994,11.579,12.6,12.96,14.682,14.691,16.617,17.236,17.387,19.075,19.95,19.01,17.501,15.787
17.325,19.566,20.371,19.963,18.687,18.547,17.525,16.095,16.164,15.277,14.551,13.768,13.014,12.477,13.392,12.831,13.186,13.1,12.976,13.261,13.261,13.186,13.129,12.357,12.517,11.832,10.957,9.4957,8.0629,6.5644,13.804,16.249,16.976,17.151,18.029,17.325,17.582,16.462,16.976,17.525,17.432,17.638,17.995,16.523,17.325,16.59,16.072,16.164,15.504,15.978,15.664,14.404,14.125,13.438,13.84,13.631,14.404,14.116,12.957,11.293,10.669,13.129,14.063,14.678,13.317,14.09,12.947,11.651,11.381,10.528,9.6904,9.6904,10.277,9.8054,10.179,10.24,11.025,11.651,12.567,12.783,14.054,14.274,16.836,16.969,17.638,18.794,19.813,19.103,18.473,15.624
17.008,20.087,20.436,19.913,19.248,18.909,18.118,16.92,16.587,15.734,14.278,13.417,13.61,12.307,12.468,12.378,13.601,13.268,13.683,13.165,13.683,12.994,12.704,13.156,11.97,12.063,11.198,9.6753,7.7518,6.5541,13.961,16.269,17.505,16.972,17.298,16.751,16.706,16.504,17.045,17.554,16.92,16.861,17.695,16.452,17.045,15.828,16.564,16.292,16.101,16.231,15.383,14.347,13.683,13.296,13.961,13.782,14.269,13.845,12.965,11.142,10.571,13.268,14.656,14.485,15.18,13.818,13.417,12.458,10.652,11.142,8.9833,8.8299,10.369,9.7901,10.09,11.03,11.665,11.813,12.937,13.961,15.351,14.79,16.81,16.751,17.967,19.073,19.637,19.04,17.863,16.224
17.108,20.35,20.866,20.381,19.642,19.218,17.91,17.46,15.977,15.6,13.279,13.543,13.496,12.931,12.176,13.728,12.804,12.614,13.875,13.617,13.164,13.164,13.393,13.058,12.248,12.279,11.612,9.9074,8.2493,7.0056,14.173,16.606,17.783,18.232,17.597,17.219,17.204,17.131,16.72,16.598,17.431,17.167,16.75,17.219,16.22,16.72,16.476,16.59,16.606,15.881,15.624,14.724,13.984,14.306,13.682,14.092,14.385,13.839,13.317,11.303,10.574,13.738,15.005,14.621,14.403,13.202,13.317,11.998,10.658,10.357,9.247,10.61,10.072,8.9551,9.247,11.247,11.774,11.247,13.543,14.861,15.322,15.745,16.59,17.91,18.114,19.013,20.081,19.719,18.135,15.624
17.151,19.429,20.001,19.448,18.753,17.852,18.285,17.607,16.199,15.47,13.846,13.529,13.148,13.101,12.045,14.086,13.4,12.948,13.072,13.186,13.409,13.233,13.072,13.547,12.45,12.045,10.774,9.9727,8.51,7.2512,13.602,16.962,17.6,17.266,16.962,17.685,16.427,16.94,17.151,17.65,16.998,17.115,17.664,16.962,17.02,17.02,16.577,15.725,16.26,16.442,15.51,14.477,14.156,13.186,13.837,14.059,14.261,14.086,12.127,10.968,10.658,13.261,13.891,13.593,13.547,12.48,12.599,11.465,11.465,10.267,9.9602,9.1829,9.9727,10.267,10.267,10.922,11.378,12.035,12.45,14.647,15.566,15.944,16.962,17.136,17.201,19.933,19.771,19.883,18.433,16.577
17.667,19.682,21.155,20.16,19.352,18.219,17.973,17.242,15.99,14.792,14.01,13.387,13.442,13.725,12.935,12.935,12.478,12.684,13.534,13.35,13.396,12.974,13.761,13.442,12.033,11.604,11.794,10.448,8.4578,6.4868,14.072,16.365,17.604,18.158,17.356,17.184,17.003,16.478,16.894,16.916,16.894,18.089,17.378,17.526,16.144,17.27,16.561,15.928,16.724,15.447,15.189,14.488,14.255,14.967,13.144,14.325,15.447,14.462,13.172,11.279,9.9503,13.275,14.641,14.081,14.045,13.088,12.684,11.951,10.577,9.4659,10.257,9.5051,9.66,10.495,10.257,9.9503,10,11.345,13.966,13.387,14.959,15.041,16.198,17.8,17.834,19.32,20.759,19.204,18.649,15.156
17.663,19.931,20.121,20.203,20.045,18.982,18.179,17.44,16.222,15.626,14.031,13.498,13.079,13.684,13.28,12.736,13.29,12.825,13.29,13.204,13.544,12.894,13.28,12.726,12.424,12.114,11.404,10.503,8.2961,6.7112,14.316,16.105,17.088,17.462,17.548,17.191,17.548,16.864,17.103,17.081,18.29,17.955,17.206,17.72,17.11,17.663,16.909,17.11,16.721,15.787,15.39,14.794,13.665,14.622,13.088,13.877,14.307,13.73,13.29,11.732,10.694,12.894,13.591,14.237,14.666,13.422,12.696,12.332,11.078,10.37,8.9984,8.1266,9.767,10.185,10.503,9.715,11.044,12.576,13.28,13.665,14.939,15.626,16.721,17.169,17.912,19.155,20.083,19.534,18.283,16.105
17.669,18.882,20.419,20.033,19.684,19.045,18.651,17.272,15.922,15.497,14.438,13.023,13.471,13.249,11.605,12.793,13.663,13.277,13.825,13.879,13.798,12.754,13.59,13.581,12.598,11.616,11.712,9.9142,8.4442,7.2448,14.074,16.269,17.33,18.085,16.918,17.472,17.38,16.925,17.308,17.136,17.308,16.689,16.837,17.592,16.63,16.45,16.63,16.54,17.02,15.553,15.166,14.507,13.762,14.464,13.388,13.581,14.464,13.146,12.449,11.573,11.048,13.398,14.643,13.663,13.69,13.174,12.841,11.983,11.616,9.5062,9.1749,10.063,10.014,8.6898,7.9768,11.281,11.455,11.281,12.598,14.082,15.133,15.545,16.45,17.975,18.16,19.361,20.255,18.908,18.697,16.046
17.205,19.964,19.682,19.656,19.123,18.861,18.073,17.32,16.036,15.37,13.701,13.435,12.514,13.257,12.394,13.314,13.285,13.435,13.619,12.789,13.628,13.628,12.973,12.789,12.272,11.573,10.943,9.6878,7.889,6.6568,14.296,16.533,17.577,17.52,17.697,17.406,16.728,16.772,17.427,16.728,17.64,16.942,16.765,16.735,16.091,16.412,16.518,16.518,16.252,15.232,14.885,14.392,13.554,14.13,13.481,13.764,14.547,13.863,13.173,11.078,10.525,12.75,13.701,13.435,14.121,13.059,12.779,12.484,10.584,10.177,9.6878,9.8281,9.3211,9.9038,9.173,10.418,10.525,11.078,12.394,13.472,15.524,14.977,16.935,17.492,18.024,19.688,19.864,19.376,18.522,16.473
17.691,19.224,20.45,20.28,19.385,18.76,18.44,16.946,15.856,14.946,13.743,12.963,13.077,12.613,12.122,12.731,12.613,13.414,13.19,13.265,13.293,13.162,13.552,12.304,12.05,11.555,11.361,9.1592,8.6001,6.4765,14.37,16.266,17.963,17.838,17.803,17.207,16.946,16.387,16.266,17.026,16.946,17.026,17.824,17.207,15.95,16.968,16.44,16.22,16.44,15.516,15.476,14.448,14.456,14.161,13.46,14.109,14.754,13.368,13.265,11.371,10.509,12.924,14.161,14.266,13.237,13.265,12.544,11.295,10.474,9.518,9.0226,9.2669,9.7879,10.088,9.8637,9.9763,10.592,12.613,12.76,13.779,14.37,15.644,17.351,18.931,18.7,18.971,20.954,20.107,18.859,15.516
17.506,20.236,20.359,20.236,19.461,18.937,18.337,17.442,16.225,14.983,14.113,13.194,13.166,12.498,12.548,12.458,12.617,12.995,13.081,13.157,13.882,12.957,13.157,13.611,12.135,11.473,11.473,9.676,8.249,6.7045,14.095,15.892,17.335,17.968,17.009,16.811,17.184,16.232,16.715,16.752,17.184,17.619,16.922,17.442,16.811,16.715,15.923,16.102,16.944,15.473,14.792,14.095,13.747,14.486,13.783,13.989,14.8,14.095,13.372,11.462,10.735,12.548,13.684,14.279,13.109,12.338,12.458,11.634,10.465,8.8727,9.676,9.1618,10.091,9.0938,8.0355,10.929,10.884,11.761,12.617,13.39,14.958,16.596,17.47,19.028,17.47,19.639,20.811,19.236,18.337,16.566
17.791,19.366,20.315,19.696,19.765,18.482,18.04,17.539,15.885,15.72,14.643,13.182,13.396,12.954,11.494,13.144,12.945,12.916,13.229,13.359,13.406,12.693,13.598,13.544,12.155,11.949,11.188,9.3541,7.4846,7.351,14.17,15.877,17.283,17.196,17.167,17.189,17.131,17.11,16.729,16.795,17.131,16.617,17.418,16.795,16.209,17.03,16.309,16.033,16.125,15.94,15.506,14.152,13.949,14.099,13.442,13.452,15.232,14.055,12.447,11.188,10.561,12.595,13.842,13.806,14.575,13.396,12.487,10.503,10.748,10.215,9.4595,9.1532,10.069,9.5767,8.4491,10.998,10.919,11.959,13.03,14.515,15.877,15.963,17.616,18.448,19.128,19.84,20.654,19.727,18.421,16.209
17.456,19.209,20.114,19.534,19.388,19.125,18.74,17.364,16.99,15.602,14.68,13.162,13.049,12.438,12.577,13.569,12.781,13.237,13.505,13.377,13.929,13.377,12.935,13.377,12.935,12.83,11.477,10.38,8.0928,6.7618,13.678,16.048,16.873,17.513,17.236,17.485,17.106,16.101,17.314,16.91,17.257,17.019,16.704,17.005,16.526,17.314,16.413,16.186,16.593,16.009,15.315,14.008,13.578,13.524,13.813,13.866,14.008,13.578,13.162,11.477,10.903,13.209,14.061,14.218,13.849,13.849,12.468,11.817,10.903,9.7924,9.4977,8.7952,10.14,10.487,10.903,10.948,11.336,12.674,13.813,14.149,15.721,16.466,17.456,18.454,18.474,19.496,19.591,19.414,17.786,15.939
17.57,19.439,20.43,20.002,20.235,18.441,18.089,17.57,16.18,15.041,13.817,13.646,13.232,12.572,12.582,13.007,12.93,13.007,13.418,13.353,13.427,13.045,12.93,13.817,12.777,11.813,11.729,10.05,7.7786,6.4795,14.065,16.668,17.897,18.198,17.759,17.165,16.705,16.705,16.52,16.904,16.816,17.78,17.45,17.57,16.43,16.407,16.52,16.407,16.279,15.438,15.114,14.489,14.144,14.231,13.673,14.003,14.624,13.709,13.26,11.267,10.944,12.464,14.126,15.309,12.921,13.232,12.513,10.635,10.944,9.5462,10.05,9.337,10.448,8.8061,9.2439,10.854,10.91,12.274,14.03,14.03,15.597,16.347,17.78,18.707,19.021,18.989,20.574,20.033,18.448,15.597
17.098,20.03,20.427,19.556,18.678,18.986,18.284,17.419,16.405,15.689,14.063,13.743,13.379,12.775,12.541,13.043,13.644,12.668,13.815,13.499,13.37,12.929,13.425,13.259,12.668,11.727,11.439,9.9997,8.4617,6.9208,13.815,16.246,17.419,17.391,17.624,17.134,16.703,16.39,16.405,17.076,16.696,17.455,18.284,16.923,17.162,16.45,16.703,16.185,16.45,16.517,15.169,14.229,14.915,13.517,13.379,14.054,14.774,14.341,12.9,11.331,10.541,13.128,13.644,14.715,14.341,13.425,12.462,10.943,11.525,10.244,9.5578,9.8379,10.943,10.195,9.5965,10.622,11.589,11.811,13.806,14.47,15.137,16.246,17.448,18.331,18.412,19.09,20.763,19.48,18.331,15.412
17.531,20.258,19.856,19.601,19.926,18.632,18.132,17.682,16.865,15.761,14.59,13.137,12.427,13.635,13.031,14.063,13.289,13.251,13.782,13.654,13.7,13.654,13.782,13.088,12.223,11.588,11.717,10.151,8.7657,7.1864,13.654,16.326,17.168,17.802,17.402,17.823,16.984,17.329,17.271,17.653,17.132,17.653,17.51,17.307,17.132,18.104,17.132,15.975,16.069,15.681,15.632,14.659,14.276,13.654,13.81,14.063,14.59,13.561,13.175,11.717,10.237,13.393,13.365,13.7,14.196,13.505,12.638,11.054,11.144,11.357,9.0485,9.9628,10.151,9.8867,10.347,11.717,11.144,12.212,13.088,14.974,16.186,16.556,17.823,17.823,18.894,19.581,20.326,19.08,18.069,15.943
16.97,19.466,20.016,20.016,19.422,18.311,18.047,17.372,15.702,15.544,14.296,13.323,12.891,13.37,12.081,13.912,13.938,13.416,13.983,12.996,14.434,13.033,13.062,13.118,12.91,12.173,11.235,9.8934,8.5715,7.1093,13.507,16.166,16.684,17.611,17.464,17.681,16.999,16.911,17.386,17.569,17.386,17.208,17.882,17.293,16.333,17.765,16.75,16.013,15.78,16.265,15.78,14.604,13.734,13.507,13.734,14.201,14.434,14.053,12.948,11.334,10.557,12.659,13.443,13.769,14.201,13.553,12.334,12.173,11.103,10.845,9.2361,9.1557,10.626,10.474,10.521,10.661,11.938,12.443,12.891,14.671,16.97,16.333,17.799,18.122,19.712,19.102,19.109,19.774,17.632,15.449
17.468,19.679,19.792,20.266,19.471,18.873,17.914,17.39,16.17,15.901,14.403,13.986,13.915,12.769,12.574,13.037,13.419,12.297,13.419,14.065,13.446,13.037,13.906,12.999,13.065,11.584,12.002,10.044,8.8427,6.9709,13.665,16.216,17.24,17.347,17.996,17.347,16.695,16.988,16.886,16.974,17.104,17.44,17.907,17.552,16.457,16.915,16.952,15.595,15.032,15.587,15.706,14.437,14.021,13.565,13.995,14.3,14.767,13.51,12.456,11.161,10.617,12.416,13.51,12.913,14.222,14.065,11.93,11.595,11.93,10.559,9.1579,8.6737,10.442,9.592,10.892,10.994,12.012,12.094,13.835,14.883,15.87,16.216,18.847,18.722,19.325,19.107,19.667,18.801,18.557,15.235
17.113,19.273,19.852,20.098,19.381,18.302,18.37,17.228,16.565,15.584,15.094,13.905,13.482,13.354,12.407,13.363,13.501,13.103,13.501,13.363,13.243,13.215,13.546,14.037,12.989,12.653,11.838,9.9383,8.437,7.4609,13.727,15.694,17.561,17.335,17.142,16.683,17.113,16.94,16.742,17.206,17.135,17.673,16.99,17.37,16.43,16.498,16.646,16.639,15.982,14.93,14.427,14.125,13.985,13.976,13.103,13.555,15.184,14.393,12.885,11.952,11.629,12.258,13.932,14.046,13.985,12.989,12.989,12.407,11.252,9.9383,10.231,10.434,10.327,10.231,10.122,11.317,12.565,12.328,13.546,14.889,16.646,16.257,17.455,18.898,18.898,19.514,20.402,19.633,17.399,15.765
17.361,19.917,20.62,19.651,19.214,19.511,18.403,17.511,16.989,16.012,14.163,13.651,13.317,13.127,13.586,13.438,14.012,13.796,14.012,13.512,14.225,13.512,13.586,13.512,13.013,12.503,12.024,10.2,8.848,7.6503,13.95,16.625,17.245,17.561,17.245,17.361,17.245,16.982,17.497,18.032,17.011,17.928,17.872,17.223,17.618,17.033,17.187,15.957,16.496,16.557,15.696,14.581,14.092,13.466,13.733,13.95,14.092,14.092,13.041,11.183,10.443,13.241,14.012,13.932,13.733,14.538,13.54,11.675,11.003,10.633,9.2217,9.8511,10.065,9.8257,10.31,10.597,12.086,13.42,15.045,15.012,16.496,16.812,18.074,18.565,19.318,19.651,20.813,20.104,18.585,15.632
16.56,20.015,20.134,19.99,19.509,19.611,17.622,17.622,17.249,15.699,15.048,13.872,13.348,14.307,13.348,14.157,13.836,13.469,13.736,12.909,14.228,13.515,13.543,14.166,13.159,12.355,11.241,10.505,8.7361,7.5201,14.324,16.132,17.343,17.472,18.181,18.071,17.191,17.037,17.515,17.742,18.015,17.364,18.015,17.364,16.815,17.472,17.096,16.628,16.294,16.355,15.699,14.584,14.324,13.469,13.935,14.541,14.814,14.166,12.375,11.319,11.016,13.206,13.654,13.663,13.836,13.044,12.109,11.185,11.667,10.798,8.9063,9.6221,9.5568,11.407,10.552,11.418,12.171,13.206,13.736,14.848,16.286,17.501,17.876,19.048,18.616,19.566,21.015,19.146,18.119,15.66
17.926,19.166,20.405,20.158,19.814,19.244,18.36,17.265,16.653,15.51,14.868,14.082,13.511,13.088,13.211,13.126,13.731,13.831,13.903,13.585,14.161,12.66,13.731,14.232,13.464,12.749,12.501,10.442,8.8469,7.5175,14.328,16.509,17.466,17.502,18.064,17.337,17.105,17.221,17.272,18.03,17.002,17.588,18.603,17.119,17.395,16.555,16.623,16.157,16.555,16.01,15.813,14.223,14.424,13.731,13.831,14.011,15.01,13.867,13.001,10.979,10.549,12.808,14.433,14.918,13.202,13.001,11.886,11.663,10.608,9.9259,10.309,10.125,10.113,10.406,9.1798,11.545,12.905,12.66,13.731,14.562,16.81,16.81,18.93,19.528,19.509,19.984,21.274,19.528,17.736,15.892
17.707,20.559,20.387,20.443,19.091,19.137,18.592,17.529,16.406,15.142,14.739,14.628,13.67,14.184,12.838,14.113,13.308,13.223,14.42,13.439,13.78,13.232,13.624,14.032,13.06,12.925,11.905,9.7246,8.2144,6.5875,13.889,16.596,17.644,18.155,17.982,17.933,17.212,17.131,16.596,17.644,17.146,17.764,18.203,17.443,16.152,16.649,16.352,15.55,15.909,15.917,15.98,14.342,14.446,13.108,13.925,13.853,15.009,14.351,13.031,11.255,11.421,12.551,14.104,13.679,14.237,13.022,12.124,11.199,10.141,10.624,8.8608,9.0706,10.325,10.613,10.067,11.355,11.53,12.4,14.032,15.583,16.535,17.058,18.141,18.632,19.333,19.346,20.735,19.635,18.531,15.323
17.05,19.722,20.531,20.616,19.259,19.082,18.791,17.028,16.94,15.91,14.783,13.963,13.909,13.479,13.216,14.053,13.47,13.516,14.177,13.664,14.318,13.963,13.433,14.106,13.169,12.435,11.719,10.62,8.3318,7.0085,13.81,16.467,17.635,17.635,17.756,17.742,17.514,17.378,17.435,17.586,17.378,17.521,18.084,17.586,17.021,17.486,16.821,15.807,15.719,16.051,15.591,14.526,14.159,13.516,13.846,14.159,14.552,14.168,13.054,11.815,10.933,13.216,13.054,14.097,13.302,13.526,12.056,11.115,10.56,10.417,9.6294,9.2308,9.0249,10.979,10.525,10.783,10.525,13.302,14.595,15.225,15.68,17.226,18.05,18.057,19.44,19.722,20.137,19.836,18.091,16.306
16.929,19.918,21.536,20.537,19.792,18.355,18.619,17.857,16.81,15.638,14.612,14.151,14.335,12.657,12.101,13.443,13.017,13.443,14.017,14.509,13.508,13.838,14.044,13.91,14.089,12.657,12.427,10.613,8.7373,6.5804,14.612,16.457,18.184,18.073,17.475,17.01,16.631,17.01,16.929,17.251,17.113,18.129,17.403,17.934,16.041,16.411,16.289,15.412,16.289,14.714,15.306,14.159,14.239,13.874,13.61,13.901,15.142,14.509,13.471,11.343,11.604,12.911,14.774,15.517,13.218,13.471,12.356,11.669,10.204,10.302,9.8547,10.601,10.13,10.314,9.4396,10.972,11.637,13.208,13.765,14.543,15.517,17.018,18.592,19.659,18.733,19.518,21.519,20.168,18.572,15.892
17.513,19.375,19.795,20.423,19.12,19.235,16.943,17.173,16.339,15.506,13.798,13.984,13.087,13.03,11.981,13.529,13.161,13.52,14.184,14.167,13.949,13.002,13.905,13.772,13.115,12.413,11.743,10.018,9.1335,7.0921,14.184,16.907,18.03,18.03,17.722,17.569,17.058,17.08,17.08,17.022,17.252,17.942,17.527,17.344,16.293,16.651,16.225,15.554,15.92,15.098,14.577,14.288,14.097,14.635,13.736,13.529,14.727,14.019,13.383,10.864,10.998,11.306,14.399,13.763,13.291,12.86,12.502,12.254,10.307,9.5279,9.3983,10.601,10.402,10.716,9.9067,11.436,11.23,13.03,14.019,14.568,16.398,17.23,18.613,19.595,19.056,20.206,20.668,19.627,18.672,15.974
18.11,19.954,19.55,19.904,20.123,19.032,18.573,17.86,17.234,16.28,15.201,14.39,13.28,13.411,12.585,14.145,13.642,13.896,13.824,13.033,13.724,13.724,12.742,13.195,13.495,12.495,11.232,10.108,8.1973,7.156,14.207,16.912,17.35,16.964,17.607,18.02,17.839,16.501,17.748,18.302,17.671,17.895,17.11,17.797,17.096,17.212,17.081,16.341,16.614,15.225,14.529,14.074,13.724,14.312,13.724,14.425,14.312,14.571,12.995,12.293,10.916,13.448,14.977,13.531,13.308,13.119,12.742,11.625,11.88,9.6527,10.291,10.602,9.5486,10.543,9.483,12.202,12.975,14.416,14.136,14.91,16.682,17.493,18.062,18.35,19.305,19.917,19.518,20.296,17.727,16.272
15.196,17.544,17.905,17.838,17.368,17.175,16.412,15.849,14.795,13.786,13.04,12.411,12.062,12.496,12.062,12.194,11.378,11.714,11.984,12.051,12.666,12.496,12.421,12.496,12.062,11.782,10.346,8.599,7.6284,6.3067,12.782,15.196,15.414,16.017,15.815,15.637,15.414,15.534,15.344,15.509,15.62,16.042,15.257,15.543,14.983,15.362,14.549,14.623,15.196,14.112,13.864,12.782,12.507,12.917,12.062,12.411,13.172,12.666,11.553,10.333,9.8708,11.437,13.172,12.834,11.656,12.248,11.284,10.19,10.651,8.4107,9.3143,8.599,9.3143,9.9784,9.9248,10.294,10.862,11.553,12.917,13.334,14.613,15.414,16.606,17.268,16.734,17.913,17.845,17.544,16.444,14.411
17.652,19.396,20.283,20.552,19.454,19.396,18.987,17.596,15.929,16.053,14.851,14.207,14.407,13.587,13.523,12.715,13.495,13.44,14.562,13.887,14.065,13.44,14.021,13.779,13.025,12.958,11.401,10.537,8.5934,7.0105,14.519,16.361,18.009,17.737,18.481,17.446,17.446,17.252,17.446,17.425,17.539,18.106,18.662,17.048,16.753,16.208,16.361,15.516,15.991,16.085,15.795,14.303,14.519,14.215,14.312,13.587,15.492,13.587,13.523,11.499,10.002,13.187,14.851,14.303,15.676,13.449,12.734,11.09,10.537,10.966,10.429,9.1828,11.65,10.678,10.805,11.224,12.527,12.958,14.545,15.427,16.603,16.536,18.009,19.759,19.215,19.885,19.791,19.505,17.567,14.69
15.349,17.161,18.061,18.252,17.583,17.583,16.648,16.037,15.349,14.316,13.717,13.422,12.75,12.937,12.433,11.704,11.918,12.433,11.874,12.052,12.39,12.184,12.561,12.698,11.544,11.544,11.048,8.8216,7.8122,6.9261,12.571,14.783,16.325,15.726,16.406,15.802,15.113,15.735,15.496,15.701,15.565,15.735,16.037,15.007,15.183,14.611,13.775,13.9,14.176,13.9,13.775,12.75,12.771,12.603,12.561,12.433,13.462,12.486,12.041,10.182,9.519,11.601,11.974,12.476,12.823,12.401,11.772,10.951,10.453,9.4205,8.1625,8.7761,9.8628,9.3067,9.9703,10.389,11.12,11.783,12.75,13.717,15.253,15.675,16.471,17.161,17.192,16.808,18.713,16.855,15.192,13.511
17.393,19.588,21.12,20.309,19.484,19.647,18.718,18.34,16.638,16.523,14.689,14.444,14.444,14.835,13.722,14.347,13.582,14.07,13.086,14.356,14.214,13.878,14.214,14.07,13.722,13.125,11.613,10.605,9.0936,6.3204,14.558,17.393,17.848,18.772,17.648,18.506,17.393,17.877,18.278,18.004,17.357,17.415,17.962,17.217,16.919,17.423,16.244,15.341,15.316,16.023,16.149,14.55,15.267,14.628,14.663,14.663,14.844,14.444,12.89,11.765,11.436,13.722,14.844,15.048,14.523,13.878,13.317,12.127,10.387,10.688,9.5707,9.7941,10.201,12.489,12.407,12.127,12.314,13.269,14.732,15.71,16.546,17.269,18.061,19.333,18.472,19.782,19.955,18.988,18.11,15.694
17.535,19.948,20.636,19.973,20.215,19.008,18.817,17.414,16.465,15.785,14.783,13.707,14.057,14.51,13.103,14.012,13.878,14.057,13.878,13.707,14.277,13.923,13.869,14.092,12.834,12.707,12.349,10.577,8.4713,6.6598,14.613,16.773,17.859,18.143,18.033,17.234,17.585,17.435,17.212,17.435,17.212,17.691,18.764,17.074,16.298,17.038,16.252,16.044,16.252,16.044,15.919,14.51,14.579,14.012,14.476,14.51,14.681,14.681,13.131,11.218,10.902,14.057,14.74,14.816,14.613,14.294,12.628,11.524,10.53,11.05,9.946,9.8326,10.423,11.696,11.524,10.959,11.685,13.625,14.536,15.927,16.593,16.48,17.154,18.005,18.711,19.442,20.122,19.493,17.464,15.008
17.563,19.848,20.555,20.537,20.61,19.392,18.507,17.506,17.413,16.572,15.22,13.906,14.171,13.995,13.424,14.048,13.717,13.852,14.518,14.38,14.764,13.968,14.18,14.11,13.717,12.14,11.681,10.517,8.9182,7.4947,14.492,16.95,17.703,17.513,18.065,17.703,17.306,16.98,17.64,17.954,17.982,17.477,17.363,17.703,16.928,17.563,16.64,15.527,15.961,15.527,15.487,14.56,14.276,13.608,14.039,14.535,14.671,14.458,13.303,11.681,10.704,13.543,13.247,14.492,14.039,13.424,12.222,11.628,11.368,9.8957,9.9833,9.8706,10.082,11.819,12.006,11.477,13.162,13.608,15.358,15.358,16.077,17.053,18.127,18.773,18.846,18.951,19.942,19.551,17.703,15.765
17.732,19.754,21.232,21.197,20.055,19.275,18.224,18.094,16.486,15.893,14.481,14.141,13.519,13.107,13.183,13.107,13.847,13.928,14.308,13.739,14.746,13.91,14.377,14.558,14.062,12.484,11.869,10.906,8.8906,7.0618,14.618,16.599,18.039,18.644,17.865,17.647,17.247,17.197,17.218,17.865,16.741,17.9,18.176,16.539,16.38,16.103,15.987,16.049,16.38,16.049,15.987,14.558,14.481,14.017,14.194,14.203,15.423,14.746,12.993,11.398,10.534,13.712,13.928,14.515,13.639,13.928,12.887,11.166,10.997,10.593,9.1668,10.427,10.498,10.756,11.031,12.191,12.524,13.183,14.558,15.22,16.103,16.599,17.976,18.483,17.928,19.754,20.498,18.975,17.441,15.113
16.783,20.027,19.801,20.219,20.051,19.265,18.8,17.729,16.953,16.354,14.539,13.908,13.627,14.297,13.709,14.059,13.872,14.095,13.737,13.845,14.684,13.872,13.737,13.845,13.443,12.836,12.024,10.591,8.0658,7.0606,13.636,16.664,17.388,17.925,17.862,17.708,17.194,17.531,17.652,18.043,17.179,17.041,17.331,16.975,17.244,17.194,16.894,15.788,16.17,15.984,15.509,14.479,14.556,13.581,14.2,14.401,15.053,14.513,12.962,11.319,11.319,13.636,14.487,15.094,13.636,12.962,13.181,11.385,11.164,10.754,10.778,10.685,9.9977,12.086,11.909,12.148,13.181,13.489,14.479,15.549,16.077,16.596,18.412,18.533,18.371,18.979,19.529,19.011,17.538,15.867
16.944,20.046,20.237,20.089,19.658,19.042,18.706,17.442,16.929,16.476,15.189,14.461,14.166,13.989,14.034,14.279,13.557,14.043,13.711,14.043,14.992,14.069,14.069,14.034,13.27,12.995,12.308,10.7,8.9841,7.1873,14.279,16.588,16.973,17.864,17.864,17.662,17.184,17.407,17.278,18.01,17.435,17.046,17.697,17.184,16.566,17.442,16.566,16.271,16.017,15.255,14.959,14.113,14.959,14.113,14.486,14.166,15.473,14.349,12.764,11.386,10.975,12.928,13.856,14.665,13.242,13.465,13.043,11.677,11.462,10.975,10.654,10.781,10.406,12.499,12.705,11.96,13.409,14.665,14.452,15.457,16.596,17.471,17.975,18.996,18.66,19.715,19.859,19.746,17.662,15.893
15.092,17.445,17.739,17.044,17.777,17.067,16.505,16.188,16.015,14.582,13.958,12.764,12.93,12.416,12.554,12.222,12.754,12.733,12.544,13.204,12.93,12.764,12.544,12.733,11.779,11.389,11.033,9.2223,7.7503,6.4597,12.639,14.745,15.224,15.475,15.781,16.147,14.772,15.509,15.99,15.923,16.007,16.015,14.664,15.466,15.031,15.815,15.232,15.031,14.184,13.374,13.698,13.374,12.754,12.733,12.544,13.144,13.052,12.93,11.756,10.439,9.6311,11.902,12.733,12.806,11.958,11.307,11.991,10.628,10.439,10.01,9.2941,8.5025,9.4641,10.129,10.936,10.311,12.035,12.298,12.754,13.444,15.163,15.232,15.475,16.887,16.04,17.896,17.536,17.559,16.147,14.259
18.033,20.148,20.742,21.069,20.129,19.645,19.222,18.138,17.082,16.324,15.391,14.095,14.166,14.589,13.281,14.667,13.545,13.545,15.325,14.484,14.667,13.95,14.317,14.51,13.666,12.826,12.25,10.371,8.5372,7.8096,14.667,16.609,18.033,18.236,18.36,17.843,18.173,17.463,17.614,17.843,17.722,17.521,17.864,16.813,16.479,17.082,16.223,15.988,15.627,16.293,16.2,14.727,14.957,14.166,15.008,14.727,15.358,14.405,13.118,11.494,11.17,13.545,15.3,14.484,14.692,13.592,13.878,12.115,11.079,10.576,9.9855,10.672,11.873,11.776,11.079,11.744,12.084,13.517,14.623,15.668,16.601,17.843,19.123,19.017,19.645,19.574,21.402,20.122,18.033,16.106
